[[-224 49 462 286 211 59 -838 -156 474 304 1 209 -534 -521 -576 300 -847 278 249 266 709 -233 -921 243 125 -518 -263 -470 939 -464 -328 583 107 627 173 -634 300 -1251 103 473 946 -367 197 391 74 240 221 -297 -49 -449 -564 579 -371 133 445 -240 140 -276 301 -310 52 -569 156 834 -377 -148 -264 -367 167 162 -289 166 -96 -169 -424 -414 434 53 -421 82 181 -697 -154 353 -604 213 337 -618 416 251 306 -327 -569 925 386 389 93 -250 -1136 33 212 -82 18 283 61 1226 -865 959 -218 172 -405 389 -128 718 -308 -379 -1126 158 131 413 120 -761 116 113 -791 158 360 -2 -499 -333 ]
[725 -301 -5 -204 400 926 -649 -351 -61 59 18 244 685 324 236 183 -889 5 105 217 -364 373 -33 -69 322 -715 -118 -378 400 45 -464 429 705 168 -34 -33 -593 -1135 -506 -472 771 530 -536 634 -816 1429 -34 -64 -310 -404 -275 225 -905 156 733 -874 185 -495 602 400 -673 209 -565 1077 -441 -270 188 -77 466 -62 161 218 -74 171 -68 190 401 843 537 136 667 -354 567 191 680 654 -222 -978 -549 305 985 320 -72 -255 -171 75 25 5 -152 37 702 -147 -613 137 239 545 -500 391 -668 585 566 739 -751 195 -144 63 -492 -186 80 218 -501 406 -196 -375 572 203 827 -358 -25 -336 ]
[-415 322 425 -795 394 -472 224 246 540 -24 -212 -618 -342 -502 -208 247 641 -459 -376 717 937 -234 -510 433 -672 185 -264 -810 683 488 -247 139 -821 374 119 -241 314 -639 -151 210 1058 513 976 484 -170 -8 -273 -223 45 -579 -775 400 -379 -318 -490 1029 -278 844 -374 -246 -155 -552 148 9 -224 -279 733 -80 189 1214 -94 -211 -509 -332 -75 234 -308 -465 -487 -107 -888 -568 653 32 -829 -675 289 -141 454 -352 -612 834 375 -145 480 379 -492 451 -77 -473 -966 361 991 -331 17 521 300 1066 -122 478 47 -189 -206 171 -343 261 -665 20 28 -141 -209 -679 -163 114 -569 316 -399 -128 -579 189 ]
[1232 21 -198 309 -355 -83 342 447 -556 -36 -86 -410 665 -114 206 -334 650 58 297 -437 135 557 495 -399 86 765 429 395 -950 349 -47 -113 934 -292 -82 -93 -176 142 -171 -206 -607 580 -445 -865 -329 652 -107 -162 406 15 248 52 -52 -914 761 -130 249 -1015 -646 648 407 550 128 -243 277 69 -585 564 416 -314 -1261 559 114 35 -102 50 -204 -842 -663 -518 679 -141 -938 421 -76 169 -359 -86 4 -115 -126 514 709 369 690 460 -143 685 -113 -517 391 291 -451 -222 87 -675 592 287 -98 -54 -431 410 567 -8 148 -256 225 -1028 -206 -1148 466 -498 -8 -19 396 -751 407 -28 -473 -389 ]
[930 355 -294 -270 -509 424 -318 227 -567 154 36 168 246 -494 471 -560 476 -140 -154 -500 134 61 206 323 45 543 610 -493 -630 473 -365 -705 220 -450 252 -610 -699 819 -227 -1021 78 710 489 462 -1277 1065 109 -482 -427 -166 -809 252 151 -49 559 -523 217 90 -205 405 -1079 283 -540 80 -507 -782 496 -490 890 -379 -1240 1036 103 192 -376 -52 42 -246 -45 217 1344 -333 -95 -153 173 -78 -301 -414 -420 -485 -147 896 1102 222 19 703 531 252 622 4 534 359 34 -70 455 -666 596 -191 -338 682 351 465 163 -407 247 -11 -346 562 30 -466 780 607 346 310 598 57 324 -504 -208 -354 ]
[505 869 -383 352 59 245 61 8 -1276 484 -140 243 -788 305 -1035 239 -868 966 -374 -948 -197 27 -237 63 832 -591 85 285 194 -1242 341 313 265 -587 78 -269 154 319 -230 21 453 -308 554 228 -527 1042 -145 -258 -212 552 -467 48 -99 881 22 -609 507 -154 1032 -110 -1011 -79 472 90 32 107 486 -190 213 160 46 1311 103 753 -531 -859 -95 542 261 220 547 -122 -206 -582 525 -472 -22 -502 -1 432 -92 217 -391 586 -516 177 969 -248 9 612 712 -645 -186 401 767 462 -536 -378 -478 -14 -248 291 866 71 -30 -203 -629 1036 -210 1084 232 86 135 440 -205 111 416 1041 470 -493 ]
[721 -330 -7 18 169 239 -369 529 -784 269 343 122 -116 -389 -115 131 -381 235 -18 113 840 -527 -47 719 591 -205 356 -155 -456 263 -262 503 36 -759 1068 -967 -586 132 -84 -539 554 -160 328 -768 -195 -361 289 -42 206 -596 -264 209 -489 -698 121 196 621 145 -677 -771 -295 6 636 495 -747 -267 -41 292 129 424 -720 1327 97 -269 -806 44 -461 -361 -436 -511 1080 -1173 -1330 69 -358 222 -913 -521 -663 -530 -205 708 776 984 717 451 -45 -243 96 -112 -162 408 -96 120 -393 -1099 -477 182 -235 152 -586 441 -42 -45 -580 -908 -889 437 687 -333 581 -321 335 411 67 -45 -46 -561 -901 49 ]
[88 377 -645 45 671 14 458 211 55 17 -662 -766 36 440 -398 75 120 167 -584 -76 -75 494 280 -307 -58 -104 527 171 -326 171 763 -546 -18 -269 -169 58 708 -15 -200 668 109 622 -130 -110 672 -166 -903 508 281 1141 -149 -684 484 -100 -840 487 -1108 354 -878 1415 -522 -242 409 -510 17 538 1009 390 51 437 1244 349 -8 68 714 -225 -924 -1642 60 94 -1412 1009 642 -145 -3 -1026 -290 -15 1233 -325 -282 326 -564 -385 -74 -588 -644 87 585 107 -246 435 604 -1036 562 387 -223 -243 222 -381 -29 -269 797 658 -247 764 699 -591 -439 -214 -791 -621 -479 -197 436 56 77 530 -301 -94 ]
[554 -268 -1004 -341 -884 583 -523 246 223 -211 463 -520 1141 958 483 -920 107 -779 104 176 359 183 398 251 164 -197 503 -1100 -1229 692 -229 -1435 1114 369 285 -287 126 427 -484 -986 -602 680 -449 497 -724 1232 166 -216 -4 420 -643 -290 706 46 669 -1070 -834 388 -893 732 -900 540 -778 701 -225 -240 503 -427 691 -1065 -500 -284 221 108 481 82 -170 -831 255 449 817 840 535 668 554 416 358 558 -58 -339 212 348 694 117 19 679 -347 119 535 -757 429 703 992 -404 107 -265 957 -360 -241 505 191 248 -182 -24 360 919 866 -236 -2 -1196 984 119 -158 -1026 977 465 -432 -949 -18 -772 ]
[-401 472 445 670 -1229 -205 -845 -33 526 142 66 -106 -466 -615 -442 -512 790 -649 -159 81 982 197 448 587 -397 553 486 283 51 1202 29 -1114 -87 874 276 -721 615 302 699 147 -604 535 95 941 -145 -61 -160 152 -141 895 -951 187 689 17 -154 489 -531 720 -456 -150 172 -1117 -371 -641 -852 -399 236 -536 -255 -168 -1029 489 219 -402 329 -932 -1032 -977 70 184 407 1016 175 220 -595 -199 778 294 890 -924 -798 -145 173 396 653 347 228 -279 -296 -112 173 733 1155 -487 -164 861 277 5 170 -274 -305 -504 589 9 1013 607 -376 -372 -740 -1166 571 -381 552 -84 455 120 -17 393 -535 -534 ]
[537 493 541 703 -549 -44 -21 -460 -1684 294 295 775 -1570 -617 80 788 -158 240 -172 -262 132 90 1270 570 435 -165 66 1520 -570 144 973 135 -620 -543 25 -147 -654 1377 420 -486 225 -706 -30 -270 743 -933 -536 -52 -514 505 121 68 762 325 -184 926 -176 -84 215 -524 503 -667 105 -423 -124 771 -26 190 -217 -9 -763 1183 779 -217 -349 -366 -618 -548 149 -606 -198 328 -1104 -489 416 -347 -371 180 -510 -350 -933 -251 -334 796 516 -128 379 -616 499 897 -424 -317 -156 -497 -913 -561 183 -1199 347 -878 -395 -542 677 -547 -40 -693 704 743 -638 8 216 357 1143 528 183 -852 329 182 -93 741 ]
[-771 -73 -220 -981 337 -174 609 -209 1154 -807 -802 -140 949 -310 1097 279 1069 -181 -364 369 -664 -311 -35 212 -249 875 -833 231 1179 497 -1492 333 -807 229 -534 584 -53 -617 67 333 425 701 316 -158 257 -361 -48 649 654 -197 1152 -20 -471 -167 -398 952 -59 337 266 -35 504 -414 -902 -1004 10 -90 -6 20 -949 416 204 -824 -515 -193 1145 867 152 450 325 -121 -522 710 673 78 -947 -89 437 251 144 428 244 110 183 -698 39 -232 -466 101 -358 369 241 -369 29 -33 -228 -389 828 342 171 162 624 -222 -767 -302 406 -138 -1216 -1010 427 -20 -1329 -247 279 -492 -57 526 263 -405 -91 117 ]
[-490 294 874 828 -700 -250 -414 -1166 109 593 606 699 -1496 -310 -164 310 592 -246 360 -532 -203 384 -685 383 -21 -56 72 658 950 808 608 129 -270 387 -80 -157 -251 -184 992 -215 -37 -684 -369 1144 315 -698 -366 -68 -1343 215 -352 32 826 1190 305 -340 153 -342 994 -305 513 -391 -998 -859 -481 77 -86 -657 -24 6 129 -1008 -13 -601 -460 -341 799 328 552 -447 -302 655 365 106 750 -724 59 -167 322 994 -91 -510 -623 -420 188 -173 285 -875 -311 646 -113 -33 -161 -392 -409 1353 -940 411 525 -587 687 -1040 570 -257 -200 -87 519 -53 -626 723 -304 618 78 527 -19 -300 543 1057 33 278 ]
[-504 -285 935 60 -853 -524 -599 -1076 88 495 508 -226 -491 842 -848 449 -187 -36 296 -191 438 596 -139 242 322 110 -366 53 139 513 452 5 795 778 -470 109 842 -7 758 316 -1044 -423 -358 24 229 46 -136 -512 86 1225 -587 284 479 454 241 173 353 -195 -52 -798 782 634 -254 -613 -546 189 -447 952 136 897 -212 -462 149 -156 -246 -716 192 -10 -256 -1109 -548 794 -299 360 393 -510 891 926 186 368 -958 -448 -339 -456 260 28 209 -429 -979 -1092 -466 -322 1484 -558 -183 978 -285 548 -133 -444 -625 -307 568 -151 -241 478 379 -17 76 -175 -459 -650 -303 -291 -166 -157 32 958 174 -10 ]
[10 -525 944 287 625 410 104 395 -295 -884 -213 346 929 702 -849 -291 -715 -270 0 -58 320 373 352 -566 -395 -826 789 573 -125 255 254 809 587 -317 1064 -33 -651 -1245 -173 537 -102 367 -1228 -452 -130 286 -135 -7 -203 -170 841 -478 -1000 -1100 56 252 98 -352 -429 435 -685 -160 1292 84 595 -351 -350 1029 -572 -564 733 308 -282 -504 -336 -259 -473 452 11 676 238 -728 -401 -424 445 1392 -838 -347 -398 -259 447 28 183 -613 -83 -645 -161 542 -109 -51 439 145 -1934 563 -89 -626 -894 -416 -525 542 220 625 -4 539 -129 53 -492 -128 372 -368 -108 119 -834 -125 -104 105 477 631 -358 -141 ]
[1054 -888 -842 -173 1020 1016 -414 358 -796 -110 1355 161 131 1224 641 -464 -1023 -142 466 724 -920 -62 1042 217 774 -1039 -162 190 -987 101 869 23 742 700 340 201 -11 647 -98 -803 -48 -174 -773 119 709 -889 -386 632 -102 269 -396 141 607 435 184 -689 -571 222 -340 -51 -247 739 -830 677 -602 664 322 1027 94 301 1527 -334 83 497 440 533 164 -38 1115 -177 -155 7 684 194 1422 -484 -301 -267 -347 339 692 -300 31 -14 -209 -728 -812 -680 1179 -584 -764 496 124 -602 -460 396 -449 -198 76 3 414 -162 -990 20 -1674 404 1932 -179 252 381 -380 595 -372 -919 1202 -426 -433 -461 294 555 ]
[1119 -496 -473 1583 450 122 -447 871 -849 156 895 -139 -305 250 -1147 -305 100 65 -626 -808 -773 -213 164 -383 550 353 515 963 -604 184 671 -207 -139 -991 61 104 -232 1008 -158 -1 -373 284 -415 437 -324 19 -155 992 -402 -723 512 175 -79 -116 429 -1127 621 -436 459 160 -105 352 383 -265 -905 -389 418 184 -221 -543 -107 1148 -443 545 -479 -211 -898 -129 1097 -160 1243 -1117 97 -698 936 -185 -1198 -1402 -459 -524 248 573 403 90 332 -738 465 223 815 185 654 340 -1237 80 64 -325 -1413 -685 347 -152 -2 380 -258 -366 -181 -269 229 330 -310 449 144 751 -259 1149 1399 -436 235 367 -276 -381 ]
[-1140 5 -158 -1077 255 -315 302 -38 428 324 -277 593 -731 -447 860 -105 601 341 516 449 -101 -622 -606 294 233 451 15 -485 647 -495 -74 146 -610 203 569 49 477 -416 185 250 -29 -754 762 -1073 267 -117 709 156 217 667 833 -263 -544 -126 -881 270 155 1183 739 -1052 870 -179 -349 -195 241 188 -980 -395 -6 903 -308 -506 -253 -8 -218 416 706 390 -151 -389 -813 208 184 772 -1084 -543 185 572 242 1173 -668 -483 -722 -155 -186 143 421 -662 -70 488 -568 -378 146 -19 -246 73 846 601 38 -103 -415 -751 -290 -71 408 -226 -162 -257 730 467 -551 -651 -72 222 -634 1008 118 175 301 304 ]
[6 -78 1008 -548 -207 -771 -187 96 -781 428 204 -732 -1190 112 -470 -314 -56 69 215 165 915 -5 -581 268 0 219 46 -672 -369 -640 801 -418 -247 -492 987 -831 229 32 -263 116 220 -1064 607 -132 -144 554 218 -880 352 -597 -60 923 -1 -544 531 49 593 240 252 -1080 223 289 348 359 -290 110 -16 26 1361 351 -816 -139 21 -282 -1299 -566 914 -1113 -380 -430 142 -1271 -600 234 4 -464 -651 584 43 -71 -1232 1091 774 1156 1452 1671 395 -309 -83 -444 -516 237 535 234 -172 -220 241 140 -750 318 -1066 -80 -79 706 -815 -282 -470 1246 250 282 118 -752 -382 -6 -639 129 103 -287 -275 213 ]
[295 -283 -1557 371 -536 723 209 -1110 -130 683 42 539 401 -385 274 -76 -484 -292 369 -1083 -1191 400 264 70 638 -618 440 -675 -184 497 -418 -489 649 -391 -208 127 14 1211 -68 -865 -1156 94 -201 -178 41 353 250 500 159 1041 -649 -1160 621 1236 -232 -738 204 99 193 450 -519 752 -741 121 -724 -337 -94 -386 104 164 287 608 1163 587 658 -107 -295 615 278 -71 229 1423 -330 103 -144 143 105 -500 663 -309 318 -394 -412 -1031 -1953 -349 -130 -569 411 185 678 158 855 279 579 143 -93 -709 -25 -202 549 -417 741 -836 693 -136 677 251 317 -213 145 1228 144 -30 1384 508 -404 279 813 -487 ]
[610 295 -1692 502 745 -592 -413 1768 -122 -412 454 -642 229 277 15 -1052 782 -55 -680 -300 -196 -1028 -1137 178 59 205 199 -753 -899 -304 -433 -171 -128 -44 -50 72 796 952 -442 -135 455 480 365 -174 -468 -99 100 155 -262 -984 -575 440 757 309 344 -860 382 596 -673 -17 -258 64 731 -517 -190 40 628 -137 -415 105 -757 380 -405 411 256 320 -484 -701 -206 13 862 -19 345 -257 -234 -126 -356 -996 482 63 295 164 372 477 -599 -249 -387 568 767 76 131 601 623 18 -102 -14 133 502 800 -306 -598 -522 681 -290 -351 180 -313 -98 375 -29 1121 -283 52 724 160 -291 -1619 -271 -48 -1014 ]
[-532 10 -22 -666 536 -58 1106 -249 -173 -94 25 463 -895 -523 16 -501 106 -517 449 -191 -855 913 240 -130 -2 64 -681 -222 897 -167 518 636 -132 -9 -963 677 -190 181 -12 211 -367 418 420 124 -437 283 -891 -381 -571 331 -24 -28 -185 79 335 -306 157 87 1090 810 -204 586 -243 -804 188 -1005 -508 538 179 795 340 -734 -243 788 -493 400 1091 1411 -19 110 -667 -670 299 -236 232 -827 649 -574 -413 441 -411 479 736 -1653 -461 -611 -408 886 441 -680 -808 -745 -690 58 641 842 -68 912 -203 340 904 248 -79 -667 -442 -284 883 399 -424 698 -196 985 -641 495 219 -459 595 1577 309 840 ]
[539 -675 245 294 1 1445 -1636 386 603 615 417 846 302 -351 135 413 -927 -175 207 1114 719 142 1648 146 432 -252 199 374 329 635 -108 162 208 807 107 -575 -277 -747 164 -220 329 423 -511 229 -75 181 -6 378 88 677 -832 91 -473 -777 352 578 -476 739 -1156 579 -353 -7 9 1120 -772 -197 -220 327 14 279 -682 1347 -154 -173 -454 389 -616 -492 -759 100 830 -163 -1138 1159 -621 403 975 -451 -574 -782 680 -580 -537 638 1033 -702 -535 -331 14 -628 -388 -250 -640 -358 -378 191 -782 466 -73 -89 -476 1239 -963 -36 -384 150 135 -89 505 -147 -85 -555 600 -202 709 86 1442 -515 -1285 255 ]
[-1550 74 -121 -1110 1056 -97 1079 659 182 383 -1429 -751 53 -572 676 110 340 1405 -398 800 -723 270 -403 -213 -433 667 -570 -315 722 -1226 185 -264 -337 383 -928 594 524 74 321 316 -134 307 1045 -342 7 -732 31 -65 480 587 -92 -141 -1048 -626 -1148 -290 132 49 607 843 349 -28 130 -321 -101 -302 379 -806 206 1002 1903 -426 -543 673 471 -370 796 544 13 -76 -1581 54 1163 -839 -362 -1498 216 -227 132 84 -483 -8 -61 -971 -359 -153 185 -131 309 437 -287 -236 894 42 973 666 -310 471 -351 134 489 -101 -269 382 -207 680 -606 -138 -398 486 -1235 -454 -577 645 -470 -136 -26 1031 534 816 ]
[-221 -215 -218 219 -974 585 671 553 238 44 -224 127 385 173 502 106 113 337 397 902 287 -5 270 599 581 145 105 237 -876 759 24 -167 1225 71 45 -751 -360 94 659 -517 -747 497 -521 -804 491 -1705 255 896 245 942 -215 -1082 -591 -810 -521 -446 -723 -108 -578 -111 1190 260 -194 -127 -388 -381 -886 271 -281 -387 787 60 129 -74 660 133 -707 -152 -517 -101 -78 663 -1383 437 -129 -165 -465 10 -339 -35 -127 -90 264 -791 125 -604 -442 -387 245 -195 -277 286 55 -651 -379 -311 -396 623 480 -711 -92 166 -6 -303 146 281 590 -1246 -332 -1145 -272 -823 -114 21 646 -499 376 -1 -533 309 ]
[655 -714 376 1558 -413 905 -824 -1200 76 903 546 -16 -75 757 -1196 432 -1021 472 64 -1151 690 475 -506 392 817 -1244 766 209 318 720 -196 216 488 -4 388 196 -624 -679 13 -556 -570 -464 -774 262 98 904 163 432 -53 1050 -621 -396 94 701 38 -3 730 -1140 -608 162 -1178 1044 360 938 -377 258 491 615 211 1141 317 236 186 -370 -982 -125 -559 -65 -63 -792 394 539 -755 699 735 490 115 32 286 -135 693 445 -395 4 -52 -217 -128 -663 -5 -509 511 -314 -59 52 -202 35 -1610 -341 -686 -167 220 396 501 -614 -174 169 839 176 124 -45 338 -163 -226 -87 535 361 -38 516 -261 -588 ]
[1149 480 280 1276 707 487 317 583 -601 -543 394 134 -237 -283 -434 -127 146 56 -761 -910 -225 -697 -727 -218 59 390 603 242 -602 -355 492 -448 -80 -100 556 -37 -262 243 -364 191 192 -257 312 -325 757 -16 354 675 166 -304 157 -244 627 -428 470 250 47 -581 -409 365 573 731 308 93 -330 -43 96 1307 441 258 60 565 -431 150 1 -86 35 -1903 -490 -350 -278 -389 -855 -110 -252 -549 -699 -630 1579 -580 -583 1072 -204 -184 166 -36 -349 341 580 -194 172 763 -169 -327 313 -236 -430 -649 101 -113 -450 -154 564 32 -1506 -201 31 349 502 185 -185 -1156 -586 734 43 344 -68 -34 -372 -434 ]
[253 12 -420 -1035 288 -388 -363 -646 -135 -6 -196 -112 98 207 -849 145 -236 147 -616 -955 494 521 -197 -827 3 563 307 -877 148 698 589 216 263 -686 -961 -117 124 -54 -663 177 273 986 659 -30 -914 1429 -706 -1191 22 493 -256 567 252 -423 -40 330 233 8 -92 979 -1007 -4 900 -322 299 -560 353 320 1046 -45 -691 1296 142 172 -803 -268 -596 -1202 -2 388 -233 -620 862 -548 569 -158 23 -176 -592 -677 -736 212 224 -94 245 -151 328 1008 -794 -280 -222 -174 539 -705 1103 68 272 -272 -286 825 -383 1230 933 -43 284 -135 305 720 -79 210 16 886 -273 158 -323 326 991 -593 -350 -194 ]
[-351 -1143 514 1026 601 186 -462 -309 -88 -300 1122 614 814 231 -204 -29 -409 -433 -36 -533 -483 -630 572 -291 -404 -266 4 293 -142 740 271 -586 551 1178 -748 310 394 1236 260 -537 -1284 -427 -608 305 1229 -1206 121 -119 -173 506 337 -345 1776 411 -17 248 -175 -202 -979 198 687 -222 69 -484 -284 317 275 789 -1036 33 526 -398 40 60 332 -400 -107 -748 240 -651 -475 725 542 -972 369 -260 291 620 557 -1096 -143 -1669 -661 -18 -134 -829 -360 -541 -490 -423 -141 269 1146 -269 -795 -152 371 -1509 496 -108 -37 -966 500 -714 -1108 578 318 905 1035 -450 -120 503 315 409 278 -416 -688 -435 406 -239 ]
[152 1029 -710 371 596 189 768 603 -854 -231 -322 1001 -252 -444 54 -209 -146 300 113 -333 -591 -529 -231 -375 -128 -39 757 -384 -551 -1252 789 -101 477 -622 16 -110 -72 931 -378 -357 -490 -213 679 -846 -71 -287 663 -85 204 498 187 -634 -342 -19 -818 -596 149 552 739 -1087 895 62 814 -286 657 581 -262 696 68 -377 231 1382 516 748 -66 -379 -172 888 6 289 893 -871 -455 -670 -148 -45 -1099 -489 -361 -299 -673 -769 -727 180 -1272 -3 765 -74 250 558 -83 297 -395 738 160 -594 737 -303 104 -67 -982 -820 1034 1 521 -359 -438 593 218 424 -271 1242 4 986 -34 -120 93 -446 1299 -313 ]
[-822 -772 156 574 -603 39 -138 -198 -421 -472 365 414 -201 -1003 -307 -1040 527 -381 -32 -1135 -210 410 1250 -76 -196 709 513 819 -750 1051 -51 -911 -248 1538 21 467 5 1338 1038 149 -1464 157 -221 -102 211 -836 -57 70 48 499 106 179 945 -425 -32 204 134 9 364 159 -460 -80 -243 -439 379 -1179 -760 -57 -606 -1134 -821 60 173 708 78 -942 92 -117 331 800 -780 -5 613 -999 180 685 553 463 -141 -570 -980 -1014 1104 -540 -70 -474 669 508 -119 -163 255 217 -1047 -157 -51 49 -16 -904 -272 519 1205 267 144 -536 1157 -49 1376 640 -695 -195 1546 868 -177 101 138 -535 -205 1062 -105 267 ]
[-137 437 -6 -663 -526 156 -769 -518 -789 -786 307 139 -587 496 -593 342 -14 575 -947 -585 1077 -358 -806 728 840 655 -293 220 -261 483 -509 501 593 977 -13 -562 -7 131 -173 -49 1623 205 313 250 -1014 1241 312 -1166 -878 521 -456 474 256 817 272 108 0 -637 737 -443 -497 -197 -309 363 -272 -417 -117 260 84 -288 -2059 565 -375 -63 -393 -42 -761 -1064 -203 -230 -688 94 483 -4 232 6 484 -255 -445 1172 -1040 -247 -232 766 -329 307 1120 -34 -1369 672 389 -574 260 -726 -362 561 763 428 -106 619 -263 396 448 -229 206 221 -448 348 -372 119 623 -1023 -220 -48 -824 327 962 -154 -442 -731 ]
[-308 -625 -184 14 -232 -73 -111 -248 51 0 121 -788 176 307 -815 -403 -124 -489 129 685 28 1096 192 251 44 -572 -963 -180 829 450 -140 846 1028 789 -70 771 213 -904 -460 -659 -201 545 -837 712 -376 550 208 -278 376 -36 -242 468 -537 19 760 -2 1142 -601 199 398 -315 1273 308 368 444 -74 -534 -52 213 792 55 -204 -82 -426 -710 228 -166 789 -126 10 21 414 -173 513 -73 690 1098 -584 26 263 245 469 807 -580 -135 -68 -1072 78 2 -572 -159 -524 706 1744 -506 789 -895 1020 -614 516 -123 737 -531 131 -389 563 -68 -376 -322 -288 -212 -69 -246 -708 60 513 -155 1072 34 -297 ]
[673 41 -838 95 -228 596 -367 259 50 -1 360 111 255 118 -165 625 -561 -299 -679 431 471 -430 -270 -575 657 467 567 -771 -490 676 501 -634 801 -562 -334 -567 266 53 -456 -92 604 524 -166 -567 -90 282 18 610 75 -824 -710 -111 138 -351 -155 -534 -461 -70 -189 -177 665 380 68 929 -755 -108 48 201 1034 -402 -20 779 184 321 67 -188 -741 -1146 -396 -237 784 -689 -65 779 972 -64 -684 -476 -498 -752 -203 5 -549 405 823 -336 12 24 -488 -394 254 1433 -28 -1243 110 200 -525 -101 581 -286 -977 174 118 29 -24 -653 -54 -387 -259 -365 565 -140 -403 75 1029 -167 570 -1588 -650 -432 ]
[913 -667 -1410 266 377 750 926 836 -168 -406 -372 -988 466 15 -169 385 542 120 -164 162 -199 410 732 -140 361 507 781 162 -223 414 -448 22 -116 -147 240 514 -505 514 -550 -516 -169 1258 132 -295 107 1000 -177 442 639 204 345 -585 -1712 -895 -357 -84 -534 -262 738 149 362 -52 144 152 -503 138 -17 -37 -214 -591 151 1254 -118 19 988 -16 -1222 -537 462 -41 -104 -239 -100 -9 -287 -312 -127 -1089 218 -620 -454 -197 -72 163 -263 256 -333 507 528 291 626 -136 -224 376 217 -301 588 -1146 -541 376 363 -189 -74 -54 1065 -233 325 -636 -376 -276 -900 204 -392 -147 1684 -188 260 -239 -112 -208 ]
[-564 996 335 8 -140 462 57 390 -344 -1235 -143 453 -106 -395 439 -801 729 -1171 -284 229 154 -100 2 950 -1149 -533 -383 474 545 -266 -831 156 -572 854 1353 -255 -575 -661 405 -212 804 -3 265 271 172 343 525 34 275 -1079 -105 270 108 615 498 1532 265 723 -366 -900 -643 72 -609 -10 -8 46 543 1111 -674 253 -643 -728 -112 -590 643 293 98 708 -22 48 841 14 -475 1060 -553 1318 825 -298 267 567 167 1060 525 72 -540 1505 -1105 275 -9 -199 96 430 -640 672 -953 120 753 565 -236 61 381 -712 -473 67 -668 90 -1004 -274 376 146 624 329 -248 -1207 -656 374 -675 -95 69 -22 ]
[77 18 -43 446 -448 395 161 660 -341 97 -502 894 -511 -692 590 -524 1300 -758 190 114 -176 367 280 -295 -847 -180 879 -422 -37 1488 148 -611 154 710 17 -54 -277 -316 -60 -785 119 1421 -624 312 -60 1093 67 656 -362 -62 -1373 91 -325 69 239 457 -420 350 589 399 473 -82 -143 51 130 -126 -462 -66 709 792 -800 -48 5 180 7 160 -286 -601 -524 -437 -126 422 711 373 637 301 12 -1208 437 -45 -632 526 -177 -1212 515 249 -464 1171 1511 -176 126 731 -734 -943 -451 1135 127 669 -420 -80 372 -942 740 -674 383 580 1207 -754 -579 -406 212 330 -276 345 1267 -331 304 142 -372 -212 ]
[-840 -62 367 -234 -573 521 595 404 452 -431 -830 -678 -554 -181 874 -138 -1042 1005 129 790 694 515 193 57 319 119 -535 -210 -459 -912 -155 -211 5 1895 -533 675 441 536 632 282 -825 -633 339 -107 458 -958 276 -570 441 482 -1438 421 753 -147 460 -72 -16 -1051 684 -185 1158 173 370 733 104 958 -1018 82 167 -633 480 -1566 580 399 -145 162 721 -803 -1200 1150 -1096 564 -839 113 27 427 982 712 385 -241 -681 -1045 272 456 428 74 -687 64 -118 36 -602 -165 710 204 -119 1119 -87 91 -156 -707 -30 -187 281 182 -658 -69 1488 400 -1167 304 387 -873 -88 -1169 -712 -934 -13 -245 264 664 ]
[559 410 -131 268 27 520 646 -297 -890 -6 745 308 -545 538 -98 -375 -231 -233 -526 -887 216 -78 39 472 566 -614 651 155 -730 152 338 -158 5 587 1312 326 -145 -67 -287 -912 -161 -414 1189 51 -544 647 360 217 -665 256 -946 -506 307 908 -735 -334 993 641 627 -1355 151 162 -35 1020 -58 316 -152 269 209 730 -324 263 337 227 -758 206 -897 300 814 333 -121 578 930 -249 684 140 -825 -294 217 223 -21 618 -69 -364 -873 -84 254 -295 660 447 -576 668 369 -243 -386 243 743 -272 -188 -782 45 -577 406 -1058 254 521 618 655 -357 -194 814 496 78 50 -154 1142 -943 382 755 -773 ]
[-323 594 1047 -319 -112 -554 543 -268 -159 -278 199 -394 -1152 -506 -70 -86 242 -1414 -200 625 197 609 1413 96 -793 -365 -379 1318 670 375 983 404 -1637 69 726 956 -445 -104 160 356 303 -486 344 556 315 -466 -605 264 -429 -747 -137 178 -132 -142 -687 1362 134 1353 851 -451 -103 -404 -214 -130 602 -251 -259 93 147 555 -249 -340 -148 -578 -538 -264 587 1258 226 692 -1009 -607 392 -253 -281 -54 783 452 -204 -526 -432 305 197 -24 143 -548 -122 238 313 71 -1490 8 -627 336 -1287 362 186 -466 6 -337 624 -552 -648 111 296 276 182 713 -767 744 130 926 -144 -307 202 102 -567 1627 423 830 ]
[774 -417 -146 285 -177 594 -753 272 -407 60 1031 869 499 635 382 808 -601 12 90 247 371 -810 531 797 1364 -826 -217 444 -231 605 -121 515 743 889 260 646 525 -970 210 -521 731 -196 -1453 359 264 -784 -13 643 -71 -518 -220 378 517 239 936 -328 -128 -109 -815 -904 265 -596 -517 412 -430 1068 299 270 -1134 -342 154 -117 -185 -138 -53 782 -594 -496 406 -189 572 640 -24 963 860 514 255 -85 -580 516 739 -654 108 317 1224 -966 -864 -356 -117 -573 178 -39 215 -740 -703 443 -1355 710 143 -917 -113 417 -436 -27 -1121 -318 903 -999 593 -309 545 -941 584 -715 -254 115 -187 -849 -747 -455 ]
[434 168 1142 348 -180 -356 -215 260 667 -534 212 -337 639 1024 -602 -250 49 -549 -331 -230 102 196 597 -244 -719 47 378 520 310 -141 -743 724 -997 -146 201 544 -666 -177 -358 899 -383 570 616 382 -803 1071 -568 -304 -704 -932 -662 237 -228 210 790 314 450 366 189 239 -562 -261 552 -314 25 -679 241 81 -695 -40 -608 -176 -526 -205 154 108 -238 1208 276 291 1019 99 361 -363 298 400 969 761 206 -486 531 545 270 -351 -357 -282 -600 1222 497 -411 -28 -295 -473 367 579 150 935 -614 146 -248 318 -129 -177 -717 477 -218 -828 347 -14 -162 455 127 782 -620 208 108 -620 816 522 -395 ]
[189 -1010 -811 739 770 583 346 -361 -251 -253 -676 -414 583 682 -532 538 -770 661 -1042 -422 -880 94 283 280 763 -1019 252 6 -308 -107 -836 57 -916 -332 164 1097 -64 -56 -371 156 523 -118 -44 -356 1080 -208 -57 609 376 -402 1084 -390 37 333 304 -417 -29 -509 410 466 -942 697 148 820 -190 927 986 48 -834 -1197 1413 188 255 629 798 319 93 -491 577 434 -984 645 542 -724 846 627 -1372 -239 436 587 1167 -148 -601 -398 -634 -597 -1190 -537 819 1451 780 -445 -1181 477 280 -409 -367 -1506 297 -71 908 252 -644 402 134 -508 241 429 -187 707 -1086 -74 193 -871 86 543 -342 -195 65 -469 ]
[-920 -51 -10 10 -1801 -112 -430 24 803 236 -976 269 302 -912 815 153 168 46 -315 82 -129 -261 -421 -386 -443 579 824 -1033 686 666 -817 -96 -584 649 -40 -152 312 18 670 -49 -699 944 -698 401 -825 -172 197 -151 -271 -1060 -1557 -137 -134 -130 368 273 460 885 650 -411 -24 -630 359 -602 -498 -1417 -323 -1763 76 -531 -763 -117 236 -129 298 -460 -131 -546 -702 1391 54 1217 -860 41 -1046 1116 432 -285 862 -995 -637 -1106 160 -1061 -251 -520 255 304 256 695 378 106 251 421 380 1136 -630 150 -418 -368 279 -869 851 -402 952 140 -349 546 517 -106 515 76 65 74 273 -210 -330 -53 -137 -330 ]
[-836 -967 628 -554 13 110 -225 -337 -1191 208 92 61 121 1105 -1011 -53 -72 156 -404 -186 -212 141 253 -326 -546 -967 -510 -44 -198 490 276 94 -17 72 -279 552 61 246 -272 -565 -196 -1007 -1042 218 243 672 526 7 296 31 909 153 -451 -1 197 751 1452 63 795 -1077 -51 266 857 -566 384 767 387 161 -504 279 490 -420 757 274 -385 -663 -421 673 -91 -675 -852 255 83 -627 1509 1173 -279 190 -705 215 -89 -238 -114 -1551 -598 31 398 -453 311 51 87 -488 50 619 -724 -128 -504 -815 -716 153 -154 -466 25 -350 166 869 212 948 284 791 -994 542 -925 -171 -209 376 -479 291 402 115 ]
[368 47 973 762 -964 -367 69 553 122 62 58 668 663 788 -33 -1132 733 475 540 -115 -213 -483 -292 -557 -247 617 408 545 -1082 24 877 2 1013 -384 501 7 -369 271 194 -424 -1392 -61 55 -490 -366 -383 1306 -365 114 840 89 -61 -135 -228 352 142 411 -200 -475 -641 802 1517 99 -144 613 -923 -1133 1177 116 -576 -651 168 -758 359 -398 7 466 32 -93 -365 939 -431 -866 -298 90 175 -68 909 -711 372 -351 515 191 -115 -97 110 593 579 114 -555 -451 -628 -464 337 127 -1510 1345 -207 76 -312 -381 263 464 -86 225 475 1177 -434 616 -464 214 443 -193 289 -1 18 -757 385 806 -313 ]
[654 543 -546 -1480 775 -785 1226 806 -1931 667 690 -611 -1280 -742 -188 -217 320 -118 691 580 236 -68 1480 598 -386 51 369 -348 -1069 -1099 1102 -113 -1096 -553 472 233 389 1861 -218 55 -140 -308 562 -468 280 -458 -316 -374 596 -1219 -721 -258 -342 -59 -763 564 -253 836 101 -1177 -350 -162 280 90 414 654 1339 -176 214 940 520 184 149 524 -232 730 -452 730 -159 -115 -593 -1026 -54 -48 -80 -1042 -206 542 119 -417 -1245 214 894 608 -438 605 -342 -354 1524 -762 -1649 324 359 891 210 -76 784 413 -444 265 -162 -1283 -127 -74 -558 -710 1091 830 -268 364 742 259 70 -546 -454 -753 -1501 73 592 1327 ]
[-6 -171 -652 -1327 -1112 -922 198 -358 288 -329 432 324 323 408 632 -522 1756 -371 384 -388 345 -572 -311 45 -604 1384 429 -648 -403 888 -142 -611 -304 -521 352 310 182 540 272 -107 -498 -64 -623 -572 -164 73 728 -388 412 -106 580 373 -284 -379 -158 49 67 309 18 -763 -33 355 -547 -1839 349 -231 -603 53 177 -911 -901 -777 -499 -826 -57 366 1303 -448 -902 -210 -28 -205 -554 869 364 8 116 1252 -577 359 -353 -689 319 -3 25 608 437 -370 -144 -693 -85 41 -334 282 -686 -812 508 133 -155 566 -309 -863 343 -189 479 35 91 -541 723 399 -91 69 -944 -540 -199 -181 -732 -448 87 -433 ]
[152 567 649 -662 745 374 -273 470 -1035 271 -638 688 -242 -1368 394 -276 -449 1003 220 1091 -207 -170 -374 552 -108 582 -270 -883 350 -658 357 450 891 -14 98 -1097 -477 -531 -828 -716 1026 780 115 -221 -1146 1070 438 -838 -182 -725 -868 609 -1086 -786 7 501 813 656 359 -76 -687 131 499 78 -37 -1602 -261 102 800 1505 -306 1460 -368 28 -1518 -465 1011 -616 -752 -196 155 -466 -561 -180 -545 -644 -822 -833 90 -598 -1078 1103 914 -570 201 545 184 -85 506 -91 -179 -565 585 149 395 -308 802 796 -1152 -190 -609 333 531 -9 -805 -400 -1241 987 927 533 -651 -723 27 748 -370 -751 572 -427 -317 291 ]
[10 382 -573 68 192 49 -535 1574 -46 36 -395 -348 207 -177 -1336 -649 442 828 -94 732 644 -826 -500 240 -692 511 990 -1156 -223 -524 116 -848 685 203 236 -705 754 768 -487 103 1009 853 266 119 -182 932 301 33 -155 13 -781 153 -130 141 -470 588 -211 615 -966 82 -703 24 211 -454 -704 -236 1360 41 178 312 114 1245 -711 269 703 -668 -544 -1356 -1264 -273 3 -146 -291 608 -518 -1233 44 -673 1328 32 -480 -238 -646 897 -406 371 -479 -689 -126 -626 418 144 308 387 279 111 1270 915 -24 401 -1216 -312 822 390 -620 479 -1412 255 640 -207 -157 -1433 96 260 -544 -464 -447 -383 -178 -786 ]
[-560 -32 -87 152 -348 -235 -210 -770 -159 475 591 -25 106 -127 10 778 148 -626 0 -271 -243 -164 152 -420 -193 364 -484 -215 -244 719 748 -334 -330 -711 -266 518 515 941 -391 68 -463 -1304 -1357 -104 -538 13 551 73 -424 -239 332 -790 657 -76 -660 552 585 -285 -181 -293 465 329 663 -293 -213 383 -47 30 -527 103 66 -1135 413 -384 -512 -121 781 -610 -671 -1023 -434 23 -212 380 960 -194 -374 372 77 -849 -3 -807 -364 -574 73 -510 157 -560 154 -253 -748 578 774 152 -343 -552 -171 -116 315 -787 -1013 -1389 914 64 -71 509 654 465 -196 345 57 300 -604 379 648 -165 -763 -176 164 197 ]
[38 -119 -343 -979 408 811 246 -92 -313 -843 -121 -296 1293 602 545 546 -1162 -208 -219 -436 690 442 394 67 753 -640 -417 -411 316 339 -1243 1127 778 927 678 -159 131 -458 3 -50 -524 325 614 -899 -359 896 265 -574 485 885 -856 -361 -231 -718 -102 672 -32 -460 -358 149 23 407 892 1122 -237 -88 -1273 1345 -375 488 -176 -37 503 -156 14 514 -353 83 -603 7 -105 76 -616 28 -1003 460 1288 -86 12 -347 65 -58 -147 153 82 479 -391 666 -795 -480 -94 223 955 544 469 204 -276 -14 -562 986 -244 511 322 314 -179 -339 -358 106 385 -576 158 -319 -542 -862 12 707 266 220 -146 -253 ]
[-533 402 258 -230 903 -76 -1229 -604 943 845 -30 34 -1158 -1177 5 11 -136 -1291 530 503 -525 927 1670 209 252 592 -279 690 131 234 957 -944 -486 381 -574 124 997 311 98 687 275 14 391 565 83 -345 -870 175 -62 667 -447 401 672 535 -878 27 -966 1167 -443 548 -300 134 -1050 220 -737 569 439 99 689 422 -450 893 -200 102 180 -675 500 -255 758 -93 -187 -382 1014 555 -283 -1126 443 180 -194 -823 -446 -287 -86 1036 -8 -648 2 -305 -58 -447 -1048 -82 512 -961 -627 763 666 501 585 -688 -82 225 -667 606 -257 622 72 582 -532 31 -479 845 421 -231 1107 23 915 256 344 306 ]
[-9 -472 -227 182 919 806 -1985 -1230 285 -209 597 317 586 -399 -646 950 -1187 659 -625 -139 19 -241 -476 -334 962 609 79 317 436 192 -611 668 463 515 -921 24 -314 -568 -363 406 1112 -277 -491 -849 713 253 520 391 -165 -801 952 -374 -202 -530 135 614 528 -1246 -669 660 -283 1126 458 1156 298 -460 -427 -497 78 -528 200 853 410 -449 132 102 -1074 -752 144 -648 -607 689 193 249 -648 874 485 27 -9 -18 91 -830 -873 -61 -543 -860 301 -481 -1563 564 959 -236 -16 16 721 -146 -914 -830 198 -107 -278 765 -467 470 517 -1394 -510 -263 646 -87 438 -577 -24 -39 -511 569 175 -1317 -416 -107 ]
[909 315 86 -953 877 -4 505 -256 -120 -157 673 385 -171 201 98 -818 -742 -1285 994 553 375 581 -380 -577 153 -487 -374 -664 75 58 961 562 1024 711 787 -522 745 -1418 -1156 -110 1172 -635 -377 399 19 1070 -74 -560 -555 -266 -630 216 -15 -18 292 378 -187 444 -13 -607 612 93 -236 322 178 -353 -1372 299 1061 418 -341 -719 555 -159 -753 -148 1075 -885 -908 78 -643 -492 446 798 -233 -562 119 -10 708 437 273 10 -438 110 30 273 -103 -308 -1141 -625 -1018 511 526 -82 -167 1544 425 458 -387 -197 -931 -757 204 1565 -497 411 -90 -486 462 278 389 -119 -1198 -720 272 -138 -596 -166 -99 -839 ]
[-431 -68 -223 -1038 697 219 -223 1153 -1289 114 -235 842 333 -703 585 -575 -460 533 200 324 -26 -48 832 515 -83 -931 -663 433 88 -661 -721 705 -340 369 390 -167 -89 -67 577 -66 818 -230 190 140 -825 -45 220 -436 -62 357 460 375 -1094 -298 -235 816 1336 280 644 -729 -557 -1602 705 -127 21 165 94 -318 -2104 -155 354 399 -461 478 128 -110 85 1610 14 949 491 24 280 -945 828 1351 30 -1233 -1161 108 259 -699 980 -364 -105 -4 -63 64 -437 1410 271 -705 -867 1183 673 5 -125 450 -501 46 552 215 255 126 -181 -517 -666 -99 129 932 452 709 757 140 -938 -182 -314 425 -214 435 ]
[-32 129 91 -1549 1656 955 -676 790 29 -32 480 -8 430 -181 1162 35 -801 -322 -160 625 864 127 -70 932 150 -266 664 -1085 -492 -118 -274 469 800 512 837 -829 -822 -537 469 -314 568 -159 794 -828 -64 -201 -876 -841 -530 -60 -1096 -404 614 -665 893 -1042 -303 189 -1492 1244 -512 -214 -133 823 -904 -128 560 86 201 133 143 322 -103 -549 -143 352 -165 444 -360 2 291 -1078 37 600 -504 -981 -119 -664 -68 256 362 463 214 647 -330 189 -1038 141 -325 -178 -612 1605 353 -594 434 791 -940 1480 453 619 -64 343 -191 660 -1122 -681 -977 153 917 -740 122 -219 342 362 -669 301 264 59 -1069 40 ]
[-435 -87 1674 -1174 1 -627 985 -176 -127 -289 -236 17 -322 328 1 503 549 -543 123 800 30 1323 625 -7 -206 580 -256 -3 23 -83 852 465 -252 57 -607 972 -938 -350 -108 -427 41 177 239 646 -796 398 -1057 -1406 -1113 55 525 71 -116 -670 958 -738 -521 -849 369 1055 214 528 -973 84 414 -507 281 -235 1102 -305 -426 -1078 -516 -212 -266 121 1112 385 503 -142 -1124 -1239 1158 -587 984 -1476 124 632 -962 1094 -367 556 457 -983 480 -263 -43 693 276 340 -1156 -53 -161 -245 938 421 711 423 -25 1102 486 448 -1009 215 262 418 410 126 -716 -578 -1066 388 194 509 -594 127 947 891 36 600 ]
[-645 -398 106 195 -194 -140 1016 714 -482 -204 -52 -503 496 845 -281 -382 293 -203 -398 633 562 346 123 -64 -398 180 136 -511 -568 -74 562 -39 184 -644 481 -242 -372 44 -572 -643 -1060 645 -296 -381 -828 1101 0 -528 -131 -614 114 -967 -445 -790 -135 -413 -267 573 -510 657 19 138 895 509 -155 -765 594 -158 453 703 -34 -733 -70 -407 -960 477 -554 -542 -20 -562 -427 -183 319 -58 82 -23 -464 176 -248 -493 -506 1178 267 -605 275 591 -890 164 1195 -386 -627 487 215 -311 -181 -645 517 460 -521 92 -598 -354 -102 -676 69 618 -248 50 56 -955 251 -129 -477 92 -32 -15 -218 250 -409 326 ]
[-392 383 363 395 -402 466 1081 -28 506 923 1132 456 -373 -568 745 -569 566 -1369 759 678 -417 -93 263 -258 -588 -156 -401 286 508 350 284 -572 -195 4 422 -521 21 647 142 -598 -206 -1319 449 678 -80 -1628 -334 539 -286 -302 -596 -520 1201 1152 -561 -302 319 333 -475 -276 408 252 -876 157 62 -152 -77 -556 -317 10 1381 -1525 -212 149 155 466 315 852 -211 1157 1165 -185 -862 952 -82 -677 -45 242 75 -297 1203 279 623 -413 -558 -7 -309 -734 -43 69 -488 847 -438 1340 -50 252 -48 33 1085 -295 769 -1001 -504 -637 -827 -285 568 107 -116 -246 976 874 -106 496 720 -60 -426 360 518 182 ]
[285 352 -880 -984 664 -110 1068 -713 -517 -434 449 -655 -422 619 64 457 -90 141 -491 168 -79 162 -535 176 539 -433 -715 -1109 566 -358 98 655 481 328 -1663 1102 -60 226 -643 -1033 312 192 633 558 -199 927 -1487 -1569 29 250 278 12 623 667 1032 -770 -230 -441 429 612 -308 185 -625 -1020 655 263 1134 -453 604 699 246 -677 217 423 233 570 24 16 766 -471 -919 -50 598 -241 277 -1530 1057 657 -19 858 -692 137 395 72 -381 716 -453 302 -287 -759 -393 -405 2268 69 702 531 693 220 -824 756 131 -805 498 -388 -665 -704 642 395 158 323 -671 543 -210 29 -28 31 -572 214 500 13 ]
[745 70 607 -30 -812 -251 -246 -151 -765 48 -53 659 104 -1073 689 -188 755 -318 236 -112 -564 147 1490 -264 -925 340 641 448 -849 1022 339 -1329 494 306 -492 -187 211 1618 -71 -436 -400 305 -835 328 110 -653 -488 -409 -699 370 -155 618 863 257 142 162 -1075 -755 -512 1176 -111 108 -1104 -974 -246 -285 157 -92 485 -339 -1248 954 383 80 824 -1012 -50 -1082 -774 -107 -332 -215 -613 15 -75 -1401 -284 312 931 -995 -91 -960 -7 180 -672 -438 512 -190 632 -12 620 518 -235 167 -61 582 893 -648 317 1115 329 -479 393 -288 -125 492 353 336 -24 -1871 -372 -221 111 828 862 -1165 379 638 203 -608 ]
[-195 -691 93 1223 -321 397 -464 -66 491 -41 380 -111 -363 -390 -1381 1964 235 -398 -291 111 -379 -203 530 -594 -705 79 92 605 1376 -453 -654 271 -1231 -196 172 255 -921 495 118 -62 831 459 287 944 -260 233 248 106 -334 -682 -426 30 -938 718 -209 410 155 434 682 -593 -780 -366 134 892 -218 -41 728 -647 -469 90 176 816 -363 -134 398 -393 -736 1550 443 -761 552 -942 226 -718 -297 239 561 -1278 -776 -210 129 -538 -709 252 -501 448 951 495 293 -218 825 -58 -529 410 -30 -1003 -506 -1139 -226 939 704 302 -802 -517 925 -61 -1245 493 -417 1009 -40 790 502 1224 372 -162 192 -45 200 823 ]
[-241 -1210 107 199 -439 230 -523 468 -357 440 550 137 55 7 -189 -645 5 349 591 367 210 248 51 1208 -162 -177 -108 -189 210 110 -676 -504 -579 299 58 -352 -665 127 562 -779 -816 169 127 -116 123 1080 633 284 457 320 544 93 -792 -426 1052 -1364 1051 299 916 -253 -125 -187 -723 14 -1133 -473 246 -129 -256 -63 -509 -207 -319 439 -520 33 696 463 36 428 571 31 258 296 -271 654 -989 -686 -179 370 -214 436 739 -478 -3 912 -550 -869 -375 463 503 -594 -390 116 -539 903 162 97 -366 386 533 406 -990 -689 355 -12 -692 -219 448 41 19 -552 387 -85 -122 -200 387 -369 -604 -313 ]
[103 -274 324 32 -30 175 118 678 -1708 -128 8 -1017 767 877 -118 -412 -1238 639 -11 1069 -380 1167 411 174 71 -1523 -462 1041 0 -645 447 1634 1747 -60 135 174 -515 91 -382 -541 -149 -41 -862 -676 -642 567 66 -522 -715 -335 517 139 -1207 -399 126 155 1230 -993 1000 105 -72 361 833 423 348 141 -706 -53 -174 466 -49 -261 953 -168 -476 -607 -514 1518 494 -729 485 324 21 -72 1140 616 -285 -113 -1243 274 577 33 353 -66 -271 517 -269 133 301 141 -316 -201 266 394 -663 83 549 18 -134 -455 -556 108 -396 68 -217 435 -332 -521 -996 -966 233 583 -246 -842 64 -1133 -77 999 1108 286 ]
[-1043 -113 -146 -566 228 -27 96 -41 533 -795 524 280 1247 627 866 541 262 -787 -736 241 -257 -1402 -231 215 198 9 -810 -164 -20 -138 -1083 601 -905 -294 -120 487 -579 -56 -865 384 878 -305 540 -375 -434 -437 208 -42 496 -644 374 -289 -868 257 -828 331 -281 659 -30 -264 95 130 354 325 -484 -607 527 484 -882 953 530 -719 -940 -649 777 1114 -174 500 201 -274 -765 -262 -425 139 -442 234 680 306 -944 -802 150 266 -387 -719 -1015 -195 -679 581 213 139 -577 -383 391 544 -122 -797 5 156 -194 254 -177 -294 -1288 -1040 -500 -394 -756 573 1055 846 -911 -55 -448 163 167 797 -445 -483 778 -145 ]
[-352 -801 -967 470 396 92 -1235 -358 -204 520 409 -1 413 -590 -584 -149 -745 -714 730 -689 -434 126 556 25 1349 312 612 -455 -1091 768 322 -708 1396 -784 -99 20 444 394 -857 545 -579 -31 -1309 -1553 287 1088 739 471 -208 -670 638 -868 107 -410 619 -1028 -29 -316 43 11 195 790 482 1599 -680 -321 -784 157 -36 -947 -511 425 446 411 -505 -184 -398 -324 -49 -1483 237 242 342 855 420 47 -608 -835 89 -316 -181 -460 -132 79 -115 -531 -251 751 10 -709 634 295 -43 -876 48 -219 388 -1 467 -1475 -1068 -59 294 753 1155 -731 849 -359 -85 -652 746 91 -76 -95 1223 75 -398 -412 -212 -463 ]
[182 -393 601 -92 -414 459 1198 -961 -124 -706 -107 517 633 514 609 237 -1000 -544 270 -162 -625 548 541 -1008 120 -1055 293 69 187 -260 102 337 266 -344 -540 748 -1129 -2 -457 -175 351 -386 -272 50 535 98 -930 349 -566 323 1005 -813 -160 -125 -77 102 -764 -197 1456 374 609 -149 -436 612 1696 457 -438 -670 50 -990 1314 -1175 363 157 1006 630 173 1106 411 650 -1206 527 751 -632 910 917 -18 342 -349 228 2 -735 -544 -789 -478 -439 -195 -36 186 358 614 -394 -2086 -9 463 -480 679 -1109 -488 514 959 354 -358 -609 977 -567 678 -30 -416 -67 -322 958 326 -177 -166 -96 950 -471 832 452 ]
[-1188 -891 330 -359 -594 19 -107 39 908 -813 756 -397 -620 -67 -150 249 1 -932 -563 587 858 -454 -350 942 633 207 -669 -605 579 1120 -69 91 57 466 620 561 593 117 671 628 -458 -559 594 -403 32 -1191 222 616 -386 194 872 -31 -583 -653 83 124 600 576 208 -1488 1777 491 -528 -982 -2097 -513 -1135 1117 -792 255 -467 -586 278 -351 177 -124 -521 564 -361 -771 -819 -1479 -1134 659 -1166 -165 196 -287 -643 -201 -965 572 477 -483 432 -144 -456 -293 -1451 -1381 -589 633 299 125 -1331 59 -719 1375 309 687 -632 -77 -927 28 -781 -474 -1282 -36 242 -1234 -733 -778 -1356 529 330 664 -731 857 -468 -311 ]
[218 -185 -397 -368 -97 552 -1840 86 118 -1643 -161 85 94 1009 773 -699 -680 -127 -594 36 116 276 483 -322 228 -208 466 162 -617 -154 -957 -472 513 553 -459 -434 -452 360 -65 768 279 1209 -518 486 -502 1069 -656 -834 -493 1175 -292 1032 277 444 1001 -102 -870 -51 -558 458 -120 368 -699 -379 -449 -1001 -397 1446 317 -1299 -927 1289 313 508 1108 38 256 -328 303 107 1117 48 19 -467 43 629 617 -386 -510 -323 -480 -442 57 1013 67 264 885 622 79 -652 1365 -262 -429 -871 -28 -493 478 -378 -431 734 88 647 58 700 595 13 -62 472 -194 -605 62 388 256 -167 851 -607 808 -296 -178 -197 ]
[80 4 -132 -298 405 30 -916 970 -471 -431 -372 738 466 -330 420 -874 407 160 -26 335 17 -485 759 305 -866 -87 595 164 -853 -119 -76 -108 308 -119 664 -420 -673 177 -490 -249 1012 540 133 -1100 86 -529 746 -257 86 476 -500 296 -583 -347 -113 217 -34 294 169 71 -130 622 440 399 368 -101 -597 916 281 -74 -737 1445 -804 149 -100 387 5 -219 -1033 17 281 -961 -478 -1 -225 -245 -657 -1026 -579 -153 -315 -201 -134 839 -455 153 -135 100 861 -148 47 -216 -1197 524 -833 -408 520 513 -109 986 -673 834 -100 -169 -180 264 -591 -2 650 -296 -274 -37 493 492 -557 9 649 73 105 -135 ]
[-347 1193 -780 -873 -684 -194 1237 235 -180 -482 -613 -583 1060 455 -516 561 300 1028 -868 -1027 1087 -106 -383 469 685 812 238 163 83 -107 -914 201 127 -64 293 -173 32 167 633 -242 -758 1193 734 -234 -863 1032 88 -706 219 455 -165 -812 -393 -130 -1369 92 -294 -66 -439 -60 -1611 -912 653 -467 525 -764 1064 -343 -874 -505 90 -139 -802 -333 -87 191 -949 -198 100 872 -568 770 386 70 -333 -550 547 919 -170 412 -516 -64 378 135 -760 88 100 394 -1176 543 29 -225 986 -524 885 309 555 145 -143 231 440 -50 1543 -177 1221 -73 -326 -671 -239 306 1218 -202 -342 -651 -937 -403 -701 267 -194 -426 ]
[75 34 725 485 -1191 279 -1719 -79 578 386 -109 323 -947 -547 -102 172 -62 -842 -97 121 591 -67 -591 354 138 -399 1371 -907 161 1567 703 -456 -366 314 649 273 -73 94 504 -381 61 -210 -753 346 -205 1200 451 704 -473 45 -1294 -57 254 64 244 242 -146 425 321 -287 32 8 -25 906 -990 246 437 144 505 -238 -1392 102 123 -805 -27 102 151 -1070 -325 285 211 437 -365 1162 426 1071 36 101 478 -245 -616 -204 -970 -13 -43 -641 -659 -6 14 337 -305 641 180 -720 -785 1190 -188 -291 830 -439 -59 -672 905 -274 793 -238 1438 432 -505 -14 307 390 -278 -344 1121 407 422 -485 84 -408 ]
[-1453 -806 292 -104 725 128 -577 -984 344 422 -74 687 -464 -677 334 -167 -1060 879 336 -785 -181 -301 -97 726 498 -866 1001 -1024 349 -450 254 326 -457 13 48 -405 -349 98 474 146 -1022 -971 -273 -1357 632 -1469 207 -926 -158 1112 883 -422 641 -561 -742 -125 -184 622 -703 49 -653 -378 426 360 499 -662 493 -396 -56 6 827 202 736 -161 -636 -757 1027 -28 16 282 -807 17 -359 -405 -802 -490 -586 573 113 -299 374 -1262 -122 167 -392 -449 487 -1248 263 713 -283 -305 -248 232 168 -194 -173 -418 -314 899 -107 240 399 174 362 -49 -20 1511 947 -111 -375 86 456 572 -1160 276 -101 329 69 753 ]
[-395 173 -493 910 439 -971 1059 575 -30 158 -831 -1045 -31 -1690 -911 -508 423 0 120 64 -249 1120 117 -618 -1002 -298 139 466 -147 -1706 1055 -996 -449 -542 -230 954 1098 366 -662 1064 -47 -447 85 -759 985 -114 -69 -59 1120 -124 401 206 -28 -83 -163 -44 -303 -1118 -579 1912 -248 449 450 535 512 606 446 -539 304 -161 113 55 411 -103 430 -537 -209 -1141 -482 421 -713 -491 200 1004 -943 -453 -306 -175 798 -542 110 171 -71 539 -743 612 -1315 552 -263 -437 152 517 231 480 683 874 152 170 -56 -692 -56 725 15 749 270 -310 404 -996 -1175 -988 655 -371 -667 -44 -517 -966 -384 459 526 -194 ]
[-97 -570 1144 11 -399 -292 262 -242 -513 -153 -305 123 1063 -1093 647 301 480 190 190 104 -13 449 695 -501 -757 932 -371 240 299 1395 -318 372 130 764 -128 1010 244 457 503 -684 -873 429 -29 19 -862 -603 362 314 175 -1135 -318 1352 -691 -1453 113 905 1467 -952 -477 -755 1429 -272 49 -262 -933 62 -457 314 -302 943 -272 -72 252 -451 -113 423 -530 194 131 -1018 -217 -563 285 -235 -171 692 105 -880 -147 -583 -172 207 626 -722 871 22 -551 267 -539 -466 -212 1224 569 449 62 237 -208 1182 -222 306 -130 251 -638 -175 38 -588 -14 -834 -445 -1106 35 43 793 310 -46 -289 -335 -459 -224 205 ]
[-385 -549 -181 126 -729 -298 142 -262 1090 744 -340 962 -855 253 -377 682 -420 1 717 1379 542 -740 -1003 203 -13 -908 954 -997 555 181 -32 638 -244 -767 1318 -1290 130 -654 779 79 -179 -550 -41 -1007 1275 -967 353 587 683 93 543 -498 22 439 -682 -504 -882 1008 305 -626 274 -605 -321 87 -371 601 -985 -629 382 -56 241 -179 735 -720 194 180 -172 -358 -312 700 140 -640 -1143 1357 -814 257 -620 617 294 903 20 -869 -1262 485 -287 514 -663 -1303 -555 501 75 321 -242 146 -193 553 -1086 -81 822 371 -353 -695 -436 248 -562 -1725 -223 -652 1395 676 -379 9 -274 -733 -150 708 984 -927 -190 175 ]
[-732 455 -45 610 633 579 -805 350 515 102 -649 864 -502 -1627 -449 -216 -298 -468 534 421 -471 -400 -25 435 150 -642 -324 -805 480 -282 -1288 -79 -382 88 539 -796 -652 -185 -14 -232 991 783 493 645 -202 -473 25 778 271 -1213 -991 681 -360 988 -377 -235 211 586 312 -826 -1535 292 198 849 52 -11 685 -112 18 755 1107 701 354 403 -108 -186 -18 2304 302 704 1270 -981 288 -455 -291 438 -281 -636 -22 -344 308 740 1100 -261 -959 -152 -239 704 855 -98 823 67 -269 643 53 435 -1055 730 129 985 1069 377 -1092 264 75 -908 -1338 692 87 202 246 810 950 -141 248 -239 308 -105 228 469 ]
[1481 545 331 78 709 76 -173 169 -51 397 -824 -89 -73 -459 395 224 -364 341 -51 -205 -540 -256 -69 -92 134 -879 863 -294 417 -275 -572 -65 89 -161 525 -75 -330 -533 -1199 65 1401 1131 71 265 -19 1215 -220 872 -159 146 -403 464 -497 395 -761 62 -536 416 471 491 -1060 -526 -103 579 748 -57 200 -483 916 1458 -274 1407 -368 -153 -7 168 7 -257 -467 269 -257 469 130 -161 -937 -586 -738 -677 1283 -102 426 1199 -1190 261 -457 -290 670 -58 816 901 631 91 -743 522 -728 169 69 -400 -111 974 -254 -90 76 285 -123 72 -1411 356 54 248 -618 -1037 1079 567 882 155 331 172 118 -1132 ]
[145 -620 1259 -474 7 104 -56 -130 -812 -1232 -206 104 456 565 967 -449 714 70 -269 -122 14 -76 768 520 -706 3 -205 1030 -447 1119 -443 79 -800 704 218 -743 -778 480 23 -683 360 -135 569 -170 977 -1196 -303 -445 371 178 127 940 260 -857 -374 2059 -129 713 -186 -525 362 -779 -442 -924 -194 -246 508 854 -516 681 -179 345 271 -470 513 -726 -152 -846 507 -474 -330 462 205 -800 394 -484 -201 645 272 -186 -454 132 614 -163 -144 309 -246 -557 473 361 -142 217 24 -679 -624 -345 1633 -1409 -104 570 708 -121 28 -969 251 91 -201 671 116 -348 -642 -136 636 -535 622 -248 743 -444 -49 718 ]
[-315 -1221 1058 -1815 473 -16 570 17 -844 -326 -147 245 516 569 111 744 -238 448 -892 682 211 -374 425 -351 82 21 -174 76 81 247 289 326 -510 126 26 855 149 -643 -453 -213 1125 -174 308 -167 97 93 -340 -1145 105 -413 299 1002 -936 -416 420 541 125 217 979 -997 149 -875 -272 -47 -330 183 82 73 -20 350 -610 589 -285 350 -598 -881 -420 135 215 -220 -1049 -780 1065 -928 987 -438 -764 273 -1572 317 -847 -337 -492 -434 610 -171 900 268 -382 434 -610 -121 -303 -759 -501 -192 407 -668 -824 617 3 321 -681 -177 -89 75 -687 918 447 108 -790 -347 -142 595 -539 345 419 -409 -370 -174 ]
[-213 -49 110 523 -109 -218 -838 -647 -597 170 842 -233 -735 48 -870 901 -1903 17 -11 1034 -228 131 450 -97 499 -1413 -747 676 -217 -241 766 506 241 355 -1068 -474 1059 1021 603 1550 491 -600 -832 -284 625 -950 -542 398 -283 731 -876 352 -154 722 -513 -363 -1017 -205 677 298 250 -297 708 347 -490 -107 -414 308 -659 196 1046 575 706 129 903 -300 -761 477 -154 655 -930 630 -299 -249 95 204 305 -209 -429 -720 71 -922 -759 -209 -953 -1029 462 133 -741 -1 188 -492 913 -859 -12 1421 -1317 -540 690 -1321 -53 408 -295 435 177 -643 1126 111 -851 53 -233 -570 -508 -308 564 -1476 -17 259 281 714 ]
[1311 -1040 -133 -1229 -29 185 -697 443 2 -869 925 -347 607 1196 381 -970 182 -520 202 -76 -345 -112 703 178 129 -11 212 -687 -1016 919 -603 -672 220 659 1176 -31 376 483 -353 -1022 -382 363 273 899 -460 465 493 782 595 -810 -968 1012 17 -153 701 -231 946 1367 336 -1815 163 1251 -773 29 -563 591 -221 872 801 539 -961 85 570 378 -398 210 -524 -159 628 122 115 -461 662 -246 -331 411 -807 -400 -147 -374 -440 1395 1204 -620 223 399 110 652 1600 -788 7 811 335 -333 -414 -566 130 869 -1120 970 438 408 -543 -469 -107 4 60 806 979 -371 -919 237 -594 -142 262 1139 -663 -1377 -1 -332 ]
[123 573 -555 -504 1074 631 -650 299 -285 -189 -53 172 -947 104 815 -226 -863 984 -700 -358 963 -772 -1789 556 -281 -777 760 -1855 19 -546 789 -726 153 145 852 -398 40 -647 122 -408 479 -30 1313 -264 -428 300 321 -273 -421 -110 -1015 443 202 -1047 -590 -1150 138 1243 -266 -420 -469 -717 575 178 -976 -31 431 46 1158 350 705 522 294 563 -1147 -470 635 -731 -151 603 -106 -1073 352 -124 -37 -370 -1273 -842 571 -175 126 290 -136 43 132 -87 293 43 513 -215 -379 1168 900 -1152 90 1013 -1279 771 74 451 -141 98 649 347 -1003 205 -191 997 70 288 187 -128 -866 864 -480 900 -447 4 84 -159 ]
[-27 -21 841 -378 -1223 -331 91 -1224 30 -185 182 -1113 47 885 262 -215 -183 -159 -336 -246 1478 360 -876 738 -374 -88 457 -215 -690 967 48 123 -552 -713 109 -377 -1265 489 -2 -286 -511 -421 -46 315 -385 -1295 -292 -599 -488 -507 -665 -472 550 -188 -178 157 160 -530 -869 -802 -203 377 -417 -236 -710 -1155 661 488 830 -168 -52 -607 749 -927 140 404 -791 -633 324 -305 -141 -508 -797 180 255 387 -305 52 -347 -752 -87 839 757 -167 -79 254 390 -432 -323 -182 -794 759 759 -482 -375 -818 -288 -104 -6 166 150 91 -81 171 287 366 931 418 -463 -665 -1 860 -301 -325 367 286 -685 -867 -399 298 ]
[-214 391 341 337 -277 755 -687 -592 -94 1107 414 1246 -472 -211 310 100 -649 358 910 -97 -650 -24 447 184 167 -55 246 771 112 -511 1313 -399 293 -550 -620 -773 -870 76 567 -271 -271 -772 -431 448 16 210 172 -194 -619 781 -112 -957 681 478 -184 -854 -1248 1023 -80 1432 -1464 -947 -846 557 -241 -433 854 -755 598 -750 381 193 291 -24 -884 -211 337 323 597 567 142 1027 322 23 -209 -282 281 49 -810 148 585 -821 -855 90 -834 -461 612 -391 -130 856 90 -894 -810 -1056 83 -28 119 -733 356 -808 405 455 31 -401 257 535 741 423 82 652 263 1096 270 731 -547 17 1372 -28 582 492 ]
[-72 -1414 -281 -783 829 495 -286 77 903 -463 1382 42 492 788 -873 379 -135 -520 349 273 -118 198 -105 -210 -60 502 535 -213 474 1080 150 31 -201 533 1056 447 380 557 817 114 -837 718 -1242 213 293 45 202 83 -793 435 533 -327 108 247 -505 402 96 404 -555 32 -1252 616 -416 -801 -983 -214 518 569 -576 855 1013 -553 -929 -1115 -299 150 -992 -73 -39 295 -968 410 56 452 -105 -249 -146 -457 728 586 15 -908 -473 -1231 -1511 -1234 -372 -781 -160 314 -90 287 -214 79 -15 144 -1016 -199 789 1185 855 -444 -168 -125 -1349 600 392 -390 1470 149 -1167 -249 -893 -272 56 403 -102 702 -670 488 ]
[367 109 -365 5 -113 -101 -296 -433 -565 719 605 -313 -787 -100 288 -626 1452 -834 -257 -18 -252 1234 561 389 186 498 -429 414 239 -8 977 -470 191 376 108 -223 223 -318 261 -776 427 334 567 991 -867 746 -175 -1030 -427 608 -340 1383 -65 172 1282 -729 -218 157 359 644 -771 937 -1337 -67 -520 -63 210 -338 1222 -511 -1656 412 -523 -300 -594 -103 1113 -464 741 -229 479 -673 998 383 650 -340 142 -378 -1965 465 -399 1272 993 262 1421 1289 222 626 252 174 -688 201 -94 -872 -163 -83 279 906 -558 157 591 868 -749 475 -204 682 182 -351 -516 163 -141 1252 -763 -25 190 -464 493 375 -401 69 ]
[706 -625 -1085 -137 1040 852 435 -72 181 208 390 -310 207 -84 -697 -144 -862 -298 -478 394 -458 567 870 45 272 -229 -520 -411 415 -92 94 -417 92 -498 -1 -670 -265 -611 -654 258 704 486 226 199 329 635 -1499 1014 910 21 1327 -503 -32 -377 -148 -42 63 1376 279 439 -650 -309 -41 -263 68 -65 474 165 -367 -205 1044 553 -108 794 587 29 -896 -200 843 543 -124 -160 604 441 315 -164 -1127 -996 21 -302 427 1045 625 -414 730 -125 -830 231 80 -285 275 331 -861 -545 255 -311 251 41 -261 -93 -7 957 -441 73 -111 -282 -665 108 109 544 -1090 149 257 -232 636 143 599 -822 -1133 -202 ]
[809 -815 -1012 -676 663 -39 159 85 -156 129 -90 111 619 826 -649 365 939 604 110 -1015 359 -74 -255 -445 326 890 458 476 -76 -395 -217 -195 326 -751 864 -571 481 -663 -570 676 543 -122 73 15 -426 -125 266 236 884 834 692 -94 -856 -6 -84 -494 462 -430 -88 -522 -33 -515 170 -906 -628 817 636 738 -723 58 -348 679 -591 175 -512 213 -666 -649 -60 -761 733 -968 -56 -63 260 -773 -1605 -1050 -364 749 346 -56 -72 635 608 -87 837 -284 -711 -151 508 201 -1185 -231 75 -1160 -550 1107 -456 429 -597 538 480 699 -193 -88 -774 -926 442 743 -926 -423 -547 567 455 425 1197 -305 -1357 -851 ]
[637 634 170 -286 -583 561 468 -342 -1086 465 -261 496 342 -8 657 919 360 -258 -412 367 76 1161 655 129 453 -160 -275 265 -65 811 227 -341 1427 89 -663 -336 -297 -327 -336 -1573 794 853 194 409 -1640 816 -494 32 -1150 853 -853 69 -928 -198 -722 -300 -165 59 117 117 291 -55 -80 136 -28 -252 158 -347 313 942 -652 392 372 214 -720 526 -1055 -273 -333 -329 237 527 166 -47 520 -582 -1179 -769 -1382 150 105 785 -88 -937 -18 -218 355 -372 -62 422 -299 151 -169 -810 -17 308 102 767 270 -390 -203 302 375 -692 1000 498 336 -611 -913 -931 170 272 -89 905 759 -1027 1072 -130 -473 22 ]
[-678 726 -929 -354 676 284 -284 150 -357 651 -563 200 -781 449 579 -57 82 416 -1043 -174 -438 341 -51 578 110 -524 -449 -660 -640 -1069 761 -1313 -24 -351 -677 -450 176 770 -804 -966 17 -33 39 749 -177 986 284 -581 127 989 167 -767 351 1026 -347 -1050 -898 519 277 127 -299 428 67 849 869 1032 1319 -956 711 -162 148 -127 131 325 -103 371 -504 -1302 516 -156 -232 1298 716 -80 559 -725 -529 -152 66 -79 -337 232 -944 46 -880 878 553 -625 2201 1095 -211 -458 1081 183 -240 175 557 -496 -195 -483 -427 -517 494 -158 -24 1721 849 1322 -190 584 -750 576 308 170 186 942 -54 -597 -18 -26 ]
[574 -80 -1272 -900 691 357 -157 753 703 -731 -146 -672 431 727 -180 52 -1594 931 48 342 877 -148 77 -330 966 38 -492 -95 -531 -1142 -625 780 499 363 132 -88 207 -208 -42 664 399 39 217 -573 377 -152 34 475 200 -33 -316 248 -3 -215 100 177 -49 -76 -1027 -847 364 -56 304 344 73 960 -971 657 33 -602 23 137 100 226 401 322 -675 300 -802 851 -409 -9 -1134 374 -935 694 607 100 -117 888 462 -805 -536 837 -66 -901 43 33 -1090 -103 -514 -29 -141 281 -523 -292 -183 651 588 -310 -558 1063 -196 708 -41 -427 -112 13 279 261 336 -1093 360 -888 -550 -242 -525 -606 -677 -103 ]
[-761 115 412 -223 97 -356 -878 -1058 -85 -242 192 -243 -555 753 667 -710 -1248 -464 105 -100 -445 375 1599 -172 -605 -17 -919 560 -483 -355 425 -1055 -535 1069 -406 -25 558 315 173 662 -1501 -726 -126 132 236 -185 -140 186 0 897 494 238 1293 919 -856 931 -442 652 440 -603 121 -542 -197 250 31 729 -163 1432 -161 725 -232 -864 511 470 166 -740 200 266 532 57 -1160 684 1265 -526 753 720 700 1125 590 -1148 -959 -765 57 128 -97 -92 414 -182 -358 92 -721 -199 424 -242 -941 555 1362 -608 307 -73 -619 -1009 -147 305 -40 1062 759 540 -467 -136 -304 776 301 -838 376 -31 -101 331 1043 433 ]
[293 -599 211 98 -11 -907 816 -23 234 523 79 -414 -145 56 -908 596 -685 594 1025 -676 568 -484 -1135 -11 406 -372 117 -314 413 -20 49 -56 424 -261 -316 622 1592 -542 199 783 -1011 -566 271 -1078 530 725 311 320 778 975 231 249 -683 -132 -862 -573 -947 -1657 286 -292 518 -8 573 607 -41 300 -610 672 -12 1468 -119 -115 -183 333 -369 -487 106 842 -510 -743 162 -930 43 494 -335 -1130 -136 205 592 218 430 -471 -958 834 386 -222 1178 245 -930 -802 286 -100 -79 275 12 640 -452 265 8 -97 -702 505 176 -252 863 -438 334 -240 -522 -591 261 -956 -468 710 -201 90 -81 649 465 -839 ]
[857 -705 -1688 246 303 -208 -431 596 -233 -143 713 -44 -460 -231 -446 -1785 707 -134 468 -1025 -241 -278 -514 102 609 971 88 -374 -308 -363 120 -367 643 -566 1101 -823 750 156 -147 364 123 -758 688 -587 694 -92 256 1 666 -432 1929 42 884 -465 1292 -1242 318 -372 409 720 251 -255 -204 -533 -827 30 -1098 -268 -136 -1764 -686 5 215 90 74 -395 578 -1277 906 -467 623 -310 119 806 9 -141 -63 -660 1289 744 -144 225 90 931 558 998 -754 156 -634 521 674 909 -191 176 802 -59 15 -163 734 116 -584 441 -65 610 -328 -1458 -307 -613 90 41 547 -158 126 -491 -360 1089 373 72 -667 -533 ]
[-288 642 -235 51 355 -307 -37 167 -823 367 -341 -670 -338 468 637 182 283 936 -680 -343 615 744 -161 177 -557 -348 133 436 -784 -342 484 -124 -659 -741 -244 131 -229 608 732 -41 200 -725 473 -759 80 -1165 -1010 -325 -631 79 46 -171 695 -314 162 -315 167 -649 -1141 973 58 -426 988 -430 -149 1179 1099 -129 -423 -455 606 -1123 435 2 200 128 173 -267 -388 -389 -1068 244 -856 -136 649 279 -719 -22 -488 273 110 607 -171 -297 377 203 -412 16 -132 784 -812 500 256 -596 155 -61 -345 120 1004 -680 551 -798 496 446 -602 -508 1282 -858 -1214 -584 540 -245 -143 340 -357 -1038 -746 822 -201 650 ]
[524 -198 -276 -131 1014 467 49 -117 -374 -372 -301 -467 843 -784 1799 -222 -515 -1130 -593 818 -927 398 1536 331 -285 -80 -917 292 -401 -259 -348 -1021 -532 -270 -536 153 -655 1217 -665 -526 715 181 200 832 -661 -189 -324 -320 196 -1068 -340 287 426 382 600 -864 -336 661 -741 864 -347 -188 -1280 512 -1289 107 646 544 355 -116 -739 -170 467 -146 412 741 836 -553 676 165 1064 -615 1190 -58 -164 41 -547 -783 -527 -1508 47 114 1028 484 237 456 -1067 411 365 521 -203 814 1058 -517 -241 -850 1080 -317 -62 -931 271 -300 -937 665 -936 72 -387 699 566 -462 -247 1226 314 -85 1520 -487 218 -1700 58 254 ]
[-641 -145 -813 -601 -416 0 1924 674 66 -439 -413 -262 267 186 -556 245 335 -350 141 -1018 56 -578 -504 317 633 -318 550 -263 -510 769 -222 418 72 -720 1301 -364 629 923 778 611 -408 -42 -290 -1062 505 158 447 361 366 359 -90 -1380 262 451 -754 672 -919 223 -463 -349 -528 142 24 -289 -192 126 -395 229 -548 -371 595 -43 25 -186 936 39 -565 -346 -920 966 -709 5 444 -209 -249 -328 -334 -415 599 706 -641 -369 392 -262 -740 -523 -170 570 -273 108 444 319 -509 -416 283 -36 -305 -129 351 308 402 -3 888 334 -761 532 7 580 1035 623 666 -73 -926 -266 -6 761 -388 245 -116 7 ]
[-1460 -64 773 -149 -634 238 663 -492 -537 364 -1027 255 -456 729 -468 470 362 -48 -9 -769 125 554 181 1147 -28 -829 854 35 225 -640 130 -864 -488 234 1070 251 -523 -113 268 341 -547 -454 -180 517 -370 535 827 -49 45 1116 -323 -776 -406 177 -357 -871 -710 474 855 -355 -382 -269 -657 208 -639 -440 596 -72 -532 -670 -268 -357 -134 142 -350 -636 171 668 436 367 -530 62 221 -334 19 -237 -153 291 -70 627 -762 489 -69 -957 -36 19 348 -47 641 547 45 -594 -208 -150 135 916 -466 -117 -595 -79 864 -544 -382 -122 453 1415 -96 1055 -35 334 -326 -296 -399 -100 -285 993 758 1031 671 -497 ]
[120 -240 -403 -9 -111 329 321 -130 33 266 -444 -257 -1447 -367 -685 580 -544 277 -158 -64 640 207 150 -102 201 -411 -126 -398 -611 -306 482 77 -710 -672 1447 -361 47 379 -97 145 1094 -748 896 400 171 376 394 -392 406 1009 -811 138 132 539 -848 820 -64 -83 473 54 -110 -828 465 1185 -171 483 -812 -370 -62 -381 -848 1257 508 -190 -555 -553 -1046 -1108 -54 832 -695 -767 -307 -316 -414 27 -376 -753 79 -257 -967 388 -345 1528 61 752 41 533 -241 662 -349 41 548 -441 107 -48 284 -852 -476 257 -428 897 491 290 520 249 969 1248 -525 397 654 -13 328 327 -394 402 89 -195 -198 167 ]
[107 577 -398 122 1991 -498 844 581 3 -1019 234 -754 2 498 -207 -529 694 -418 -698 -1029 -395 668 23 470 812 -3 188 1191 -648 616 -480 700 -486 -142 289 263 -333 152 -403 696 697 418 149 -828 506 -99 -1379 816 -548 824 918 -795 851 -304 -747 453 -117 489 -574 1127 -524 17 937 -827 1161 259 389 508 -937 929 77 -506 -958 -193 375 491 -665 -1333 251 -385 -1978 877 799 -834 -565 -855 -612 -5 669 312 38 1218 370 -433 -297 -726 -875 269 646 720 -589 90 -755 -311 -268 -507 300 406 244 -288 346 -455 600 -216 -176 113 -595 -713 52 68 -648 -822 -277 586 -196 -179 -652 1266 -836 -383 ]
[807 927 493 893 54 443 -647 512 -184 1162 624 760 -457 -74 -125 151 -466 856 255 1055 220 -481 -70 -97 -221 -608 -62 461 115 23 576 -198 457 -350 426 -212 -460 -565 50 -849 109 21 -475 1337 -119 189 589 414 -1261 -609 -274 2 -216 434 338 -872 178 -116 1156 -439 -189 -395 -442 753 -527 54 375 -1208 501 51 928 603 -295 648 -1020 -395 311 1519 93 65 1068 -651 489 -5 963 -881 -435 -591 -240 100 1147 61 -1006 96 -331 -236 918 -649 707 583 53 231 -718 210 -201 797 -1365 306 571 -204 610 -480 -255 786 -303 -194 -396 -534 -682 532 -409 652 481 215 133 -198 -169 1047 -244 365 ]
[533 -21 -514 1101 48 -366 673 -230 -807 -295 -775 -657 450 -123 -411 -83 153 497 -182 -909 -536 883 806 -59 -16 -120 277 909 -279 -86 -408 -244 -336 -1015 -772 655 -384 149 -499 34 -580 860 -460 -93 28 1034 -648 103 -764 -352 976 -535 455 455 297 -604 617 -1586 384 1666 -1090 696 -298 -979 146 549 44 178 453 -67 -535 121 476 215 -25 522 84 -159 -416 -300 -2 470 -437 -255 359 260 -1256 -436 526 262 714 118 -230 225 253 79 -405 0 442 621 993 -457 -1166 492 -516 -1157 314 -606 -153 -144 -216 -316 95 -85 -106 104 -522 111 -567 -478 -506 -477 226 379 417 -856 581 262 37 -943 ]
[-295 -91 291 -340 586 -505 500 -818 -671 339 -599 -34 -1146 -361 -185 579 431 -400 -818 141 -318 861 257 -264 -106 433 355 473 -330 587 923 -104 -630 -1187 -593 950 -142 237 -930 512 579 249 -1135 -249 -138 707 -1260 -515 -676 215 1202 -825 -114 7 293 -242 -809 -540 60 1481 49 383 600 -1227 11 -34 445 -306 430 426 -704 470 -51 312 -431 41 -706 -811 33 -747 -2083 175 210 -100 145 -1162 -517 71 622 98 -1642 771 -204 -1131 -395 -1024 168 579 1142 315 -228 -849 435 -697 -130 341 -334 -269 202 -148 119 -629 -248 255 -29 196 1229 298 -366 -686 -271 -366 143 689 934 312 366 1380 -498 676 ]
[-399 718 551 -117 -190 -298 172 45 -325 -309 -1244 -93 695 -1581 1312 -885 15 -766 -208 102 -155 817 59 204 -660 -42 647 -253 -82 537 -687 -948 1130 388 -203 249 -787 -835 -467 -765 -319 1483 185 534 -156 1139 -395 -238 -232 -576 -288 402 -25 219 596 281 273 -468 804 743 822 -388 -336 475 130 -516 -319 -554 895 -43 -1036 326 286 379 115 -245 -154 443 51 103 798 1145 942 -163 -8 407 -489 -82 715 -1257 -911 963 1268 4 243 1006 -453 1173 805 -420 684 298 668 -226 -582 382 1239 -222 -280 -537 318 -255 101 259 851 -96 -677 -62 -872 -1758 617 380 654 -638 314 -248 402 -469 139 -698 ]
[-138 460 36 -263 -623 112 403 389 -212 -774 613 718 524 -389 780 -535 1307 262 694 -1195 -95 -469 -144 194 -864 954 293 508 -118 350 -490 -461 501 600 -474 -206 -1067 674 1264 -607 -612 722 855 -377 655 -682 264 -192 -479 371 788 -372 -11 -849 1078 -1080 -490 -374 -381 635 677 -57 -1567 -1411 263 -739 -527 -68 470 -1327 -650 30 -670 -164 1385 80 879 537 -360 -312 297 101 -613 -90 -297 -162 1211 79 222 1040 -112 -353 204 -467 -368 821 492 584 -642 -749 691 -126 -473 -702 250 -595 1038 53 673 1063 812 648 -312 -389 -230 -112 -508 -897 532 -861 420 -417 447 466 -485 411 552 452 -194 473 ]
[-717 -502 -358 858 642 719 713 670 -1668 -301 -367 434 -612 177 -902 -78 -483 -240 -422 123 -83 -274 1330 -79 935 -815 -43 1067 -15 -497 1041 -565 390 481 591 477 1251 679 -568 -2 572 -461 59 0 636 45 -16 814 190 876 415 -69 171 204 -824 221 -1109 600 -305 -124 119 -762 799 1151 -32 1182 741 69 -876 743 364 521 -124 478 -49 17 -1744 -1046 493 -1051 -816 510 510 -269 234 -103 485 -794 -123 44 -515 15 -917 1284 679 31 -352 -605 494 255 871 -64 -423 -254 -638 -584 208 -1133 -51 -700 -611 -499 -102 2 -135 127 189 -519 -352 -762 300 -649 -340 352 615 590 3 224 81 -412 ]
[744 -454 6 632 358 46 498 1068 807 -275 484 -522 -265 1564 -1270 -23 99 553 507 -515 506 -429 -778 -800 886 264 -236 549 134 -1591 185 351 177 -409 851 -428 452 -724 -702 970 -620 -673 442 -385 277 926 -12 652 701 666 1365 -30 -481 -319 572 335 812 -734 25 -1073 1775 375 904 -226 -181 1192 -924 1317 -236 198 108 -564 -655 682 -253 -265 -629 -624 -83 -217 934 -838 -1204 41 -325 -284 -531 444 1025 517 95 687 40 824 1194 256 627 728 101 -770 -232 -239 -680 701 348 -979 311 652 -499 241 -956 225 151 92 -961 78 -639 302 894 -12 -302 -1615 -141 140 -13 798 186 424 -709 -512 ]
[-274 -142 244 72 -732 31 -954 382 752 354 -552 -400 682 377 -453 -1069 -940 413 -295 90 60 148 -111 -255 -36 -216 357 -685 -618 -578 -519 -875 1333 857 -267 -1444 1115 404 608 526 -684 -211 -651 798 -951 -279 163 -371 -361 661 -868 536 239 613 347 -1087 127 -401 74 -23 -296 -227 -35 -352 -794 -297 -141 -893 189 -1056 -63 -332 649 820 521 -1541 567 -14 -285 683 665 387 -341 -661 332 710 -423 328 74 -206 572 -875 150 472 -40 536 1329 -1628 -338 25 1052 555 282 457 448 500 -301 170 -292 462 -310 513 247 548 110 1071 -1320 785 -505 -403 185 -421 -95 -526 -494 -775 325 382 184 -685 ]
[495 -370 381 -1393 350 -97 -714 -45 599 64 -23 625 413 28 280 -621 -570 671 577 331 480 -729 -413 1024 251 124 211 -1166 -519 -237 -850 566 -187 682 26 -88 192 74 -402 -244 86 259 163 -731 -390 131 944 -573 -185 765 -410 844 -478 -49 -98 408 349 68 161 -964 -231 25 497 347 465 -478 -765 -41 10 644 -810 707 -98 607 -759 137 427 333 -312 242 -154 -114 463 -814 -327 308 -725 684 -433 -155 -462 44 635 362 -657 -270 1213 33 840 113 -809 -669 569 -191 -395 -866 1536 845 -576 666 -371 545 509 -22 718 225 -71 831 995 -649 637 -277 1202 -356 -1156 192 -1468 -579 346 -73 ]
[-274 -530 167 536 38 566 934 860 1227 -32 585 387 793 587 448 151 -35 -564 448 468 -97 -548 327 -389 -125 23 61 106 628 -50 -848 -19 -180 -64 -260 972 135 268 303 -450 -279 170 196 941 -556 -240 821 400 -1075 -343 137 -743 -1216 359 -727 -649 -30 -474 -241 -345 -133 231 -174 137 -47 552 115 -293 -513 -249 1956 -1414 -1068 41 -55 1479 186 1692 -328 566 717 -471 519 140 982 -155 146 231 -817 257 1563 -645 240 -641 -520 -954 -378 4 516 -476 41 -421 -1077 426 165 -414 -82 14 676 663 793 9 -1091 -803 -690 473 212 -198 354 -117 627 534 -200 165 -37 69 -347 166 777 367 ]
[-427 831 -791 -616 218 -750 1285 1535 205 -765 -637 142 -375 -87 706 -756 -61 713 419 833 -217 -953 -856 463 681 -96 -1114 -856 -296 -1343 247 181 298 -240 -774 309 382 -312 -836 155 464 624 710 -609 597 548 62 94 991 -82 355 119 -345 266 -719 177 -809 424 132 -556 1214 267 -133 254 1201 -512 -647 684 30 865 262 85 -313 606 243 266 498 466 -177 588 36 165 914 -179 -532 -1137 765 558 446 319 297 838 -194 388 -168 -431 -283 826 263 439 -197 -717 512 247 70 318 1308 100 253 -268 -747 107 349 376 684 -111 38 36 167 63 -357 -440 347 -45 -79 112 -1324 -472 245 -289 ]
[376 139 684 197 -108 -136 576 -512 -656 423 -299 248 16 -105 -104 1621 -755 1138 252 39 -523 141 -361 -491 -146 -708 -498 265 -145 -723 529 1088 -185 -788 -643 262 -872 -106 563 306 321 -200 -686 -698 227 -756 187 -880 406 -240 -247 513 -1086 -44 159 -88 85 -998 961 -292 234 -243 321 346 498 -36 702 -206 82 201 757 243 200 9 -11 -223 333 1426 29 -538 -27 -597 -641 -824 727 519 -707 -228 -1070 308 356 37 -539 188 -734 570 526 -114 -529 215 -255 -344 -476 361 -100 304 -960 -323 -278 242 -73 -183 -39 148 -84 -22 -253 -355 -526 832 -482 22 184 58 -368 -1405 -217 439 340 959 ]
[-54 -101 20 -49 66 -1180 1002 2 -236 -303 -932 -86 -472 -1216 372 -532 444 -21 803 166 73 -471 -603 -261 -1065 665 -40 -207 -256 289 209 71 -496 -1508 224 374 -416 1033 -714 663 751 -357 -653 -606 562 -1074 229 331 528 -1122 223 83 177 204 -399 728 241 -1119 -584 -305 356 -232 145 -314 267 129 -314 503 -284 169 -607 -280 821 -314 465 580 -106 -7 -288 -854 69 -870 -110 277 -480 -178 -266 155 834 31 -138 521 244 375 -260 -36 -332 455 298 -136 425 337 -36 367 -483 -1337 626 -207 539 -324 -185 -478 377 438 1079 -1276 197 -651 -491 -1318 209 46 234 26 264 -244 -788 -970 181 458 ]
[472 -991 -697 -356 175 378 725 -648 40 -1348 -583 -370 -399 -478 1140 19 152 -302 -769 -172 -254 -328 -24 643 66 248 -7 -526 -533 741 -733 -1004 -704 -1087 107 305 -1375 1296 -257 -1199 835 -60 126 -210 508 -649 226 913 132 -469 1066 135 701 -729 -341 -196 -334 -208 -1135 489 -374 846 -1255 -261 -736 122 23 332 1252 -386 -352 90 613 -223 258 306 397 -817 -195 267 -698 -1134 -211 -415 -422 -60 -1421 -411 -369 -329 -73 802 1283 -7 -321 -359 -276 -277 389 388 512 542 -494 -402 -1410 -1356 43 -601 -150 994 634 247 -879 -396 -530 128 -400 634 256 -1027 -120 206 146 731 1016 84 -297 -1522 -275 92 ]
[-514 -292 -19 -1095 24 -654 349 -1286 902 -27 125 -405 1390 755 72 312 -424 -883 164 -648 317 -122 -724 -482 -570 224 -179 -1106 159 525 -1137 -92 648 -23 282 -740 734 -89 -249 836 -200 -54 153 -712 191 157 -273 -347 215 91 157 -260 1486 932 -226 165 -47 -834 -1282 1090 -41 235 -158 224 -658 89 -161 307 97 349 98 -1192 303 -349 1024 611 279 -477 -526 -255 -292 616 512 512 -614 -201 483 999 935 46 169 -45 -336 687 -100 695 -1286 -454 -1597 -749 341 757 873 4 651 327 148 313 80 723 -338 -535 505 -143 -897 -187 -1763 -99 879 -671 1150 -189 -13 -1382 -835 488 141 -850 -70 -55 ]
[426 316 -497 728 -540 240 127 335 -599 -453 795 393 -262 811 -1197 408 -190 73 -98 -1077 834 -1012 410 1041 623 -1087 566 1068 55 -105 -593 515 122 -1 1469 -501 187 -377 449 -296 257 -521 83 195 452 29 682 425 577 1193 -202 -878 -308 -98 329 -71 -112 -79 -895 -529 -535 -461 1132 -142 -86 969 55 -280 -933 -296 12 1449 -21 -369 310 -438 -1057 225 -403 61 843 577 -1688 -57 -731 395 392 -581 732 333 593 -231 -227 1060 14 395 406 -579 564 414 685 -74 95 1440 -152 -551 -1373 -147 -788 -277 -551 50 1061 214 -310 102 -1474 442 177 -32 315 -888 219 24 -354 1519 -589 1022 -58 -932 ]
[1021 707 -561 288 431 -65 -701 294 -186 331 -56 -1160 773 -368 1102 -656 -156 -419 -114 -367 125 95 50 -400 -431 -614 -456 -676 -1208 -1045 -157 -111 -484 -98 -725 628 -40 823 -367 -113 -494 -678 -318 92 -225 839 150 -454 381 -211 -292 -254 384 -433 686 353 397 -44 -274 44 706 493 240 579 1059 595 -54 -187 173 -358 -411 -220 553 471 262 206 1293 543 -479 73 376 374 6 -504 -395 1329 793 609 -169 -1160 -518 288 198 -52 -228 981 328 738 849 -855 -517 124 877 709 175 -1353 620 148 -462 102 130 -123 767 284 621 -807 724 357 -305 -22 890 800 394 -458 495 -251 -1635 -219 525 404 ]
[423 65 -225 -273 934 -56 766 -625 -262 357 -853 -777 603 -1362 773 -957 -335 369 -323 89 -1229 1062 284 -1153 -1225 417 -1089 -72 61 -917 -213 -704 794 -145 -1525 1303 -115 402 -686 -245 -819 -197 103 -338 -588 1434 313 -548 558 250 265 241 -205 -30 27 266 1760 -623 411 2166 -163 1049 426 -77 945 -375 -543 49 650 1025 -423 129 441 416 -949 1012 323 1480 -989 316 -39 730 -52 -146 -186 339 171 -502 -18 -642 749 459 114 -716 -1343 -328 -347 302 -310 -625 369 -450 405 662 256 -420 1280 -78 -566 -816 -130 13 516 -1301 -141 946 337 43 -356 175 -148 827 29 353 -260 -846 36 389 790 398 ]
[-228 -477 147 92 -383 -137 -651 155 117 -254 -422 1071 -927 -1859 133 -210 535 605 908 286 -236 246 317 -300 -417 898 118 -259 524 -169 100 405 -941 733 -170 46 -3 596 758 -356 -208 -214 800 -681 901 270 387 -1399 574 -1026 38 1529 387 -371 1340 535 -67 -828 526 271 672 501 -983 -151 -308 19 -1406 -961 1548 -648 -1654 828 1173 -310 -122 -1371 1352 -854 -490 -118 390 -740 -130 85 -960 -507 893 118 326 651 -291 -1042 -1043 1378 -50 1292 361 -138 -305 811 657 250 258 201 42 983 934 -1492 -147 812 -144 181 -239 -141 258 -601 -348 609 544 -359 157 -2 871 -138 -554 -216 427 -437 -226 452 ]
[-454 -163 694 -438 1056 213 -688 488 -690 301 -454 1045 -139 -731 -646 -459 -950 763 332 247 -73 -269 572 23 154 -522 444 -35 982 -397 192 428 17 725 609 117 512 -522 27 274 133 -254 -716 24 -262 571 282 328 -469 734 429 12 -305 -171 -1235 765 289 2 371 130 -846 -792 651 284 223 -72 -324 -102 -628 646 181 879 -52 -165 -420 -244 -131 360 -143 1478 -459 594 -134 50 -701 -20 336 -154 901 384 649 -873 -1135 217 -717 -1196 672 -1411 -558 783 468 -922 -837 1519 220 859 -294 -493 -247 657 -138 206 251 -236 170 87 -741 878 502 -65 -169 -700 235 -39 -1034 404 686 242 -38 -180 ]
[208 -778 -506 -497 -35 457 392 79 -378 -437 501 -290 432 1025 18 651 -460 -31 -183 290 -148 -9 474 -814 292 160 -508 -22 -727 -918 384 -164 136 1045 -918 135 1006 594 212 624 -236 315 -131 226 154 -286 183 -180 -115 639 -47 -335 -311 -206 -117 -879 -898 -957 519 118 703 460 -378 967 154 404 526 247 212 211 483 -1069 -804 1193 648 113 -221 290 -259 -248 -1410 -371 392 -362 465 -464 437 -396 -206 567 -477 -1060 -786 -379 -224 -725 1107 346 249 -111 -258 -102 -126 -622 295 956 -154 382 49 1054 470 544 -1411 -188 -94 1038 1588 -216 -584 143 408 -965 -647 46 320 -325 161 42 285 671 ]
[-435 -713 524 221 179 -321 -667 262 482 -1061 -64 -56 1082 591 65 -573 836 0 -558 473 208 -349 -1001 -375 -1288 410 -875 -131 391 882 -512 -322 -28 641 -1122 61 -175 -347 83 -528 157 430 -191 1027 266 -299 316 -225 -502 61 457 402 446 -591 565 443 30 -61 -1407 1148 538 336 -229 -801 493 48 36 769 69 -192 257 -536 -957 -530 171 233 223 -463 -619 250 -612 790 729 -276 -256 303 517 -260 737 654 682 -610 -466 -1021 -59 -1058 -796 -219 -413 306 238 -727 64 -19 -496 140 551 343 579 184 302 581 -59 -420 -1001 1797 -178 -91 718 -490 -884 -1079 -37 498 -1144 398 450 -896 -688 -191 ]
[557 430 -291 716 29 -44 -150 643 350 -704 -172 -212 21 -1087 712 -57 344 -324 -173 155 290 548 1248 563 -302 780 -525 1107 -1144 599 -27 -680 -330 174 -537 298 -819 1347 832 -389 -773 734 -625 652 460 -941 -773 133 -420 417 806 -400 1274 -652 738 254 -1100 -1121 -961 2350 -170 -84 -385 -691 143 660 65 48 -203 -1564 -1092 -13 -4 -376 617 207 349 -1630 -381 707 -245 18 -450 -1147 -447 467 -139 72 175 -888 -512 -605 1056 1214 557 -274 -590 301 770 554 -454 345 -208 -332 -747 -1362 195 -35 301 -105 575 233 387 593 -715 136 468 57 -420 -662 148 706 521 -57 130 -904 66 98 -940 366 ]
[-356 -121 -663 -57 166 -1164 -439 487 -32 591 232 -738 -472 158 -248 -449 29 -502 60 258 542 106 -693 -96 214 -768 -310 -611 -398 403 463 -801 32 -1552 -494 -474 715 -544 -797 151 293 14 -466 7 -463 588 -807 93 573 -378 136 572 -745 -385 -382 -1215 -249 289 -324 -169 22 -399 1189 214 722 696 561 -694 689 159 491 567 56 -201 -430 48 -123 -396 375 -109 631 -695 922 -26 1288 265 -932 38 -754 -711 -346 592 640 1201 1096 729 -665 186 -55 -169 468 156 183 -394 -184 337 -1175 504 -388 -42 -1021 38 716 288 664 -70 177 -117 -659 -213 782 520 -361 557 402 -191 -338 -478 -384 -306 ]
[79 1350 -29 -122 328 -127 1358 1011 -452 -171 -601 -390 943 -615 1027 -777 1541 1152 -895 -1213 -88 -322 -106 -71 101 964 -367 1041 100 352 -667 -206 -276 259 583 353 -433 297 37 -866 175 378 739 505 -894 383 -72 302 -46 -635 -843 235 31 193 24 423 1113 -504 516 253 -588 -237 -505 -1088 443 -146 618 -769 243 854 105 -465 -364 91 49 -88 972 -306 -181 -188 141 220 1159 -988 592 -1502 22 557 546 -101 148 916 1186 681 843 837 496 446 1245 -221 647 741 505 -519 493 -934 670 351 -912 -320 765 -128 800 -53 -187 449 -763 80 -253 -64 623 -643 240 2 -541 -528 -842 1166 -455 -180 ]
[356 817 141 935 62 -568 1096 -320 -547 371 184 -512 172 304 -1019 318 481 -59 -1410 -563 -330 -151 -565 -523 -59 405 -181 608 73 227 183 790 -36 -1142 -22 -41 -418 590 -645 -650 187 157 462 438 -419 -482 -227 316 -242 -411 199 -262 682 785 -350 -75 861 87 685 -503 577 452 1026 -306 -55 626 396 60 -453 282 2 363 -299 175 -445 1170 -1839 71 -399 87 151 87 -197 -151 -27 -258 -1133 -205 92 -404 -213 926 -264 -724 -743 -728 -636 -169 249 702 -235 -249 -129 911 -482 -223 -489 -12 1295 -324 -584 -175 270 -525 -240 -662 -163 72 -48 578 -325 336 396 638 268 -332 710 -189 -103 -475 ]
[-74 503 228 653 170 87 255 -96 373 -883 -170 555 -844 -1505 630 -930 1068 -610 96 -135 1282 325 217 519 -725 863 102 668 166 676 473 -512 -118 -222 536 -99 -1240 124 370 -589 71 302 153 262 646 -1729 -235 -615 638 -43 -517 379 124 -676 -624 1391 -395 22 -1263 -361 249 -756 159 -143 885 -266 -423 493 255 461 576 439 481 -1322 -795 -187 199 -49 113 -26 919 21 -406 -294 59 149 851 114 268 -1391 -602 20 1296 860 850 517 146 -6 559 -730 155 769 548 -168 -81 -1459 -28 -688 -229 71 480 198 313 -56 -253 -476 511 -307 -494 -898 1327 481 1107 -311 -502 253 -152 -83 -625 1294 ]
[264 191 -859 -436 171 -42 20 -389 78 873 1051 -644 -640 -90 245 1353 316 529 -266 -600 -174 -459 -418 51 534 532 -508 537 162 -489 -553 403 -1602 -1099 -1035 568 -409 2076 92 20 228 -980 306 359 356 -437 -55 -521 -96 363 228 -261 152 1010 -357 -362 160 -693 316 -190 -333 539 49 -583 -11 878 693 -698 157 -127 -204 331 113 46 224 701 2 309 -364 -739 18 -486 -532 -122 -653 -1035 212 -14 -467 -216 -82 -631 -349 1266 -1146 14 1623 90 758 444 -530 -973 876 -43 -397 -1331 -116 -1088 487 482 135 -198 24 -180 139 110 390 1125 -378 576 -86 640 402 922 34 -351 -368 -389 428 691 ]
]
