[[463 811 -62 -191 -129 129 112 -118 -197 -40 551 201 60 -241 -563 273 -181 -47 376 -769 338 -29 433 62 -311 -374 233 159 -308 184 217 215 179 178 765 -224 186 -133 -277 341 -473 414 488 176 768 272 -323 -842 134 472 302 -117 -175 516 -12 493 487 442 383 427 136 -249 481 -391 -299 -580 707 -141 259 415 31 -63 588 -9 -98 253 225 -5 -85 -379 340 -216 -301 -244 239 -528 -344 -80 467 387 761 -171 -336 107 447 410 742 373 -20 247 ]
[51 -489 -80 -89 744 -31 584 -68 -265 668 -677 166 -62 518 343 -67 1 -302 -20 639 200 -349 -713 -151 367 19 -847 189 -229 -134 576 525 978 -558 -939 203 -45 368 497 33 252 407 -137 -507 396 -534 483 484 152 -174 -554 -253 -135 -358 26 -188 -798 75 -705 -11 -455 423 471 268 95 22 -698 302 -32 -279 -233 -511 -461 203 46 -495 45 -59 310 220 -532 -22 82 -891 69 469 -39 360 -198 -124 -564 -302 -625 139 -266 -424 -306 -192 39 242 ]
[201 -234 -45 310 354 -115 270 -504 -985 443 110 -8 -236 -213 425 -473 729 529 307 149 -475 914 167 -441 -50 -516 205 -503 42 599 -67 4 -341 -314 -355 -101 305 566 -296 632 -576 -242 -132 575 -556 -258 -474 79 -403 127 -21 -50 45 -790 215 -170 -317 -508 86 -448 -189 -11 -440 -283 -63 -331 59 159 -534 322 -23 324 -416 465 174 -536 -60 -34 536 559 284 108 -601 398 -501 -111 175 245 -142 97 -386 455 -109 -174 96 -476 -301 -195 -279 481 ]
[-162 438 381 401 -385 516 167 921 661 -440 453 -234 246 -348 -957 -181 -297 -258 223 -128 417 -693 -370 396 -386 419 -387 240 169 456 561 -477 -247 613 83 -115 -203 -483 -269 -392 -343 -125 -673 -428 432 -317 -54 -129 202 35 238 -259 -122 847 536 -676 -503 -168 439 176 282 62 -116 439 402 -37 -162 -117 371 139 -336 -16 323 -558 -97 188 -381 682 -63 -481 86 176 260 -270 234 125 667 138 528 340 560 -155 -64 -591 541 275 194 -186 367 -50 ]
[-585 120 -46 -368 186 189 98 -548 437 -401 273 -581 230 765 -190 13 44 -187 159 145 306 -55 -323 104 290 267 -150 608 495 -65 441 -242 -216 237 -64 -166 -621 -423 -174 -221 951 -320 -176 -651 -306 134 778 330 -167 -399 424 -21 202 64 918 58 -301 -563 400 -21 41 274 -208 651 99 374 -738 124 169 -486 777 84 810 -255 -343 459 -299 -778 -178 446 -84 -284 536 122 -339 242 -618 65 35 -331 -325 -172 1086 -107 -409 -39 -194 -113 -111 359 ]
[-133 119 183 -192 682 865 437 -490 -159 -642 -46 -220 340 608 -279 -617 -255 -346 430 60 9 -375 -128 -122 727 139 26 289 -424 -36 1385 172 277 -283 -190 -181 -137 -159 -415 466 -236 258 -505 -264 -246 -5 468 167 236 -304 -71 -84 -237 -210 440 -476 -258 -1 272 -298 -102 1248 80 -336 277 -163 478 487 -171 21 105 299 240 381 -62 535 -471 25 62 1012 415 312 -130 -92 -697 489 -211 64 103 -162 91 300 173 -557 -351 394 -276 53 -425 415 ]
[-261 189 239 218 -154 -85 -677 650 1385 -21 539 -66 376 232 -275 -156 553 -381 -111 -103 485 230 -36 665 292 27 -672 481 935 54 242 -212 -323 651 -313 -93 225 300 445 -71 264 -150 -829 -612 -72 -292 512 -143 60 -113 112 275 -565 487 419 -399 -504 -1123 -67 -149 313 -305 -488 1376 -95 460 -1118 258 -1 -24 422 -352 491 -717 176 129 -274 -88 -169 -330 -676 49 972 137 -49 168 5 -121 -177 85 -565 -291 87 -636 -384 -432 -548 75 -303 -261 ]
[-538 699 20 207 -663 -510 -437 -153 230 13 1155 452 100 686 -590 804 -72 -221 -271 -853 125 88 498 778 -155 -229 527 464 513 -24 -298 -259 -481 532 877 91 -377 -196 -243 -226 -4 -208 -264 310 346 765 392 -290 2 327 316 798 -522 527 -294 115 784 -852 311 -135 21 -632 11 823 9 -346 -400 486 234 -35 699 -406 460 98 299 295 -190 -366 -621 -372 438 -512 -232 212 215 -549 -638 -7 -298 658 329 -106 956 451 -440 -75 -58 6 -294 -514 ]
[-243 16 -129 57 -251 350 -535 547 587 -662 8 981 559 763 -197 452 -85 36 -557 -168 84 -895 176 497 663 90 -28 836 -80 121 832 -54 117 500 282 31 156 57 -563 -356 -354 152 -823 -104 394 -271 657 175 422 -271 -555 825 -323 509 -247 -394 1007 -574 87 48 346 496 -76 770 478 24 155 278 738 -141 -75 -125 -170 -419 -306 146 -115 515 -123 452 717 334 605 61 -812 34 -497 121 235 145 61 -474 316 -367 -562 -92 -304 11 -554 -892 ]
[119 -316 -440 -318 886 -10 461 -83 -70 376 -678 -682 499 268 -313 -653 -18 -181 -292 893 -180 65 -850 -1078 347 773 -20 -269 -403 -347 332 603 460 -650 -447 -442 -826 -317 -219 399 -396 247 -171 -409 -396 -199 -42 329 374 -399 455 -509 -142 -689 731 -50 -951 586 78 -106 263 702 201 -1044 -396 -203 -158 415 78 -603 5 28 286 362 -462 -4 337 210 536 409 136 7 -130 -586 -94 886 280 308 209 189 141 659 -68 -264 386 198 371 -197 40 210 ]
[-490 70 209 -484 505 -318 -305 -218 -41 -90 -469 -534 -700 -213 578 -335 335 407 355 140 395 722 367 172 -3 -541 -343 -549 153 149 -257 -241 133 -567 -350 -112 612 -50 368 464 1122 134 215 -410 -1100 534 13 -261 -479 458 -471 -731 -125 -109 -223 114 -423 515 -99 57 -116 -227 -91 262 -8 518 189 113 -517 -312 134 293 -276 58 424 -461 -704 -551 114 844 -98 353 -695 351 30 -81 -24 -302 -221 -624 -340 68 -219 264 55 103 -137 -151 322 983 ]
[1 -922 150 167 38 886 -252 723 -36 -542 -616 725 583 -168 -12 75 -221 -431 -343 537 372 -707 -405 95 407 592 -824 26 -530 173 366 582 -228 -110 -568 599 103 856 156 140 -372 -159 -630 -280 933 -1021 235 178 -16 -4 -585 674 -312 245 -20 -480 -2 -347 -783 -636 222 1059 -714 393 147 -321 196 183 -49 391 -764 -172 -515 75 -396 59 -169 1059 276 -322 -837 932 836 -32 -236 534 88 -388 -193 -545 -378 -224 -910 -470 -305 -23 -888 337 -327 -553 ]
[-593 41 502 -423 267 569 -661 681 1153 -52 -232 -149 354 -655 -16 -343 -212 -225 -198 -495 496 -124 -556 431 130 103 141 62 -41 -440 677 -87 1002 460 -347 -209 268 300 46 -9 8 259 -680 -513 393 33 521 -581 166 78 -268 -324 -188 298 -166 281 -124 699 -180 140 -351 344 458 221 49 686 399 139 -342 -113 296 -101 -58 -577 94 -363 64 54 -326 419 15 699 -380 -228 493 222 -88 -434 89 -709 549 -53 -347 -1147 -262 678 83 389 -46 91 ]
[360 -62 -111 -77 -339 66 -192 -279 -153 285 133 -286 861 121 -142 -433 12 301 -227 20 -122 344 -256 -87 684 11 851 270 551 -47 437 463 -731 141 -286 -296 -351 14 122 266 -1027 -262 -844 662 -768 150 527 -103 108 -318 529 -16 177 -651 270 788 -109 -258 532 -663 -602 655 -71 -388 117 319 -234 376 -549 54 648 442 555 -284 -268 974 71 -438 19 505 398 296 -230 -2 -507 -268 213 358 782 133 -320 629 1122 -711 -330 294 -8 27 -738 -417 ]
[106 126 225 199 70 -793 -385 301 605 1234 271 299 95 169 -333 23 228 -699 -326 -586 686 -37 -36 583 33 335 -156 391 243 -346 -664 486 532 -199 -432 45 -174 -467 1001 50 256 217 -151 -178 -58 -14 400 51 883 82 -318 -215 -320 -99 -63 876 -38 183 -387 131 -485 -1 846 342 -126 -323 -442 464 155 -727 350 -542 942 -757 533 393 526 -393 -80 -562 -582 86 -208 -1132 572 -202 -610 -38 -208 395 -259 -439 794 683 196 290 152 -362 -170 -348 ]
[227 39 -58 -848 46 302 -385 -322 1 -220 -22 -63 396 -87 -57 -3 27 1415 230 -250 465 967 -79 -704 699 -588 477 -18 162 411 314 144 -256 728 311 -709 83 657 -448 547 -167 -367 267 392 219 38 282 -892 -800 -163 500 228 -270 -82 -61 602 444 -272 419 -86 249 232 -67 -389 -651 316 316 -561 -2 138 1321 100 -32 -335 -790 473 -301 -468 560 215 9 52 167 832 -507 -365 -583 -338 991 -1007 87 -292 153 -701 -517 -19 -327 347 -655 600 ]
[108 326 266 91 640 -642 358 -437 -544 950 471 623 -48 127 -447 75 -17 757 746 -325 573 541 -868 -120 -224 -889 -414 194 73 536 451 -306 441 25 -467 -250 153 -89 -451 138 -335 -31 107 -47 -48 283 271 -681 78 -66 124 -502 -44 -130 368 297 -823 338 -130 -186 -630 -218 1042 65 394 -12 -462 598 472 137 416 224 -215 -598 3 -425 19 -811 736 6 192 -187 -998 -1254 30 -977 -441 780 497 288 -40 -237 524 -6 326 533 -115 -721 -119 927 ]
[153 -71 24 -86 46 33 -259 -474 -321 -529 -281 899 -25 466 271 525 -531 63 284 -22 167 -460 608 268 324 -322 -394 288 -254 413 309 170 -462 -468 647 561 117 -110 234 -228 -834 175 -24 -4 -157 289 419 -92 -15 -56 -380 310 60 -25 -811 222 733 -169 -384 -326 146 416 4 484 20 268 -169 923 -90 422 -634 87 -673 70 14 565 83 -67 -864 232 409 101 381 -217 160 -598 285 -112 -492 428 83 63 -832 -230 -73 373 -254 714 -305 -695 ]
[86 297 157 238 6 -68 784 582 278 438 -72 -247 -496 -229 167 340 -92 216 355 -12 282 -618 -196 226 33 121 -385 303 -48 -130 -57 -321 913 181 120 -129 696 34 585 -492 839 117 275 -185 688 -76 493 328 -256 -47 -133 312 165 362 -881 -731 -529 -203 -163 515 -307 -207 -139 109 39 -165 -493 -1062 -276 -131 -481 -360 -222 -21 582 -237 -676 717 75 -602 -591 -190 1014 -174 94 704 234 -342 526 -324 -417 -681 -264 115 -527 -866 -736 -322 373 -264 ]
[-243 243 -185 -440 169 -433 -203 49 223 498 369 -866 360 -665 -276 51 331 501 335 133 239 1194 158 -103 -48 -562 436 -63 821 27 -370 -54 -553 683 406 -591 313 31 750 -124 127 -747 -37 -456 -192 537 -192 -1015 -199 -55 602 73 213 483 104 357 4 -147 949 479 198 -418 -256 -292 -916 577 -626 -159 -649 107 917 -176 456 -207 -110 908 -349 -461 -5 -537 -1 -849 614 582 294 -231 -33 -1017 629 -68 766 -133 -227 -535 -530 -209 138 597 51 419 ]
[802 665 494 470 -449 823 -451 677 1116 -921 495 46 116 -376 -154 -627 301 -552 91 -1002 -286 -130 921 512 162 -171 512 196 -323 292 542 63 306 612 -139 236 940 -28 327 792 -549 513 -428 772 -191 -568 -592 399 270 454 -359 -362 -278 39 -687 -699 428 -48 252 -99 -126 182 110 72 552 -334 1390 -982 -160 208 -619 3 771 -201 336 408 -120 551 -79 66 204 478 -661 -202 130 -64 199 470 141 -217 -161 -362 -368 -384 338 553 -115 186 162 543 ]
[-434 82 1086 705 -373 53 -589 -128 664 928 788 548 -635 -366 304 -143 400 195 -638 -533 226 471 -264 -11 -302 650 389 -88 297 6 -180 -811 188 372 191 -230 -56 -143 155 -89 -104 -656 -217 297 9 -9 767 627 -99 -848 31 626 177 -82 -299 -152 -545 -1175 -159 -400 -568 -530 -174 764 -39 -12 -816 -245 -139 -323 96 -284 -334 -447 604 -534 144 108 -358 -590 -967 472 266 360 427 277 -361 -193 -755 -190 -126 284 1032 -530 -116 -408 -747 169 -271 -898 ]
[315 -512 217 66 -189 -390 328 11 -512 265 -212 -53 -290 403 -49 93 149 -588 261 -128 -454 -477 665 742 364 -324 -642 252 857 -200 -438 522 -297 -634 -686 951 473 707 1577 -127 -208 -381 -375 205 152 52 -42 425 353 34 -682 347 -78 362 -211 -785 366 -752 -127 -130 -511 -19 307 487 -81 663 -317 327 -883 -47 343 -96 -192 304 518 741 -508 54 -397 -281 -328 -224 241 32 266 105 651 -27 -693 366 -646 -330 203 412 -945 -716 -302 -169 2 -475 ]
[129 133 -26 501 1258 620 713 -451 -513 71 717 230 683 453 -823 -521 -32 -188 707 -583 436 151 -421 -144 493 -345 -302 -540 -621 485 818 28 627 -52 -271 -297 -44 94 -792 188 -625 36 -167 2 557 -365 -50 -185 666 163 276 132 -454 -626 607 -490 540 -290 73 -244 359 542 452 47 -693 -640 411 882 153 534 872 -687 83 558 157 203 -1 293 701 115 844 -495 -323 -132 -319 -237 -634 101 -328 174 658 -675 -809 -32 119 426 -626 159 -437 885 ]
[-1019 -335 494 -1041 237 -72 -193 -473 322 -93 -39 40 86 -30 191 182 201 -902 -309 523 -316 555 -78 44 566 -10 -163 284 390 -638 462 294 -44 145 33 341 -289 480 664 174 382 -724 24 -402 -58 899 135 317 -95 -228 -259 682 -608 796 -108 -450 -89 -521 -364 -237 -235 237 174 25 -289 384 -710 456 -508 -67 426 -429 -92 639 105 583 -341 -256 -369 359 -330 -361 16 38 546 906 -437 -763 -1623 -706 -79 244 131 202 -1097 -547 -288 372 -74 -34 ]
[-330 207 171 -590 -171 330 149 -325 -324 -443 16 -584 359 -434 -195 300 -85 496 646 -197 75 298 -125 -98 201 -701 146 -191 -72 -74 236 -120 -276 -190 96 -61 742 -292 -259 708 88 -706 187 739 1 1007 16 -231 -634 358 352 343 85 444 52 285 571 577 41 -26 -153 -299 -50 -54 15 628 673 -194 -761 172 203 369 -64 332 -703 351 -1056 -552 587 396 760 57 -274 -79 -64 -481 -610 -575 347 -1019 -188 -120 890 281 -87 482 -227 -219 -295 535 ]
[1017 670 -149 115 -582 421 492 -347 175 -249 -124 -643 -330 585 469 -353 171 213 514 -569 -167 -83 82 332 569 -645 492 -257 -20 -677 160 288 123 -352 326 -214 359 369 -59 -135 -327 469 712 741 509 -36 -20 381 -286 170 366 -367 -152 -432 -154 523 415 -817 -595 122 -385 -535 -79 43 -280 78 213 -114 -611 704 593 -618 190 278 276 -37 -213 -728 -751 -54 -30 -379 841 957 -169 -558 3 -231 -91 15 -204 -40 -528 -243 -223 -366 35 85 -1013 -591 ]
[-39 58 123 231 -124 1108 724 73 228 -668 387 -87 702 215 10 -302 -173 59 149 463 -252 -9 -565 -528 685 -254 146 -76 -429 -362 1209 84 209 6 372 -1133 314 -276 -801 -145 -684 -81 173 -183 325 -571 -495 28 259 -525 319 -180 140 531 349 -411 -236 68 -104 534 268 365 688 -543 296 119 535 -33 261 457 226 -851 -193 193 -592 159 -368 201 265 -513 13 -243 864 50 -555 352 -629 -241 591 -261 698 -511 -723 -799 -403 382 -64 397 -381 106 ]
[-864 -222 198 695 99 -51 327 -16 185 -67 262 338 617 311 -620 336 -829 -438 281 -238 -291 -176 -446 -629 -955 149 -88 -93 -118 275 -177 159 -249 574 -232 648 -450 -909 -128 28 -607 -209 -146 -166 394 -617 -486 45 -107 57 538 102 362 -385 209 -373 -47 670 16 -433 613 -216 336 -25 -13 121 -328 260 -405 379 102 -285 -245 -47 -348 -259 449 43 -367 -1228 -291 -914 -352 -672 972 -408 460 -238 75 356 843 -39 -644 -300 299 767 0 53 363 433 ]
[-1068 -130 351 202 -136 1146 -154 263 -154 -645 83 228 315 -417 -235 -43 214 161 -625 -75 602 218 -83 390 -280 -278 319 -57 -276 869 809 199 -326 248 443 -105 173 -850 -29 -40 -48 -622 -921 18 65 -369 110 842 67 599 -688 -358 406 399 52 -228 326 298 926 -369 -572 230 -113 927 602 87 861 137 -271 25 443 -276 210 165 -392 -94 -359 -187 153 332 597 51 -765 530 108 -929 -681 -186 265 60 1167 -690 -268 145 153 569 89 -73 122 725 ]
[-894 502 408 340 136 484 18 -528 -483 -271 437 -236 62 -481 -274 -644 -224 -537 232 -220 -526 -87 678 -20 -841 549 948 -133 327 465 143 -436 87 321 -263 181 -46 -1057 -374 688 1057 -153 -89 -498 -645 341 -158 91 -10 77 -61 -275 751 -173 326 -199 -311 -95 1488 0 -99 507 -457 -321 307 -455 609 -431 -607 -642 -711 279 728 400 569 -30 -327 100 -644 624 56 292 -886 441 331 804 211 -208 90 -244 537 656 426 -289 58 398 37 248 636 87 ]
[712 530 150 798 -612 205 531 -562 -550 -150 491 479 -918 441 548 -34 -137 309 252 -877 -313 93 432 120 363 -539 738 -321 -188 198 9 233 -289 -228 -158 -323 384 151 270 -167 -670 147 158 649 -308 -694 -804 -346 73 -439 -305 -178 532 -267 -564 -583 740 -424 238 232 -143 110 859 -541 -44 -408 626 -141 -142 472 485 -377 -436 -358 650 642 -61 65 -425 -631 -67 -380 -741 928 -98 -483 -717 403 -122 -361 637 -475 -53 363 -135 -223 80 275 -103 162 ]
[1047 -330 -404 194 -570 -419 -73 1133 -244 358 -192 -752 -391 -571 -225 24 626 446 236 837 -279 588 -22 -396 -196 -249 307 -377 726 -122 -761 186 -960 -118 -86 -305 304 1187 136 231 -401 -764 -308 334 -123 27 -776 -635 -266 20 24 -103 -73 795 282 -703 -822 -852 733 484 359 -339 -942 -651 -455 100 -819 -479 -190 -91 -658 86 -217 -94 280 -210 -315 630 385 -769 -569 -77 856 1446 -578 214 956 37 542 225 -263 698 230 -479 -152 -948 -50 -25 -53 -491 ]
[-60 701 -138 527 374 -403 169 -76 1202 9 525 -252 614 745 232 491 385 19 188 -337 -99 -675 495 531 -113 -3 -853 839 415 362 279 213 744 -226 -466 116 758 -387 225 87 860 10 -278 -1165 281 -1092 -345 444 57 -92 42 -350 715 231 669 -744 256 -476 344 969 587 -472 330 1168 -48 236 -510 -534 -28 -424 -338 -352 377 -813 96 -84 -303 -70 -187 -254 -48 -380 1150 -875 185 434 -442 157 278 115 217 -1098 -137 -330 -103 -512 313 -205 291 65 ]
[701 -11 673 -372 70 -341 242 -842 -30 339 636 -8 134 -285 -327 102 -303 -213 554 -672 -193 104 -196 686 -670 -354 -81 504 687 -846 197 -132 -148 405 -772 688 327 334 106 103 521 -365 489 -462 1192 551 -348 -758 345 -184 125 -474 83 488 906 300 265 -223 -11 -29 -814 -3 528 -329 -259 -34 154 -15 121 435 732 279 721 -15 -106 993 38 -1209 314 -723 -563 -436 149 -565 565 -568 99 -232 209 -60 427 -144 494 -354 -164 279 537 -245 -291 47 ]
[594 697 612 371 251 837 236 -330 -213 355 740 -744 230 -502 -427 -750 -316 -747 656 -163 11 -746 898 434 -160 292 356 -174 -107 -565 311 -638 555 -268 -326 346 589 394 375 88 433 52 -95 -185 348 -112 -264 -441 1006 -367 -286 -153 376 794 590 -90 57 329 1205 962 -569 337 216 -213 72 194 942 -699 -348 98 -27 107 479 -405 531 718 -484 299 -85 -93 -671 494 143 -254 -61 379 32 -449 316 270 500 -340 550 -419 -199 334 -352 876 438 306 ]
[726 -770 -103 -34 -401 -69 -700 435 760 -106 -119 -390 67 154 592 -213 85 -307 -819 442 -395 -305 13 -461 361 621 198 -10 -243 -192 -13 311 232 96 -634 244 -242 318 285 39 -506 93 -93 784 -306 7 -4 931 120 -241 403 106 800 -456 -139 -613 611 109 -209 -28 317 -295 53 -251 -414 425 -501 -723 303 -53 -591 -128 -468 417 242 -83 643 1304 -329 434 707 -190 404 665 -399 1109 739 898 -589 -248 -852 141 104 186 -287 -683 192 382 506 -773 ]
[-59 -405 -120 -8 516 458 -271 361 -339 659 -211 404 -273 -544 178 -1271 562 -537 450 -654 -347 440 587 547 424 -535 -19 -566 400 729 314 79 267 191 -700 -366 267 761 123 77 -58 322 -510 426 -642 -572 489 -328 637 214 -1352 -235 -1106 -1021 -224 338 168 -37 83 104 -428 569 505 71 -342 355 366 707 -444 -37 613 -101 -423 -397 626 71 696 -63 252 1185 284 566 -797 14 -247 81 604 -426 -216 78 -72 90 -834 -222 412 152 -35 -327 -653 22 ]
[826 -17 -99 -79 -107 -372 141 134 -882 1043 296 -119 467 -48 -643 536 -225 -6 -834 52 1327 230 281 227 158 92 -1018 -40 536 311 98 1242 26 -1131 446 -333 -180 473 816 481 -366 538 -205 232 876 -19 293 -645 308 633 582 290 -414 505 -79 170 -409 -177 -246 -284 -66 -616 333 372 -935 -498 -55 213 48 277 800 -529 334 961 260 69 -83 216 172 -897 -783 -136 -259 486 351 -122 -136 757 481 831 -220 -224 -429 180 -233 -1002 729 263 12 -190 ]
[-44 121 -196 -573 -556 -304 -981 165 484 -846 446 -3 501 -303 363 363 -618 41 -1124 789 44 -198 55 90 -234 457 360 465 -19 -361 82 335 -314 -192 701 -227 -499 -182 -69 12 276 603 -261 -182 155 1487 -87 -490 -236 446 274 -640 -147 1025 -535 220 -417 831 93 -186 -404 82 -196 -140 373 -374 419 121 389 -110 -591 604 79 399 -442 487 -145 -92 -24 201 -211 281 -241 99 -158 -53 369 766 486 473 356 867 134 447 -21 290 734 460 919 -537 ]
[400 106 -530 -142 578 -92 349 -37 -984 415 -121 381 35 -680 437 415 617 -149 744 254 -567 50 -427 -281 -519 -653 53 -620 -300 60 -809 63 678 -214 -561 790 1030 942 172 -526 -368 -365 1057 202 1029 -169 -913 -86 -61 302 116 -74 305 -353 562 571 500 45 -433 0 -757 -769 274 -677 30 61 902 -565 -408 866 -315 414 -247 -202 -626 -417 583 385 766 -28 -2 -81 2 -1097 147 -185 -106 -322 16 -508 -122 -300 -225 337 121 372 -69 544 395 661 ]
[-432 -202 -963 -602 246 -594 -230 -493 -324 206 156 -53 628 1030 689 1087 586 874 -1090 1174 431 566 -95 107 407 -153 -172 -409 -261 492 246 -3 -278 -607 -92 -275 -599 73 -232 388 352 -321 277 -104 -689 -141 749 437 -438 243 444 593 -468 -411 45 1331 139 -379 -376 135 650 -984 -441 873 -231 99 -1105 -180 521 -388 351 -762 -428 895 -798 -55 -350 -430 1029 532 805 195 -95 -869 -323 266 -638 214 305 -692 -286 -137 -269 449 458 -413 206 263 -307 418 ]
[266 -388 467 405 -901 378 213 -376 346 -415 -333 -256 132 -363 420 7 -937 278 74 -238 414 -298 269 215 -363 672 -56 360 42 99 -40 6 -366 513 1 790 10 -489 -149 -497 294 -273 -439 221 98 -642 66 660 -734 123 344 -443 1020 -859 88 -6 925 105 411 -457 30 331 -911 267 239 104 200 -964 -239 714 37 772 249 -595 -361 297 697 -376 -219 143 -196 144 573 653 103 -376 385 405 594 -521 -257 -564 230 -375 5 -247 -151 -51 308 272 ]
[-269 -741 1053 63 442 921 651 84 258 -101 -406 -803 -82 -1306 323 -139 -489 -613 403 -207 -236 -434 -413 -139 -329 403 7 67 -912 -357 362 -377 210 418 -143 317 -186 71 -24 219 398 342 -292 -297 512 -33 -524 -22 -175 508 -349 -281 333 464 44 -547 -821 1095 -525 -204 -647 1324 -741 -88 346 -333 603 -395 -653 236 -979 285 -81 110 277 -482 -89 978 96 -174 -503 317 -73 -165 299 492 646 -667 -293 -430 32 258 -733 -597 110 306 -637 303 686 600 ]
[3 968 -221 612 480 -206 -1404 131 354 601 314 597 537 -415 -97 513 486 -112 -1136 120 294 629 616 162 -58 -13 755 -358 -595 284 -541 -324 -55 -268 -53 12 933 -218 -243 -63 235 693 -224 -193 -622 636 -641 -827 764 37 223 935 -192 166 114 489 682 27 138 28 270 -783 -659 244 -183 -575 1041 602 668 118 -810 -8 -312 -70 406 -263 195 433 4 398 599 407 -278 101 -232 2 -1297 -545 -701 568 234 202 56 147 367 307 -211 664 -435 -647 ]
[-474 142 60 -156 409 -155 190 -456 608 266 -529 -302 94 576 -267 -129 -431 281 -653 130 682 -361 -647 -650 300 1244 -806 -143 275 99 -401 721 840 -828 -266 -417 -513 -1018 263 -22 926 -166 -6 -598 -288 259 563 867 8 -410 287 -570 18 -657 295 20 324 -364 359 11 210 204 436 -92 -834 180 95 429 -127 -1249 898 157 374 250 -238 529 -351 -142 90 377 -391 69 254 -14 354 795 -532 -156 -627 -770 1 -224 719 1069 356 -539 489 -481 134 -330 ]
[-10 -401 63 109 -126 -246 745 514 -456 397 -678 -65 -340 -387 18 -334 55 58 -344 569 -395 -120 -849 -453 396 57 165 -519 88 -307 -4 -688 253 67 -298 392 88 -254 272 -881 -766 -466 -69 16 -10 198 -210 534 226 -144 -448 -355 649 365 96 -1225 -658 355 -188 -259 -411 -422 -46 22 671 115 -264 53 -253 195 -206 -178 -710 -206 -221 -1163 -82 1029 231 -164 209 -542 -248 -260 337 365 689 730 9 425 191 132 -52 -274 -523 34 -157 -442 1063 -210 ]
[39 -14 297 258 318 -231 -607 76 538 -83 -111 444 10 668 -833 -275 262 167 -75 384 -839 761 394 -1019 291 -461 -234 91 2 126 204 -174 -387 398 -430 733 461 7 557 464 -1240 -293 -567 -48 -131 -539 -1005 -188 -292 -903 81 366 -786 267 207 -1074 -425 -461 680 -412 695 -31 -13 425 208 535 -15 119 223 55 86 -204 -982 76 -568 -468 -309 356 -136 -26 -91 -332 419 -241 458 -264 288 -204 -268 984 62 -6 -368 -428 -560 18 -477 406 -231 103 ]
[153 23 9 652 376 112 767 116 -591 -14 1320 -216 -160 156 -778 -423 -111 -696 705 -985 -657 -161 710 266 -555 139 31 -348 -19 343 -514 -670 358 -186 -299 -265 -367 -298 -573 -523 361 286 458 -5 25 122 -5 202 619 232 411 178 -234 139 360 -838 -478 335 443 183 -109 -250 703 -65 67 -416 937 -242 335 -208 798 -280 317 295 297 -207 517 361 419 -356 307 -208 -418 296 -186 -44 454 200 87 911 20 -378 -190 139 521 296 -394 -632 294 577 ]
[-120 -670 143 51 -194 -154 -500 108 81 262 166 193 454 151 238 281 -366 771 -599 585 598 512 -762 -89 101 324 447 691 -692 -642 -300 263 -552 -79 500 263 -252 1265 -583 -300 -275 -285 -882 460 226 215 264 77 -129 40 4 286 12 -65 -411 356 197 -268 -106 -642 -780 1320 -884 -170 355 -327 129 512 9 24 57 497 14 -176 -12 342 44 -194 -121 161 -309 839 198 385 -1177 -208 -940 -399 258 142 -223 97 1283 -755 -1010 50 -779 106 -556 -482 ]
[21 515 -59 -536 -583 -225 5 436 349 -1098 -1510 -802 -510 35 296 397 -58 643 124 318 -379 -464 300 25 258 -399 -181 155 221 432 -5 -291 -301 -53 529 242 158 -136 -419 -820 649 -15 17 124 -942 225 -387 423 -731 -33 237 202 -273 308 -312 -734 124 -48 -53 -525 283 257 -640 111 904 260 9 -902 229 406 -542 829 -489 -606 213 -429 -567 287 -311 1090 841 88 -62 821 -427 -161 676 119 166 -433 -701 533 870 86 172 -523 -235 -477 125 279 ]
[1286 -4 265 512 -170 -72 -260 -815 134 -229 -147 -191 782 55 201 41 98 554 248 -337 -420 264 860 -59 158 -692 66 524 -58 107 77 -61 -889 -262 -322 671 1203 -109 -255 369 -12 123 232 189 -756 -395 -349 -20 106 84 255 4 864 -504 16 223 957 635 151 -688 24 36 -501 264 -36 249 914 -97 -427 442 -716 286 469 -157 -41 243 57 -283 108 -99 -71 -16 508 -254 -449 -961 -225 -293 479 223 -748 -234 108 -666 448 663 -313 -69 -448 -459 ]
[494 434 -158 606 -117 607 827 -435 -730 -471 809 -412 572 444 -690 -596 -655 -300 -136 88 -487 -610 -791 549 -113 -208 2 102 -243 -861 903 -668 -517 614 -90 -739 -613 -541 -439 -671 -167 256 275 -573 76 510 430 -79 1083 -334 629 -220 831 417 1208 -216 -902 -185 30 -127 -942 44 533 -347 732 -33 201 622 1308 634 -186 -318 830 544 261 673 -484 -188 -390 -269 548 -464 -72 -507 -367 373 -271 365 207 1005 660 345 -121 74 -161 791 812 -139 151 -88 ]
[1009 418 -291 -352 -163 134 1025 -108 -1245 240 -560 76 637 -947 410 536 131 987 326 454 682 -459 -70 257 -566 -807 -513 44 19 1215 396 399 -107 -612 -770 485 1120 226 -346 49 -314 -50 619 -460 590 160 -222 -114 -564 1201 293 -824 915 83 341 339 -166 286 -206 183 -219 -258 -529 228 -200 -680 363 -533 -417 1310 -826 -333 42 80 -397 -250 -456 147 290 5 446 260 -58 -250 110 -284 471 -57 1082 -329 -47 -313 -1739 -649 1022 -418 240 -71 235 266 ]
[106 -498 -122 109 669 -443 -196 -673 9 1086 43 486 -186 413 60 484 -345 -79 613 -202 191 456 -168 -98 -224 -487 307 630 315 1046 -92 311 508 434 -918 811 -600 260 698 -112 245 -456 108 145 -157 235 604 -341 -279 -351 -270 -83 290 -596 -446 48 -252 -79 -332 451 -443 -86 273 134 313 180 -904 153 -17 -291 483 266 -547 -349 -278 548 656 -1446 -137 -233 -560 -1186 -335 -366 434 -787 -934 263 -450 -571 -297 -325 182 387 -591 -192 -727 -310 -83 832 ]
[520 -111 744 155 341 449 282 -764 -633 381 0 -372 93 -501 223 -575 427 -112 -322 554 762 -64 -888 -49 -71 280 -164 -344 -436 -431 459 132 -124 -664 -807 14 -246 206 197 -74 -565 -203 -351 109 459 32 12 503 -22 -68 168 -832 146 -836 881 639 -803 -507 -680 -664 -1480 627 -145 28 203 -605 -10 206 155 1009 -330 518 -93 941 533 -281 -413 167 385 461 -542 609 -628 -167 -22 -179 344 227 -293 116 -294 821 111 208 437 96 543 112 -292 649 ]
[-113 208 -340 -350 360 -889 -550 -392 395 91 -206 338 968 -118 206 45 -229 182 -347 198 -988 127 -409 -190 19 -35 -75 581 444 -252 -443 470 549 -380 -570 514 -110 1068 -372 497 -346 344 -336 429 -755 389 -208 -449 -567 252 614 -213 58 -84 -760 65 -473 341 -170 -270 -71 -175 397 -152 -16 324 -149 703 -442 -215 320 451 -364 -105 361 -582 -279 -749 -1146 1089 265 51 -985 -862 577 472 456 1223 -577 51 -576 540 -29 -592 -407 -599 -27 -441 397 -118 ]
[-1164 -615 358 -257 1172 586 -650 -406 375 -360 -499 690 17 375 235 137 -83 -112 -480 135 601 -733 472 97 180 606 -526 -292 -206 109 331 73 650 -636 98 320 430 -183 -203 207 873 85 -30 -936 -163 -87 1147 199 984 -329 -1295 326 148 558 244 27 124 -5 83 -49 -20 100 -180 651 -69 549 626 622 137 -72 446 475 -146 -130 -84 -469 338 798 -257 478 -747 355 486 383 -499 1007 -814 -622 -66 -147 324 -133 -454 -528 -719 557 -314 212 36 -730 ]
[255 331 -139 -619 668 -13 -68 213 273 -96 -222 -296 394 242 -730 125 346 545 -39 385 241 -224 136 473 487 -369 -97 78 -216 -57 988 307 408 303 464 121 -686 743 -145 -377 179 340 176 358 220 -372 620 408 480 92 -211 225 -715 506 -715 -84 -127 -399 10 265 -265 -621 407 577 -402 435 -637 -764 734 -80 70 -749 159 70 308 100 -203 220 55 348 467 -393 96 75 -55 -378 129 413 399 243 432 -374 -1024 -16 -100 -438 85 -289 -273 434 ]
[207 -363 660 200 484 332 35 373 1060 552 69 -504 -534 -610 423 -493 177 -265 7 125 139 -257 -906 137 -23 67 110 -321 -107 -56 -33 -636 83 205 -1138 10 -150 511 142 -725 451 -162 -420 -650 0 111 229 -162 -83 -87 -332 -1301 9 385 360 -684 -1293 95 -260 145 -692 50 199 639 -522 172 -1019 258 -84 416 422 -678 -390 -1208 460 -177 80 -211 -131 -229 -552 -219 286 394 174 308 594 64 -603 -201 600 -5 -578 -497 364 -62 -848 -616 119 119 ]
[-168 -40 -124 307 -150 343 1304 -536 -1131 147 478 -17 -617 191 542 -377 -14 -465 228 12 -258 -82 728 332 -154 3 617 81 187 139 -292 -170 -324 35 365 -324 -360 -502 -190 -405 -341 235 -148 467 -404 243 -670 183 162 448 -108 -425 105 -664 -285 -1 625 498 464 373 -242 822 70 -677 653 -715 327 241 -306 125 434 4 2 406 493 450 478 -75 -466 137 1010 -335 -916 381 -741 -394 605 76 322 1167 94 -66 498 458 -261 -298 152 394 596 546 ]
[101 907 151 2 290 -687 316 14 -420 574 -474 109 -1144 813 -410 34 -370 -441 611 -400 240 -527 -73 -46 -200 -529 619 197 -878 -531 -13 -903 1139 77 834 288 521 70 -106 -213 37 697 800 -133 -111 -157 332 -169 218 63 -392 -380 -761 -238 -854 -79 -341 649 224 513 17 -55 504 -1214 462 -907 460 -442 448 181 228 8 -67 210 920 -841 -599 298 -483 326 -558 -276 -949 -665 -141 212 -99 -5 649 358 575 102 229 306 -44 149 -92 -17 306 791 ]
[157 437 184 -661 675 -969 -916 4 897 1066 712 13 490 -390 135 -94 539 445 -622 -150 445 1313 -60 -123 183 -328 123 565 353 435 599 198 221 1131 -275 -584 -84 -117 366 907 283 293 342 -182 -483 29 542 -319 -192 288 519 -221 -413 -247 261 557 -1148 708 -270 -315 7 -763 399 -114 -618 -212 -470 -685 537 268 892 -13 595 -443 -72 -201 571 -127 998 527 -782 -307 -185 -758 -32 80 -642 84 705 9 -203 -59 -313 -16 376 -342 356 257 243 677 ]
[820 95 -856 -490 473 -155 -1018 -121 806 -107 434 -825 772 277 -396 467 499 294 -355 -204 333 1019 182 -158 285 262 449 213 -30 414 -124 599 -79 576 -6 -74 -317 1524 -43 338 256 -334 175 -153 370 -556 19 -771 -130 -447 537 387 265 89 492 672 163 -541 162 473 29 -305 -318 6 -593 -97 268 -303 510 193 122 403 387 176 -447 128 104 382 -186 -141 -383 -193 774 483 -369 -69 -848 -97 196 -193 -333 219 190 -1092 -321 483 523 396 -309 220 ]
[-386 214 251 208 -499 372 116 -560 -136 307 670 -535 -517 -120 525 124 848 -489 455 -89 -260 560 692 680 -275 -343 290 230 407 186 -133 258 -712 -661 136 -370 820 153 187 282 143 -447 -311 165 -466 313 233 431 -628 -134 -17 207 442 390 -151 -134 -722 -635 -418 239 -717 -490 -37 559 709 -393 -530 -63 -620 361 -616 -77 -134 162 285 -32 -370 -886 -657 121 -131 -139 -38 519 -218 -58 -135 -196 -314 548 -494 484 225 -449 -612 -754 -80 -152 -710 247 ]
[61 -223 509 -211 296 -452 -381 -546 -868 1208 175 736 -357 -111 279 202 757 405 -2 -468 505 479 838 -413 -36 -841 -406 114 -86 277 8 -7 664 -245 12 71 608 555 -616 677 62 -258 781 -224 -351 -90 316 -907 186 339 -228 354 337 474 528 813 334 399 496 568 91 -589 -17 -80 134 -339 450 -388 -43 469 680 394 497 -476 317 -1421 532 209 242 -68 -339 288 -623 679 -888 -27 -1424 -175 408 -452 -768 -160 774 -185 -279 -420 -231 -127 -121 484 ]
[-299 486 -179 -478 -77 -454 562 -32 -539 338 491 -127 281 0 -304 230 -185 9 442 -94 -635 126 -138 418 53 -347 788 495 608 189 -405 -97 334 234 -131 891 -55 1115 457 -910 -372 -578 506 255 791 477 157 -326 -333 95 387 386 550 232 -468 26 84 -174 132 635 -682 173 259 -205 393 -305 -83 -235 -905 285 451 255 36 77 126 752 -738 -239 -315 -49 196 -312 2 -707 32 -158 305 -493 306 -7 -112 87 354 -267 -780 -180 -197 165 304 296 ]
[-19 -348 -766 430 431 -670 -237 985 522 434 -393 23 259 -186 368 -347 781 157 -742 -315 226 -335 -357 306 44 597 -1204 -118 700 -235 -979 378 544 -502 -633 -747 530 715 724 -370 140 622 -189 -79 -277 -625 458 -66 653 238 -303 -135 106 -182 134 -333 -767 389 -945 -179 398 -905 -147 913 203 651 -154 238 -130 -471 503 650 -12 -1000 196 -1076 524 892 207 -177 -432 396 412 -155 -473 625 205 423 187 545 -659 -6 54 -122 -243 -462 380 -220 590 -397 ]
[-1183 -782 954 -33 429 91 -379 243 384 -578 -669 -71 -170 -309 -460 -288 -492 -1207 -190 -311 -126 -211 -178 -81 418 -151 -669 -37 245 -271 7 -13 513 -346 28 351 -189 -780 57 -152 245 186 -186 -349 -705 306 -132 -228 714 19 -421 54 492 105 -18 -761 264 749 -360 -722 163 502 970 -11 1 489 26 1031 -169 -313 -52 31 -84 344 921 -761 516 590 -774 257 293 139 -835 71 586 444 -53 368 -1507 -56 -193 -67 159 736 -234 493 -54 -183 260 -516 ]
[-59 278 -969 -175 555 -593 -75 563 580 348 207 -538 812 81 284 -275 858 -201 -418 174 260 207 -431 605 50 -11 -423 235 -273 -229 478 142 807 650 169 -488 -39 59 174 -432 252 -271 -499 -335 216 3 740 1039 214 309 316 -13 465 166 999 -238 114 -224 344 571 28 -414 -201 512 -467 -257 -1245 -92 85 26 -177 -235 499 -302 -112 -507 -8 100 -96 781 1096 -712 1194 -189 -648 169 -720 38 67 601 626 -182 -388 66 -242 -786 622 -498 112 87 ]
[447 -1124 -583 229 -93 -81 -72 70 144 -388 655 -170 376 -138 607 -103 318 -543 -192 459 -814 440 -21 -229 194 -143 -742 323 881 23 108 -228 -1334 352 -717 -389 251 125 869 -783 -273 197 -620 552 -455 -759 172 -272 -510 -407 225 -129 -20 -358 -256 502 -143 83 -1100 -473 204 -201 -288 953 211 770 -618 677 -186 352 -91 -402 -143 95 -697 668 141 -937 402 -308 -380 -596 1037 -409 -631 -317 240 308 260 163 -886 29 -339 -511 -303 482 309 179 -350 61 ]
[-183 -198 140 -362 13 956 -11 133 283 -192 -1134 417 137 -577 2 29 -730 -151 -1020 390 -67 -756 -716 -625 93 974 -364 229 -413 -659 607 656 918 -231 13 364 68 291 -902 -310 -123 388 -255 -123 666 -198 67 444 -135 -305 30 -209 164 276 -391 -1183 -903 892 269 109 249 725 93 -242 545 192 388 -329 158 -277 -825 275 -603 209 -452 -750 147 711 -222 203 26 787 52 91 264 453 485 621 -79 -117 98 -76 -657 -393 -93 -289 -274 465 413 7 ]
[-768 392 -125 -436 -251 -541 -774 320 442 -376 -126 -409 437 -704 -649 228 520 263 -492 192 266 174 -332 -112 -468 147 -407 -682 855 243 -346 110 58 -318 823 -404 -22 -478 -193 -264 168 -869 40 -612 -398 618 -313 -37 24 -49 245 -261 592 1183 -263 22 90 -264 182 423 33 -944 144 357 -228 659 -800 516 -248 27 -182 253 861 -601 61 -296 -156 -128 -251 -873 -179 -222 -334 812 780 -393 -207 343 -393 -127 645 189 280 -388 38 829 363 66 575 -97 ]
[-4 -679 118 -35 282 630 795 -133 -756 259 536 545 782 -98 -816 424 -568 -474 138 520 -535 179 -240 -689 452 -530 541 -7 -48 337 837 -228 -43 313 550 34 -181 19 -773 181 -849 -109 -264 579 252 410 -626 -205 241 -120 -175 485 -1380 121 -533 -450 -290 -305 -346 -226 338 760 270 -463 -226 -843 408 594 484 358 -166 -742 -594 1105 -441 192 0 -141 1255 384 -273 -475 -382 -365 -492 -127 -302 377 19 333 -46 537 -110 -50 -308 344 -229 269 -303 485 ]
[23 -17 228 544 136 -211 534 -365 -349 326 200 -58 27 534 -501 -397 506 -696 120 769 -186 220 -825 48 407 -44 -1189 -216 147 458 359 554 124 -1046 -319 -519 -580 142 -110 428 -486 23 -5 -68 48 -96 -339 648 -520 337 915 75 -1109 301 952 -467 -1218 -1329 -532 -754 225 -185 -97 467 -60 -496 -676 1150 -366 352 720 -260 -37 1219 287 -494 -289 -106 -193 198 -687 -256 292 231 -497 269 23 779 -1002 281 -871 247 -642 263 29 -1106 -490 -377 -536 -147 ]
[-498 -490 -250 247 73 -210 -231 460 169 260 309 585 586 -132 -633 -278 -16 -174 138 99 -28 -501 121 -2 728 604 -37 219 74 345 -246 445 -272 718 -29 -586 -505 -513 502 -88 -602 -463 -275 238 67 -862 635 -135 166 -418 -274 669 -514 147 -207 950 111 60 -376 15 396 1016 417 -292 -14 -652 -517 183 17 -150 -64 -559 212 -509 -214 1008 218 940 -28 -33 -363 -195 929 -950 -227 635 53 -939 738 352 -301 -904 239 23 33 -17 -378 -52 -54 -1252 ]
[-136 789 296 14 19 534 179 -280 146 -584 -54 -91 184 89 -280 577 -478 -453 -206 -659 -437 -930 -374 122 -44 44 777 872 -94 -317 1009 -115 1010 256 136 454 158 -226 -251 78 204 180 -70 56 449 448 244 640 30 -177 247 574 66 630 -858 -430 -7 205 597 -297 -44 422 645 -80 184 41 288 -1044 -178 -167 -240 -269 486 694 394 -195 -223 142 -997 317 534 -26 -727 102 349 -14 -497 524 -616 -674 442 59 477 99 66 -339 -273 105 -28 -325 ]
[279 -232 -1 305 -1187 982 318 -136 -126 -196 256 232 86 -602 -380 148 437 496 296 -1188 96 -570 -352 333 -608 -267 171 -149 -162 1740 -46 -63 -893 654 -190 334 -705 -229 -314 -257 -390 -785 254 699 735 -1055 -381 307 -542 522 93 -656 572 -220 562 570 557 -380 580 144 -225 2 -221 626 192 -19 258 -1090 -266 546 468 -58 401 -328 -339 -551 479 600 -395 -755 394 340 -389 -119 612 -433 106 -123 12 -428 549 -401 -60 159 1049 217 637 -99 -98 -444 ]
[1158 318 -569 199 -572 48 517 -1094 -456 -484 175 -350 -372 1662 861 817 84 655 -228 14 -275 39 302 -222 -53 -386 256 -138 718 -95 27 -242 -474 -410 219 376 129 -112 -501 152 62 -707 365 559 -805 -50 253 892 -518 -111 102 -713 535 -816 97 -4 655 -1095 462 82 -138 -912 368 540 216 605 -329 -386 687 -60 396 -487 -165 83 -434 -170 -226 -826 43 -61 153 -591 403 277 -326 -671 -228 1123 410 46 -432 -80 813 598 -101 -96 -147 794 -71 262 ]
[-716 -128 -517 -374 360 -157 -125 -264 -416 147 55 -27 -405 -490 166 347 996 -174 -676 -412 -247 627 368 -428 -602 175 774 29 -96 467 -963 29 -9 204 253 322 619 467 -452 -176 -231 183 13 -171 356 85 -141 -249 -429 465 297 141 528 -486 -187 10 1019 -1 231 36 -306 -44 -843 -626 -542 -694 707 254 -616 7 313 846 362 280 -601 -506 329 392 -444 33 771 -241 -654 572 -418 -109 -354 -596 529 4 583 60 -253 -1112 -194 225 58 108 235 608 ]
[-36 -776 180 192 -21 -655 -871 653 866 -284 62 549 343 -81 849 -135 452 -326 -150 520 -312 498 -63 519 75 -67 -83 -22 741 -1496 -910 46 244 -2 -310 -529 1049 511 -334 -215 376 291 297 -415 13 -210 -375 -317 375 -158 -249 -571 -331 -52 -180 760 343 356 -706 -31 244 -128 466 -75 -257 792 -148 185 202 -221 55 -479 13 -1179 348 -606 1285 -559 279 -212 -948 273 733 796 -380 -943 423 83 -228 75 -287 -433 -297 98 -231 62 290 -69 -342 -522 ]
[-630 -248 -65 -290 762 144 -225 -906 -368 799 -670 443 -1091 375 396 -117 866 239 222 80 154 474 144 -935 -381 -35 -498 -540 78 993 -481 161 129 -543 -146 -315 -133 -618 -120 964 791 18 1003 -409 253 -943 47 917 -652 216 -765 -504 99 -573 1005 80 -238 -747 -130 -35 77 -856 -357 153 -229 -256 304 -21 33 -1294 434 82 362 -147 -858 -977 270 28 337 534 -283 -41 160 42 -11 420 -609 185 -242 -313 -335 -244 13 671 669 -712 217 -518 71 239 ]
[-284 -238 -360 320 259 174 1026 -348 -1341 624 -97 444 -67 96 -94 571 -495 -264 42 -170 -46 -748 -402 50 -500 -68 -115 822 -421 72 875 321 669 103 186 308 -89 -114 134 -38 -658 7 172 -309 1506 -370 -232 -393 208 -192 -130 371 295 331 301 526 422 189 311 678 93 -236 217 61 798 -9 186 -62 67 595 157 239 -761 461 -423 -542 1009 -150 65 22 387 -232 -212 -437 -220 -254 -388 -35 636 361 977 140 -145 157 -707 -119 1552 344 -426 61 ]
[-45 -38 -346 -474 241 333 499 -65 -512 118 -759 -634 34 -76 -301 -149 69 168 283 480 262 419 -545 -309 730 -685 539 166 409 329 128 311 545 -418 405 -741 -284 -172 514 299 224 -551 450 -149 -64 -140 746 318 -543 223 -323 -839 518 -171 -473 675 -643 38 175 -22 -153 546 243 -145 95 -9 -428 -243 -417 -512 298 -756 444 274 -576 137 -586 -495 -504 116 -47 -297 -604 -332 358 190 -299 641 371 -487 327 15 -481 -491 -442 318 -122 330 418 614 ]
[714 744 -517 -157 280 -258 211 -834 -307 -45 -382 32 -964 81 497 -95 246 338 681 -131 -633 155 492 117 -765 -795 -52 -703 38 -414 -619 -41 50 -78 -285 415 603 714 -446 619 92 712 1130 671 646 123 -924 -140 -187 358 60 -101 -3 61 435 627 421 -578 -84 472 290 -1422 -449 13 -628 717 376 -67 -72 127 162 52 9 268 -438 -335 312 -745 -375 539 322 -377 -242 341 -235 -268 -239 -178 -700 39 -221 -122 -696 556 508 -766 302 322 38 103 ]
[-406 208 577 -1015 -264 1 159 519 -589 92 -409 1363 -219 -434 -139 395 -423 669 -221 40 1048 -122 -80 -283 547 4 86 434 -587 -620 620 7 496 103 455 -36 -31 291 -555 722 -599 252 65 180 341 663 503 -965 572 129 -675 475 -629 823 -351 522 -381 1019 44 -67 143 301 1056 -871 -98 -138 820 443 404 91 208 -48 20 -411 3 -518 -27 349 472 59 -171 949 -1232 -610 -8 118 -1231 -78 555 -510 367 171 211 -460 25 265 30 -287 5 -216 ]
[-318 -388 -421 -383 62 -283 552 497 408 427 -740 -94 4 -60 273 576 -470 216 -537 182 -337 -334 -455 -111 138 -309 17 87 604 -765 -117 -352 1124 697 212 -337 -477 -26 -545 -69 155 154 -100 -173 708 117 -304 -634 -152 51 72 -28 -515 153 -218 -92 1 580 -71 471 451 13 741 138 -253 808 -999 -89 627 -733 153 -617 -288 -239 -416 -827 591 -164 523 142 908 -719 -74 -523 863 -65 12 448 60 183 341 -575 300 686 -277 -224 468 104 344 -557 ]
[-96 22 -534 28 -175 -29 49 -210 73 191 -232 -1104 -94 -263 356 -432 -925 -180 -8 661 -306 -818 136 -36 64 751 -315 -1042 50 -15 -374 170 283 -1324 245 -208 -340 -753 766 -48 111 -10 -107 -281 -166 171 421 89 -354 -341 615 -100 100 -461 -258 299 -387 739 302 432 670 57 97 330 -909 862 -125 -160 -512 -577 -7 -84 -408 159 -368 614 -229 -163 -518 324 -243 420 780 -115 750 893 314 -160 231 -194 416 395 -170 792 347 -14 42 676 626 -1466 ]
[422 -328 -56 132 581 189 796 468 -1069 376 244 -693 -524 -279 -1456 -680 124 415 1242 -134 576 -29 -109 -992 -112 -84 -568 357 -905 689 -620 114 -110 -462 99 -267 -438 -33 66 108 -979 -421 -3 -140 296 -357 -100 -293 -338 241 -96 -549 -298 -85 763 -220 -264 500 542 366 372 1234 72 -589 -96 -905 592 234 383 -175 -149 153 -154 154 -261 -109 -524 332 823 206 96 361 381 -649 -951 336 72 -590 566 655 181 116 124 333 678 449 432 -757 -366 1011 ]
[-490 178 115 -709 -425 498 265 -170 467 -723 -937 403 295 896 -33 396 -437 -656 271 137 314 -583 215 518 784 -631 -724 1033 221 237 1237 691 74 37 615 154 -36 -374 318 -100 528 424 -277 -178 -101 -121 901 733 -308 102 -514 19 -922 249 328 700 373 130 -629 18 -98 734 331 691 698 345 -20 54 45 584 361 192 248 -94 -263 74 -117 -593 -734 1251 115 287 125 -580 -411 -268 -347 1 -105 40 -666 -206 330 11 -12 -217 243 224 -566 -1 ]
[-247 -567 -229 762 -20 46 132 185 -15 -7 0 -477 368 -494 187 -345 -164 -130 -738 240 -1125 -135 -777 285 -271 798 921 -664 -120 -822 -1322 323 274 -110 -521 -149 -823 320 -73 -6 -69 91 -276 662 93 -20 -682 328 -25 17 832 132 420 -356 44 -401 -496 43 -66 -536 7 -321 -439 -57 30 -69 425 -204 -198 -643 439 -465 -9 658 188 -542 274 196 -82 -140 824 -4 -358 178 721 486 351 1208 -380 209 -49 332 -298 389 -102 -354 -504 85 632 -457 ]
[332 -230 288 65 267 -128 -391 -675 70 104 434 -16 590 863 -541 5 -93 -522 301 0 -881 -573 562 -217 274 -4 649 122 -139 -742 229 67 70 -334 -233 450 -266 -403 -570 101 -617 271 -256 1138 -383 548 -511 58 472 -539 274 433 -118 -493 1067 140 956 328 391 223 157 -227 254 69 -329 256 760 86 -220 40 295 208 -20 105 -120 132 372 395 -155 492 617 -445 -183 63 -404 -330 -150 949 -134 745 -321 356 1244 287 -374 480 266 377 -40 -365 ]
[52 235 175 -556 223 573 -82 -1200 -264 -425 808 -142 446 -220 478 -372 685 -764 260 -517 -239 732 944 97 -8 -375 257 2 -188 -134 511 350 363 -218 211 258 323 622 -344 1499 344 -452 421 111 11 -196 -747 -569 43 49 27 606 314 30 290 630 796 -185 -37 -131 -393 -62 -40 -15 10 -513 501 -742 -606 486 71 190 998 1006 165 -16 334 -606 -117 575 -69 233 -928 -142 198 35 -1106 -552 -473 -716 -363 -122 760 -289 -562 118 56 590 -358 495 ]
[-470 -362 -278 51 246 -1062 -337 -349 -501 -546 -278 677 -720 849 -351 194 277 87 -296 -5 42 156 694 -535 -428 571 194 169 -571 15 -639 -297 -286 -712 417 630 -114 -520 -355 -331 -271 178 -439 149 -1430 517 164 725 341 -4 -253 867 95 -282 -155 -78 724 313 317 -489 898 -171 -774 -343 227 -266 455 637 55 -580 -183 1363 -159 473 147 -815 438 298 23 848 524 88 -702 503 -979 -478 -226 10 -934 669 -664 499 532 49 93 -227 -236 -191 27 -110 ]
[394 -32 574 710 171 346 91 281 -899 200 66 588 114 -602 -319 -149 95 -13 919 381 1190 -1005 -13 -301 -960 225 -284 844 -273 1255 -272 339 -148 -160 -102 706 139 -270 1011 349 -526 -465 665 -51 595 -654 -200 619 166 123 -240 -955 853 255 -299 601 -766 133 411 298 -650 318 48 167 283 -735 -421 -558 -92 223 -1062 -52 426 -606 223 373 89 206 -481 -985 -1477 -141 87 -259 503 -443 458 255 678 708 456 -627 -572 105 317 522 -457 -204 620 106 ]
[-157 201 -636 -576 83 -241 -380 -68 -477 -870 -195 597 500 -602 -333 516 89 601 -357 -514 400 141 -205 -581 -106 -467 -142 -211 -207 324 -418 56 -864 203 257 152 524 -473 -1024 901 -2 110 388 619 -160 818 -458 -764 -764 998 775 -22 518 -249 -194 877 784 812 73 141 1106 -172 -788 141 -514 61 7 -370 376 302 -643 624 100 281 -549 -375 455 -198 687 307 1174 520 -577 231 -397 -634 232 190 275 -164 -428 46 143 918 681 556 710 -151 63 354 ]
[-123 211 -105 -105 1245 122 165 180 -154 -274 -814 -12 -4 -193 352 -47 256 287 517 137 331 -442 -529 -463 -859 -15 -41 -548 -999 673 -181 437 1262 -1257 -188 851 109 2 -270 660 -145 185 274 -293 730 -1191 -842 833 -308 380 -280 -1047 502 -319 295 175 84 737 -121 -156 182 377 -440 64 -402 -133 716 -376 -779 175 -907 338 -207 -280 -233 -1085 518 62 49 761 686 426 -163 46 369 -876 -568 -19 -88 -484 656 -153 -397 -221 971 621 -273 739 451 497 ]
[-702 383 39 -145 274 199 339 141 547 564 -480 101 -284 -52 306 -107 505 -1050 394 275 147 -12 -1052 34 -621 163 -173 392 21 -396 605 -432 698 789 -660 1024 602 -138 -288 -302 -47 175 -36 -294 690 135 68 214 -81 -17 284 274 242 -166 -32 -199 -191 -120 -789 -291 -226 -76 47 271 106 14 -1131 381 -225 363 -684 150 -94 -243 392 -776 141 31 -220 81 357 -155 -221 -1155 788 556 400 -291 -407 -251 -586 -282 35 -570 72 355 -591 -255 182 -60 ]
[-430 202 -247 -404 -37 -499 -505 1101 1653 -258 -1555 -1192 125 -610 -693 286 -48 -596 -610 317 -464 295 -146 -246 396 794 347 -605 249 -726 -1273 -154 263 94 481 207 279 -117 624 -212 729 -75 348 -310 -722 203 -888 -335 -142 147 482 556 -879 209 -759 -325 -229 -24 -904 92 1053 -3 -897 -938 -240 162 177 -386 18 -424 -789 -473 385 -54 -106 165 -475 124 -353 -191 170 -123 757 267 808 834 -109 -939 -906 -791 -271 698 -29 -11 -417 230 -200 -424 -235 -38 ]
[-155 514 -396 174 -22 446 97 -392 1 -511 111 -433 -10 480 -859 -842 -153 -242 513 -139 159 -961 387 145 -288 -126 58 485 664 780 704 -384 -27 290 248 69 -53 -289 -175 140 -153 -188 -115 -319 97 404 838 179 125 -560 -260 130 47 1 402 -463 -366 -1069 268 -270 154 12 -342 439 540 230 -439 609 -478 303 -116 741 349 246 -61 395 -703 -380 -929 197 303 -275 -33 278 -58 172 827 109 120 434 305 914 270 -1081 -125 59 107 -243 -283 -371 ]
]
