[[371 -567 -327 477 265 221 -129 -322 -89 -91 -39 -227 76 -5 599 -140 -488 -267 330 -620 -200 -181 936 577 326 516 -123 -215 266 -407 181 293 -618 291 246 334 -240 228 251 145 -270 -68 301 784 523 -144 436 230 127 -136 -72 213 66 598 50 285 4 -98 418 -224 -142 223 235 139 613 -76 103 -224 -214 188 -367 334 -297 683 -240 403 -543 -147 188 -115 -56 -266 345 179 -57 -91 514 -414 -428 437 -85 212 261 -164 -576 -534 -14 -1020 -131 129 -334 -100 202 -518 -49 -412 492 -991 404 139 ]
[-147 254 -370 98 -9 -334 -719 159 217 2 -380 664 294 -286 -83 331 -301 -283 216 -208 370 -540 -174 40 -537 -214 -116 301 -563 509 453 314 862 731 -177 -271 92 116 217 52 485 -144 -129 -61 202 -189 -699 947 -79 182 8 -217 259 320 -355 -29 -62 -324 25 -275 586 -1116 134 456 782 1098 -389 580 -217 -915 77 163 273 239 399 -154 408 -84 -614 17 -174 -123 -362 -253 -115 545 -529 413 233 -387 89 -458 301 208 -246 -225 36 381 -440 365 81 -14 -326 95 -132 145 -543 439 -42 -658 ]
[-188 521 1501 269 -437 230 -465 564 518 47 -173 -196 860 431 476 241 -424 407 -708 428 -634 452 154 376 -102 -39 214 191 -607 -409 -18 -92 389 -135 44 -321 228 -368 289 -82 172 416 371 389 -518 -212 -218 -309 44 720 -159 224 367 -507 71 -235 -501 122 -701 137 -607 342 -667 55 80 -378 591 -112 90 31 319 -238 94 -410 -387 219 462 -41 121 322 55 904 -139 -563 -262 -169 -158 291 -135 -479 385 -136 -313 -225 -207 -87 -757 -65 -195 208 -143 402 -756 93 -49 -202 -138 -180 -251 -179 ]
[-211 68 508 143 -916 -194 -481 522 403 263 -290 946 473 -420 596 234 -55 247 -74 478 -157 -387 31 151 -128 313 175 46 153 694 245 265 1175 -487 86 -384 673 -73 -415 -554 733 563 896 -518 -342 348 -149 97 20 1339 -274 705 -35 -929 -450 -757 -453 64 -610 -163 -81 144 -749 -90 1185 -36 602 401 344 -498 447 -302 -59 -95 -545 324 243 91 -741 527 -301 907 -104 -479 -106 331 -340 468 -282 -129 -734 -318 255 -315 478 -102 -28 735 214 -415 528 -187 46 3 -672 391 -49 351 47 -517 ]
[117 329 -288 44 731 -61 180 -572 -639 -561 -310 85 -78 -76 -387 -675 260 -398 3 -1235 -307 148 141 -215 768 -111 31 573 -9 -371 -180 560 189 357 603 -71 -407 -134 473 388 848 -154 -246 971 754 160 340 -74 -333 -82 -350 -322 786 1308 186 -12 -14 -236 478 187 907 55 339 271 -222 437 89 -269 -63 -298 -114 -136 -441 359 129 -105 -469 -714 -319 466 489 163 -190 813 19 24 177 34 238 61 498 -270 -169 457 -195 -236 -181 -1098 58 -69 -524 -282 -76 -215 785 122 926 86 534 -98 ]
[-95 949 -659 -679 -172 -58 641 370 -514 -638 -141 496 -623 -131 -559 247 57 -123 -429 -155 932 -201 -1208 -520 236 -556 659 -64 -210 479 -233 -243 286 731 -167 -430 -131 206 -136 -243 750 238 287 -352 135 154 533 41 378 -835 -206 -68 -249 -232 146 65 305 776 396 965 -10 143 315 47 -676 -129 247 -489 -266 -79 -159 -73 490 -51 -593 -394 -359 -392 28 323 804 -111 373 -519 181 -266 192 365 770 101 -471 0 175 -284 761 117 -375 607 487 45 -70 51 434 402 489 187 212 1558 369 -343 ]
[-170 126 -165 646 -268 -479 21 -194 -396 -236 534 706 -161 293 405 290 -88 235 89 162 78 -70 -365 428 603 -25 286 -642 -13 284 646 -669 -468 26 88 -4 337 -419 -178 -218 -319 -328 564 -10 254 706 1470 -623 467 126 47 546 -439 -934 -257 75 339 595 185 -132 -706 829 -568 -13 366 -473 661 412 -926 678 82 -35 219 -20 -288 583 -1387 218 748 -422 -7 -241 684 44 380 -310 261 -333 -217 366 -537 -13 862 152 154 27 65 108 30 -811 418 -460 1254 737 -124 -560 136 -263 1336 148 ]
[-444 326 -106 -486 802 -987 -304 -732 -876 -729 483 -833 -605 -1164 148 -112 -151 -211 143 -323 788 446 -603 336 -301 21 159 -639 23 389 328 -610 -549 789 -165 130 -353 -47 68 -199 -401 105 -982 -269 -127 472 248 430 35 -646 242 -338 -707 -34 -10 729 245 -8 401 -534 -293 75 53 -232 379 54 -256 -104 -1182 725 -176 279 593 -345 407 565 -64 298 -71 -737 543 -902 805 -126 505 25 -302 -98 -7 72 157 -236 552 5 -279 493 553 143 -236 97 211 -7 -116 262 105 -219 310 18 497 -303 ]
[1047 -833 376 435 -496 234 -137 257 92 280 192 -96 216 432 194 310 375 138 -47 192 128 -387 897 124 346 575 -719 375 -91 -124 -343 952 194 -720 366 85 471 -145 62 264 187 -602 373 0 -444 115 510 -64 211 752 168 846 -277 -439 587 -940 -267 -396 -278 55 -371 576 -610 433 324 -437 1232 -121 -76 -1068 -347 -429 -566 480 -310 30 -720 230 103 -207 -1023 207 150 482 -370 -517 35 433 -390 137 102 684 -340 -86 -130 49 -109 -2 -180 -94 158 -473 -21 -36 -187 -392 565 -1740 -136 652 ]
[292 24 18 1221 -199 346 65 -469 101 -312 -262 -61 393 165 62 -451 -73 373 -389 -381 -228 -499 567 158 881 -234 290 62 -1039 119 -75 264 1054 -223 8 -345 581 -833 -135 354 732 -415 1055 985 -159 -326 888 -4 502 592 -283 770 -424 -751 575 -271 -746 652 298 291 -395 713 -396 448 277 205 1711 52 -167 -337 139 497 -438 987 -470 465 -841 -133 -89 178 -442 331 549 -121 374 324 518 -23 -178 -31 -192 786 445 171 -60 -215 -376 -394 340 172 420 -849 -141 370 22 -18 750 -139 595 340 ]
[424 970 541 -216 -473 163 -261 1280 269 196 91 1199 -8 1096 -331 720 -533 288 -316 -52 -3 -518 -444 -194 133 12 281 548 -139 251 42 741 -453 -137 221 458 552 -42 -86 -321 480 83 -155 -106 334 -393 813 314 495 -596 -131 -139 138 197 263 -185 83 428 -121 1048 280 158 -818 547 -99 -62 800 -828 109 -220 -307 -185 -379 -468 -233 -1023 -51 -416 286 -216 -209 289 -610 -269 -910 -515 -90 634 75 -312 296 -23 -100 -577 307 -330 -22 842 238 223 -95 -116 42 631 860 -617 -24 -21 -142 -145 ]
[286 203 -942 11 326 1039 35 197 940 745 -48 -47 46 -90 -680 -362 -546 -238 68 -583 537 -972 662 493 49 97 50 -36 -459 802 -285 379 -416 942 -348 118 -694 769 -69 297 -211 -399 47 -17 431 -1539 -275 926 411 -568 149 114 -779 -132 464 -523 -321 16 441 581 68 -845 214 784 351 727 104 -785 -320 -537 -645 588 -59 657 90 -492 218 -644 -770 -321 -626 259 -405 -114 -880 -132 68 -358 245 449 64 364 28 -361 -738 -833 -84 -394 165 619 476 -92 -237 -311 634 -242 205 36 -681 493 ]
[-405 -1138 218 -67 665 221 377 -285 329 432 -526 -381 -546 -80 3 -389 -1060 418 813 297 -80 10 1250 539 87 572 -470 -24 545 26 72 -207 -395 -761 -471 316 145 -243 119 -549 -517 -74 14 -290 502 -327 -528 199 55 54 -68 -402 -410 78 -635 708 -192 356 -234 -798 516 -327 111 -200 714 874 -560 507 657 323 10 819 -452 -303 -258 313 420 649 -194 -472 -284 -64 272 -785 -41 394 -246 -242 -691 -43 -562 442 144 -738 -105 218 510 -355 -1 754 125 -604 -495 146 -528 -18 -1119 12 22 12 ]
[-505 -216 751 227 545 676 701 245 176 -927 -136 -634 256 -367 203 -524 -727 59 272 12 -798 801 808 -96 545 -4 -92 105 413 150 -207 -605 86 -502 -157 -619 148 89 89 -809 426 239 875 -352 -48 8 -201 -1075 -419 456 -321 -640 71 -153 -176 855 -242 -553 -176 -148 -489 432 -38 -157 274 55 -156 -473 -22 622 258 -26 -732 -975 -546 597 153 -247 -384 490 402 662 732 75 138 472 7 212 -732 346 -348 279 -16 146 127 -57 -526 -612 905 -332 15 125 -81 -308 -139 409 0 -191 -66 85 ]
[219 -418 265 -932 -497 401 110 -469 -555 471 160 -931 -830 -663 69 117 57 50 80 473 80 95 349 -336 -526 230 -535 -411 888 -1142 -1042 -65 -703 -324 -661 165 -401 351 30 -32 -1015 455 -213 -540 -596 97 -378 215 -272 -71 330 -388 -317 134 -609 290 409 695 -540 -10 91 361 589 -988 -727 -603 -1385 466 417 49 -83 -428 805 -303 715 502 363 737 539 -448 788 313 -43 -100 198 -381 116 -420 262 608 -176 20 -82 -719 277 677 207 250 -546 248 -149 686 -671 -108 -211 -224 -747 242 -370 -3 ]
[290 594 -315 480 -188 831 -88 1468 234 448 295 443 676 696 315 150 -104 143 143 -388 -930 291 679 -390 -204 89 5 613 -144 -6 -212 1109 -655 -24 230 168 580 194 332 309 106 113 603 557 -168 -807 -104 223 269 424 23 -229 278 50 238 -576 -273 -819 23 523 65 -2 -847 327 211 26 1164 -944 -604 -8 -218 197 -1097 48 359 -989 271 -673 -107 365 -607 180 -309 801 -777 -553 574 30 -151 733 724 -310 162 363 -619 -569 -647 -654 370 171 -514 183 -658 -530 599 149 542 -869 -199 486 ]
[402 -717 -399 144 -209 -22 237 -401 622 -543 -253 -630 231 180 218 -338 -199 -349 -165 37 -146 226 -556 265 -310 -394 268 3 -404 -382 -718 -581 -62 -25 -458 -6 -131 290 -562 358 -412 385 843 142 307 418 53 -120 -261 -984 93 -361 357 114 732 523 99 -486 377 192 -452 10 609 -546 -1085 -139 -391 -577 516 509 610 -172 -213 262 -303 -30 110 -72 282 451 267 -472 145 -55 1165 699 44 -649 74 -296 -380 980 -412 132 551 426 -443 400 195 -251 225 -174 636 -441 -851 130 -38 -154 -166 -212 ]
[196 -511 -1265 159 -122 -80 -12 3 -769 -1191 152 33 383 -548 553 -559 -445 -952 564 -939 225 698 342 -47 -809 51 -131 153 13 -698 162 145 -314 429 -221 -890 -523 75 221 -206 814 233 460 324 124 411 85 510 122 706 -411 -101 442 736 -668 -134 488 -1092 492 -372 461 -259 -456 44 375 648 -294 -454 -1095 -434 118 -436 -646 358 302 195 50 -880 -661 378 270 -311 304 256 -10 278 -214 262 -8 589 188 -270 297 685 -289 -286 -395 -557 -215 -447 -417 239 155 -955 -180 555 762 -281 348 -207 ]
[161 308 -443 -49 -429 242 205 463 383 122 -282 735 681 -413 523 472 -376 2 78 408 625 420 -754 -467 -848 526 405 -661 -83 -69 613 385 429 236 203 -134 -497 313 -729 206 372 594 -80 282 -151 96 180 474 612 -249 -348 1267 318 318 -766 -298 157 1058 324 -414 106 -11 -157 -197 582 -193 -128 -557 230 448 -110 10 309 363 -1151 -34 383 -482 -32 520 -137 -707 -122 -691 -490 -417 281 367 271 -104 -318 -532 13 -167 -90 -750 -159 -197 -455 170 -780 774 512 -525 -132 304 605 697 -285 -317 ]
[587 -474 -986 -29 676 245 145 38 154 572 584 -1025 79 -164 -353 -1138 134 852 -120 296 111 234 -154 -436 -498 553 -245 -137 -744 -49 -764 513 -880 -108 36 669 -317 -115 -486 666 -768 318 -628 363 -616 -275 220 549 700 -416 567 -199 -1322 -389 440 -464 -55 63 304 2 11 -292 -36 -237 -38 -438 446 -470 -670 620 -296 318 -428 199 318 -340 52 -174 180 -280 -510 -1208 -72 388 590 -552 35 -72 233 181 170 639 -159 157 -381 420 387 -481 -518 450 124 227 -718 508 112 172 663 -737 -1028 485 ]
[-385 365 188 -590 747 548 316 808 597 301 57 190 213 349 -822 521 76 517 -620 674 199 570 -787 -108 582 24 245 350 -148 637 562 -504 -396 692 629 -260 39 427 685 84 246 -278 -169 -895 -51 82 -446 -715 -240 201 369 -355 -6 -426 907 -180 212 -526 346 225 -1051 270 -505 382 197 -416 -159 -5 -306 150 -369 169 33 -904 -607 -299 -591 -698 -118 140 295 371 -375 76 -161 -204 -402 398 30 -628 361 29 -295 -89 225 -368 -780 78 423 -160 -276 427 -389 717 622 86 92 78 -488 282 ]
[-60 -864 -392 1416 -637 674 39 379 708 278 512 -230 310 695 434 -238 -179 -51 371 -450 -572 -504 888 823 -395 -99 281 -239 385 265 -80 -734 -404 -332 -492 461 103 -79 -808 -510 -205 203 1057 239 -135 -462 1033 -313 585 -127 -588 400 -1353 -1111 -140 58 -688 -241 514 295 -558 167 43 411 307 -596 163 -927 352 -103 236 52 -317 763 -385 -467 227 -362 375 54 -652 -13 -9 -76 -490 340 911 -159 -706 548 -677 841 -62 54 -86 -1038 621 -335 150 -232 680 203 389 -169 -649 327 4 -936 -1264 739 ]
[108 142 -795 -439 -151 513 45 798 172 -65 492 -460 89 172 -554 -193 51 13 -642 383 228 404 -369 -56 -808 -107 224 428 -410 -373 -905 -386 -744 94 -369 -404 154 226 -277 90 215 159 322 -78 -1251 -735 190 596 554 -351 390 -455 -362 -797 374 -708 -587 -75 450 991 -373 162 -807 220 -730 -40 242 -856 -1213 42 278 202 142 534 33 -969 506 -838 415 389 -43 250 12 -49 -38 -193 212 215 581 323 338 609 -837 -146 463 -194 -63 785 143 334 -9 1225 -604 514 530 44 -404 -192 -1294 449 ]
[1067 -650 -395 759 -840 -179 -479 291 -512 -351 584 423 200 389 157 228 357 -379 239 554 -14 -609 -41 -845 608 494 -1019 295 -77 3 718 84 74 -862 344 44 387 -31 74 -12 299 -627 11 -209 -12 747 347 -128 132 79 553 377 160 694 -171 -92 984 -322 99 -217 -192 -129 -177 -17 613 -655 -63 854 319 91 -526 -557 -755 -362 667 900 -1473 -438 -174 8 -34 -880 -959 920 117 628 29 952 -307 -29 -261 224 264 825 187 101 150 461 17 -607 64 -130 707 26 -528 -81 676 -1134 -45 -174 ]
[158 -222 948 91 -339 -139 -31 -14 -113 -360 -104 33 -10 631 724 764 412 -472 175 522 -598 -289 1111 -30 1211 349 -236 17 557 -1035 418 -420 336 -270 497 -250 170 429 579 -128 204 -25 152 294 -151 -138 -343 -119 -194 460 230 389 985 763 696 118 -419 -110 -191 -99 -584 475 146 16 55 -552 356 459 813 895 -425 -90 -477 231 -152 967 -743 -19 328 109 -42 247 -279 277 -196 199 628 509 -544 -542 307 109 -219 151 156 -224 176 -314 -105 -387 -554 221 102 -968 -618 -729 440 -782 743 470 ]
[207 -132 -780 244 -134 150 -48 324 -218 -169 -168 51 -438 -919 196 9 35 -52 366 42 237 -1060 127 -783 -660 -693 504 -81 65 1192 314 962 493 -230 -270 117 577 238 -499 -191 362 -221 -158 -743 -497 -1241 -266 887 153 -179 -531 -93 -1299 -40 135 865 220 -319 -106 723 377 -655 1037 718 38 234 393 133 -201 -775 -640 645 524 758 446 -567 1082 743 -790 -85 -608 -403 552 -1122 168 169 36 137 -505 596 -879 334 586 -136 76 -324 387 768 1168 572 288 -194 25 -202 73 113 -246 540 -269 -222 ]
[-52 -1120 546 -221 -61 -722 -587 -353 -612 100 299 -849 472 -341 256 191 151 96 -833 912 705 987 -316 973 -193 547 -215 -107 286 -273 654 -776 -200 -245 277 -185 -59 -631 -410 -191 268 -446 -735 -5 -889 1230 -13 -808 632 -49 78 544 -166 -842 219 -652 431 140 -96 -568 -1152 417 -634 142 549 -638 562 463 -605 238 -147 312 456 283 -117 451 -262 322 140 -349 -92 224 774 -562 -53 95 -797 339 -232 -288 534 -9 -868 -368 -503 273 342 577 -300 65 30 550 -345 835 -404 -305 -536 -724 -869 194 ]
[-776 502 1182 -782 14 113 -298 875 -188 -484 -43 -239 177 -532 489 352 -256 -1404 -140 -424 -240 -122 486 1046 595 395 -65 673 776 101 -64 -769 68 197 -276 -457 -433 297 270 -512 1024 1003 450 118 148 -149 -418 31 -311 254 -39 -449 459 -390 -379 -456 -748 -42 -784 251 49 -276 -271 -9 772 374 -281 -195 493 484 -130 119 289 -216 -168 376 11 -875 -394 170 577 1209 109 -46 -452 186 4 189 128 364 -39 -1081 -362 -386 211 -683 76 -251 534 -35 347 423 -364 -152 -144 -188 -439 559 309 119 ]
[-224 -137 -267 987 -25 -36 -505 -395 -477 -986 320 136 1068 -338 1025 88 240 -492 -532 157 173 -1 -909 31 -623 -608 229 151 -1412 -232 1014 -789 310 -417 -292 -483 1 -665 -10 304 69 57 268 1309 -514 -698 -25 546 157 307 161 224 63 176 -579 322 432 -153 291 -6 273 -673 86 551 2 -174 454 950 -278 513 194 783 618 1016 126 702 300 -161 119 282 -244 -1154 47 -698 830 31 287 97 59 -202 -235 -644 556 236 -171 -288 -107 58 141 91 -97 478 -119 4 -705 80 -428 413 481 -542 ]
[589 61 -634 924 72 724 -302 -518 526 -527 326 999 342 -778 163 -839 -250 -472 -479 198 -93 -1077 -667 -506 -91 219 -544 347 -1017 884 -211 127 296 -882 -69 191 -88 47 -1076 -70 591 -326 936 -268 195 -482 854 281 300 -74 97 126 -17 76 -484 -173 368 62 123 113 45 -167 -484 306 514 378 -270 -41 -366 -271 672 -154 -214 46 -105 461 -474 -454 -272 -15 -456 -315 -16 340 288 477 -53 421 -511 -167 -1154 -79 44 358 605 -206 622 736 465 -712 676 126 1019 420 363 -273 -388 -388 -239 -68 ]
[-51 -130 325 39 90 -685 -770 -504 -524 85 -146 -158 129 -314 392 -38 5 126 -463 -617 265 -139 -315 334 -43 519 403 487 435 190 -125 -86 9 -319 -43 793 12 -346 -331 -280 1005 1039 -43 275 674 815 38 204 -324 62 -435 263 128 510 316 -788 -63 -640 178 -596 337 330 -308 130 453 -281 293 -787 961 -181 20 132 -902 231 -248 -50 193 -497 -957 -180 131 203 -289 -85 32 429 -150 -68 -1283 -617 133 -181 -582 -793 -148 65 1118 287 409 -423 202 -196 -1025 -206 -303 321 529 -262 -331 -56 ]
[185 -753 250 -233 -96 -369 -532 -741 41 -315 -730 -265 -430 -953 307 -656 -171 87 135 18 323 -186 66 520 -266 414 -466 230 -376 850 -1235 489 1027 -301 611 69 -181 223 -364 -167 191 307 196 -613 -414 634 484 252 120 -28 -77 532 -53 386 73 353 -856 -10 -154 -537 12 226 -36 -541 508 244 -177 -361 -470 -1391 1081 -1021 558 600 -747 -41 448 470 -410 748 137 -134 368 147 763 280 -40 983 190 -342 -884 515 -1010 355 429 33 110 109 -676 400 -155 -95 78 -570 -259 68 80 -743 -508 -672 ]
[364 -962 -519 4 126 1052 890 349 540 469 37 -328 -786 418 -181 -184 -423 -88 -138 -79 533 -279 665 678 -115 -143 53 192 -173 -347 -270 1 100 329 -712 -59 -527 -127 -111 484 425 -133 498 -294 279 -444 235 114 758 -644 -670 300 -1177 -658 682 -152 297 -27 75 219 -388 -595 240 397 89 214 -82 -252 1101 -669 -739 664 366 -137 -152 -245 -315 -285 -51 -953 68 78 -66 -1415 -382 7 -395 136 -134 -597 161 757 -738 -722 57 -346 233 -85 285 606 495 -613 -261 640 -416 17 -111 454 -1024 748 ]
[-815 529 747 -414 305 346 -518 653 834 1001 169 401 1033 298 -319 335 -327 548 -104 238 -603 71 -501 -79 -751 -63 -489 -15 115 378 459 -121 -997 191 512 547 -70 -290 -173 112 -358 81 -672 -493 -652 466 -198 -209 -266 432 660 -862 -93 -965 -626 751 504 531 -396 -340 -192 548 -1221 -192 759 -112 -1341 249 -218 -231 470 -261 729 -838 758 -248 427 147 587 -1133 -20 604 -211 712 -270 -182 -401 -32 223 219 437 -926 407 694 -204 -1132 413 247 -251 53 131 764 -404 1579 1248 -198 -996 67 -645 176 ]
[337 -308 -40 -172 -538 233 10 -504 -18 -592 -672 -712 -173 -664 -435 -123 8 22 305 26 -43 425 623 -797 -7 6 246 159 -620 613 -640 438 1415 -353 45 -1277 108 397 116 -110 960 -322 174 -415 -544 -572 -103 -213 -491 642 -398 829 286 627 25 -263 -760 -441 -197 56 -58 0 -126 468 -581 706 240 -378 -514 -842 -6 -639 -116 518 -171 -76 33 -573 -846 959 -25 493 139 -407 410 816 -60 308 47 97 -479 702 -460 174 -108 -34 -879 249 837 -567 179 241 532 -743 104 897 1065 172 -122 -95 ]
[-775 -497 394 114 502 -196 38 -466 463 1282 -152 592 658 1160 -6 -23 -114 609 151 821 292 107 592 752 600 53 403 -957 417 -405 1108 -990 -474 871 366 -134 -571 71 76 -113 -991 -82 -478 -211 625 412 -958 -894 -300 535 674 594 653 -339 1 -320 560 249 -84 -492 138 -358 594 190 572 -411 -335 935 201 360 52 442 510 -216 -214 739 -187 132 23 -349 -182 591 -225 -180 0 -683 -635 -677 -322 -137 323 68 -598 -103 -639 -361 547 -457 17 -817 140 103 521 161 -341 -762 -847 213 670 252 ]
[-181 984 1069 58 -207 -198 -600 608 -952 -223 -20 617 28 -39 582 -55 -275 -261 -589 191 -423 -433 -124 -162 227 -331 397 301 642 -443 593 723 585 451 626 174 790 -421 437 -946 713 439 -372 301 -503 41 -332 -541 63 348 225 -519 875 502 171 778 -23 232 -276 468 207 -121 -7 -525 256 52 -250 899 74 -551 342 48 917 -596 445 91 534 101 -213 352 749 904 -13 -243 -165 135 -386 1170 627 -238 586 -862 -389 -210 719 -242 220 741 452 188 -202 565 -39 210 624 -129 -605 682 -334 -1003 ]
[502 728 345 523 -95 -118 -479 -100 -878 -313 -802 -56 -134 724 55 53 -659 -104 -162 -508 -367 -1020 709 139 1171 -736 91 -371 -115 -856 253 -96 -54 50 52 155 124 110 508 460 464 392 498 360 624 56 290 -640 286 -683 -788 -19 604 1013 248 1124 418 545 -371 335 -404 507 1346 378 -842 -444 28 118 215 -181 -419 -138 425 55 156 515 -501 158 273 33 982 734 82 -250 -129 6 797 -328 -315 -160 408 116 -302 130 -326 -263 -210 -572 126 315 -634 38 -450 -231 524 -1104 96 -317 979 -163 ]
[376 -978 -870 344 -15 775 806 -537 -157 642 295 -26 -759 -58 85 -977 1142 -357 469 -238 -1071 -805 496 -18 561 697 -14 109 583 -1061 -1108 478 496 -205 14 149 -40 -1 -691 309 -650 597 1440 1160 599 -90 382 21 -72 412 426 -203 -34 -425 -39 -905 -541 676 189 561 581 -59 1071 -801 321 -357 459 831 963 646 235 394 -311 849 -310 172 -804 82 668 441 91 -39 892 768 1055 133 927 -825 745 331 -807 462 145 50 846 415 819 -578 295 -307 160 -800 1196 -408 -1234 275 -215 204 543 524 ]
[-131 654 -379 281 34 498 503 768 506 304 -464 594 155 793 -367 945 601 377 406 89 163 -627 -374 -511 -275 -1588 1207 291 -629 1167 -240 -215 576 -132 -588 98 261 483 -529 201 49 408 928 -668 40 -863 -493 -25 219 -989 -464 -82 -442 -333 769 657 -41 -82 369 686 -130 -507 1037 846 -783 89 920 -1322 233 9 386 441 -535 365 -2 -1267 1069 335 -677 185 -452 -518 191 -363 353 -279 707 178 -568 -508 -214 148 246 92 150 -162 391 704 1151 209 95 -693 -327 -801 -717 207 -793 547 243 4 ]
[26 -41 -238 139 479 704 826 -549 127 513 -319 394 282 -718 -358 287 977 -512 -17 -498 159 -241 -554 -313 318 -981 266 -87 -360 392 225 -94 583 394 -110 -228 -172 -257 -459 750 247 124 -159 454 235 -102 -191 -343 -293 -151 -381 429 -115 -524 1010 335 -340 -62 730 707 378 112 1121 473 -1296 112 -49 41 982 -447 -323 153 647 1051 -635 -719 135 -1 -240 336 -1078 -54 -305 616 256 -475 782 -721 726 494 114 -219 70 89 284 -217 -258 -798 269 -285 120 -101 90 -338 164 389 630 842 401 701 ]
[-138 835 296 -1119 -296 -148 -48 378 315 140 -513 -630 -63 -307 329 -307 -58 78 -721 593 -537 469 77 -133 -226 -75 724 65 -179 -785 -709 -144 -471 1257 -430 -42 -542 -106 694 44 -10 865 -439 486 -810 -726 -921 732 197 -295 796 -22 348 -762 758 -318 -441 544 -542 598 -138 -320 -365 -534 -370 15 -162 -613 -277 923 -176 131 52 390 878 -180 328 -901 -44 115 175 638 -757 -614 860 61 -317 -33 807 147 316 180 -195 -466 83 246 -501 60 312 315 112 1093 -594 333 44 -81 293 865 75 -107 ]
[-163 379 -485 -722 966 73 662 125 -536 -559 -284 204 -252 -300 -1395 -400 159 589 361 -1095 438 -671 6 -130 1159 226 28 -300 878 942 -287 -293 -74 -304 488 -121 353 228 425 -559 556 -709 488 -809 -146 124 878 -895 -690 -169 42 -250 -516 -523 -338 113 -149 563 393 216 105 1237 73 440 853 -423 -189 -456 -1015 -652 6 -183 -145 -240 -597 -131 -907 -514 51 107 551 885 399 520 -9 -233 277 -88 327 345 -317 681 146 -95 657 -939 136 136 776 -278 137 -38 -12 1200 1246 -76 371 -625 -114 -410 ]
[183 826 -270 -79 -304 -137 -227 496 -541 -166 -282 708 24 -736 419 -446 -336 -396 390 -654 -53 -488 -351 -787 -166 -343 244 -344 848 659 480 954 60 630 52 580 1278 159 -385 -969 235 600 82 -201 139 104 -576 355 285 -469 -152 -505 -137 -72 296 739 -169 -633 819 1163 475 -17 374 -308 550 -424 324 -627 -237 -545 -119 -17 -495 -42 -82 -750 666 47 -437 226 -482 -531 -176 686 -314 209 564 588 763 342 -128 -22 437 -353 552 331 -322 573 -60 101 113 320 -714 -418 356 476 493 -43 -497 -821 ]
[-564 -408 50 -898 702 349 298 -146 3 -310 128 -881 -347 319 -695 -1366 -461 -14 -58 -329 -689 812 899 481 500 709 52 -712 -483 -834 -597 -692 -489 312 -86 -735 -1073 -17 818 -242 -683 465 -354 161 -130 -665 -906 -213 -424 593 638 79 823 644 -12 -346 -499 -574 -659 -281 343 -440 -106 -238 35 379 -719 -506 -175 879 481 -79 -551 -686 13 324 323 -1020 253 555 482 774 -140 123 273 447 -126 -795 287 -285 881 742 -1176 364 -257 -68 -2 -509 294 -109 -361 495 47 -1412 -191 -172 479 -392 54 72 ]
[418 -258 520 -319 2 362 532 -1 719 -32 167 -859 905 982 -873 616 48 216 -73 145 85 136 175 -269 50 20 -315 -172 -1178 -96 -460 -750 525 -157 -199 -1295 -672 296 320 -355 -624 -1270 -66 248 -1152 -470 -626 -717 -487 618 935 196 -8 -145 169 -260 -48 -248 -267 -350 -546 126 -632 393 -1242 507 -375 220 -167 -250 170 -724 -141 -378 -101 14 265 145 58 -725 -817 671 -140 383 -77 159 -643 345 289 -410 799 402 -40 808 -557 -365 -211 307 -331 -603 146 19 742 -866 283 10 -76 -289 -293 464 ]
[236 -744 -490 263 -300 1158 277 67 -14 53 617 -660 -234 -526 376 651 336 -389 390 229 -17 156 561 -397 17 820 -474 -513 485 14 81 -520 -492 -839 -655 -75 -295 892 -478 -321 -1209 29 363 -69 -272 -702 324 -318 -155 -659 544 56 -503 307 -555 257 179 -148 473 -440 -447 75 171 -576 -18 -686 -62 -83 557 1189 -680 391 -42 45 -255 239 -228 -326 602 -72 330 -406 122 556 -34 273 371 -136 -52 839 -359 317 181 -159 -367 -345 -199 -586 578 -345 -157 469 517 -423 -128 556 227 114 -388 542 ]
[-257 -270 -380 410 588 -46 463 54 469 -341 450 -503 91 404 -446 -1432 -37 -90 589 -747 -593 111 727 274 448 287 251 99 1378 689 244 -180 -108 -1353 833 -22 113 165 -543 -892 119 -104 4 291 73 -580 330 -707 -367 388 -954 -23 -329 112 -971 147 -736 234 739 537 923 -401 178 -37 177 -7 -41 -118 354 312 432 203 -286 -83 -481 159 478 -648 -1086 1224 56 -53 -486 393 -503 503 224 452 -248 138 -965 274 -367 390 31 -803 572 -955 748 -266 331 -119 1200 -481 21 1150 476 82 -1047 -18 ]
[-925 66 202 695 -333 -329 59 37 -794 -60 375 -710 198 59 660 -935 691 503 578 -74 -305 188 545 112 742 -110 -69 -424 508 303 268 -921 422 -315 76 -690 -95 -523 -94 -344 -75 217 417 396 11 433 97 -1225 -436 719 274 661 -206 -955 -797 -751 353 -611 -752 -581 27 464 -111 -360 911 -833 789 915 -278 1 -530 98 -251 44 280 700 -446 29 -534 -467 360 315 324 884 280 -92 -162 -475 -476 864 -113 -300 -144 1244 -801 -171 173 -987 1223 -217 191 -663 434 -406 -413 111 373 235 972 610 ]
[47 -54 438 -324 425 -674 -45 -387 368 1165 -484 -900 144 135 -1004 -234 -46 -570 177 -342 435 -553 558 639 157 468 41 -131 237 281 898 -111 -370 556 -294 517 -582 -170 356 -207 -266 -460 -1210 619 480 449 -802 -8 -143 -236 172 -143 -564 -215 27 -24 -63 577 -156 -424 -322 -475 472 368 747 432 -949 413 581 291 -893 154 186 -151 49 -48 388 408 -698 -909 -151 551 -200 -129 -371 410 -259 -303 254 346 363 -821 600 -266 -830 -143 739 -588 -189 312 581 -494 521 57 311 525 404 438 208 -303 ]
[279 -418 -169 -1194 167 -275 -362 -575 -182 452 -147 -239 -91 -1486 610 235 316 305 962 993 387 59 163 -795 -1086 520 -320 -472 699 -947 -416 952 152 80 210 -233 129 953 37 -100 -758 325 -641 -532 -937 18 -559 590 -53 760 558 233 -146 548 -260 -619 217 368 -457 -377 242 -257 561 193 741 -642 -72 637 -1030 -8 -639 -405 622 419 215 360 489 595 17 -31 -240 -435 590 -208 112 -866 90 88 444 -173 -74 -367 247 -960 -13 570 819 309 -637 -325 -168 1052 -229 64 -1039 -53 222 -878 222 -443 ]
[-318 -30 -159 -332 -225 -5 -14 727 552 -26 -813 -870 610 -307 694 -368 -826 -189 -695 427 886 -112 -245 389 -293 4 -176 11 -429 967 -165 461 337 1521 24 595 -360 437 217 81 432 171 688 -481 -302 786 -821 -151 702 -110 337 14 -382 -891 1055 -160 101 -229 -40 -136 -1592 -371 7 -378 638 -425 491 -1075 -28 -319 227 233 -115 -100 -684 106 92 -339 -479 134 428 -17 860 -663 189 175 -161 208 10 -122 -485 322 -654 -545 -60 132 -879 361 404 287 438 109 -734 235 -286 330 764 320 -481 -176 ]
[-331 881 285 180 -605 -360 -68 -655 170 254 373 -863 146 -1257 729 -301 203 -625 -449 177 805 829 -493 476 -825 -315 7 88 132 -41 -763 88 -270 435 -107 -122 -202 154 -693 904 174 238 1152 -302 -724 285 502 325 118 151 249 898 -303 -2046 -100 -868 -237 1094 -57 471 -242 1215 -813 -967 -187 -139 374 -379 -1213 -367 578 -171 1150 600 29 698 -238 369 -342 444 3 49 829 -20 57 -625 32 -730 531 1006 -840 -11 470 393 832 319 -859 221 -2 215 670 51 206 536 238 -326 -125 160 660 89 ]
[31 690 338 -275 23 -248 110 1435 767 182 -387 296 816 322 94 629 262 -158 266 110 -142 -356 305 194 320 -291 383 -248 231 229 54 230 790 947 -13 -653 -237 979 46 -434 390 558 879 74 -219 -131 -903 -760 54 -61 -82 -48 364 -749 799 -370 -552 -638 -380 229 -177 -331 211 91 103 546 548 -632 -176 -180 -128 -683 -307 298 -579 -706 570 28 -685 504 -835 1304 586 360 -503 -256 -861 391 343 530 364 -596 227 151 -171 -283 -1060 -323 399 -240 -253 265 761 -1195 -148 -309 329 -176 496 -109 ]
[-340 689 -368 362 515 -621 -226 -108 504 403 -306 -595 -8 257 192 -77 326 173 -337 -72 603 -608 -551 1000 -474 -114 -89 107 -17 691 -216 -319 1 613 302 685 513 106 -16 15 -746 -167 406 383 -334 -838 -230 362 20 -408 499 33 -400 -790 437 -509 -703 -436 559 -299 55 -139 -45 -105 -351 283 729 -185 -64 -347 568 770 273 858 -290 -312 862 -125 -214 459 -472 -312 -232 -256 -157 -172 64 -355 -354 22 -407 448 -297 -326 28 149 358 6 650 438 263 19 8 -87 205 -33 218 -66 -244 844 ]
[-816 508 186 -110 699 -439 -404 -1168 91 367 -256 -725 -362 -883 613 -1125 828 175 -1063 -720 -1278 79 305 349 -276 -286 57 -399 105 -243 -714 249 180 -693 991 346 642 -11 -451 374 -788 -109 -743 789 -517 -618 -95 325 -558 72 -946 -211 885 504 749 192 -432 -394 -187 350 -266 339 189 -51 -688 -201 596 307 126 825 571 438 563 34 812 347 1399 821 276 414 626 849 -175 -47 -424 429 377 -1030 -387 -373 594 -502 -419 -67 -169 415 1158 -218 135 338 -239 210 -474 -340 749 97 414 291 -406 -60 ]
[929 -683 595 307 25 564 -256 -724 212 -620 -206 -1083 1278 -1321 638 222 -77 -786 -1032 -506 177 21 -254 320 -603 -60 -324 173 -1067 -529 -530 873 278 -330 -221 -365 -1117 -213 -622 598 -432 -168 295 536 -518 -47 -268 762 166 -79 -503 613 -245 58 1086 511 656 -101 -87 -360 -670 -58 783 165 1 -380 259 -746 380 -37 122 -239 -152 904 -98 900 728 1190 -328 -324 -531 -121 1199 150 494 186 -150 112 -483 -661 786 644 214 245 -386 -48 -545 -378 -435 287 -120 -295 -717 -945 -655 -862 471 -1063 -295 -195 ]
[-668 459 309 -1018 628 -589 561 1236 -885 -788 128 -48 -504 -864 273 476 334 -468 -154 -72 872 326 -509 -781 378 -93 -442 195 279 1118 362 130 825 -76 117 -319 -368 -65 -60 -254 1661 620 -661 -856 251 1541 -120 -814 163 -116 -790 -235 229 -327 9 2 -146 -264 -662 315 66 -128 397 -7 -13 44 443 -505 -268 -346 -216 -210 -80 -876 -1091 -391 -291 296 -320 535 110 -369 969 521 -333 -1007 -381 713 -428 117 -394 -1347 -234 270 175 721 217 -328 146 -269 -527 190 -393 -80 104 495 217 472 1070 151 ]
[767 -754 -968 -27 -344 -504 -731 514 -99 -432 -366 114 414 -629 30 -413 -998 -223 1125 -270 228 -218 358 -741 230 770 -896 180 438 -352 -86 388 102 -540 195 -279 666 580 -280 -737 792 481 384 -266 217 1053 327 778 -133 397 -90 -358 458 1229 -433 366 -75 -575 629 -155 576 164 -752 -439 763 391 -487 184 -404 -364 -315 -777 -1361 138 -77 16 -477 -975 -728 171 17 -13 -661 1203 -58 1397 -331 907 38 -101 -413 827 -272 288 300 149 247 439 -887 139 -105 202 -454 -337 216 19 630 -834 -395 -813 ]
[293 -142 -815 -792 -433 60 788 600 -130 -546 -957 499 -555 -335 549 -196 430 -818 71 119 -304 59 -305 -239 -278 -397 960 -32 1247 -923 79 500 -10 471 -324 -248 -406 953 103 519 648 828 634 -640 830 290 -559 -213 -16 505 -1258 -547 450 296 169 -500 459 -407 -191 489 -195 -219 768 -364 -800 88 -271 -76 438 699 -118 -412 304 211 -57 -584 -381 -197 -204 478 864 310 89 -592 532 -162 -359 -181 356 95 -197 -680 26 -631 755 105 -1099 -259 163 -1270 -382 -127 324 -615 -696 412 756 1438 1063 -205 ]
[651 -107 162 273 -748 -907 -681 -633 -444 -375 79 -165 -609 -571 545 -23 577 -680 310 -962 -659 -200 89 -332 26 160 171 653 952 101 12 1638 302 -593 445 632 187 89 169 344 259 -205 -421 326 222 964 563 453 -496 -438 -139 -106 -382 1307 131 740 -323 -666 105 -139 497 299 63 -687 244 86 -564 -142 185 -334 152 -678 -294 470 887 -773 -449 885 -89 -26 -81 -256 95 1529 576 636 349 -237 -297 916 122 -104 262 404 11 111 -125 -9 -60 -388 393 -929 30 -747 439 -69 1112 -822 183 -864 ]
[-400 81 -239 420 -48 -106 -197 129 51 4 139 1000 949 131 510 -601 -543 59 -496 -837 -919 -238 -155 91 -387 318 -415 323 -945 -308 185 1208 953 -248 946 -261 400 -1166 -838 338 685 202 -146 1439 -150 89 534 100 460 1215 -502 304 775 -455 -368 -697 -408 74 -526 -29 781 -665 -727 6 789 1074 1009 613 -106 -328 295 376 -231 830 -109 92 401 -41 5 237 -1007 214 179 111 -23 146 -217 -122 232 -183 491 -936 501 365 -294 -409 642 -159 -305 -59 232 50 258 507 -191 409 72 -32 23 -214 ]
[389 1061 570 119 -495 -258 -1061 692 -527 -306 3 738 218 1275 805 508 -253 -199 -1055 -750 163 -363 -274 510 480 76 367 757 -633 -202 484 688 -294 1123 -9 600 82 -405 426 776 54 209 -455 1426 892 182 80 355 327 -1063 489 -189 1217 420 534 -674 177 -807 -539 228 -18 -715 423 276 557 294 825 -241 -414 -37 -672 601 -59 792 401 -1021 -629 -458 634 334 37 -220 -906 789 762 -592 -50 -155 136 415 1122 -764 -655 358 -1002 -153 -625 -492 -1 339 -625 19 -232 -188 164 -761 157 -388 1160 -303 ]
[27 183 328 -417 -142 991 343 141 784 -43 197 -745 1135 957 -888 -893 986 404 -739 377 -341 503 -20 -561 -151 -248 410 348 -1025 -827 215 414 2 -486 568 -514 -665 -635 435 1083 -133 -501 -764 -122 -586 -548 -630 -291 -72 1005 337 128 305 -310 803 -1113 54 122 -713 -8 -519 566 -547 -168 -496 -291 -108 214 198 -614 346 -81 17 -163 292 -361 381 -114 -360 321 -27 474 -783 320 -156 -762 -317 -193 314 -576 1329 71 -675 774 -61 -367 -1087 -635 207 357 -227 -402 -420 66 640 133 470 -246 -382 784 ]
[-429 375 473 -943 -77 138 210 -890 -281 240 65 -823 158 -981 -276 -989 -775 289 -381 361 -380 184 60 -51 375 444 -151 369 -96 -769 -957 -183 -825 -1008 -689 4 -303 -434 -640 -134 -125 1213 -610 28 -127 -48 -110 382 -115 848 237 -582 -392 197 345 -270 -85 472 -842 -95 417 181 -490 -957 -1207 256 24 46 618 1332 160 -100 -877 -558 144 420 696 -439 -919 157 -28 932 -898 -207 -140 -407 154 -1055 -271 722 479 -61 -294 -687 525 942 545 -303 146 -422 562 -108 -1571 -308 214 320 607 1025 234 721 ]
[340 46 -940 270 -80 300 290 350 1274 -90 -291 -410 281 904 -538 -167 97 -87 -217 -634 -182 -751 783 -33 466 426 134 -236 -682 564 -251 559 207 340 188 318 -476 349 113 711 25 -86 -209 701 664 -1362 -410 611 41 -488 -306 55 -43 668 435 -31 -521 -195 -70 -228 -38 -1359 272 321 380 964 -61 -924 924 39 -392 821 -553 1054 661 -210 -87 -456 -18 675 -538 -558 175 167 -522 853 151 169 68 -72 320 132 489 606 -797 -815 -81 -768 402 305 263 25 372 -736 336 754 797 293 -723 643 ]
[269 309 -642 23 -28 -644 -464 -98 -209 696 293 72 -228 -202 210 1071 329 -238 780 896 790 -262 -203 -968 31 412 -681 -487 52 557 46 161 727 621 367 -247 543 925 -590 -389 -556 -315 -19 -626 -935 -40 -845 219 107 68 1385 705 -281 -141 -272 -905 -10 533 187 -700 339 -119 256 -359 233 15 1116 663 -397 130 -65 190 370 64 -68 255 -203 433 -75 -118 -446 -1036 291 858 -121 -81 380 465 433 452 -294 -80 339 762 -326 12 552 42 -361 -277 -34 172 577 -389 -412 235 131 85 126 297 ]
[-347 -401 -56 809 392 219 -665 102 522 1407 -244 637 93 416 76 310 -435 273 176 198 -721 -470 716 532 461 416 163 800 324 1004 385 571 -559 79 574 640 -99 8 207 536 572 -440 367 298 844 -111 -203 422 -65 724 125 -20 454 -117 -4 -453 -548 -746 516 -231 419 -44 -1126 591 1027 1392 -383 -82 -650 -276 582 528 -485 655 260 -191 -209 -65 -627 -86 -1115 737 -519 304 -231 122 -196 -701 -1386 253 -137 -508 -321 -130 -402 -808 285 -334 213 -275 465 -532 -597 95 192 -458 -974 -323 450 167 ]
[-189 28 856 -247 -58 1079 496 -254 433 -290 -606 -1002 -103 316 -143 498 -441 224 66 907 -75 -196 1153 -371 894 -97 -880 -48 -39 -30 -868 -398 274 175 -804 -266 -752 602 447 -549 -763 -536 76 -53 -242 -956 -979 -251 -392 56 1383 -492 28 161 17 589 18 -107 -658 -326 -508 -312 461 -250 -553 -205 -440 -48 914 64 -53 341 88 -542 8 1054 653 426 365 -1018 66 561 26 258 -287 -148 22 55 -306 -35 331 329 -300 -167 -689 239 -76 -514 84 9 31 35 5 -611 -273 -68 -949 441 14 1112 ]
[-520 -210 -230 474 565 47 232 -317 147 180 1444 208 -89 -43 418 560 145 792 41 269 707 351 -402 395 389 -149 131 -1193 -101 463 234 -495 -22 1339 313 320 -221 550 -783 218 -845 -490 -272 -551 -331 265 797 -1053 31 -40 440 -86 -976 -517 867 -218 419 -709 317 -18 -701 173 670 214 411 -669 788 -294 -1215 444 -109 780 656 82 -314 161 -722 452 772 302 -285 -816 1105 567 -143 -802 16 -262 -468 -11 633 163 -198 720 -661 -21 459 -101 -367 -733 239 368 464 -255 -530 -592 -21 -803 12 760 ]
[371 758 1090 -330 -724 -471 -515 723 -58 -427 -205 609 -219 -3 -8 1016 806 -28 -399 -441 158 -1367 -949 395 329 -354 630 -226 313 616 1032 377 359 -24 667 901 567 109 -69 -172 776 741 -242 -576 -304 2 891 -87 -103 359 -882 334 -693 -528 584 148 -193 294 -301 476 -961 924 188 372 508 -1297 637 -511 607 -580 -198 -510 242 -91 -607 -888 -427 300 693 -113 250 312 40 -189 -327 -309 -16 630 483 -1272 68 -77 103 340 874 -789 -276 584 -263 -45 -188 -425 61 48 289 -332 572 0 258 -80 ]
[143 -600 -384 245 -170 93 424 134 -616 729 265 -998 -349 793 -38 -26 525 -452 582 661 669 -227 -45 49 -572 -333 -328 524 122 -508 -359 -498 -481 -263 -693 7 -101 262 80 421 -222 -430 631 -519 19 26 -543 -262 -183 204 346 -529 -455 -523 -92 -437 449 -503 -366 212 -3 142 424 -487 -1055 258 -820 826 -512 -387 -81 -165 165 209 538 -609 -245 0 -206 -1085 -507 -164 19 -399 273 -355 -270 -417 -240 637 -307 583 -793 309 380 453 112 704 -14 -132 233 -427 4 -289 198 -681 -1820 -513 113 741 ]
[-436 -187 11 -116 -480 330 -741 -624 1173 264 -882 852 1071 732 365 250 -308 -541 -167 -543 274 145 201 749 -318 240 499 174 102 -455 -671 -441 137 395 -93 -125 -403 1140 -221 -3 663 397 1280 26 -68 -232 -291 418 -349 414 -3 998 968 413 -253 -923 -520 -162 308 29 -444 -90 -474 307 785 -249 -598 -812 136 -521 623 -614 -345 667 -466 -180 306 -1137 -428 -181 -244 803 -820 -194 -394 382 206 138 -263 -711 -383 -413 -312 -351 -45 -1343 528 834 -810 -315 -235 907 -78 -779 -377 27 -366 -468 -598 -423 ]
[305 18 -1101 -1376 -430 82 436 317 -489 -60 1120 -247 -638 -1172 129 -642 508 -135 -596 -138 302 -297 -375 -260 -12 323 824 -318 268 927 -821 854 223 166 460 -348 -185 452 -341 -418 -218 755 657 -1287 -401 635 -283 -440 -292 -9 202 -144 -392 -1256 1074 -744 418 -484 159 766 -1296 477 -452 -1068 -69 -448 356 -92 -824 -562 -456 -98 131 -301 -156 -237 -296 458 -1102 191 807 -73 969 449 1011 -122 -183 38 632 -139 -300 59 281 -434 815 481 61 864 865 -212 156 -723 115 -400 -78 768 332 176 -383 -638 ]
[-536 795 841 -393 -174 680 255 713 173 523 -416 -417 -137 212 744 398 21 -268 -90 -980 52 -50 966 991 -598 220 809 -335 500 -88 214 322 -196 1005 -342 -176 -732 230 705 -145 -839 944 944 301 575 -551 -455 702 -455 416 -646 219 -265 -829 -608 -299 -76 147 -28 391 185 98 652 -62 961 -344 -110 -59 284 -369 -382 102 1293 -15 -444 236 1051 252 -54 -12 684 699 495 -817 -462 -951 -39 -381 -177 368 61 -350 256 -826 -522 -628 -530 -1164 306 504 -808 -410 -125 -684 -203 -321 180 1106 1035 -27 ]
[-462 640 -599 105 -494 408 52 162 40 -189 457 -2 180 6 173 250 1182 1 -703 -406 -224 -366 -464 -216 431 -792 896 62 -557 71 -257 -759 1023 233 81 -536 -286 -357 -476 -380 539 1296 1314 -109 -528 628 366 -947 234 675 -885 309 -875 -1376 485 -256 194 241 87 586 -931 74 27 -184 161 -547 278 228 597 -239 265 198 392 70 287 66 -340 -550 71 328 895 562 219 275 485 519 356 229 -220 -278 -275 -288 329 418 669 -137 422 -600 925 -991 272 -9 -26 265 -295 974 405 1503 103 583 ]
[-54 -366 -85 -592 638 -236 90 127 -540 149 -391 -1430 -204 -256 -492 257 205 564 -338 682 1308 107 -508 -471 226 613 -202 -721 187 474 -503 -303 124 422 -289 396 -182 55 -683 457 -260 801 -638 -1331 -801 1337 -155 -662 174 -667 316 376 -1156 -1201 927 -398 -251 64 -17 -499 -757 355 671 -986 262 -242 -456 -135 248 -209 -47 -30 328 -551 -552 15 -130 459 243 -368 -33 -583 854 446 545 -83 -472 46 -112 -46 132 121 -652 136 282 729 49 97 -343 -76 -6 289 -838 237 -165 105 82 259 -306 1228 ]
[47 59 713 18 -609 751 -149 306 491 237 -61 95 -52 -1420 901 35 -572 -562 -268 814 -584 706 -61 820 -791 14 192 -344 370 -591 495 515 -617 -219 -736 16 27 0 -148 -2 -278 1075 820 -1064 -74 -84 144 -595 -209 1046 -577 24 -254 -1163 -372 355 383 -454 -1120 -928 -1400 959 -541 -1113 294 -306 -1374 244 -239 223 588 -231 1062 -680 -216 579 624 555 -270 -80 258 822 -79 -662 -9 -149 -416 -396 -361 59 143 -748 377 -706 612 113 -885 433 184 -425 432 347 488 -115 -244 -207 -274 -613 233 -457 ]
[363 -396 -340 326 -130 549 -401 791 -88 -382 -361 -93 -21 -389 1112 139 -756 113 -89 61 113 -752 -508 747 -478 -70 -454 511 -426 -258 -436 285 -462 136 -195 731 196 349 494 115 -31 927 775 565 566 -441 53 151 581 -152 -229 -582 -649 140 -194 351 516 192 -108 425 -252 -133 998 192 -421 -531 494 -41 -48 -351 -65 492 825 525 -786 -283 21 186 205 405 125 -553 525 -416 -41 -928 616 -284 38 608 -553 -158 -111 -928 -272 123 -864 -666 143 832 -602 122 -435 190 -603 -615 -331 -611 435 -346 ]
[-259 -490 -430 -177 -33 -539 -351 -539 416 306 -211 778 -1373 933 338 304 -709 543 336 169 -1032 -510 578 815 215 58 -368 -423 171 -435 542 -409 -523 934 273 234 -41 464 346 -491 -441 1047 717 -306 954 559 140 -299 16 -473 -213 -461 -22 273 -514 1064 290 -1199 387 -380 -20 -25 18 -453 84 -255 -1003 821 202 -277 296 -585 42 -416 -373 -141 -893 337 868 -269 558 -386 -801 -76 482 496 -121 -41 -884 -770 -335 337 -140 -293 197 15 -10 -225 -791 -360 -460 290 249 274 -566 -366 -177 -209 381 -286 ]
[-673 874 -230 1041 -994 509 -122 823 -11 -729 -300 534 765 741 387 440 378 222 -523 768 -962 -183 -1126 -62 451 -919 428 26 -379 -128 543 -1079 464 -528 252 -743 1222 -537 90 25 -261 -322 1459 328 -196 -388 5 -743 236 316 538 -249 1007 -589 134 648 227 334 159 474 -1333 1000 -533 -197 -281 -585 954 833 -120 639 497 378 171 287 -366 222 11 -141 632 1183 556 147 262 131 62 335 1062 -156 688 33 -76 -7 881 340 904 -466 -809 320 1330 702 -535 -177 -9 349 -272 445 -755 598 594 -198 ]
[492 -281 -362 369 -240 -515 -1038 -815 -249 453 273 703 561 -1902 126 525 -281 -389 -220 -282 109 -702 -1080 156 57 266 -484 -500 -116 617 -191 -358 -38 18 -787 -116 7 -445 -1051 38 27 -326 110 -336 -43 703 722 338 -369 33 351 297 -622 -518 -173 -480 783 172 -346 -488 439 126 282 207 788 -332 -199 515 -622 -1054 87 -378 561 459 423 714 281 374 -972 42 -525 619 204 415 301 354 -305 -498 -390 417 -8 52 278 469 -657 -131 837 561 -238 -459 594 422 44 304 -278 -623 96 -763 120 -6 ]
[169 -425 333 1108 -559 904 871 233 83 4 688 -154 -168 335 -248 -147 -326 866 433 589 293 495 -388 -560 18 -1467 36 215 -1321 302 -1011 -82 878 358 -266 -698 213 -409 -418 149 -237 -406 389 29 -27 409 1562 -333 412 -473 13 390 -870 -398 542 1031 10 225 446 1019 -169 76 99 476 -1212 -79 730 -566 -386 -726 195 -580 235 -67 -49 -361 -442 -93 502 -399 -22 -744 249 17 376 -830 247 269 566 662 -507 709 196 150 191 598 -262 337 -65 9 716 -753 746 300 -447 83 -26 -84 -57 52 ]
[-596 1334 1476 383 -148 -327 -283 580 -32 -180 1128 -1240 79 173 -246 -574 -40 299 -434 -540 -718 776 -791 376 394 -41 398 134 262 -84 -351 -315 -297 -53 -128 648 -348 -141 -262 15 -528 162 -306 332 -248 88 573 -614 -121 -96 -137 -838 -496 -499 163 -421 -224 90 -149 477 58 91 -469 -770 -772 -40 134 -826 -406 1008 -45 -711 -401 -1300 699 -298 108 -647 -340 171 440 905 -616 674 -709 220 -1008 -49 239 263 654 -242 -120 249 -206 978 -485 144 -598 26 378 -461 -536 121 188 -288 77 -53 -235 -225 ]
[-669 360 767 -72 687 -424 -839 -3 390 610 68 268 74 416 105 290 620 70 -600 305 -865 453 -392 135 79 -190 204 -618 -120 213 436 -87 225 -191 597 346 84 -571 -401 99 -432 -418 -1337 -27 -266 292 -50 -409 -86 -800 396 -179 561 -189 -323 251 -36 446 -512 -129 173 -69 -740 208 594 1 -609 265 9 515 976 613 1109 -666 1025 -118 294 852 746 -802 -7 268 -183 741 -292 294 -448 395 -120 -489 845 -873 -356 195 -487 -136 1325 451 -373 -234 100 551 -5 768 879 -415 -1000 -151 -199 -158 ]
[386 -350 -578 -315 103 764 635 37 1070 386 -265 1042 -93 36 -549 -403 476 632 -653 924 560 -765 -617 -319 954 263 -472 -145 381 478 -136 -8 -769 -652 -23 428 -749 201 -529 195 -178 165 421 -1015 859 467 -273 33 292 -435 430 -25 -435 -834 127 -486 1144 -205 -117 710 214 330 146 70 223 -735 -356 -627 547 -196 -699 -665 -438 73 -463 557 -968 4 -257 171 -629 538 240 432 163 -262 -409 -335 -733 398 -927 256 -24 -846 292 718 -441 735 0 -501 572 82 279 809 -173 -591 -492 -246 -83 284 ]
[398 -6 -77 85 79 -643 -161 325 -2087 -55 900 -760 -917 -704 393 -153 -381 -709 294 -99 -490 426 -123 -59 535 471 -228 607 428 -38 -35 280 -441 -434 -373 116 228 -820 459 -271 397 -70 435 -41 -27 1337 939 -140 497 404 -559 -360 -1018 -241 -475 230 442 -78 -497 -295 -14 821 50 -617 -17 -341 -81 462 -564 394 -388 -704 -95 -584 -9 204 -761 293 261 -339 822 -448 449 291 515 -78 544 380 -345 301 -303 -227 354 762 389 422 -272 -817 -1318 24 -868 -237 -267 -8 -177 261 409 -1049 451 127 ]
[101 -304 -61 -916 798 793 484 -619 -254 76 198 -1076 -317 -901 -129 -901 424 -151 -963 -333 480 -706 -133 -215 645 -202 -824 -101 -108 -282 -1094 518 -438 -6 -211 463 -878 431 -293 326 -478 194 18 -562 -15 -272 -329 -697 484 -386 -362 -420 -1085 -470 701 -71 1252 -615 -790 825 -173 -807 1061 457 -780 -1009 5 -422 404 -310 -1006 -243 552 73 505 502 -11 263 -62 -936 353 127 1075 -386 141 -773 -74 -80 -73 -47 -411 184 -601 -1339 -134 871 -43 109 777 353 601 565 -228 798 279 -616 607 -184 -453 418 ]
[225 -577 -357 -589 -708 -292 -279 -221 -71 -29 -959 142 187 -664 359 190 -255 104 -141 265 730 359 -602 700 -391 -230 470 -325 940 -578 271 356 -611 238 54 -134 -791 238 -592 -363 216 1031 112 -708 110 1203 867 -239 501 59 -580 467 -626 -143 -1127 -198 1173 381 -117 -17 -466 568 209 12 223 -800 -641 -142 -304 -200 -154 -585 -109 407 -690 183 -288 -176 -128 295 761 85 -284 -563 110 -132 -470 4 -185 376 -1030 171 552 -1001 529 -321 -596 -176 -242 -130 8 123 -199 459 -246 440 235 801 149 -718 ]
[-131 -798 -987 81 -54 -140 186 414 271 711 -702 135 595 360 -142 -107 327 561 -223 276 -267 32 -481 218 -1466 -423 315 392 -558 -944 -279 -210 -110 -197 332 321 323 -184 -842 869 -166 296 50 352 -548 284 -355 531 570 -685 -50 -328 -61 -556 601 209 -87 1095 634 805 -335 -132 993 -278 -473 -81 153 448 74 813 848 853 231 1209 -181 -1005 491 795 189 589 -251 -679 353 -736 979 -145 449 -888 408 -106 117 522 174 464 662 -297 31 72 -277 497 -841 328 -709 -18 -657 -94 -891 140 -356 -234 ]
[-7 647 -147 -809 334 -976 -208 -224 42 5 -104 733 313 -112 -584 479 1378 -532 -388 -464 980 -706 -974 413 -266 -181 298 -42 -185 913 300 -167 547 949 285 248 291 -628 521 568 1155 -333 -173 85 -397 451 -514 432 -1002 607 -365 655 434 -1002 200 -1320 -719 -186 386 741 393 127 -606 914 653 -30 220 -154 -138 -1377 219 365 823 962 -204 -442 30 -846 28 90 -657 286 -486 26 6 -340 -29 -241 332 -410 116 -408 -496 -543 23 -736 516 201 294 -403 386 242 -175 891 596 497 494 414 -85 350 ]
[200 -581 -804 599 371 597 390 -255 -745 -68 711 -374 -375 422 353 -463 -92 1 373 -42 -203 22 62 -174 203 -625 152 -176 166 -786 109 -339 -936 -238 -255 918 353 -310 -219 292 -526 373 -681 416 86 -1093 -117 362 1084 -343 -34 -209 -1032 255 529 429 150 -365 647 -404 -118 -786 150 -333 -237 -489 224 500 867 782 -1082 1492 -370 372 1382 -504 235 -111 -586 -1103 -753 -1023 -1072 -495 18 122 199 286 -114 130 480 45 -150 187 -557 -280 702 -377 -179 1075 -248 61 -1164 65 -85 142 -302 36 -1119 945 ]
[2 463 -753 -243 912 -26 -106 54 -946 803 32 745 -644 355 -641 375 250 545 418 -260 1113 247 -1208 157 -495 -198 916 -38 -678 303 370 245 -65 1136 -377 196 147 -90 -10 725 40 -434 -434 201 710 82 374 537 797 -629 -244 103 -477 247 219 -590 554 165 810 49 786 -668 46 791 112 477 58 -396 -1330 -364 -88 568 209 233 -114 -1229 -73 -79 711 -786 -97 -992 453 -848 -75 -969 -491 -39 612 -746 483 -304 -137 -500 -209 453 50 282 -830 564 -780 -188 -564 223 235 -371 -784 -36 76 -128 ]
[-567 474 534 -664 149 -667 -301 114 -325 -297 213 -929 -859 317 -401 -706 -260 -439 -653 -138 293 82 -402 1041 372 144 -74 -653 242 603 -574 -691 -1208 760 -505 515 -650 -380 97 -1040 -681 256 -863 214 72 -89 368 -273 477 -1284 995 -670 -450 -655 429 44 -316 493 -429 96 433 287 113 -908 -526 163 -115 -847 -74 206 263 -541 918 -122 45 -50 215 -186 776 -86 629 412 227 152 -45 -91 -563 -103 439 623 -75 120 -292 -641 182 372 134 -10 296 336 709 235 480 612 369 -511 120 460 -310 86 ]
[-378 -82 -404 107 193 -308 -131 19 357 261 -623 293 -155 798 -359 128 733 -808 -590 254 214 -129 -540 -109 141 -593 627 36 362 -431 263 -738 -72 268 -259 303 -630 -84 244 922 1069 -402 -728 -352 488 -269 -446 -324 -141 -738 -1027 31 254 1125 -6 -921 317 178 -249 18 149 -149 737 1114 -998 41 -710 -110 1364 85 -553 -67 365 270 60 -983 112 -674 298 410 696 261 -887 -945 -914 592 476 -296 59 -437 -1 -420 -849 316 280 -944 33 -205 -152 -46 -455 828 -555 541 873 329 150 1118 -498 513 ]
[-391 -1089 -100 130 657 -138 -129 -735 73 -192 -372 -1246 -65 -1021 31 -79 331 -372 -476 -84 762 828 469 887 -497 199 -409 -397 -315 467 124 -276 -723 349 129 -70 -210 36 266 632 -417 -870 -274 -94 -5 -475 -332 886 -798 322 77 334 -353 -301 216 -715 524 -800 79 -877 316 59 -99 423 567 306 494 358 -168 -43 -546 264 932 515 204 901 -228 -48 -230 -348 -76 65 663 -479 -230 241 -863 -799 -801 349 408 582 84 -244 -896 -428 -254 -598 170 537 520 -239 217 233 -396 -245 313 -247 568 353 ]
[419 -1038 -1067 371 251 971 -466 -876 -272 -345 -100 -35 604 -802 443 -1188 94 -308 389 -487 -339 -1041 288 -318 -149 372 111 -49 316 -792 -390 259 -395 196 73 673 340 118 -416 15 -262 869 1097 402 266 263 -332 39 229 874 628 -891 -377 76 724 -133 224 -49 769 -441 -235 69 439 -329 622 -194 309 468 434 -114 408 799 -619 984 622 174 279 9 -283 -229 -274 28 996 805 860 432 48 -444 606 458 -158 -35 698 41 -36 -123 -103 -346 251 -382 201 -248 -601 -73 -627 412 228 24 63 377 ]
[-360 301 -24 548 -231 -1016 -178 485 -850 70 -544 160 -331 -68 1456 270 -1055 -223 -463 26 -118 448 24 369 122 861 -289 282 431 415 -185 -582 -387 -56 -268 230 161 -198 368 -131 56 -216 1207 1108 256 1213 813 86 265 -509 88 594 484 -1147 -743 -169 -179 1069 187 -273 -199 344 44 -827 529 -665 210 223 -325 703 236 -41 608 203 -1359 433 -436 457 258 -78 344 295 786 -507 385 -377 404 13 -244 1221 -960 -417 -306 -491 -477 321 -410 -737 -533 290 -946 263 532 589 -338 -668 -250 -198 718 -608 ]
[270 12 -152 -376 -345 198 55 1330 -509 -146 -524 673 794 733 -245 240 673 124 402 497 -430 -289 293 -816 83 -394 -232 943 -691 612 317 1010 1034 -556 1141 -674 405 290 -298 -236 1309 123 71 -583 46 -178 -324 -666 475 511 -314 -727 177 -154 -78 246 421 -380 -763 880 134 -407 93 619 -75 -77 1198 475 -381 -666 -165 -386 -105 237 -348 -508 -355 594 346 284 -75 -85 1161 -77 -140 -755 30 1126 440 254 -299 -589 242 486 544 -53 -1036 86 681 -254 217 -156 464 891 552 252 -458 319 161 -60 ]
[59 191 330 149 397 -24 95 -623 -816 -486 49 -912 -472 159 -176 -182 141 20 607 -857 -896 175 105 -1051 520 643 -476 201 685 51 -736 283 284 -586 677 174 498 -38 -615 -593 -364 -653 -688 721 -36 495 48 -446 -247 -1027 503 -638 454 1261 -457 857 -73 508 291 175 545 672 845 -254 -156 -388 99 -257 95 664 92 -94 -741 -255 53 -208 92 152 491 431 405 -310 293 1072 147 -143 1074 28 -424 702 -51 647 -621 876 -670 15 882 -697 105 -129 -694 167 7 -276 881 256 491 -613 -139 122 ]
[-294 -131 -733 31 -593 -709 -152 -276 288 -119 581 64 361 320 135 -290 875 434 -68 -452 -4 752 -242 201 -915 174 316 -193 302 -513 414 561 -437 589 1096 -337 -659 56 -303 801 27 9 -278 253 736 888 665 -411 -701 931 -363 505 420 -123 -366 -582 840 -847 -128 395 48 126 -794 -42 -47 -649 304 -133 -740 -241 -495 -1076 446 -103 277 -182 -418 -98 -491 574 340 150 204 -516 -266 -255 -930 -774 421 253 59 -173 149 904 -722 150 -487 -14 -167 -979 141 -212 1408 176 304 345 982 467 549 -478 ]
[115 150 331 22 -154 199 -164 -33 799 696 99 -1044 281 -21 430 -26 104 431 273 -188 472 -509 237 713 -604 182 392 8 48 182 -363 812 -134 -360 856 645 245 -30 -789 8 -816 526 -94 308 -35 -344 321 -169 320 169 -121 586 -703 -569 543 -332 -695 458 74 -130 -529 507 -709 -51 -255 -273 1660 -1053 -484 -232 29 -89 -310 948 -618 -422 848 610 -94 -342 -954 -117 1166 -81 -467 -353 363 -209 376 378 -144 20 -9 -637 -393 -28 64 -95 318 975 387 -886 116 -451 -97 261 503 -388 -495 -114 ]
[485 223 -537 1051 -1 -74 134 -487 -418 706 -110 581 335 401 -868 -338 1007 161 -110 -579 -638 -389 -508 -581 121 -624 1192 358 -648 -193 568 414 650 320 163 451 56 -505 -897 463 938 330 -103 624 185 62 912 -266 488 -638 -1161 -146 -675 251 -1 -360 178 1211 604 611 613 510 968 592 -604 -203 586 577 312 -387 187 308 -195 332 -210 -602 135 33 178 412 285 -39 -305 -609 141 -393 344 -309 229 -351 -227 -256 789 290 614 -504 488 -736 -151 -116 -410 -535 150 881 733 519 -58 432 98 -110 ]
[9 303 72 131 617 356 239 -700 705 -394 -854 201 86 -376 230 637 -1483 413 403 874 -350 -418 9 -67 520 -141 303 -345 -333 3 205 -455 424 -135 -329 -1027 188 661 -237 497 86 519 1295 -725 298 -463 -562 523 -64 463 15 517 313 -627 -55 1035 -165 91 241 -718 -972 74 332 36 649 879 -549 368 179 -165 -305 448 310 397 -1251 502 -25 176 -785 -67 -370 715 681 -904 907 575 196 -579 -451 -586 -670 683 14 -49 580 -407 -414 -430 113 309 -192 13 146 -262 -278 -14 -859 233 857 413 ]
[-78 -458 259 -446 -55 -376 255 -814 -95 448 133 -570 -485 -283 -353 -915 530 -297 1008 -83 -775 74 347 506 -260 283 209 -332 929 -1074 589 480 -902 -342 -275 842 -390 -557 -339 299 -597 865 -265 -188 317 411 256 588 -125 402 -311 -332 -805 -168 -975 418 241 404 -344 -586 761 296 146 -365 705 -435 -463 -66 415 1150 121 -611 -313 -208 524 540 241 974 219 -1038 361 45 467 72 677 -315 -290 -882 -134 772 -538 -492 1048 -85 116 316 292 -391 -142 107 203 -784 678 153 -748 -154 617 167 1098 -19 ]
[-60 925 886 91 550 -692 67 -659 399 415 678 -882 -300 26 -1133 -333 449 1138 65 232 576 351 -175 -446 -189 -134 132 -530 -653 -14 -30 148 582 142 -47 263 505 -591 -201 741 -477 15 -1222 -56 -690 -308 270 361 -436 352 -209 207 -1248 -795 -404 -301 -469 -28 -275 -514 -293 115 -496 21 502 205 71 495 -336 140 96 246 294 -583 922 176 -102 519 645 -753 244 -745 -111 95 34 -228 63 -400 -329 -568 585 -493 268 -81 -181 1031 788 305 -440 609 845 -212 -840 595 56 284 608 606 -430 300 ]
[-727 224 -118 -776 491 -95 706 -1203 -747 -665 808 -190 -1425 -790 -778 -912 6 -413 -156 -927 1126 1129 177 -238 270 -140 -259 350 -934 247 -1709 58 232 119 -403 -567 -152 -742 -17 -5 419 -447 -648 119 -231 -98 1524 370 159 -556 -271 -85 -344 21 157 -726 -318 885 -17 150 862 177 -574 -16 -1038 1218 283 -329 -537 -526 -17 -152 546 237 346 -291 -810 -412 601 139 36 -725 191 149 212 -353 126 -115 671 -313 131 277 -534 130 497 559 494 -281 -305 277 231 -232 -107 964 657 -247 425 636 637 273 ]
[16 -715 -138 105 -799 179 -163 406 249 33 175 738 645 405 676 -188 699 -568 323 -544 -240 -575 616 111 -492 -404 -640 282 -788 -130 -504 195 1 -533 391 -1107 188 237 518 84 109 83 811 -162 437 -314 87 153 -433 1675 -846 587 916 -253 -9 -862 -223 -1509 -765 296 34 -31 -738 678 -176 -165 544 371 -600 -951 336 -1201 32 882 409 -768 384 85 -51 292 -391 532 -364 190 -61 -343 191 -581 -18 761 69 -206 -547 294 -174 -489 -979 -375 463 -688 -104 -168 624 -617 67 -104 1024 -579 706 75 ]
[30 -427 -291 90 -990 1265 475 1401 -398 -434 644 -528 462 733 21 -404 68 -143 -479 -11 -244 368 -214 400 -291 -97 -270 127 171 -711 -1154 -937 -774 416 -898 -362 -873 739 -31 288 -287 284 1147 -331 -712 -67 407 -210 806 -653 158 -893 -747 -800 472 -205 506 -870 -86 1027 -480 160 -386 -484 -368 -779 226 -850 -233 -373 35 -671 239 -196 408 -381 21 -1035 445 -182 972 591 -192 13 -51 -119 -255 500 945 920 680 744 -701 555 222 -617 -1372 -148 255 40 -188 524 -624 145 128 -100 -24 129 -1474 461 ]
[-407 265 -694 -488 76 265 227 433 1404 254 -185 175 479 -419 -331 236 565 -854 -599 -140 641 -755 -360 346 -413 -483 663 -843 161 919 1013 -201 247 95 -1 503 424 464 -162 -362 -92 250 189 -300 -781 -1038 -1025 503 -201 -244 -228 -213 -201 -654 208 426 -487 -61 337 330 -297 -287 -174 232 -36 -66 -233 -139 577 -841 567 863 800 1279 -755 -324 1106 31 466 -60 -203 -207 673 -221 -379 343 477 -413 425 120 -461 -383 428 -504 286 -894 -248 209 797 533 381 451 -47 -418 -40 909 -227 829 -350 -337 ]
]
