[[398 305 268 -125 -96 -214 -284 108 -37 2 -402 -228 243 33 76 265 3 -558 -323 -552 419 408 -217 -2 -440 -375 153 -108 -79 -80 299 81 -385 80 53 294 170 -380 -164 -172 ]
[-169 341 -487 50 -116 66 -170 217 236 -72 296 469 178 1 -61 26 107 -593 558 -125 -111 -111 -184 -141 228 490 357 -535 -206 85 29 216 490 265 -12 -250 -306 291 46 -180 ]
[150 585 -446 422 297 -473 319 -104 -221 78 275 551 -316 151 -150 79 -40 -172 139 63 193 114 -223 -128 655 222 -233 -164 19 386 181 -264 169 99 -380 31 -66 289 -139 -144 ]
[138 284 -724 -287 219 326 120 12 -60 108 -34 384 79 437 -15 542 -43 -204 167 371 166 -440 -226 109 503 -88 -119 22 68 434 406 -283 -114 -82 374 -32 -104 389 -394 -17 ]
[-195 238 132 -291 -383 257 -16 319 468 -112 1 -107 98 -361 123 -694 -26 198 13 323 145 244 576 -180 -590 -298 -181 -235 -16 -415 -497 378 232 418 -206 258 51 79 184 28 ]
[-407 -513 388 506 35 -238 -293 -463 -585 -130 142 -546 -180 -175 109 149 -26 39 81 -62 -48 -214 316 -135 535 206 -306 -551 -223 -125 -136 -177 111 344 -160 -104 -65 -143 45 -256 ]
[214 197 -864 -224 -8 -138 -107 235 63 223 -2 351 -279 370 -82 -317 -369 -325 342 60 144 530 -222 17 -98 -70 221 255 -19 259 539 84 -370 -22 642 -26 -8 139 96 -457 ]
[477 521 725 388 -397 -514 -223 -91 -13 -115 268 -357 -8 -122 199 414 -117 -30 -211 -80 -68 -48 215 -52 60 89 -142 -376 -325 30 56 -409 27 -322 -483 420 252 -926 -32 165 ]
[-249 664 59 493 17 -296 -116 519 64 125 73 308 -562 -176 32 353 -42 -470 320 -28 -632 -103 -539 -57 54 489 63 58 -47 309 -187 82 252 -118 -397 -188 267 -303 55 425 ]
[110 -47 594 -432 -30 643 163 -326 -503 -331 -268 -155 560 -139 255 436 -126 106 -516 -589 766 -367 256 205 -413 -424 -157 283 28 57 -317 -379 -27 275 495 163 209 -34 -379 20 ]
[-244 -155 -285 -323 256 471 -75 308 -112 172 -458 -35 -325 -232 90 350 -81 -262 -521 406 382 -300 -337 104 -93 -337 -4 -173 242 -21 -2 -287 617 4 -387 44 51 398 100 -60 ]
[439 -109 -50 -193 -136 190 39 -480 -60 676 103 -47 -180 100 -316 -152 240 68 -185 146 -547 -289 -477 256 -34 -386 -68 536 -265 118 21 209 -840 -289 484 -41 -331 -153 -87 319 ]
[-63 -478 -51 -290 411 -78 65 -641 -262 795 -609 -196 -568 172 -230 -576 332 104 -65 355 302 -199 -179 288 308 -163 -137 -33 -56 23 -22 -235 -286 -94 159 372 70 365 57 -229 ]
[119 18 -463 81 163 -566 411 231 321 -201 -107 1059 -160 142 -78 -539 253 293 500 364 377 408 -200 -39 537 755 222 29 189 -73 -244 670 -26 437 80 11 -34 425 -152 158 ]
[271 -200 -359 142 -102 -41 11 475 198 -193 191 436 271 237 253 204 223 -415 -90 -105 -123 293 557 -146 -125 447 201 444 100 24 251 492 -384 302 887 -171 273 -164 -51 -325 ]
[-122 -92 -96 257 157 -242 -73 152 -150 366 -492 180 -205 -296 -332 326 155 -632 241 586 -540 -617 375 -50 734 -17 -458 -408 340 617 310 -209 71 183 -272 -112 131 379 -87 -288 ]
[-511 107 675 -321 -70 -698 29 657 216 -16 -575 -624 -280 -245 -373 -458 193 331 582 -23 20 509 174 -238 -304 -650 26 52 436 -122 280 520 -91 291 60 135 381 -24 56 -59 ]
[68 68 82 58 -154 213 -232 -444 -307 -125 170 -441 -77 299 -140 202 670 8 150 79 -322 -205 -188 371 468 -101 71 90 -156 -724 -103 395 45 -270 100 -181 -626 106 -331 199 ]
[73 -322 -435 419 -178 -66 -328 29 -225 355 -114 -200 -392 115 -84 482 194 218 152 126 145 -124 -704 -257 661 -218 -23 -259 -63 617 259 101 -153 650 195 134 54 -305 -236 -57 ]
[97 -916 2 337 174 236 -388 253 435 -120 -444 -67 548 118 74 -20 -106 170 -546 -146 753 263 296 29 -339 -126 193 61 67 -191 408 -1 -23 -36 -25 347 -12 -730 352 -160 ]
[107 -158 -328 -345 -330 811 -473 277 82 10 -392 497 240 -579 -137 34 -569 73 -573 -447 339 159 -152 -141 -444 304 381 83 378 195 -131 396 125 159 -82 -327 232 -54 -5 75 ]
[588 182 255 -219 305 -104 694 130 -289 591 -38 683 51 150 187 304 481 371 -488 111 241 -122 -341 351 332 -324 293 50 114 611 -390 -143 307 300 378 249 78 392 -89 277 ]
[-317 -329 -618 14 54 17 1 -350 -231 -538 58 -377 -301 -112 95 -515 140 582 157 -217 -16 514 -15 351 -63 532 423 137 -121 -256 10 -118 56 -369 -297 -263 -6 -46 -71 -528 ]
[332 -464 3 3 -700 751 -375 -191 -104 141 -186 -440 72 -262 131 602 -358 -178 -594 726 -216 -365 470 65 -7 -365 -659 537 -76 -11 -120 -408 203 -22 -152 -74 409 330 -519 -388 ]
[291 478 -23 414 -74 -610 -111 758 -233 -189 31 75 84 29 -479 648 88 -319 -124 -385 171 333 496 190 -416 45 376 437 -232 -28 195 -174 349 -58 -284 70 113 -181 -81 -408 ]
[-4 -216 -223 -347 -535 -282 -124 713 -157 72 205 375 -425 -129 -10 -571 406 -23 283 534 -369 17 435 239 -699 178 -11 329 214 13 -283 369 359 720 254 -272 -133 405 268 48 ]
[-218 374 154 66 703 -656 244 -320 181 382 -55 80 -105 -66 -748 -236 -261 608 51 11 -447 -94 -391 -327 461 66 -176 661 194 299 -63 412 -229 -197 -282 -32 -393 238 345 347 ]
[113 273 -527 -150 262 587 -95 -725 -156 -127 326 -48 -480 173 190 -145 -732 134 245 117 -832 -72 -592 102 -95 157 87 1023 273 -324 39 -172 -37 -395 415 -56 257 173 68 140 ]
[134 -248 154 479 -259 -934 -227 -269 227 365 224 352 -685 -59 -207 -535 -556 -415 250 238 -375 -119 -519 334 313 177 -97 112 95 -98 141 47 -19 -185 -480 -143 169 -618 -116 624 ]
[461 695 447 -458 -403 158 -132 -160 4 36 71 746 603 -134 290 302 625 -187 -111 64 498 69 142 130 340 -167 71 -97 -109 142 139 -214 39 918 285 379 -283 -201 -244 -195 ]
[19 166 -258 6 -497 -208 138 -227 -322 30 -235 -235 -463 98 121 -474 -148 -858 158 283 7 -84 955 -151 -296 206 -33 -721 -15 -111 59 -295 371 -310 -18 283 -26 -325 -59 -493 ]
[-976 146 244 334 689 215 -38 392 509 -387 -11 195 777 -10 430 -287 251 -530 478 -160 -341 -18 -108 111 -178 -222 152 -630 -262 -323 -264 520 -194 -197 -320 250 429 63 148 640 ]
[64 -132 294 500 81 337 -24 97 -77 124 -190 -650 -144 -417 465 811 -324 -230 -247 203 225 -138 -434 -32 -286 100 124 193 -388 -516 66 35 -390 -297 -453 -82 -88 -343 9 41 ]
[113 478 -653 -420 109 318 115 105 166 -149 -219 -634 -307 18 -346 -36 128 885 37 355 -70 164 101 100 277 -500 -841 546 63 -319 622 -189 133 -295 79 261 -268 -66 28 144 ]
[275 -453 -392 -407 388 -137 196 136 243 -398 -231 173 -150 782 111 -134 611 -417 525 -675 453 299 -430 -114 355 24 627 -58 415 101 480 -108 43 416 401 341 -111 -78 -393 -727 ]
[-56 538 95 -359 -39 128 19 322 -8 222 926 194 375 -151 -262 298 -230 -300 386 156 208 -290 185 -211 402 -48 -406 -161 -243 -418 -208 331 116 579 -162 99 -143 11 284 124 ]
[197 299 -580 120 127 419 337 -40 558 124 490 531 271 685 -7 60 388 154 82 259 -39 123 169 429 576 -72 121 -133 246 256 -35 195 -96 686 -720 -152 -446 1049 -666 363 ]
[-354 -174 56 784 40 144 183 216 552 113 315 -575 324 225 63 116 -481 -88 444 -70 -72 -6 21 -290 805 160 -646 -308 236 149 299 -143 -338 43 -402 206 15 -82 -110 -347 ]
[-309 691 -211 -213 -460 -529 501 420 538 -419 91 199 -246 196 185 104 -75 -1 8 60 -417 -351 -735 -172 149 -268 72 -103 -119 110 378 -130 384 -118 -482 321 95 -52 15 496 ]
[-839 -102 164 128 -5 397 -437 466 -412 -514 145 -54 643 54 -403 -461 -244 -362 664 -105 49 210 824 -387 64 300 -64 -273 28 -42 -345 347 104 205 -406 -742 -344 247 -264 213 ]
]
