[[207 -258 121 94 -26 -59 314 390 -311 -158 -60 -143 406 167 72 17 -429 -482 -170 -186 -4 516 430 289 -28 -74 445 170 -30 -416 -578 234 -210 -43 175 -79 120 -303 -152 63 545 476 -446 -172 -275 -424 60 -155 470 132 ]
[181 -412 -8 347 -368 116 -95 -370 339 426 -19 -130 61 226 -207 54 431 567 -47 86 -277 -271 213 -607 415 91 88 -92 501 -244 373 390 333 178 -52 -40 -286 9 -142 -464 -179 386 410 94 167 -64 221 297 -564 -60 ]
[-178 134 191 8 477 433 -301 -163 -260 83 182 708 -386 -351 -32 -148 836 -189 348 -10 8 181 -130 -193 -326 313 -171 40 -347 301 272 -84 -144 -365 -21 -340 -173 144 514 174 -471 -79 -14 -544 -55 180 262 21 392 -112 ]
[-468 48 -50 -224 -299 -265 -122 -261 344 684 146 -647 407 -531 98 -232 -223 253 161 273 -264 -390 -453 -258 -145 -118 100 -180 10 -55 -357 334 -188 387 3 -124 -92 -4 -465 229 197 -85 -112 202 486 48 -366 270 -165 294 ]
[-6 642 2 -358 -270 -343 -80 -4 81 182 -250 -430 422 79 534 -102 -837 208 162 8 -25 5 -116 319 82 -220 475 398 -201 69 -482 153 -153 -125 -252 209 -170 -486 49 760 487 215 -488 -353 203 262 127 322 -5 -11 ]
[606 118 -46 76 62 24 157 22 -371 -203 -21 -168 -580 -174 -160 197 -203 361 -316 -334 436 -235 4 -98 -400 -69 -577 106 514 219 313 -373 -261 -191 199 -32 37 813 180 -458 -140 -108 172 15 -119 474 -384 -213 -431 40 ]
[105 -102 -37 -77 -165 135 242 276 75 -82 -266 421 333 -137 310 264 -91 -45 699 97 -735 176 249 36 543 481 494 17 307 191 50 190 458 -135 -371 59 -233 -493 354 -145 -104 351 177 294 -282 -38 274 318 32 -386 ]
[61 -241 -114 529 -428 103 -335 -562 165 480 -23 -530 -91 -62 -138 -332 282 -194 -230 -11 522 -216 157 -495 -414 -350 49 -459 -20 -327 353 613 -315 241 121 -156 -31 112 -43 -473 137 -51 189 232 -74 342 -416 -91 274 -142 ]
[-203 79 -260 -235 283 424 -244 -87 -340 139 168 310 -392 -542 330 77 -209 -12 247 -128 -261 -454 542 -64 -83 790 -271 89 -5 485 -319 -110 -97 -126 143 -330 -401 153 -15 44 -362 219 362 -649 452 87 -148 -119 -9 59 ]
[-378 579 92 -200 -174 30 112 64 -70 315 -223 18 707 -405 349 -300 221 212 83 -50 -825 290 -321 122 36 -206 446 -288 -68 260 322 -104 -32 -409 -90 -304 -314 -59 518 366 56 -226 -360 622 170 104 -38 349 642 218 ]
[123 294 316 -76 71 -322 37 22 -523 -443 -370 200 -482 -253 71 301 -424 13 264 -34 838 335 -349 350 -379 167 -528 301 39 327 199 297 -33 -397 149 69 -163 -312 574 -276 -455 298 139 -463 -797 385 -72 -83 252 -371 ]
[-566 233 172 -480 141 104 -258 45 -189 -203 -237 -43 355 122 263 109 468 76 100 107 125 249 -576 386 -46 114 284 -265 -789 -255 212 156 -425 -846 165 -366 230 -122 -108 542 -223 43 -304 -101 107 -107 367 338 226 290 ]
[202 -443 -202 422 95 -82 -84 70 364 -258 30 147 53 426 13 -14 -642 394 -188 -173 -339 320 245 200 -315 -135 420 -484 455 7 -214 -12 -36 625 -330 172 258 40 231 -493 450 -222 49 605 -287 -20 -83 -402 187 174 ]
[-174 244 418 75 -295 -174 -655 -426 207 469 144 21 -81 126 -143 -174 -649 593 -392 177 45 213 -614 -77 219 -451 -257 -96 260 -160 -54 -427 -9 319 -354 -199 146 -291 -13 71 -80 -188 -256 399 -36 -221 47 26 186 502 ]
[-468 71 -634 -219 -157 -56 12 3 -272 -88 510 -447 78 -619 215 513 -667 -321 428 300 -189 -72 -28 -18 -180 329 -421 -423 164 101 -420 -237 -30 515 -50 -682 735 -145 -483 -119 -189 51 -85 186 -34 -139 -136 -202 22 181 ]
[68 -366 186 343 105 316 118 -372 127 221 -401 -229 -71 440 -435 461 -37 256 200 662 485 106 -182 -77 425 -326 357 14 136 -494 204 -289 83 17 -517 147 333 261 -326 -165 -48 -343 75 415 -363 -49 136 119 -43 253 ]
[-251 170 -126 -73 -333 -97 -11 57 647 147 485 -373 -28 -19 8 -144 428 -221 22 48 -597 -612 -342 44 552 -137 13 -36 -532 -191 -120 -9 199 43 -437 -152 57 -386 -399 388 129 -25 -401 677 471 91 -642 410 -785 -116 ]
[198 613 314 -358 -788 -591 -186 -578 151 401 465 -175 214 298 -168 -100 508 577 -46 -138 -239 -66 -344 -317 115 -525 -427 221 467 -282 263 -117 -282 -6 364 200 -145 160 -232 31 102 262 22 -123 5 132 505 208 -122 -63 ]
[-163 -508 247 648 -375 178 523 -64 -238 252 -491 314 224 322 -382 -80 149 92 -580 27 280 328 -78 105 540 -359 346 -148 529 -268 145 -133 456 221 176 294 -78 37 279 -409 443 -367 -226 287 -264 -47 -140 117 -142 476 ]
[-258 -326 109 67 -604 -550 66 -869 97 340 -157 -131 622 412 -512 328 149 -179 160 320 637 116 -445 -168 48 -713 334 13 203 -445 19 229 -7 930 0 -24 494 -380 82 -518 96 166 126 -88 -386 -41 15 -155 77 269 ]
[384 -323 236 -167 397 -578 116 182 200 -260 -209 136 353 -774 190 12 -13 -612 300 58 -348 -418 -240 198 -10 69 -298 353 -265 412 -290 -434 246 347 215 505 2 88 -562 -301 -247 -451 811 329 90 -107 -468 -448 -55 -547 ]
[449 -393 79 580 456 -166 211 -124 208 -363 -569 92 65 -154 -418 331 832 -415 323 77 81 -87 -408 -365 253 -57 -149 63 -10 168 249 362 259 106 -217 -72 147 -236 312 -669 -37 100 280 -228 9 157 -72 4 351 -249 ]
[-276 301 238 130 -141 -36 -715 135 328 -387 208 585 -961 -32 365 -67 -92 198 293 52 -235 -180 -205 314 -146 -105 -436 -432 -433 514 174 367 -72 128 -117 375 -540 -112 356 174 -77 270 380 -4 240 260 -96 149 449 -167 ]
[298 111 -25 -58 -905 -231 -165 -223 52 290 -148 -208 739 -173 199 -224 -122 505 -49 -342 -590 42 51 30 162 7 200 -236 703 -37 -519 127 -496 716 -492 -622 -95 -647 226 -753 133 -130 10 621 -96 -34 -138 -165 500 215 ]
[-894 -127 -92 -166 -82 -402 -358 -290 294 468 536 577 -164 -383 -424 -588 190 403 56 335 83 41 -184 54 50 683 -277 -140 286 -44 -453 504 -351 938 321 214 -109 26 -151 -71 -696 -207 216 -561 68 -89 509 -86 64 -57 ]
[165 -50 300 53 35 -119 -546 -586 -273 302 -98 88 265 -351 102 -419 -382 27 -81 -596 220 25 23 74 -490 139 157 -154 -407 383 -497 281 -148 -291 144 162 -269 -572 564 -249 682 557 -680 -391 168 555 -685 -295 222 426 ]
[333 298 189 9 -78 -469 112 714 406 -75 23 -89 472 -394 106 -305 610 -490 735 293 -293 -83 -104 -446 118 -567 -302 -14 -337 101 100 -47 186 253 -273 192 142 -673 271 -26 182 155 -35 190 235 -484 137 -106 -84 -134 ]
[-99 294 416 -344 -52 -34 3 456 96 -336 106 647 263 90 208 -299 166 -118 144 46 -243 -235 -316 30 464 741 -180 59 422 -245 -191 -129 -131 -358 -271 89 7 114 121 -125 -110 -425 253 372 231 -589 281 26 -128 -493 ]
[48 -563 654 258 621 55 44 -240 307 440 -303 359 513 -567 -78 -370 -170 -89 -429 350 223 46 38 -141 -336 -103 284 264 294 -213 -302 -352 -146 -121 -81 -2 767 510 142 -333 -367 -167 289 143 89 -300 -52 -251 23 168 ]
[-454 -13 519 31 -207 80 223 -4 -574 354 -271 -480 185 -569 30 239 53 -73 -143 -145 174 -86 -50 363 309 281 114 -296 -21 -334 -302 255 29 76 1 48 -492 -292 -607 -322 575 -422 -532 -54 152 -379 -639 -51 373 266 ]
[549 -127 95 121 -364 -221 368 312 -614 -221 130 -155 393 -28 -359 -122 -188 -118 -142 -250 -601 921 81 108 -487 -503 -156 -354 -117 337 -36 -319 -23 309 522 251 -406 368 262 -512 309 123 41 281 -1014 9 29 -273 326 -45 ]
[84 -679 244 368 227 -342 -213 59 -352 154 -311 477 46 20 -107 201 270 78 -121 61 -94 529 342 527 401 71 231 218 -64 267 -565 -197 -265 346 139 -536 -762 -93 -164 110 -72 604 149 -384 184 -6 174 -185 1065 621 ]
[300 -144 -282 8 21 443 -1 -201 324 -168 285 352 14 805 -476 -290 310 -213 -191 -214 492 -669 38 95 402 -509 -137 -106 -45 -57 -23 123 -554 -95 -145 298 577 -142 297 -431 195 -245 159 332 214 170 29 -286 -147 25 ]
[-104 -566 186 -338 307 -238 439 147 90 -478 300 444 -206 218 -194 -118 755 -359 -260 -166 262 328 -307 468 -343 -428 -74 518 -442 -91 -252 719 -167 -256 189 -278 -24 -211 -279 -19 -538 -43 -249 343 -835 -492 8 -436 137 -81 ]
[-1093 -447 334 -160 773 55 80 96 691 -245 432 9 356 375 -353 30 463 325 220 -358 -609 -71 -388 -111 -156 -15 -287 -753 8 -613 -66 831 -104 123 356 -278 81 -476 -125 -419 330 437 -146 -133 -124 -850 -219 113 -197 110 ]
[417 -326 -106 241 -132 53 -496 -56 -107 -612 123 -389 -237 336 92 -62 49 -88 314 -5 450 119 754 -50 -538 680 -310 -726 402 -275 -242 400 -357 -198 180 -527 6 71 165 -795 -193 761 573 -281 -305 -133 -171 264 133 -123 ]
[112 -158 157 143 -274 -456 -356 49 -389 484 412 -144 456 -114 -207 -43 64 169 -218 -349 -387 418 -239 -18 -827 317 -505 48 451 101 25 252 -746 -310 470 -535 -63 -148 165 -287 242 195 -262 379 -511 249 461 -33 771 230 ]
[-168 517 -124 -498 -804 -74 273 -70 293 367 220 -386 260 44 32 127 311 191 423 341 -6 100 -542 -575 268 -83 57 110 621 64 109 110 508 -376 181 -277 434 -263 17 -71 428 94 39 54 676 267 99 799 -660 83 ]
[-658 573 31 -387 27 -505 -104 -2 264 228 264 -291 254 290 -29 784 -52 62 -68 -477 -481 -538 -294 620 -88 -16 -486 -178 -139 -111 23 -443 -71 3 386 -578 8 -230 -445 262 42 -8 -37 -153 397 455 -101 -120 -735 147 ]
[180 84 -369 -7 -800 -279 159 -61 168 413 284 40 -213 -238 13 -65 -445 994 -611 235 -428 90 -209 -380 579 -17 -49 92 579 726 -320 167 -117 469 85 -735 -258 -243 438 -35 198 447 -444 26 231 416 224 397 -612 156 ]
[-228 457 -174 -280 -103 -443 -74 -231 405 271 403 161 3 302 184 -184 39 150 371 277 -804 220 -830 -412 -104 31 368 56 -175 76 110 -258 -266 556 242 -193 26 212 -234 857 -571 360 98 26 0 -198 835 -313 -13 -176 ]
[440 86 28 108 -134 210 981 78 -496 -111 -52 -580 195 221 -189 -134 143 415 -194 282 -367 -37 327 396 705 -367 280 92 544 32 133 316 -150 -626 311 628 -178 617 -80 -220 117 644 -658 238 -663 44 -412 246 -518 70 ]
[121 227 -171 -216 -269 399 108 150 -290 34 -145 718 357 168 406 297 58 -63 141 290 -372 111 -32 -110 264 -154 -274 102 -23 99 643 -277 -401 -693 -121 126 194 -117 187 -59 -288 355 582 -72 95 -233 68 -52 479 199 ]
[298 -256 -3 -217 277 -405 -107 36 -178 -141 -591 264 -496 -93 256 -10 72 -143 -697 -579 1422 -234 -146 309 -745 -317 -665 128 -115 683 -194 -51 99 371 -128 567 15 -173 59 -312 -148 -64 412 -57 36 91 -299 -789 -124 -484 ]
[-33 -263 316 226 -110 37 -314 -703 62 801 -379 -13 116 9 -141 -333 325 483 -151 866 491 211 -390 -639 -234 -270 299 -722 266 289 536 404 -363 -293 -307 -68 152 64 167 19 -179 115 202 215 227 -244 86 597 -118 554 ]
[-91 372 103 -223 -172 -321 11 -278 412 -26 123 -355 298 -456 43 453 1131 -479 541 497 -492 52 -532 -150 -56 -433 -44 -111 -276 279 179 284 -244 532 -196 353 375 159 -580 5 -876 -257 210 211 515 151 140 -62 77 -332 ]
[-498 -174 86 204 189 -150 401 637 -127 412 -134 241 -162 -174 -101 135 488 220 185 196 179 -133 -200 332 254 536 -442 -685 71 367 712 78 334 53 -50 480 -394 -449 868 -105 -243 -634 -193 688 -87 -42 -618 -127 -127 -386 ]
[468 421 175 -555 245 30 16 63 -363 -180 -190 444 -692 593 446 -383 -116 380 -67 -181 -295 -130 521 329 -94 130 191 159 -264 -163 362 -244 -292 -571 274 -140 -652 -122 -188 486 -438 114 -115 -502 -74 -5 105 -568 46 301 ]
[-91 414 380 342 -9 -33 -472 -401 -293 257 37 26 842 -104 97 2 -140 538 496 173 -363 330 -499 -337 80 -117 -209 75 33 494 687 47 335 102 -3 -67 -357 -165 632 -213 -226 -19 578 365 -241 319 415 168 -67 394 ]
[-326 -574 -47 -187 243 3 -4 221 587 -301 -180 224 37 -178 -736 142 -17 411 16 588 -164 238 -267 353 475 -254 -666 -208 -130 301 332 -103 411 244 -171 157 352 13 364 -169 -13 264 388 918 -366 -32 -180 -175 8 142 ]
]
