[[-489 322 267 -70 53 439 -89 34 278 -173 -255 -1 -205 -40 -555 -178 47 384 -91 264 -167 283 31 -343 -614 -375 -51 480 -77 482 392 -111 -230 -455 -491 390 -362 142 190 -123 -148 -15 -353 523 -97 -77 210 414 -605 29 -227 -193 -297 136 -416 -23 414 -102 -153 91 ]
[152 102 -91 244 498 539 395 -543 -165 -159 -92 -460 420 -201 -350 76 93 21 124 107 -531 170 143 122 -430 -58 -30 -1 -116 513 705 -479 -135 -68 -757 238 126 151 235 -151 173 324 -167 376 202 526 102 586 -557 117 15 125 -242 -76 120 303 -138 408 161 72 ]
[277 -256 -503 446 -396 131 94 -361 -430 413 157 -112 263 170 -10 -357 265 -94 424 -898 -178 -249 90 619 110 67 159 79 6 28 -16 235 205 107 -45 -239 500 59 -466 80 -142 -411 241 -553 163 420 83 -158 120 -157 400 -100 -387 -442 542 265 -200 511 -89 -511 ]
[-364 220 -256 230 373 109 65 -358 -382 -47 4 -462 393 -127 -93 -226 -111 375 -147 277 17 -60 56 -109 -893 -197 -59 300 347 235 -263 143 -303 -171 44 280 -150 242 481 -65 -8 752 -22 519 156 -395 -146 303 -440 -428 -184 70 337 777 -347 37 -193 198 325 244 ]
[93 -232 338 -623 -446 -504 55 138 285 37 55 237 -292 187 638 215 -333 -257 244 294 420 396 -83 8 495 21 -260 14 -46 -173 82 -32 261 440 -365 66 352 -155 87 -40 709 343 -463 309 -306 64 247 193 383 -67 107 85 116 -80 -12 -364 246 -444 171 774 ]
[-325 -327 -440 5 -187 780 -205 672 227 -169 -123 69 134 66 277 -427 93 570 388 -593 558 252 -186 -358 -432 -433 -16 557 30 371 282 345 175 -63 -144 16 67 30 93 -452 -29 98 67 -337 -424 21 420 245 -103 -220 232 -578 -27 -180 -515 -385 364 -174 36 -69 ]
[144 -485 10 165 536 -3 -185 242 -336 -172 147 -156 637 -75 518 -253 170 -2 63 -339 262 19 -47 -574 661 224 231 -183 890 -126 -974 263 109 89 624 -35 -394 -166 491 213 30 564 814 -169 119 -65 -300 -143 133 -429 41 235 -186 -118 -238 -44 -120 107 184 -190 ]
[697 -669 14 158 41 319 251 -4 -12 -105 82 -56 137 -138 -196 -282 266 -672 10 195 -822 621 320 79 377 66 705 -742 -115 -414 -170 -585 -104 -12 77 -167 81 -157 -191 16 -89 -128 652 218 208 115 -196 -143 -293 10 76 503 -225 -109 90 149 137 157 -200 -500 ]
[304 -409 13 220 -111 916 138 804 -141 485 25 94 419 147 185 -398 -165 50 -188 -240 -42 560 -153 -501 -64 249 99 376 -71 62 -179 -200 -168 -326 -262 20 -453 -105 442 -86 -436 -32 380 -59 -9 -351 -65 91 -427 -231 -204 -268 48 411 -473 -470 305 223 31 -415 ]
[391 -66 286 -215 -350 -295 51 181 -50 -22 377 226 92 446 714 238 111 435 400 -42 772 180 -168 49 930 -64 -502 438 472 329 -572 761 -371 119 314 -136 -45 -98 252 -135 302 443 113 -320 -118 -317 -387 150 182 -5 -124 63 66 14 140 -931 -412 -95 124 3 ]
[17 102 -33 235 393 -418 -76 -474 -239 -149 157 -237 265 144 315 1152 136 -38 84 234 -125 -325 -167 653 812 419 476 -288 182 83 -383 2 -603 -105 -134 -69 84 89 252 622 250 168 -137 -200 145 512 -576 379 196 172 152 138 -284 -692 525 15 -426 150 -270 268 ]
[518 133 330 -76 -174 -306 70 119 -236 -3 80 -350 -7 568 471 606 216 83 187 451 301 -78 -315 310 376 260 -156 173 59 122 74 -108 -194 -398 -341 80 -564 -11 666 395 120 173 -376 519 311 -176 -340 25 24 -533 26 -522 -74 164 -506 -537 314 -389 45 -60 ]
[354 -150 30 271 -321 213 -111 119 296 186 -132 528 225 -84 -594 -672 -480 632 384 12 -101 598 -147 -186 182 138 -118 813 372 574 -192 95 346 -11 -230 242 -81 -245 -198 -217 252 -186 174 244 -410 -60 246 152 -359 203 -550 313 -303 85 -56 -90 -15 578 250 -117 ]
[-232 -215 -179 247 -314 -172 -165 -482 151 -286 -228 -234 627 22 -179 -301 -93 534 359 -137 506 -157 -600 -197 -526 -147 -226 33 442 515 -698 90 428 166 10 -238 -63 -219 189 -41 383 255 40 85 155 363 162 550 367 -627 299 -245 -194 40 -846 104 -115 10 51 39 ]
[-409 -90 -515 285 546 208 -175 -55 -363 -298 166 -549 357 184 519 -328 20 439 206 168 121 113 386 160 167 -1 -283 855 561 535 369 299 129 -233 -276 494 -226 151 703 108 698 247 226 53 264 434 -29 330 -752 -475 -5 -696 -345 41 -36 60 217 676 519 84 ]
[224 157 -10 239 -353 -370 179 -331 -601 680 659 -46 260 761 302 -63 311 -274 39 -278 -55 -189 327 743 236 -17 -846 233 322 -395 73 476 -299 138 199 122 -88 124 440 -28 -199 -207 366 -117 259 -623 -515 -68 -97 -752 708 -474 -44 185 575 -89 98 576 198 -163 ]
[409 -284 220 -441 193 -217 -125 368 221 -601 126 214 319 288 325 -226 -239 -181 341 49 531 -478 -363 19 -70 57 -569 -987 -63 -225 377 -339 550 649 417 -94 -64 -594 245 -459 596 234 109 27 -223 31 138 -143 73 -400 249 -293 -118 -131 -329 -82 -59 145 78 48 ]
[547 -337 -550 -81 410 607 108 270 -391 -330 205 -567 80 74 -100 15 -141 -390 -22 19 517 -164 122 37 -7 332 17 -750 -742 -29 659 -477 963 614 -114 -167 -29 -152 -277 182 284 -318 -519 -537 459 535 46 -319 -129 -4 -165 -146 123 -46 45 194 -122 348 -80 -339 ]
[-335 44 776 146 230 -425 -74 -696 -353 -189 -384 -308 -136 -209 416 524 897 -308 -257 16 97 -87 129 397 886 -55 -283 -226 133 99 -77 -90 -492 -509 162 0 162 -144 214 518 421 38 215 163 -93 499 -98 -55 -76 63 48 -186 -208 -691 425 -185 37 12 -114 4 ]
[504 -69 137 303 74 806 -290 392 120 -137 169 -13 193 491 250 79 163 9 451 -339 -495 275 257 37 279 108 472 354 119 330 464 189 -348 -291 -179 126 -243 493 -310 -281 -434 -42 426 503 499 100 -96 13 -208 -432 97 138 -269 -516 -317 -47 348 -479 -115 -438 ]
[196 434 -301 312 404 650 260 231 -130 -216 216 -483 181 -8 -532 565 125 617 314 396 292 -801 -352 -132 -911 -74 -626 87 -114 112 129 -333 108 369 -570 -27 -690 -56 777 -290 -330 437 -433 332 374 -291 -357 272 219 126 35 -328 519 590 68 -95 -59 193 487 0 ]
[-300 278 -236 -292 800 39 -126 444 -758 203 -38 -14 451 -239 -3 -694 401 80 0 -1028 149 -284 -380 -418 -167 -70 17 -263 246 281 864 267 60 73 5 57 47 303 -400 270 -363 324 271 -540 -334 0 409 -268 94 58 -246 80 -750 -441 284 350 -103 398 -94 -128 ]
[-123 208 -741 212 -199 616 504 46 589 -141 183 101 -746 -103 -521 -116 -158 306 508 119 -709 314 113 -39 -316 -278 -396 664 209 133 316 111 106 -8 -97 -37 274 239 -332 -935 -236 -89 51 -521 -536 120 -23 315 -287 314 757 192 -145 -163 479 -112 -101 249 135 -14 ]
[35 -203 47 -64 -219 416 -155 648 -201 221 598 560 87 462 559 485 -61 2 -343 9 680 903 32 80 -178 -206 82 -230 -486 203 1142 336 -415 488 -375 232 357 46 250 -234 162 295 -179 20 -400 -269 -61 409 -342 86 -88 2 562 -69 -106 -241 -222 -350 -268 487 ]
[-105 30 -447 293 215 -318 270 -102 -205 105 499 -18 -14 35 189 223 -175 9 -95 609 229 321 475 119 -433 -188 716 220 -167 -294 -126 103 318 312 -161 534 428 206 869 112 301 408 -15 -111 209 -454 -423 276 137 -92 282 437 602 608 434 502 199 -144 265 555 ]
[-135 -584 -83 95 -144 -29 -231 -299 -71 -423 -328 -383 -336 -811 26 -23 -196 -371 122 773 -62 28 266 246 263 101 193 -526 -73 -579 -239 -575 371 222 -247 197 351 33 -780 148 226 -365 -361 270 -362 619 11 -615 347 51 -421 218 -19 -69 352 34 278 -29 241 309 ]
[-37 -151 158 430 -425 -157 57 194 -307 420 -139 -9 -270 -488 384 152 -239 -349 -68 433 177 -192 -235 46 -170 338 -117 -356 413 -914 -95 -184 342 -281 199 77 140 -37 39 182 -134 555 73 548 -333 -626 -265 -1091 128 -231 -93 879 597 403 478 205 -78 1 692 129 ]
[354 -35 -304 -353 330 64 340 98 140 250 415 39 225 330 212 200 164 -238 -169 -732 -51 295 -793 -336 681 326 -618 -185 415 682 269 37 -354 517 131 -237 -511 -81 209 -391 237 39 982 -629 -50 429 -46 413 375 95 485 -106 -465 -519 -24 152 -580 -49 -191 242 ]
[719 -165 -212 157 684 52 94 721 -486 -53 375 -73 420 -178 563 163 71 130 426 -72 -22 97 -329 108 743 736 -219 -147 656 195 546 -67 -12 -187 -131 -656 167 67 795 225 606 725 245 249 67 -294 -152 -3 -71 -111 -126 397 121 -188 63 163 -458 413 245 -124 ]
[-94 -419 52 143 383 -125 -254 472 224 -705 212 283 38 371 105 642 454 -128 447 262 -205 -570 -378 157 -604 -157 366 -440 68 35 -73 79 -188 673 114 -289 -406 -252 -79 -323 24 57 160 249 -50 423 -205 319 104 74 466 -565 27 -500 -560 -197 -113 -311 -230 -479 ]
[-175 -90 1108 271 -8 -521 180 113 -24 360 -228 39 132 38 185 -218 516 -408 -657 -238 225 108 462 -507 -24 179 -78 -317 -75 -678 -166 48 521 -524 348 254 -707 -373 767 339 -451 94 339 -422 210 -581 -158 -452 265 -110 196 -198 552 287 -300 358 196 -23 787 -517 ]
[-308 407 587 393 293 -203 -226 -305 -952 62 -259 -66 -3 -379 -194 -551 541 535 108 114 -96 -494 -355 -275 -175 -151 -127 460 564 168 -232 559 85 -36 -168 372 -122 -90 289 341 -77 111 78 470 -14 -44 118 -446 188 355 -659 -220 -225 434 425 238 55 -101 -313 -543 ]
[-628 48 -93 -356 -243 34 129 410 95 157 10 255 -785 204 320 41 -92 -321 -155 -514 -147 349 307 -337 -661 -527 356 717 -422 260 1124 94 582 -148 -461 135 709 339 -779 -156 -811 -261 75 -161 -341 530 432 -204 32 -64 -92 -86 -105 14 -507 -174 378 -866 -244 220 ]
[-149 -140 147 -534 -114 46 -131 632 498 178 253 -7 -462 -34 374 -89 -114 -67 235 -760 99 -311 737 -154 907 298 174 463 145 -23 -282 337 310 -655 -155 -165 200 -37 145 40 151 100 415 -900 303 195 311 -506 -2 69 244 -155 -139 -80 370 -233 52 190 275 -350 ]
[-39 -436 -38 818 223 -207 -197 694 -266 33 206 414 196 698 467 -70 179 77 188 -102 201 -56 284 279 -213 188 -95 -22 424 -594 -274 165 175 -39 642 412 -539 -274 198 317 -237 74 326 433 -382 -374 -219 -697 -30 -726 51 -297 567 -76 -584 -338 -241 -54 511 -42 ]
[18 -59 -317 360 368 511 -312 -1 301 -49 176 270 703 402 -67 -222 -380 201 -148 -621 -112 -206 -145 -116 330 399 599 350 -277 -320 -580 -107 -406 287 204 226 -563 -245 492 -271 -171 -236 528 -665 366 196 -541 938 -166 160 -319 -339 -397 -3 538 -84 -6 567 -160 -231 ]
[-426 161 331 -58 325 -81 -459 -190 456 -585 -230 34 -167 -358 -906 389 -72 -27 121 658 745 -147 -421 -430 302 -371 -822 -210 433 588 183 -152 121 151 -48 693 -618 -258 -448 621 597 -94 -51 775 30 112 -9 -137 -347 26 -430 436 -314 227 -234 11 19 -239 91 19 ]
[407 65 13 677 -229 -313 167 -317 -305 392 164 -44 580 289 -366 219 583 -122 -206 599 -21 167 -232 62 -87 130 156 9 -13 -70 -406 -10 -20 90 180 -508 -167 -40 -222 196 -553 -412 -282 20 328 38 -948 163 102 -495 617 562 -685 -494 -2 93 -50 282 -114 -484 ]
[939 -90 214 -370 532 63 311 69 28 169 90 64 375 -445 -613 -458 -202 -650 237 -467 -615 -149 -28 -316 172 382 276 -684 600 -501 -93 86 278 -288 -107 354 -488 -369 -202 74 -265 -168 -556 -322 4 -167 108 -48 -488 97 36 315 -675 105 -238 230 227 -69 -253 -667 ]
[-773 509 36 -483 -199 235 -368 -791 -18 100 26 -430 -361 48 105 199 167 171 521 61 -281 -536 462 535 -875 -492 173 720 -180 75 -17 188 -438 -118 -529 411 293 468 -383 -442 -411 880 -641 625 -320 392 181 106 -234 -138 -153 -37 46 244 575 -154 -681 -62 -62 599 ]
[-72 -469 -229 -10 -430 1126 176 357 -31 243 -164 -247 -554 84 356 -765 -255 -237 58 -143 -180 353 615 -574 188 -109 -124 522 -275 192 751 -444 344 78 -1050 -120 57 309 -166 -767 -72 -438 -351 513 332 627 200 -56 -730 424 322 82 -354 -219 41 98 459 265 548 -116 ]
[441 249 -589 58 -747 -634 489 -334 -393 618 162 -194 -144 317 -295 567 308 273 116 -342 451 -95 -479 -103 279 -93 -87 264 -42 273 435 799 634 40 -471 -266 116 115 -303 365 229 77 -519 -398 478 21 435 -18 -23 -115 -105 -135 -132 -371 450 -307 147 -211 -16 -285 ]
[61 -570 59 817 -233 -127 -237 -62 -89 -216 -278 272 100 392 -27 137 999 58 476 -349 351 -210 349 -238 -405 -169 914 -381 -498 -125 42 -159 32 -55 -164 319 60 243 -324 -166 -244 -119 -252 -376 -496 254 109 -246 -82 -111 212 -134 -76 -887 -551 -369 -10 -183 -314 -407 ]
[-327 318 -752 -545 261 215 150 0 -549 137 397 -695 264 119 -3 -227 140 382 -147 45 253 -273 188 -238 -691 -453 -174 403 -126 181 73 -7 320 608 -127 -186 753 188 -375 -8 -128 294 -274 -485 -94 136 92 -527 362 -35 -268 -120 41 469 -282 -454 24 358 107 56 ]
[-448 4 -189 336 458 -498 -153 368 -332 -758 -328 -239 444 -139 218 264 8 247 39 684 534 -647 -525 -538 84 215 -104 -252 238 -165 -821 -91 591 262 488 423 -155 -484 -231 624 307 -350 -38 -908 -48 -159 -266 -169 364 -125 -694 -439 214 -133 -184 -163 343 156 -12 -330 ]
[71 -503 -11 436 -584 247 206 -921 -302 -41 -280 -117 -215 -9 -2 -171 28 -74 458 -125 -69 493 -168 -4 -135 99 -127 364 210 332 -643 458 139 -62 -136 293 -38 -345 -400 154 -162 14 7 257 180 197 32 -20 7 -619 -425 564 347 358 -418 69 -84 -798 -196 337 ]
[1 -77 168 303 223 -681 145 -981 282 -311 111 -40 171 550 -797 -12 -114 -135 -121 392 650 504 352 495 41 18 34 -108 479 266 -827 -234 -510 -85 328 432 33 -346 303 167 1052 539 -276 216 -323 -272 -518 1022 -802 -408 46 110 -140 -131 -202 -336 -159 335 -214 1049 ]
[-128 -261 -7 302 -99 -267 81 480 106 -365 -416 305 -702 -155 468 -210 211 108 -3 136 514 -468 -333 -347 -390 -181 -878 190 210 496 -369 148 604 -274 666 -1398 656 -402 -252 -318 -106 -216 498 -534 43 152 245 -61 259 -40 -316 -174 613 161 -229 -85 112 -159 141 -214 ]
[-346 581 347 -236 242 498 327 -72 186 143 -334 -262 -206 130 4 508 -127 -491 -309 431 298 -651 -401 164 -622 188 132 -514 -635 75 -530 -755 -220 -213 -459 -164 1 123 138 -106 -277 389 -1383 -91 -218 417 -312 559 -232 388 -79 48 -79 342 0 -206 -542 -194 230 394 ]
[-571 266 -29 556 623 273 -534 -123 -747 -493 215 -652 193 42 -639 -316 282 216 97 -5 -655 -284 271 234 -370 -149 33 -227 -221 716 29 63 -493 -166 -54 364 175 394 -105 202 385 209 -162 446 485 -182 -152 360 -346 -564 -235 -44 -468 50 77 -146 -551 235 -383 -367 ]
[132 -210 252 194 668 -153 -18 -443 -603 -274 40 -501 402 -67 -89 733 57 59 -228 37 181 -469 -168 18 6 159 247 146 142 -314 -653 -593 317 463 -374 -128 -249 -319 605 414 79 -107 -779 186 -52 201 -213 -231 299 -206 -342 -62 356 326 283 -247 -271 -452 131 12 ]
[-536 61 -110 44 36 349 554 568 166 -156 64 -134 47 -678 -411 147 702 50 -442 -218 257 293 -182 -539 -418 -483 214 -281 -266 454 616 19 -345 -512 -485 431 263 293 -13 472 -298 -6 277 -545 -584 -402 26 -1 -561 510 -321 275 64 -292 312 16 226 -327 -470 594 ]
[-716 521 -248 -33 -147 138 473 -242 515 169 -146 354 -176 206 -329 78 -39 661 -434 140 -189 -883 -49 476 -457 -212 -411 349 -133 184 -702 249 -463 -506 496 -574 -52 -104 184 -310 -420 -304 340 129 402 -182 -217 357 141 112 -40 -137 -439 240 397 243 170 72 -571 418 ]
[-147 -277 204 -137 840 401 582 138 82 -91 191 -449 184 -30 359 -27 133 -389 -403 -335 -678 -351 173 41 183 -174 396 -467 166 67 -22 14 188 -203 -235 275 -237 -196 171 173 161 -19 365 -1135 -127 700 98 -473 210 73 -138 -337 -573 -289 712 -554 60 83 -84 -496 ]
[478 57 -1030 -57 144 -163 -129 -200 223 291 97 138 -265 -207 -668 -27 55 -29 38 -467 -365 532 -32 154 287 414 1420 -380 -220 -396 152 -447 209 -19 527 -827 301 309 -473 89 -196 -148 23 -383 -61 553 -159 -173 314 526 38 323 -169 -98 346 950 -641 173 169 -84 ]
[-99 142 -540 -244 -108 313 289 -254 417 274 -210 -68 -325 -315 359 -190 -351 -199 -212 89 -1002 313 -538 -168 35 412 -49 227 -438 39 397 -206 -671 -10 -446 -82 466 86 -729 73 68 -647 -15 526 -51 -137 22 494 106 -182 154 122 -125 -38 -54 246 480 -261 -467 693 ]
[447 179 -241 235 68 -7 37 -600 -526 662 381 -378 365 206 69 -470 -67 -131 -187 710 -367 127 310 256 472 240 221 272 361 370 -76 11 -37 196 -196 -5 -449 485 114 174 335 44 310 226 990 -109 118 -212 -619 201 -488 412 392 219 407 77 -286 525 371 -84 ]
[285 20 -310 -348 76 187 250 643 -49 -675 -273 -475 -602 -288 528 314 43 -149 761 -196 -264 -218 231 -127 -424 293 449 -159 -301 -349 486 -210 -201 -268 125 -28 -34 100 236 185 -228 189 -506 3 -390 255 169 -119 249 193 281 -288 201 37 -410 294 -113 -771 -317 -98 ]
[-218 83 47 183 24 30 -583 -348 362 -117 -445 -534 386 -654 670 489 -509 -104 557 360 -140 -164 -2 88 995 285 -104 99 -51 106 -352 -226 74 337 -292 -657 750 -337 -230 255 810 433 56 -88 -24 614 270 183 341 300 -293 220 -54 -967 494 373 -151 203 99 409 ]
[-146 305 -88 630 -566 369 -500 -251 138 217 174 116 -381 312 386 380 8 226 442 -595 105 -265 -6 604 78 344 -500 750 -404 68 -535 7 -682 -824 242 -573 223 68 -65 -249 -586 -242 -299 -285 -354 -19 -52 211 712 49 575 215 435 -314 126 -241 -112 -35 115 159 ]
]
