[[121 -418 -530 8 214 -45 27 210 146 266 163 -261 69 -42 36 -566 -215 -337 29 454 36 173 -347 -106 16 -193 -151 107 293 346 -341 -2 -159 -353 84 -5 9 359 -277 35 354 -206 224 -383 -206 -477 -104 53 66 44 543 51 445 -299 -386 61 -351 -343 -244 240 791 105 86 -60 -377 118 310 165 366 123 ]
[-326 -241 -100 -910 301 326 4 -474 -99 157 -270 -276 173 361 483 135 127 -154 135 147 -300 197 -382 387 -209 -6 -480 417 434 59 -155 -127 5 186 -374 -122 436 124 502 -254 -62 -45 -301 -261 31 468 -104 -65 27 -533 -204 161 308 188 85 -134 218 39 206 94 -5 -329 142 -268 -137 -344 130 -321 -622 -182 ]
[-226 -52 122 175 223 328 222 380 -504 227 387 212 130 360 -938 131 277 -326 -368 -25 225 -127 13 -75 245 -45 307 -447 -431 -498 415 219 49 -44 480 22 104 -73 167 182 -420 599 265 219 -503 -715 -97 164 388 -235 -60 200 86 335 252 414 183 -94 -274 166 -18 -74 -192 -86 72 474 -102 -268 346 -27 ]
[415 131 95 434 -443 145 -1 -53 -78 111 -247 123 392 -34 -635 90 -254 264 95 -238 583 -25 243 -73 341 333 589 -233 -195 -319 77 593 403 209 441 -65 -107 52 563 326 -683 193 -87 380 -554 -650 -10 -298 338 -93 -171 -227 -437 -65 12 440 -209 65 -617 384 -89 72 188 550 -367 279 200 -53 258 -358 ]
[-62 -126 140 244 -136 356 -871 -130 -79 168 -259 11 243 453 -12 -296 -206 698 259 25 258 9 -175 384 171 200 134 524 -282 423 364 366 31 141 260 137 -49 61 337 -143 -227 -314 -186 -213 88 37 -472 -439 -223 -556 -248 449 134 -29 -125 -215 93 194 -792 239 161 -316 48 -166 -272 408 555 -316 -507 -253 ]
[379 296 21 -431 -110 94 308 -335 281 -469 -325 -105 464 -512 -303 289 574 -33 334 388 -554 -191 297 64 -67 192 -25 -8 409 -129 -563 -553 -75 -56 170 -291 -3 -91 -250 -52 -285 91 204 79 210 26 -229 42 -34 474 -63 -690 5 274 216 160 -374 421 280 265 -155 -72 38 347 384 -464 -268 -615 -11 85 ]
[320 146 159 384 -227 -13 25 -44 -422 204 186 250 -456 48 -93 213 352 79 -559 -27 -11 -123 622 -568 237 485 200 136 -162 -201 834 157 207 -80 -130 96 -179 -206 574 -4 96 27 -434 471 -265 -255 192 134 502 -383 -201 466 -346 -166 49 263 665 -2 -190 -990 -160 -25 178 -43 -250 130 -35 -201 507 -739 ]
[-142 -510 -288 243 -5 124 -62 71 33 -216 177 241 176 -278 -101 -429 307 371 168 -51 359 -78 180 -262 23 293 352 71 84 871 653 -190 120 -567 -213 78 159 104 -505 -65 291 -481 -618 -471 263 -317 126 -203 263 -594 239 650 329 -293 -71 -379 474 5 -435 -222 122 -159 249 -172 -416 306 209 -160 749 -42 ]
[-6 -76 -237 77 -544 78 476 -71 586 -441 -372 -119 186 -252 -129 -536 -741 127 389 7 612 -129 -331 63 318 234 831 -342 217 423 -662 391 531 -75 -129 234 -102 96 -736 581 -373 173 -161 -299 -73 -57 167 -120 176 645 300 -204 517 81 103 80 -472 -369 -54 362 147 -325 136 208 -529 -263 -112 455 76 26 ]
[160 221 246 608 -4 -415 570 -464 70 -23 41 472 741 -727 314 515 -125 235 286 -211 -393 -33 979 -207 -296 163 131 -352 -83 -73 -337 -726 -214 -220 -240 -306 205 106 -442 235 364 -278 -72 23 -17 -175 -204 -504 -197 468 -112 -407 -439 35 168 -123 55 120 232 354 -547 31 195 786 292 -398 -40 -246 798 363 ]
[224 -267 -500 335 -67 -202 295 357 -181 45 -237 -86 131 -459 154 -53 401 100 703 -135 -159 383 11 -370 -316 164 -222 -234 -33 302 -389 -215 -505 -222 -434 -330 227 -50 73 58 270 -324 -12 -298 64 -73 72 -407 161 -477 -373 107 -120 -193 664 -235 128 -116 -158 81 -325 -18 87 86 -111 615 201 -516 596 71 ]
[130 118 176 -22 515 -22 52 269 -290 547 98 -110 -233 70 118 166 131 -190 -352 -103 -336 -3 234 -379 168 289 215 -44 274 138 -325 -181 408 -232 -261 -210 -4 -128 138 -247 6 117 250 -84 52 -199 317 448 54 -766 -186 -39 -110 -128 17 -627 565 192 -307 -438 -18 164 -73 -94 287 545 -264 -839 396 -422 ]
[77 -165 -172 175 -51 19 146 -558 379 -170 -358 -239 335 132 -734 360 -81 33 734 -54 53 -186 -241 458 -284 -25 -311 146 78 103 306 -56 29 276 -848 -70 591 -94 -209 184 -358 148 196 -12 11 319 103 -545 -70 -155 -82 -179 -130 436 610 304 -64 -215 222 699 -476 -590 26 57 100 -130 6 105 68 98 ]
[-139 326 -547 -9 23 -248 -211 -475 299 172 -358 76 466 -439 522 28 -500 135 359 114 -165 295 -436 46 -466 58 -554 273 -239 -358 -438 192 -360 1036 -459 2 289 262 494 281 -89 76 -331 -144 114 -46 75 -842 -50 287 -134 -45 402 5 -286 147 -299 -264 -187 550 318 -18 -177 286 -619 -681 111 586 -618 135 ]
[400 -289 -251 301 -171 -115 487 386 502 187 -156 -228 -224 376 -185 39 298 -294 420 862 -582 -21 355 -30 -245 63 -71 144 -183 -94 -240 -191 4 -615 2 158 47 -419 -812 177 267 -142 315 266 -446 202 -389 -67 227 308 459 -90 -259 -160 6 528 -675 -973 490 -215 188 -562 367 222 -176 -531 -53 -146 653 -160 ]
[698 -114 47 674 -249 -733 59 383 561 -145 209 41 -406 112 -19 -142 -304 178 453 313 -58 50 -77 -225 -441 183 -195 46 -390 368 366 -428 128 22 -295 308 -295 -537 -1010 365 682 58 -171 -192 254 387 146 -119 -123 30 -46 467 86 -710 404 -610 199 -721 31 -470 115 -303 -660 278 -104 72 -264 512 50 381 ]
[637 -252 179 -91 -402 479 55 -186 79 -728 -187 -363 391 95 -627 -149 -259 -251 -115 231 634 24 -380 326 -79 -730 -79 69 125 442 427 -45 688 -320 812 141 -304 -46 -309 226 -515 46 144 -269 -64 -167 67 -6 -97 344 133 -371 -440 -249 78 367 -221 -13 -294 397 415 126 371 490 108 -64 25 446 -503 516 ]
[431 -224 719 471 -6 57 -78 170 202 -32 312 91 288 368 -255 356 -27 782 868 -141 207 -325 400 392 -265 -257 724 -91 -254 -143 386 -460 -164 -117 623 42 -76 104 -7 159 -99 57 -291 -235 322 -235 -499 -479 -215 -219 61 305 -529 -218 413 -13 -489 145 15 829 -380 25 -61 913 468 -63 -33 -471 30 460 ]
[519 478 -5 211 -247 -105 -1044 -444 17 273 307 392 432 424 -938 75 -392 205 -425 557 -303 -111 353 532 556 686 104 447 47 41 756 -86 -216 328 150 -280 105 190 -201 381 72 136 60 481 -39 -322 -291 193 210 157 -145 -195 180 583 -199 27 -41 201 -691 217 526 -406 -139 424 -374 429 359 26 195 -198 ]
[277 -470 -280 424 351 -216 754 310 -188 -2 101 209 73 -490 -42 226 40 -286 -464 69 -76 38 411 -613 -408 -274 -466 236 336 479 202 319 329 -43 12 -216 -137 48 -149 -379 -202 -40 -12 -449 -240 -665 487 444 -225 -407 441 -412 -399 -656 -323 125 246 141 -132 -105 129 319 29 -22 -147 165 -56 813 623 75 ]
[160 99 -87 112 -562 608 -500 261 -1002 -568 283 -39 -488 -132 -198 -289 420 296 -261 124 -389 -286 -562 206 360 -281 -122 175 -328 246 -71 57 -407 15 -46 503 80 -80 -28 140 -161 206 230 -118 360 228 239 658 -295 339 -40 -49 -120 624 661 866 -14 228 257 -233 -477 31 224 -417 216 181 -184 484 -433 -311 ]
[-618 -4 -378 -495 1013 -456 573 249 483 491 6 -196 55 457 -59 477 -29 -418 642 328 67 648 -215 230 -491 4 -314 47 696 215 -449 -26 -247 24 -476 -527 786 251 -919 147 142 -240 471 -170 195 136 299 -68 320 -595 -217 -377 380 271 48 -884 119 -724 11 799 72 -34 -342 48 -299 295 -89 -507 412 -73 ]
[-155 716 -549 84 102 609 -1087 475 105 383 -399 148 655 -370 354 -313 204 436 315 221 -267 -399 -124 394 -91 164 583 7 -282 -2 -780 -350 331 -12 415 308 413 -24 649 -11 -753 -49 -143 -159 280 -182 -225 126 -67 -13 -358 294 -54 225 -568 -242 -611 130 -501 259 374 209 445 255 -82 -506 47 -488 -525 -483 ]
[648 203 -488 394 -54 168 -449 674 -3 72 -277 71 -75 -391 -190 122 727 361 -81 601 150 -452 135 -578 -342 191 302 18 -452 61 415 181 270 -4 755 96 33 41 440 -167 -869 88 -379 111 -86 -898 21 215 217 56 306 -154 -79 -333 -437 1002 -276 -286 -199 143 166 142 228 410 255 -564 -319 618 137 -470 ]
[112 -115 256 500 -214 294 -59 137 -270 -283 -403 204 -220 339 -117 253 701 -212 -76 -62 33 395 413 -159 319 70 -125 -363 -990 -119 489 98 -391 -82 118 393 -428 -1087 33 -348 84 33 308 610 18 548 -215 -396 67 -107 33 290 -232 -340 63 116 -47 273 -249 -980 42 -706 -109 -724 -104 606 15 -611 -50 -224 ]
[78 -330 -15 267 -21 -138 871 523 464 -480 118 226 -68 38 -758 -423 396 -588 -140 153 430 -52 62 107 -437 -260 -257 -493 -387 91 146 -111 -559 134 555 19 -202 -664 -341 -202 -229 709 280 159 -112 -601 54 438 -7 -28 -98 33 530 -257 538 82 -246 -42 26 -276 386 44 -808 -929 -316 467 11 13 81 721 ]
[542 535 298 43 -346 69 204 400 -65 -404 -41 -285 -746 -73 527 201 448 -188 104 -12 181 510 649 -431 -106 -138 118 15 -327 -15 -774 -116 116 -234 341 102 -23 -328 271 136 443 -174 443 682 131 308 402 110 -431 342 -344 -1036 -1250 -408 20 -15 -400 186 -54 -1150 -404 1124 457 444 19 -133 -83 -571 88 -124 ]
[-222 -67 82 274 -16 653 -240 -1006 27 -369 -35 -233 140 163 -361 539 -100 34 -308 -637 -107 -70 817 468 567 -146 259 140 901 -287 864 -211 491 -373 -492 -221 -56 291 503 93 -247 -438 -28 -318 46 -204 -60 -188 531 -600 -322 155 -591 359 200 -75 433 420 -152 206 -57 -414 763 7 202 458 160 -666 429 -6 ]
[-158 454 -222 -108 -170 -441 -181 -238 284 -53 -110 134 1073 -495 123 134 -87 768 591 -533 -214 -17 113 144 -197 285 -353 -217 858 -10 -297 -613 366 -47 276 -221 -33 212 -208 175 190 -700 -501 -122 -412 145 -315 -370 152 -431 -394 -375 -56 -118 -182 -812 -108 414 221 682 25 -87 -316 713 243 -257 254 -230 -251 158 ]
[-390 291 311 226 470 -54 632 552 -32 591 93 -79 114 451 26 -366 -908 -159 -556 161 17 39 -713 93 -482 -567 -314 -199 -391 -246 -204 257 -12 252 158 492 -113 109 29 195 555 597 88 -373 -306 213 -387 -792 144 -175 61 1005 540 36 -265 -479 151 -447 -44 279 1153 5 -649 -229 -37 73 6 -94 -430 455 ]
[480 -233 200 47 -37 -413 112 -120 168 -147 220 -153 -161 -134 385 158 176 3 343 218 245 136 281 -376 -217 206 -256 993 -105 494 878 210 20 259 -96 -386 -114 -170 59 -452 263 -582 -332 -108 269 -507 -36 -194 -26 -174 703 -299 -24 -580 -313 -111 214 298 -528 -156 20 -12 -111 780 -380 -30 253 234 30 -15 ]
[-398 587 391 -371 -83 -178 99 70 320 519 -906 -5 11 175 668 572 -436 403 87 -272 209 -604 89 273 -350 27 -163 -86 446 -197 63 552 23 -148 -275 -253 43 238 693 -52 -222 -182 -126 190 -220 369 -139 -330 81 362 80 323 -278 145 -394 77 -435 394 250 801 -91 80 346 381 346 -463 307 142 -214 -409 ]
[616 -206 -321 -144 -83 -130 -161 -230 -11 -165 -52 -13 255 -26 525 347 145 147 37 14 -275 472 821 275 -309 132 -140 347 -480 398 470 -759 -598 59 385 -124 199 -548 164 -271 679 -488 -562 129 126 -134 -693 -439 74 -172 -200 -629 34 -32 247 -57 -200 85 -80 145 375 -339 -302 397 99 193 -109 -135 -86 328 ]
[405 667 -225 -155 -309 -210 -359 40 112 -88 7 -202 -307 -461 -227 -171 373 -173 461 -189 212 -114 -334 14 -163 -416 142 -25 -6 -81 -231 -14 -199 -67 324 321 -84 -675 -288 24 116 -192 435 418 397 237 -113 -238 203 808 380 -701 -311 567 200 671 -905 41 425 188 -179 -51 -221 240 232 -773 -230 198 -461 -527 ]
[293 -187 169 675 -349 -84 857 -140 -710 -102 162 553 -144 -390 -126 342 6 16 73 20 544 271 -52 -121 530 835 658 -645 -182 -101 34 567 -269 199 -373 134 129 351 254 -382 -23 220 -110 522 -755 -703 145 -47 829 114 353 -108 258 114 294 841 413 -425 366 29 -253 -330 68 -9 -429 177 -35 64 1079 -541 ]
[451 221 258 939 -154 106 4 -324 304 -37 -101 33 39 122 -123 -469 -632 117 -523 276 142 -108 495 -336 226 -71 154 -316 583 222 -299 -281 -128 -655 78 -349 -646 6 -611 389 -314 -70 489 -240 -493 -700 -554 466 -419 346 100 -525 594 -12 242 178 -564 188 -499 25 35 -1067 135 108 190 284 386 135 324 -9 ]
[571 332 328 -511 -258 17 -498 -62 -253 -196 -250 -246 -194 288 840 -126 55 -22 12 284 -187 634 -581 121 7 231 68 136 317 455 24 288 -89 172 3 235 142 -143 -19 100 559 163 -468 -203 183 1 33 -444 452 -304 518 653 584 -459 -88 -122 332 -256 -103 -496 821 -336 -64 202 -446 -122 421 -171 -632 -131 ]
[207 -627 438 -421 47 246 -27 -721 -71 -462 198 -86 579 -572 396 422 -376 317 136 -212 631 276 -278 257 -122 -386 -578 -512 164 -118 -61 -256 248 -46 112 399 56 541 341 -262 3 -185 -103 -518 -83 -283 54 -646 5 440 -325 102 7 -271 -27 183 214 39 -215 1255 349 551 -41 84 -173 -225 -365 90 -612 126 ]
[106 -267 42 420 491 164 276 456 -990 857 856 377 -341 794 189 -216 -267 -804 -624 88 -785 91 -345 -102 -256 -339 134 31 46 66 -219 -246 206 274 275 228 6 488 -171 327 425 647 -155 -444 -88 -463 201 651 119 -713 -1 -135 -136 -45 124 439 -170 -870 71 -792 408 -215 243 180 -419 -136 167 -270 105 463 ]
[-100 721 182 -835 514 -47 211 -844 -35 -360 -28 464 -23 317 112 134 -81 -975 -502 518 114 319 -15 619 -79 1 -293 47 351 -508 255 -319 -355 539 75 -19 645 489 259 257 585 717 174 9 -73 -66 35 343 -50 154 -297 -33 699 106 184 104 367 -431 -271 -186 -71 -421 -326 -34 -651 -127 402 366 -471 211 ]
[267 -317 472 120 378 -381 -31 204 176 357 104 439 -139 -229 1167 -361 -731 77 -203 112 -473 -13 565 -310 -111 466 482 141 -439 62 -386 -132 -89 -15 -327 215 -753 -233 114 -134 817 254 -202 -70 269 -488 411 -283 -591 87 -82 886 55 -781 -299 -471 57 -136 -404 -811 406 126 -107 153 -443 -628 -502 -203 -79 -59 ]
[-285 234 -515 -248 -260 90 122 607 869 -234 97 -54 220 135 -828 -344 680 -491 607 681 -8 -254 -583 204 -291 -135 -26 -295 140 -12 63 -301 -213 -452 516 23 -87 141 -446 171 333 11 -134 -159 -114 574 -22 405 592 153 293 284 -4 -306 33 -97 -637 351 228 -78 220 -162 75 397 -411 -100 -36 -164 7 256 ]
[-885 -350 48 -407 314 416 461 226 101 77 -344 -200 -658 672 -9 -177 423 562 228 543 0 -196 -230 141 -219 89 526 74 -306 -353 -790 458 -204 -490 523 16 72 89 -56 30 -427 449 -443 41 -571 -143 -606 76 35 -135 -347 -356 485 65 194 109 -171 -184 111 303 -341 117 149 -586 146 -82 -458 -649 221 -69 ]
[120 98 752 -463 -180 220 -610 -43 244 -279 -92 -30 -153 416 -12 155 64 206 77 -16 756 76 -291 -331 134 358 144 20 -348 473 491 315 542 556 -158 178 420 351 -25 235 -14 102 -369 814 362 428 568 -128 -382 41 414 379 568 -611 -862 -94 309 -230 -654 18 76 357 -376 -20 -309 -288 129 184 -673 -579 ]
[-97 779 505 239 577 166 -470 233 -790 -101 614 273 152 159 -890 323 -51 359 -317 438 136 -84 -123 655 -317 -489 -65 407 -490 -156 341 -283 -433 315 580 5 -357 -95 -357 -602 -233 140 910 -105 635 -53 393 241 -507 -328 -261 55 -590 805 268 19 281 498 -241 475 24 -59 -128 11 522 501 -470 -97 -436 415 ]
[-140 265 193 -28 -25 165 514 243 -500 13 -206 50 751 437 307 330 -632 -570 -247 -282 38 368 -145 336 -329 -427 -257 -1 -162 -30 -79 -125 64 262 -432 -20 370 -215 612 -378 -21 -49 60 267 -532 942 84 366 -116 3 26 61 -587 144 -211 -413 -66 -98 702 -54 184 94 150 -65 -125 62 653 280 12 784 ]
[546 141 -365 -485 -188 25 554 -186 377 -205 -720 -380 -98 -796 405 -28 91 141 293 386 -631 132 40 -105 -501 610 222 352 869 421 -564 -193 -47 247 -789 -638 -412 -68 -165 -324 37 -109 -294 4 258 -215 160 -80 -21 -236 -300 33 286 277 230 -225 448 -36 380 207 65 -81 614 569 467 -116 -206 -616 222 -20 ]
[497 -118 -381 -134 -339 497 -130 -99 700 -37 -479 -501 61 301 -470 -296 174 -504 207 979 481 469 -1160 -38 25 -241 -1195 -230 101 410 13 -120 238 -473 -234 102 -371 -119 56 77 -88 310 319 126 -647 789 -152 -255 -477 373 -85 -336 340 -217 72 546 -406 -129 -46 87 512 -256 -179 129 374 -216 69 534 -790 24 ]
[-217 711 320 707 190 193 -532 108 9 349 701 327 -422 297 -410 322 -114 54 259 297 -136 -165 298 390 164 786 668 462 -686 9 628 -203 197 -231 -122 94 199 -175 -417 163 466 -134 -9 658 304 662 -21 -62 177 332 21 426 -147 427 -371 -43 543 -190 335 -153 -167 -439 -199 109 2 -561 -505 -12 132 -176 ]
[39 -120 -405 453 31 -48 1181 31 -77 134 -71 -322 -76 -17 -500 396 18 -238 167 770 -232 -399 -234 -217 -39 10 -44 -154 96 -498 11 224 -576 277 -58 -115 -425 75 -16 54 -105 39 15 -215 -815 -122 -956 302 425 391 -400 -56 602 152 700 419 -153 51 449 -434 180 -810 -247 -179 519 100 -30 -148 382 -215 ]
[1152 -99 -93 881 -829 91 969 -186 116 -158 -282 -419 -135 -67 127 -264 -470 -80 494 391 352 -67 -274 307 -364 -141 -297 228 478 221 -947 309 124 445 215 150 74 -329 161 -132 -340 149 -68 345 -353 295 -258 259 -172 446 310 7 -243 -293 137 342 -196 -409 541 597 -142 -201 59 70 -309 -269 574 607 -460 105 ]
[-105 319 720 -57 81 -603 -892 83 507 -101 -207 98 -209 844 1231 295 -531 197 343 17 -154 99 53 711 -278 132 -180 -100 -716 60 371 -139 -14 482 -987 -51 294 -446 260 353 134 422 63 93 773 855 341 -86 -436 209 -34 429 -70 83 45 -548 217 -682 -32 -20 287 -198 -283 -229 83 -174 -481 276 -852 600 ]
[109 -255 376 -130 407 -238 675 52 -2 551 -180 518 57 720 466 663 -367 -271 486 423 7 298 157 350 -446 -223 20 156 -282 165 -5 -543 -132 135 34 -257 -24 195 116 -204 -674 568 -159 202 372 -182 184 132 26 -174 -337 -259 -182 -345 373 -431 -277 -458 118 7 -234 -438 -85 760 417 -157 -39 -381 -11 -125 ]
[-617 -353 75 -267 409 167 425 622 -476 219 -79 -232 194 518 215 -517 117 219 -103 507 -577 540 276 -140 308 189 281 91 105 112 -576 -166 -445 -450 267 166 376 134 -451 85 671 -33 312 -127 -118 143 -401 -186 -30 -892 -66 310 219 503 43 -187 286 -2 -81 -779 -86 189 638 -400 -289 7 532 -1250 463 -678 ]
[119 186 -410 619 -87 -641 950 123 361 290 -60 -207 -589 -155 93 27 463 -516 274 436 -397 227 -602 -197 -923 -147 -635 52 682 167 -72 117 6 127 -781 -80 200 -656 64 -94 439 261 -278 -242 -143 60 239 122 190 -430 718 301 -191 -841 -148 -86 205 -101 270 -171 495 392 -294 -239 -52 -153 175 912 263 -452 ]
[-239 7 -119 -166 519 -536 476 11 197 -181 491 124 475 -259 570 -35 18 -239 167 -272 -330 319 53 241 -34 -114 -445 125 113 379 -437 385 332 558 -123 -145 77 221 -749 76 357 26 -355 178 -17 -396 615 83 -242 -802 464 -547 -162 -290 -616 -927 -220 -57 -313 320 465 317 -266 404 -461 249 -392 83 -182 427 ]
[-183 443 627 952 328 -257 170 164 33 140 372 265 -784 267 -440 95 -321 269 -217 332 -27 68 230 581 37 -10 229 62 -679 -477 -16 -330 -171 125 211 182 344 -406 -58 -426 -597 407 491 492 -158 112 -260 60 -457 361 -182 79 145 12 52 -55 261 -771 418 265 -404 277 -507 9 755 13 -345 184 260 53 ]
[-512 -256 -85 -40 74 146 829 -231 -60 -1209 -169 -4 -322 348 -232 290 325 -583 58 -542 168 243 444 -377 230 -992 154 -319 -147 20 361 221 14 -142 -230 266 414 -448 -481 279 -415 535 -351 -184 293 778 152 -400 200 175 216 -359 -169 493 601 652 -434 -249 426 -512 -341 -204 -184 -570 412 -23 -136 132 -85 748 ]
[341 -367 400 -503 228 -126 -60 -173 -221 735 134 -310 -126 712 -119 -73 281 -177 -31 52 -921 -118 -628 99 219 431 -126 -143 399 -183 -561 -154 337 514 -161 -50 -29 15 -101 -29 460 430 80 649 -651 -137 -129 610 149 -521 352 -53 437 166 11 -48 464 -912 382 -534 310 -21 11 -35 219 -441 -90 -823 143 97 ]
[86 -833 70 -372 -432 -313 -83 95 -212 283 144 -583 -210 554 11 -137 -428 -493 -400 253 44 122 -335 257 34 -18 -4 560 -285 -9 -356 72 -310 -42 -290 78 -118 28 -29 -655 135 -36 114 371 -178 531 -311 444 -240 145 511 -495 390 63 -99 569 -528 -364 248 -383 -1 -402 217 -416 -308 302 -44 667 -45 273 ]
[84 342 494 -824 242 122 12 75 355 44 156 178 479 157 -736 -125 -326 35 36 -331 325 -216 -330 266 314 68 820 150 462 181 248 -17 -248 -205 838 -167 -311 273 -429 510 17 -224 -104 -303 575 -344 -237 377 238 -14 -131 407 341 83 642 -801 73 554 -461 773 -144 106 -249 289 251 242 -37 -733 53 -150 ]
[-240 -21 140 -405 -164 -136 35 -12 93 -261 -288 -562 183 92 272 -293 -99 92 -148 -290 -464 190 316 510 -312 -533 -621 -108 410 110 -372 -332 -334 31 115 -416 -212 14 278 -383 150 -844 388 226 273 922 -414 88 -702 -88 -418 -70 -109 -38 -163 -528 -169 198 56 -577 100 641 -41 -785 796 346 446 -373 -193 329 ]
[-364 -245 -102 334 -224 412 298 -81 -450 215 -49 -40 330 -149 -370 -86 -42 117 91 113 521 -358 -77 40 292 76 250 610 41 502 992 275 -255 262 -354 -109 -41 347 481 373 -246 -640 207 -307 522 -845 350 -708 411 -308 129 478 -476 528 -105 420 -95 629 -392 -8 647 324 263 117 -5 509 252 -704 255 -119 ]
[-317 -299 93 458 -722 -72 -701 153 201 14 591 -66 -378 -55 605 -511 -838 436 -36 -375 312 282 14 -216 833 441 575 -282 -67 356 -189 304 474 20 288 -244 -200 466 133 250 375 -829 -457 -41 9 137 -6 -50 369 387 511 -519 -119 194 -522 74 -284 -271 -172 -811 292 581 345 275 -749 159 419 173 382 19 ]
[477 -152 -366 94 -247 -651 -51 550 47 215 15 -838 -50 -69 -108 -237 -715 -320 462 -450 707 117 -192 -129 -82 -941 -191 -318 -302 146 696 386 -374 -11 -193 123 -204 -306 274 244 84 -234 226 -49 -325 731 241 -511 -419 -158 101 463 -687 223 325 359 -778 -219 168 50 219 202 -326 56 -59 639 146 408 74 618 ]
[-220 -72 441 -680 -7 48 361 296 -636 -590 264 176 -158 50 -360 133 1060 -55 -386 -293 -282 299 189 -35 32 -470 151 134 -111 8 -364 -695 -5 -504 223 -414 701 -266 367 340 9 390 2 -166 399 -224 273 356 -68 -839 38 -120 -399 333 776 -181 402 121 295 -362 -494 833 -94 158 337 165 -345 -1186 452 -61 ]
[-330 -830 -623 -256 306 -307 190 -613 -127 347 202 -93 345 -338 -54 -201 -284 -294 -4 -681 -68 590 -286 494 539 -239 -328 117 688 -353 -202 478 -403 113 -232 -160 -46 279 349 -130 -309 96 -130 -451 -406 -34 -105 -535 56 -320 372 249 46 295 -299 622 37 112 319 501 -353 298 365 -293 -384 -387 106 561 271 -280 ]
[68 235 686 -183 154 252 -252 -21 -572 -561 321 284 -623 -1 -344 65 607 -186 -681 217 12 301 21 -275 -537 -416 -658 -66 17 -189 589 242 -321 -454 1326 73 -662 -247 -623 55 -274 350 240 79 -302 -692 -601 284 72 -155 133 -6 700 77 -128 189 289 438 -365 333 761 236 -229 -72 458 120 -319 45 -671 172 ]
[619 315 512 536 -380 -101 -157 332 -277 -677 -86 -359 -238 -585 -587 -25 239 121 -326 -2 -207 194 -230 -401 19 -34 -236 -46 39 -640 -41 905 90 641 30 111 -622 -374 -59 -179 -618 447 309 -207 348 -288 -297 249 -127 -33 -200 -363 -762 358 232 261 21 219 151 -62 -403 269 75 46 319 55 -114 151 -613 187 ]
[-961 -126 197 311 496 955 -142 -227 -656 364 26 47 401 651 -170 754 321 334 169 -20 -463 -92 -184 90 -167 -533 -150 645 -451 -208 260 461 -360 745 724 284 545 302 106 -153 -698 121 -133 -43 -56 420 -906 -303 -577 -15 111 -65 -352 241 -390 353 32 213 148 -133 80 -68 -49 -396 -51 -138 -157 -137 -783 -407 ]
]
