[[-408 700 124 -165 -465 14 26 -249 -130 344 -208 528 241 -440 196 -310 -335 -182 -866 -162 6 -537 110 -27 500 -82 -459 125 411 -475 451 350 -87 -185 -502 -33 -30 -560 -71 -133 -114 29 -720 -390 -62 -198 -299 447 -273 -436 280 61 -2 -368 350 71 -359 43 -30 -181 -114 -26 199 195 -340 196 -171 -24 63 314 76 540 -136 528 -143 108 467 -136 -313 140 ]
[563 15 386 70 -153 -196 475 -319 -62 -484 -488 -457 285 267 -381 -73 199 369 210 -253 148 26 272 -469 136 -491 -378 -19 121 239 -145 -214 212 -546 337 -209 364 809 310 -92 365 -273 164 289 486 12 -128 2 414 118 108 117 145 108 -559 -111 48 -66 221 314 -164 145 78 -243 -717 -266 -66 -212 821 462 -268 -623 80 -309 -190 -314 -212 -190 382 -583 ]
[-801 664 137 -204 -676 -294 -51 -640 138 -609 -153 -211 403 164 -171 78 -292 -163 -538 -458 -162 -214 -360 -334 782 -764 -285 -196 160 468 55 100 253 -598 -343 29 -145 87 31 129 498 -482 -110 -190 -603 -488 -122 414 355 -209 129 262 614 -119 -231 609 -189 -15 -225 234 -274 136 -389 -21 -23 -163 -6 -392 435 474 -404 8 -401 250 -243 -271 690 -172 606 -81 ]
[652 -896 359 282 463 -75 449 411 -40 77 -575 280 -437 368 -227 553 141 -648 49 456 376 182 101 -222 -160 188 468 27 -353 229 -188 -659 -680 523 -48 438 -21 -240 -34 52 -315 389 135 289 -225 113 875 -478 22 103 -349 -58 -65 425 221 182 64 271 138 460 643 14 504 40 258 28 324 -70 354 -487 142 336 -120 -184 187 221 -866 -1 -421 92 ]
[480 -96 -30 -321 362 -16 -163 -240 -519 237 98 54 311 0 225 180 -23 338 243 175 -559 -6 -182 -42 -270 35 -248 112 112 -324 52 84 281 -460 -386 -572 620 570 313 -516 281 440 1 415 -184 226 -711 290 81 -653 11 306 -43 169 -40 -183 -37 -421 368 206 140 -95 -319 161 -369 -512 -402 92 453 347 -304 -414 419 495 565 62 236 525 259 -26 ]
[-751 -203 143 123 -165 130 -109 93 205 -743 -184 41 27 -27 -542 -673 -58 619 502 93 265 200 599 13 280 45 215 -754 -475 1 -496 -212 -2 -37 739 85 -148 366 -280 281 166 -176 572 214 640 -189 -24 -436 69 -143 98 9 -34 -226 -604 -357 -272 -384 -209 51 -7 92 486 -113 -340 31 -262 52 250 379 643 -399 -27 -881 -149 49 184 -626 338 -247 ]
[322 -507 242 911 428 180 311 470 -240 163 -110 -200 -676 408 -393 1037 588 -219 5 -5 -348 -429 129 -584 322 320 344 623 238 452 79 -175 -34 233 -139 153 175 -347 105 -79 -104 5 -65 178 -122 191 170 -346 -233 320 -125 501 294 271 384 152 265 237 243 -124 155 330 285 -285 -213 -314 -146 -431 -332 -334 -460 -51 280 333 -318 -225 -67 127 -371 -298 ]
[1 273 -373 69 290 24 -87 88 258 -103 1257 -456 -107 -68 -34 -68 -430 -230 615 312 -103 207 231 -522 18 81 410 -165 17 305 -128 -105 527 -8 126 -262 -123 564 -129 -225 468 -248 441 597 -485 583 -507 44 -63 -213 256 989 299 -86 -316 127 544 342 116 -93 210 98 -159 -483 289 -341 11 -27 -589 107 -637 -421 160 423 53 -184 718 704 186 54 ]
[98 -730 15 552 -77 767 -306 374 -463 -148 -583 617 -258 393 -218 334 537 337 276 562 -29 -341 -207 -455 254 -148 94 39 -264 -246 -140 59 -6 19 205 225 149 177 -597 -49 398 519 238 -86 -516 -357 179 -425 -110 -360 -89 -257 149 -258 622 -116 -158 -394 105 -349 475 124 232 448 -423 397 81 576 109 63 174 -174 116 6 0 233 -198 -470 297 -368 ]
[602 -715 709 886 -71 -403 742 269 -120 358 -442 -266 -150 161 63 -111 -251 113 -110 -190 -115 -254 505 -223 -70 394 538 838 319 23 329 -505 -494 -488 -359 -153 -326 -591 491 134 -269 -148 -393 287 259 -72 72 90 -175 275 -244 100 314 378 -146 10 -40 570 86 52 -213 -130 -113 -623 131 -245 -345 -357 209 -68 -302 156 -389 253 -274 -430 -501 507 -376 31 ]
[-764 -73 384 -28 141 -420 -266 -344 -270 -39 -675 322 190 565 -179 777 325 -66 -549 62 145 -471 -437 -770 1045 130 293 -447 -29 415 -132 57 -157 -157 252 404 34 557 -63 -426 256 -230 143 -367 -203 -177 123 129 513 -235 -365 114 462 64 -47 666 99 -803 195 434 105 214 575 437 -379 -841 37 -753 131 -30 -220 -211 544 12 14 9 279 -366 736 -60 ]
[502 967 427 43 -470 -194 511 -112 -484 245 -183 328 747 286 469 234 -317 -548 -505 -490 242 -253 -542 -600 326 -172 -42 -213 254 523 440 -100 -518 -32 -190 371 35 199 146 175 685 178 -582 -32 -405 -274 433 645 620 -107 -43 -147 641 -575 -91 861 693 650 -114 311 104 287 -40 132 -660 -117 169 -543 224 231 -650 -60 -119 133 -343 -108 232 347 425 53 ]
[1278 -307 -284 434 5 630 848 395 191 -39 -62 -305 -358 119 -365 99 -424 161 609 -46 403 116 550 -807 -532 -100 131 752 7 23 259 -622 -324 -13 158 545 -184 85 -94 382 239 464 -565 706 -34 182 584 11 -119 630 245 -330 -339 68 133 8 441 1225 -16 -333 320 385 655 -1143 -342 607 -184 -212 41 181 222 -100 -464 -63 -915 -36 -395 430 -269 -575 ]
[594 661 121 -289 -78 302 -616 -385 -501 789 432 455 673 -137 868 -667 27 -737 -551 170 -238 -404 -481 -60 -99 275 125 -242 -100 -861 351 544 32 204 233 -380 -7 243 -214 -314 -469 156 -327 -782 -72 242 -457 12 -158 -387 -237 -120 670 -28 443 61 234 -276 109 -779 53 -502 -334 535 141 214 281 257 -121 -341 -332 -115 80 495 376 399 -252 346 -317 0 ]
[9 515 -185 -51 539 565 -331 281 309 -40 586 -15 40 140 21 606 220 22 -123 -391 -311 21 -168 291 -91 378 855 -599 -72 -99 -9 -54 300 610 404 -520 -186 -168 339 191 -58 -378 550 90 185 393 -152 -509 100 183 -94 331 427 -17 143 -304 804 -140 45 -780 -168 -179 131 208 -138 20 72 -178 -479 75 -543 -681 780 -478 -116 360 169 283 -335 -50 ]
[-367 -85 -429 178 -479 19 274 2 254 217 372 -80 273 -215 -22 -188 -1053 46 1 -220 315 150 159 743 -277 -249 -305 -172 -327 -144 62 -57 -450 397 -515 578 200 -786 -409 486 -612 381 -554 -439 175 -343 113 13 -621 150 10 -386 -767 -62 -113 427 10 271 -528 741 -111 367 -169 -263 508 326 -22 318 -5 -275 395 633 -657 -153 -390 349 617 -1 -337 438 ]
[-40 -991 -570 729 364 1086 227 233 22 195 117 -42 -21 797 -100 598 -204 -335 87 385 -172 245 -274 -531 -285 -247 953 -19 -520 69 -227 -387 -376 481 602 336 152 90 123 385 -5 514 38 295 -794 -171 159 -733 -292 66 39 -7 508 232 431 239 520 142 -93 -244 690 485 496 407 479 -55 130 -189 6 -196 -510 23 103 -51 -468 320 335 289 112 -879 ]
[-396 -264 246 603 -246 104 242 -53 285 -371 -1159 207 -273 445 245 492 281 161 -1136 -200 -46 -840 -628 -559 750 -528 -239 434 142 97 -92 129 179 -499 -188 -17 -535 -102 118 -91 331 -702 -278 330 -902 -574 486 34 513 108 -195 -70 -146 268 624 215 47 -305 -186 51 -67 237 -89 -106 382 -397 117 -559 -193 -57 12 309 144 238 -642 -454 -399 -603 171 -267 ]
[-333 290 -496 -711 5 -345 233 -279 607 -100 -81 46 -211 -983 -145 -329 -363 -30 165 13 644 277 93 575 -108 -240 -1127 435 -128 -417 -46 -328 132 -41 -145 56 -305 -409 442 167 -187 124 84 301 -166 147 -293 -625 -42 -34 557 -462 -1321 224 181 -184 -406 303 -264 87 -19 -420 509 -135 242 426 260 -183 -244 -18 691 88 -112 -143 -105 -104 -196 -452 -119 -245 ]
[-925 77 -254 90 -389 -206 -554 -301 -369 -136 419 -479 245 -462 -345 -406 259 -141 331 -544 -553 197 201 864 195 -404 -639 138 -266 -361 -283 11 341 -523 -279 -134 -157 -193 -306 402 189 95 19 -442 238 -135 -345 -552 -142 -430 -29 -269 -77 232 -956 206 -519 93 -555 18 -188 -225 -358 -444 -476 474 -129 233 -153 479 167 -323 -425 -289 -460 201 749 -465 297 127 ]
[-340 -387 516 -48 -262 -372 178 -665 -402 -716 -524 -493 -247 103 -61 -535 474 -30 -120 -130 -198 176 -223 -6 152 -675 149 -299 -386 84 -215 -163 -259 -10 424 48 122 366 -119 230 226 60 93 -356 162 -268 533 5 279 -227 -28 29 1325 357 -896 419 -389 -153 21 -73 515 94 61 897 -37 -39 136 295 1121 665 -455 8 -305 -806 247 39 -497 -231 257 107 ]
[-8 1348 473 -162 318 -389 396 -510 -220 26 622 18 278 -795 -671 261 -378 171 353 64 -172 -470 357 41 397 -441 -66 122 393 -227 218 -27 392 -95 -66 -293 664 268 6 -340 -194 264 40 -193 533 123 -1053 -113 -292 -159 361 1086 160 82 -170 102 80 -138 388 -180 284 -104 102 393 -202 -358 -595 -26 241 262 -772 -621 249 341 361 126 1132 708 178 -353 ]
[-567 -172 134 72 -80 362 127 72 109 -159 -130 478 114 703 148 -128 -961 9 -407 327 347 -588 123 -325 -89 451 629 -673 -130 466 449 28 -488 209 -445 13 -628 66 -34 -193 452 -375 -83 560 -597 -217 -340 296 -121 -395 50 748 78 -572 248 -63 10 299 -171 942 -51 38 282 376 409 -621 -191 -416 -31 -77 -46 531 351 343 46 -99 329 -345 -272 263 ]
[611 -177 186 165 155 -852 494 767 332 703 183 37 -62 -23 -211 380 -421 -26 81 235 204 -431 604 -6 526 90 364 642 88 -225 136 42 -51 346 138 52 778 -479 351 212 -966 46 -278 -387 410 184 -272 -339 -333 392 -381 466 -376 111 431 -207 171 -86 443 -108 23 280 148 -222 397 280 -211 -395 -391 -682 -525 294 71 264 182 -59 -25 666 -779 -153 ]
[973 -345 114 434 291 -305 210 921 -613 565 -128 -185 -219 -115 735 522 562 -15 -29 212 -306 -848 -351 -453 414 57 59 294 -524 69 329 348 -192 614 29 -107 645 531 214 -490 350 514 153 313 -169 487 -7 -638 269 -251 -531 -150 -17 -26 536 102 1094 107 282 -121 403 160 372 595 -831 -580 543 -345 -453 -68 -350 -343 787 -258 -225 -358 -667 -30 -289 -274 ]
[254 -130 89 -348 709 -220 -376 -24 -79 -78 -744 -128 -498 70 77 -510 796 1077 651 524 216 10 73 20 -55 -393 -287 47 142 -447 -675 250 331 -280 1100 -187 304 668 -118 -160 268 -405 -197 -487 531 3 -21 -92 300 337 143 -282 -157 -146 -230 -557 -206 -624 423 -70 -43 222 96 493 -82 -11 -438 384 -777 -39 112 -508 149 -203 144 -41 -700 -190 255 142 ]
[-1078 520 -302 287 46 -16 -501 -369 94 -103 303 442 -277 -565 68 -320 -630 471 19 395 -16 -647 -104 -297 839 -87 -155 -237 -90 -988 -577 99 383 132 0 32 38 -92 -551 -156 -440 -223 -327 -515 -494 -52 -875 -374 -512 -706 403 -80 -511 168 106 435 164 -361 -628 -549 45 652 -48 -600 694 -160 -273 330 -808 -33 179 -344 -301 265 -445 324 162 312 549 305 ]
[-358 -746 255 -6 -615 -623 95 179 296 -36 -381 -159 -427 188 660 41 378 -405 -737 42 43 2 -920 772 -571 142 552 94 -280 349 -236 225 -429 674 -16 178 -819 -56 400 484 -285 -345 125 416 -677 -392 708 -436 507 377 -296 -546 383 126 -5 160 -34 288 -784 33 -158 -335 31 562 781 11 687 133 -142 -77 84 717 219 -805 106 -872 -1109 -63 -5 445 ]
[-655 146 -886 -90 705 730 -325 -161 -283 -104 150 -120 -528 659 -18 0 185 216 760 520 372 448 -383 -46 -375 257 595 -49 195 109 104 423 246 265 1001 1056 -303 272 -226 -252 457 142 39 -406 38 -3 -58 526 9 376 131 -113 96 -369 -60 -219 95 -533 231 107 367 201 472 843 277 370 -203 127 -879 -540 233 505 411 -32 -133 403 674 -427 227 131 ]
[52 242 128 473 184 -229 -175 312 105 -114 -30 210 160 -170 -470 -495 -23 -792 495 284 -181 753 555 -20 -48 -312 499 349 -4 -71 -819 -437 -80 232 232 138 -113 -197 149 419 -369 -362 365 218 -298 69 -409 -814 -572 82 79 34 -6 427 -213 -509 -295 309 -524 -287 226 -286 19 -42 487 602 -349 80 -291 -340 740 61 -909 -24 -64 -467 -100 261 -203 -203 ]
[559 523 -545 162 228 618 395 157 -88 456 -372 95 313 -298 832 -686 88 -349 -366 348 325 609 196 -496 -618 -24 250 -98 378 -310 255 -69 -12 -762 431 -463 -118 890 627 -668 471 -410 363 483 252 296 268 414 595 183 298 -799 -473 226 -86 -585 708 317 13 -52 -33 -80 239 -741 9 143 1005 -22 -149 500 -104 286 362 -199 -883 77 -986 9 454 -482 ]
[-1020 386 -457 -240 474 647 -584 101 364 -250 -141 -111 269 611 -396 401 -145 -316 -31 -317 -146 316 -51 654 234 -483 741 -82 -185 361 -233 -61 99 172 224 342 -129 -555 187 115 -250 -728 49 -602 535 -285 206 -213 -23 98 -527 101 68 16 289 -74 -44 -642 -59 -149 -223 -204 436 771 -4 25 -125 143 -5 -235 582 -62 -146 -66 -317 662 1151 -470 -183 -157 ]
[-797 284 139 511 -811 193 -264 -696 -69 -733 -243 -107 -19 -97 -204 -151 367 -264 76 -773 -191 -63 -135 -94 353 -235 -230 -155 -174 360 -391 -182 601 151 299 88 -621 387 -46 362 42 -417 649 27 340 116 -19 -128 386 -280 -86 5 547 253 -231 311 -257 -257 -467 -331 77 -526 428 -16 -725 321 58 -24 135 436 342 -1033 233 -831 -453 -294 485 -362 -22 -259 ]
[-79 590 39 -6 927 -142 -467 7 -185 359 332 122 -46 286 95 285 -250 -759 214 7 145 1134 -459 451 -222 430 590 -232 355 859 -9 -477 -146 530 90 29 -95 -172 847 -256 102 -182 427 -148 209 552 300 269 572 280 -265 -200 464 -53 14 -110 545 -200 136 198 -272 -58 -537 180 382 -230 331 18 -744 -492 18 -330 23 -84 408 175 -250 200 455 246 ]
[-371 -1311 -101 -35 442 -355 -831 200 -209 773 354 -764 -19 -72 402 -908 759 576 575 788 -477 -191 509 240 -653 723 705 462 -505 -207 -419 428 -507 -228 513 -106 -593 171 189 120 -330 -97 35 36 228 112 -620 -936 -167 329 -218 11 606 90 54 -407 -530 -300 68 -702 103 -467 669 630 50 -461 -504 -59 -813 -549 510 -67 -252 181 244 -311 -130 -234 -132 87 ]
[-482 177 -33 74 748 -389 -235 -370 285 -58 -290 -633 -470 -161 130 169 772 -978 -405 159 -64 475 100 -858 443 -511 666 202 -120 43 -356 -254 88 116 613 939 57 156 -363 -247 -504 -266 -385 -605 302 -112 433 288 -182 428 -248 -146 494 520 -299 795 264 269 127 108 239 -207 700 57 113 -170 475 -164 -186 -324 -192 361 -434 -271 -365 -247 208 234 16 180 ]
[369 1240 295 209 244 -95 1048 538 -40 -556 87 91 -865 -216 -114 92 467 -845 787 152 156 39 -255 -54 387 -268 -136 236 -65 1024 -192 -265 -43 565 536 549 166 -408 267 141 385 45 418 -207 -447 279 789 -361 204 180 147 155 -114 181 421 121 490 603 256 228 453 -63 -188 40 163 473 -54 -650 -387 -371 32 -489 -192 -17 -375 -355 -143 -65 -379 -251 ]
[1268 829 -211 -651 55 444 499 549 157 -113 -119 -231 271 -494 14 -367 88 -67 718 -269 339 392 -175 70 -791 520 -359 -221 -423 -8 410 -522 -92 -36 978 167 -303 265 490 588 68 353 308 145 472 161 571 -500 396 1027 159 -364 -114 128 212 132 330 449 229 -604 45 -216 187 24 117 740 222 -795 118 -155 -115 25 197 -269 165 7 -679 518 325 -723 ]
[-196 466 -413 63 83 431 825 -18 -316 92 529 867 349 79 -284 -50 -202 31 681 41 997 88 -276 -73 -677 274 -266 -275 -124 123 -315 163 -301 599 384 705 -147 422 -389 290 194 430 11 594 -324 -51 126 -254 -323 -118 760 130 -1264 56 -225 -18 338 450 -340 797 598 256 138 -104 271 -502 -252 -46 156 -525 771 -25 317 -256 72 -86 59 -18 696 -563 ]
[304 -93 703 96 -301 -425 86 -436 -31 -594 -234 -621 44 -113 -590 8 280 467 738 173 -209 445 37 179 38 44 -3 -141 -180 111 -532 -287 17 -425 436 -40 116 50 33 242 -426 -196 559 -61 44 38 -43 -751 748 820 -149 92 1018 -13 -92 -124 -336 -664 -55 -44 -131 -24 -699 -539 232 492 -307 -225 -683 -90 -16 -295 -407 19 139 -582 -248 -30 111 -210 ]
[413 -128 -241 164 356 -211 1015 -176 189 -162 -89 -1336 -421 -62 -542 115 506 209 342 478 750 -49 -46 350 41 -222 -136 163 -171 94 -31 -110 -163 -16 515 732 -264 846 -270 -695 173 -479 -142 -552 518 343 -172 -1082 347 507 102 -239 -290 412 -258 124 400 145 345 288 54 251 643 318 -212 -174 526 71 -242 95 -520 -396 411 -258 -677 -238 -186 -718 426 -141 ]
[-98 267 -427 389 -798 -375 -101 288 215 -183 172 -397 312 593 199 -79 80 -234 14 -288 174 -278 -65 -124 -76 -58 -178 -776 -288 1131 -313 596 28 860 306 256 52 552 115 476 507 -634 598 -243 -121 -178 429 499 191 689 -359 416 40 -74 -321 289 116 -3 -104 949 -221 278 -479 141 248 536 488 -644 188 -622 165 217 333 -229 -49 -378 -201 -389 -208 111 ]
[90 -381 519 26 88 -167 130 15 117 -66 -506 -148 81 143 -114 -677 -9 774 -105 -95 534 -235 360 300 45 -97 -220 91 309 -222 673 224 73 -610 -92 -343 -346 -38 -357 120 499 -61 -409 -80 617 212 -57 143 -143 308 138 -604 -370 -44 -1248 -675 -296 103 299 89 -351 33 79 -60 -427 -329 -207 170 157 22 304 151 -157 -549 -64 -79 -517 -741 132 -186 ]
[-391 227 21 249 137 -335 -66 -4 81 -355 -218 27 -637 -56 139 -1007 -105 -486 -346 343 -257 251 -170 502 294 -304 166 176 105 -209 -250 -143 340 -674 452 64 -424 -309 -77 237 -415 -451 -376 -445 -524 -631 -174 214 -83 -802 -315 299 8 235 266 88 -368 -412 -377 -97 87 154 -786 -89 1464 133 -373 -31 -376 -187 -137 247 -855 485 -19 -93 373 221 113 566 ]
[-547 251 105 202 450 -121 347 382 582 -44 266 -162 9 157 652 -354 100 241 -795 -324 -81 128 -89 118 84 -484 660 640 434 41 171 54 426 -203 208 -51 -407 291 394 -46 745 -405 -624 -189 -87 -23 152 837 205 -113 54 -467 181 -29 -642 -106 218 541 270 -355 -42 370 -389 601 644 -424 -298 -43 -672 395 -1068 13 97 -93 -160 -236 138 644 848 792 ]
[-160 -984 -1016 -44 297 690 -248 -34 -244 -123 313 -142 108 171 -44 142 -141 108 270 -173 -547 371 -163 36 -667 -426 -602 191 -557 -600 -228 -76 289 274 -231 -277 63 936 -466 -310 -17 134 -223 275 -250 385 -239 -293 334 -114 -130 -118 -927 472 171 -430 -252 -56 -67 -200 422 361 -444 210 663 -24 129 -80 238 7 -36 -16 698 149 -127 601 -290 -287 7 -641 ]
[187 -270 220 -328 727 342 -235 -223 327 431 287 206 84 -117 147 -40 -93 -808 -848 1096 272 -801 314 -325 -324 -326 254 -355 -255 -438 209 318 -100 493 211 -33 325 162 -610 -890 -562 558 -339 -667 84 321 -286 28 -858 -421 44 538 499 -273 37 370 -139 320 735 99 696 88 120 692 280 -89 264 648 -175 -403 -664 465 20 1048 454 603 275 -211 -255 -1 ]
[-1068 -221 -25 190 -382 569 -319 39 41 81 1 -229 836 -92 431 -174 -513 237 10 -281 -1117 -270 58 243 -126 737 781 17 -283 -262 502 27 -139 -619 -511 -16 208 -572 376 110 -472 579 81 254 775 -181 -990 -123 -306 -491 -235 -23 545 -234 185 395 -133 -339 -272 -634 -443 -69 517 -89 -837 -156 -578 338 329 -58 -50 177 -302 127 -166 103 1331 241 416 52 ]
[407 -750 -57 53 92 15 546 40 -418 316 -556 299 -416 -626 -71 607 66 464 -162 394 52 -857 -79 700 -508 -527 -27 852 27 -739 106 -226 -457 -530 -1122 -110 -14 -46 -486 -728 -319 496 -224 -112 114 -915 32 -23 -362 -652 82 -383 -569 657 -73 151 -322 495 -333 578 356 -234 -18 -52 242 -416 38 409 314 481 -97 362 268 532 -190 270 -568 184 -227 466 ]
[-287 170 -34 108 -523 285 205 -15 170 -487 387 -252 -162 -500 -1069 161 -179 45 -12 135 100 -457 771 198 613 -181 -332 562 450 -106 -76 651 501 65 -151 103 230 230 -679 -1027 -545 116 224 37 1283 93 -575 -239 119 159 94 154 -92 -424 -147 -371 -235 68 -139 -129 -656 255 331 -430 -827 352 24 551 -256 241 215 -28 260 106 -397 -188 509 -834 192 -351 ]
[552 -331 190 -574 -63 -1 106 -19 356 -186 -250 -497 356 667 -73 249 165 -594 -465 22 38 770 -545 560 -196 83 339 288 -1 -79 -555 134 -264 -188 846 3 73 -95 619 -123 -530 -496 345 78 -58 79 263 -575 597 70 -494 -328 487 185 -54 19 83 -399 153 -29 -362 121 -231 -105 543 -44 -90 -185 101 -213 -217 -91 -440 156 -8 -160 -203 437 411 -49 ]
[199 425 -292 -48 -28 947 184 459 -458 177 309 215 -333 -65 204 -64 991 -335 464 -53 -523 257 -380 516 -1379 319 -77 144 388 264 177 634 -196 737 1003 179 214 189 -555 -87 -267 93 228 -521 907 -318 595 267 -49 987 -209 -754 -591 -723 593 -485 -71 536 96 -641 -97 -185 -606 -153 282 716 350 402 -673 -754 -151 3 469 -17 -244 403 216 -315 -332 -487 ]
[-212 395 -508 -531 -96 520 363 50 355 -391 -331 -413 -70 267 -181 -122 -146 508 -306 -169 -426 -603 418 -87 354 -132 408 425 489 -376 776 653 473 -274 -174 -201 -284 -152 225 -12 -835 -348 -631 -503 835 -185 -748 120 -49 536 449 10 165 123 249 -661 -232 -99 47 -1238 -482 -210 98 -71 -219 31 -284 -450 430 302 -424 748 546 -14 -383 -83 215 -196 -160 -1076 ]
[799 1142 -58 0 257 437 249 -705 -423 148 462 491 1064 -418 537 88 221 -55 -277 -26 -134 -455 -743 -297 -24 -58 -586 -151 2 -805 397 171 202 -256 -601 28 -98 470 -485 37 871 1052 -386 376 -482 -31 -86 280 233 -45 93 -368 -533 -102 457 -232 280 -80 330 -76 164 -686 122 229 -570 241 -125 116 722 -493 419 -736 132 188 211 425 49 -195 -255 -56 ]
[-136 823 110 -115 -92 357 -29 -774 -254 -298 -435 310 427 -262 -149 -256 286 -28 214 -261 201 -512 208 128 -349 -531 -871 -530 -382 -495 -171 -439 265 202 -149 181 391 -58 -317 344 -76 540 -732 -541 742 121 164 -285 -106 -335 627 -297 128 -111 -1 303 -646 91 -160 83 -59 -356 669 -110 -1332 555 -315 734 915 346 102 -970 -356 -55 -281 704 -66 -58 102 37 ]
[692 -163 483 76 197 -260 506 -390 -94 -273 -332 -127 203 402 131 487 -314 150 224 178 -5 -89 196 -791 -375 408 1442 359 198 -92 42 -16 -216 -326 148 -255 167 626 382 34 -190 -87 298 955 195 580 -310 127 294 49 -269 470 662 546 -584 -271 236 24 133 223 331 -277 113 -410 -61 -568 -529 -769 476 -107 -219 -232 433 50 197 -566 -493 1035 507 -204 ]
[493 56 23 381 829 -125 118 -358 -724 177 -323 318 167 -300 -33 317 542 -157 65 -50 -46 213 -155 68 300 -66 -429 670 -15 -333 -357 -379 -242 -41 -603 307 426 -481 8 -232 -217 601 -437 -68 -227 117 495 -34 123 247 -282 -378 -156 951 -182 11 -87 -423 -63 566 579 -215 256 -18 65 178 -167 264 -626 -481 25 42 -262 375 41 372 -222 160 -116 163 ]
[-339 -142 49 104 317 594 -294 682 -346 47 -354 795 -478 386 -31 257 265 -405 -114 556 171 -246 10 -502 720 262 219 -471 170 -98 391 -286 -33 -108 -104 -22 -500 -277 -574 -571 853 63 516 -107 -474 718 507 153 55 -686 -224 112 805 -9 -84 -50 -129 273 546 -59 -106 179 246 -346 -425 112 343 185 -748 -120 -288 -41 199 759 251 419 -359 128 -19 393 ]
[-34 205 326 -694 -358 -226 -479 -487 -407 112 -1035 258 690 -577 681 -631 254 996 -380 35 -159 -593 -173 40 -316 222 -948 -664 -157 -477 343 574 -405 -405 -561 -96 406 708 -9 -548 -565 -133 -179 334 692 -26 -829 320 -161 -321 102 -388 -600 83 236 -289 -481 -405 -59 404 120 -673 455 605 -465 -691 -367 278 -26 138 542 50 318 -650 533 -733 -220 -252 -774 -51 ]
[-581 446 -389 -374 -701 863 75 166 537 -274 965 223 688 -573 676 -686 -615 776 174 -462 -30 645 98 85 -419 -6 -39 -642 17 347 121 199 62 -130 -213 -274 85 -218 141 265 551 23 255 953 -434 361 343 546 -204 132 290 -350 -741 -392 -253 73 268 175 -348 -367 -13 146 293 302 268 -28 71 -21 -83 134 304 145 11 -245 -403 657 728 87 -331 209 ]
[-356 -579 -484 176 855 764 -193 341 -113 216 339 -284 -85 57 624 99 101 611 84 -629 -511 358 173 296 -1171 426 -266 375 -287 -768 43 -524 68 578 -5 -352 -173 -133 18 -66 27 474 124 63 244 569 225 342 164 289 -177 116 -135 -372 216 -312 415 -200 246 89 349 239 130 163 -120 -150 -322 204 -772 -96 -193 -117 941 -332 20 648 197 -242 -324 872 ]
[-746 708 -5 186 -785 -476 560 -519 -139 -642 277 -66 182 -1029 -47 -981 -288 481 419 233 301 481 238 -189 149 -633 362 398 133 131 19 19 192 -363 132 320 -171 860 151 442 145 -641 385 18 -29 5 -599 -273 411 -414 225 -464 189 43 146 -311 45 -266 -402 -416 147 -9 243 -178 352 -64 -2 26 -230 -90 1024 -364 -446 -264 -403 -770 -147 -20 613 -317 ]
[460 308 94 45 958 545 265 163 87 -275 17 -586 -145 169 -1036 367 228 -724 244 259 -92 25 576 31 -331 -29 223 -137 111 323 -174 -509 -64 176 172 -34 98 -500 319 -214 -549 -375 167 -233 918 484 383 -773 -317 1336 37 276 414 820 -363 -82 -189 468 575 51 -306 191 375 -152 -456 -170 101 -230 189 -246 241 55 -178 131 -163 7 -37 -392 -985 -599 ]
[-215 115 -558 60 -286 838 -7 35 445 300 -10 254 219 -408 -268 -286 -210 -282 -1015 469 -322 69 491 236 -381 -307 -204 -346 -8 -520 -544 69 -277 132 -365 -124 -299 -10 24 -279 146 635 -96 683 -153 -388 355 452 -440 -44 272 -403 -218 -260 223 6 105 -264 -479 75 -260 -25 156 -585 -26 665 -12 265 765 519 386 1067 76 -154 -300 387 776 -12 -359 -261 ]
[-614 -258 519 704 -17 -478 -60 -355 56 -59 -888 -293 643 -564 -399 -395 -749 596 -1053 -261 178 -161 -21 227 1053 -207 -211 -228 506 -745 -326 -492 -112 -420 106 -630 -283 -515 299 -180 -434 -378 103 -447 428 -739 -611 -34 435 -368 -372 -104 188 28 -37 -42 -205 -836 168 -70 -329 -77 -261 577 -131 -608 -57 -367 217 257 -278 -202 -350 54 93 -158 391 -169 471 -68 ]
[-191 -491 12 535 269 -111 84 295 -178 -126 -892 -319 687 347 64 -530 319 -45 -440 -302 568 984 -224 371 -599 32 -726 -677 -354 232 -449 -433 -243 60 378 314 -17 -87 7 59 -174 -39 462 470 237 -19 76 -1167 326 306 147 -536 -591 -167 -850 25 184 -641 -439 1394 -488 -498 -47 822 -585 -206 372 -109 -254 -406 343 375 198 -835 -88 -677 -154 -1278 337 127 ]
[130 -646 -842 -699 325 250 -558 -257 -257 124 537 -385 365 243 -463 -66 20 -202 42 413 -308 -74 690 -210 -697 93 255 -276 -447 -85 -44 425 306 310 127 -304 533 1109 -76 149 -154 812 75 143 -90 662 129 -234 -84 -77 -306 37 611 73 -258 -63 45 -111 189 217 671 183 292 -444 -828 -194 -95 117 79 979 256 164 396 -107 310 -6 186 128 359 -375 ]
[-394 68 97 -420 -435 -409 -144 -139 355 -183 697 59 81 -73 213 -180 -1027 -667 -110 3 333 -42 -47 359 -396 -541 -746 -329 -265 714 347 81 39 267 -784 -127 130 -789 -322 25 -53 -530 -78 -38 -207 164 379 133 -175 450 421 837 -447 122 -34 703 -771 90 167 1020 616 460 3 334 1626 -100 -51 -105 389 -765 -251 908 -518 768 439 772 397 -214 -847 467 ]
[-69 788 -604 -814 -20 589 -273 288 594 -65 261 171 -398 -710 419 -102 235 473 132 38 -19 -82 79 795 -527 45 -636 -30 117 -650 -389 -49 912 647 157 -106 -141 -77 -562 -43 -165 -481 -491 48 -338 862 191 -77 50 -288 412 -301 -797 -61 191 -14 213 158 -705 -967 -235 261 708 189 -74 430 -75 325 -642 344 910 -54 123 6 -337 319 -577 171 -90 1033 ]
[-294 55 4 901 -6 596 -227 633 -170 -276 108 -207 -1049 -582 440 45 1123 696 919 198 -582 266 -52 583 -205 565 375 375 -30 265 -42 -12 -167 -214 495 47 146 -524 236 335 277 456 860 -484 741 -377 -362 -174 -87 -82 234 -399 259 -505 658 -343 43 -4 433 -539 -132 -253 -333 393 -328 338 220 609 -682 -147 12 -733 15 167 107 -536 -249 363 229 244 ]
[-115 1120 11 -341 210 -186 -612 -27 136 708 543 252 169 -460 178 -562 -36 74 -677 15 73 -338 416 1019 13 -390 -414 177 353 -556 192 152 -548 762 -316 167 76 -117 -291 272 -94 354 -278 -689 192 -257 -370 -397 -455 118 28 -990 -394 -215 -775 -206 386 475 -756 -366 -77 -59 353 541 -581 950 139 502 -721 -71 330 -163 -40 -772 -71 141 189 -499 157 88 ]
[-455 12 -130 -65 631 -229 -286 -671 82 -162 -207 -222 -426 391 549 658 396 307 -88 -319 -531 179 -361 -728 485 673 301 664 7 37 383 -386 -553 -276 -437 626 -95 -806 648 265 52 4 -174 -517 -542 334 -334 329 -438 -260 -253 -633 751 52 37 566 208 -56 -358 -710 -32 688 432 245 538 -391 -282 -994 -562 -552 -12 356 -302 319 165 -449 -139 252 438 136 ]
[-131 713 292 626 -984 114 330 -608 -221 -72 72 -345 600 174 34 116 492 -352 -383 -980 -500 -813 -428 -5 685 -4 -569 116 542 32 141 247 320 -733 -47 -235 -390 -669 105 469 235 -685 -339 -718 480 -505 -497 -219 -10 150 -122 -471 -122 82 -327 592 -316 -36 -503 121 -694 377 -578 -568 16 -59 55 -634 -226 -709 -86 -158 -253 252 -900 515 412 -803 157 -282 ]
[121 338 -383 223 116 565 -555 -395 -231 226 -504 -728 -151 95 1053 -284 1095 434 -553 297 -657 196 -866 87 -240 -665 120 -297 -127 17 -236 725 724 263 306 -612 507 411 233 -670 65 -9 -98 -169 -640 -186 -339 433 333 -384 -67 -692 401 225 59 -76 703 -523 -330 73 -457 357 -432 652 -144 -361 587 433 -4 338 -419 -195 398 -70 -56 -196 -325 297 156 108 ]
[14 -158 631 194 -192 -177 264 -969 -289 -585 39 188 43 252 -505 89 -413 -188 155 417 421 -433 -538 -621 -22 -547 -511 305 376 3 -333 -159 370 -79 189 276 -267 854 -250 -453 -253 328 -39 -27 -914 322 -600 -309 3 -669 166 308 -48 587 -243 491 19 -189 -232 172 548 295 -607 -676 266 -278 -378 -190 140 -169 -202 -708 -136 43 -384 24 416 -41 550 -1033 ]
[-570 194 -774 35 -621 171 -91 243 -33 575 989 120 -70 -202 473 -736 276 -117 -569 -603 -223 250 -394 818 -995 299 -882 -813 58 327 -60 590 122 783 -60 36 611 -61 -151 883 -637 85 -811 -60 631 -251 -182 700 -203 28 328 230 -497 -369 278 -416 -88 68 -765 15 -445 256 -382 522 198 411 -168 75 -81 -592 -45 653 420 -435 74 -56 620 54 -1020 301 ]
[-75 49 -151 273 155 1059 -235 264 -251 252 106 459 -425 -340 684 -431 -331 -396 235 514 -592 -232 -80 -378 105 16 166 101 89 -786 -166 -299 104 214 -19 -396 341 -598 -176 7 82 523 241 614 -497 170 -302 -301 -333 -819 346 -168 -37 -395 612 -128 418 -327 -99 -619 247 9 1236 791 131 228 -317 427 177 480 828 74 74 298 -432 354 326 439 -797 -148 ]
[473 -421 403 472 -185 671 42 -10 -646 185 -198 169 350 372 -496 795 532 -681 -98 -21 -146 210 363 -247 -364 -693 -21 -513 139 -188 -507 -377 -375 276 118 -290 379 527 -154 309 -39 -160 605 -247 -3 300 70 -506 -535 -565 249 384 217 7 -542 555 -207 178 -531 524 617 267 55 232 -412 -505 420 429 704 -145 -245 -262 360 331 -106 -16 -48 559 108 65 ]
[494 -811 -11 106 -203 711 296 -97 41 -227 -613 -97 -353 330 -40 -92 469 649 -154 -151 -164 -124 268 59 -405 -17 -639 449 129 -479 -157 -311 -593 -799 -299 145 -78 -788 -166 -107 -414 -353 -669 12 108 -601 700 110 -37 -23 478 -751 -501 92 129 64 -713 126 -210 174 -252 194 -38 -1035 -65 108 27 700 11 378 643 542 -420 83 -741 640 -713 -676 -615 913 ]
[-494 -257 240 618 -81 471 -4 618 297 568 748 447 -277 -369 294 -489 -388 395 -631 917 50 -539 148 628 111 219 -43 -16 281 -459 -157 583 132 128 -390 -451 372 270 -276 -194 -397 -9 -83 -15 60 -616 -649 -169 -572 0 210 519 -887 -590 981 -1182 -140 -477 5 -440 -644 7 117 513 570 -274 -100 914 -346 302 -7 323 1041 255 668 -195 474 -388 -242 -194 ]
]
