[[-272 -97 530 513 384 249 348 831 86 -92 -178 146 127 218 32 668 530 -27 652 -336 -559 240 526 110 -189 -237 -368 -31 357 -341 -398 -207 357 220 175 50 -182 -526 -448 -218 83 -59 -643 14 116 518 72 -52 -535 -41 -19 272 123 -367 15 -132 -26 -181 -302 -535 204 -66 286 348 25 -37 47 -524 -113 -504 -106 16 -511 287 -285 51 131 -158 -218 -381 119 800 167 -627 64 531 -454 216 166 184 ]
[289 376 -474 -75 -60 342 -293 -616 134 135 -385 -241 70 254 138 -245 146 523 111 -395 521 -390 -69 -108 -69 593 9 -98 -204 -565 -117 -189 580 -372 -273 -192 -231 -47 -284 -34 -429 106 99 393 -397 -364 120 -62 -65 -94 341 -237 482 -32 288 263 321 -415 -58 -1006 -99 -166 -331 -1 -598 245 4 391 190 213 -125 -141 -8 440 -334 580 -320 497 683 332 -53 -520 230 -12 696 342 288 -139 -784 546 ]
[-18 -212 344 -826 -420 46 79 157 -52 372 103 616 558 360 121 607 -588 -154 306 -160 -75 295 215 413 197 -474 -166 -724 -92 266 -210 -221 -631 295 351 109 452 424 -182 332 86 388 -278 -73 698 303 -198 -9 -683 166 369 257 -77 -698 -132 -223 17 105 -21 284 -163 17 387 279 357 334 -49 -154 124 -35 183 854 329 111 -709 63 14 -215 -267 -222 -418 234 -58 163 12 -566 522 415 490 75 ]
[-433 198 300 603 920 200 -42 387 -112 -614 88 -344 -294 -1 -25 -383 488 -131 124 167 82 -332 -21 -200 -350 -322 -250 397 -61 -133 -769 -683 249 -439 -75 -51 49 -354 -437 -450 -212 -523 -440 -599 -267 290 -190 471 -35 186 -512 131 23 513 115 225 -566 -24 203 -117 700 -64 471 354 115 -319 50 -112 89 277 -283 -510 -1061 181 -823 158 335 -261 -361 -128 572 466 -297 -440 -562 -221 -340 -317 -86 272 ]
[-405 -364 2 -511 -93 69 -582 176 153 -197 484 347 135 265 -286 -35 -152 -147 109 51 266 180 177 1021 141 -757 -828 -432 -283 -27 -648 -614 -988 -156 266 -132 277 -9 151 766 486 147 83 -806 -71 -42 542 211 -204 119 136 -322 279 -172 398 35 -404 425 343 669 34 140 749 826 234 522 132 -363 528 -160 8 287 -171 -287 -154 45 377 31 -627 -361 268 498 -258 453 -606 -968 168 54 110 65 ]
[-460 -536 -122 -278 460 62 -7 39 48 -26 63 303 422 385 191 626 93 -234 -8 -296 122 458 186 690 786 -331 -867 -13 -25 -218 -908 -337 -158 436 50 -226 32 -158 -429 -183 259 -239 130 -500 247 171 322 -287 -227 317 602 219 370 -498 69 -216 -551 152 -63 191 -316 291 -402 -225 -33 295 -633 -786 325 -96 -470 341 -205 -299 186 -430 66 -259 -73 200 -113 801 222 512 133 637 -336 325 698 108 ]
[116 -150 -152 -645 -232 56 -636 -60 251 147 -57 -69 164 73 -115 266 -626 21 -12 -322 417 655 -142 231 120 493 -739 -70 -98 -184 -173 -688 -44 375 54 -2 11 437 547 192 238 -374 161 -59 373 -570 316 -415 -6 -657 283 -343 461 -636 420 -373 -308 18 -73 755 -922 -95 -169 -272 -248 876 22 124 416 -125 -304 635 315 277 384 389 235 277 618 -244 -105 -178 533 664 630 205 352 1081 -953 537 ]
[49 -584 203 -92 91 140 -169 735 -48 -374 25 442 218 670 -317 395 88 -551 377 168 -448 128 674 14 73 -985 -764 -41 -515 521 -274 -295 -1036 -593 25 -107 -50 -1103 316 330 468 26 40 -117 -145 146 459 -151 -16 16 682 370 -144 -14 -20 -345 191 42 -196 -287 -47 134 579 -163 -91 80 67 -763 17 -498 205 517 -336 -58 -10 -418 -85 -143 -669 176 25 220 181 211 -736 566 -186 354 828 -723 ]
[629 52 76 259 -398 -69 81 -547 425 -152 -10 585 260 148 -172 -290 -449 -277 160 -666 288 -449 797 -30 -206 -422 257 274 434 -86 809 -444 37 -320 -275 188 -522 -63 571 200 7 520 -16 667 -242 -609 201 83 97 120 -66 -264 -321 370 -21 7 795 -458 -395 -439 247 420 718 -47 -17 -172 254 387 -209 -537 655 33 772 -135 82 -265 -527 -160 338 178 -311 -527 320 -304 346 11 298 215 188 -100 ]
[-240 189 -897 148 320 598 -110 -274 -291 -432 -159 -229 7 -267 328 -428 206 130 45 349 18 384 -271 -301 48 1373 -212 -32 344 -158 -356 -228 927 394 -118 181 111 -262 -575 -379 241 -1004 -880 -598 -296 -47 -159 -152 291 -657 -122 427 97 522 87 114 -330 269 471 -212 -294 -207 -190 382 -477 124 -4 10 -210 546 -416 -313 -366 -211 -484 251 283 44 24 -164 587 -396 52 -458 -85 174 -187 -250 -489 -113 ]
[327 282 18 -252 -235 223 -492 -358 268 112 -266 132 601 353 14 -196 -534 -217 33 -543 233 -205 -98 704 -234 -221 238 -424 -564 -414 17 -168 -546 -590 -89 -290 299 -178 329 585 -214 850 722 800 -176 346 257 183 -236 266 377 -314 620 -301 -18 374 472 -244 -512 65 -22 -299 -516 -432 -493 16 260 443 499 127 500 202 830 139 21 410 -454 -48 578 335 -335 -12 400 493 -449 350 -78 294 -1086 141 ]
[-876 -808 -236 118 312 -23 -32 -683 199 -422 559 348 -427 -299 126 -285 -288 -265 299 -180 484 -364 419 830 445 -93 -145 -290 379 13 -11 346 -263 272 294 44 20 240 -67 -14 51 28 -189 -439 -619 -605 246 -213 -63 -122 199 132 -644 64 3 -62 431 134 342 -408 334 418 702 245 202 131 -116 2 -291 29 115 -212 -413 -1177 -645 -190 249 -21 -841 -151 408 49 -674 -274 256 -965 -418 -308 929 -99 ]
[164 737 3 -532 246 197 504 -227 -198 505 -136 -197 747 -206 753 1335 141 658 123 -138 88 661 -311 -397 61 575 465 -170 -165 -673 -268 -136 400 1178 -535 -355 -576 565 -452 -250 -688 -367 -451 544 620 469 4 -262 -737 468 -298 -205 163 -566 -289 -351 -516 -189 -289 13 -500 -211 -989 -131 -252 -114 -190 218 43 -75 -545 382 163 472 435 388 -137 223 648 491 133 529 615 86 289 853 -131 749 -800 626 ]
[455 324 523 794 -51 -6 336 897 519 32 -365 -275 -551 -514 -314 -309 1028 644 -704 554 -1073 -463 -107 -267 -52 70 687 597 457 340 259 654 595 39 359 389 288 -179 -549 -52 137 -215 -400 -162 510 388 -437 729 158 -433 -295 465 -85 316 -234 337 -341 1 263 -369 505 -467 22 -1 -1 -271 361 -450 -62 -171 -211 -526 -203 350 -189 -290 77 181 -980 -158 -300 120 -444 -912 -108 -481 7 -894 486 -114 ]
[272 -183 498 159 -74 83 -277 1677 662 247 155 -8 -514 556 -639 180 1632 133 -45 -142 -917 -830 362 137 139 -296 4 -61 79 653 106 601 -512 -13 438 -237 -292 -516 225 451 61 534 582 211 -398 35 303 36 -517 -176 49 119 98 -421 328 406 679 -212 -92 -1156 -323 63 -33 81 -114 783 242 -696 149 -371 -397 -112 -668 636 190 85 272 16 -1018 95 -155 -130 -409 -130 -188 -91 -110 -316 54 -124 ]
[-151 -293 -47 -8 14 904 -599 637 407 -204 -475 -236 -411 -24 -531 91 1132 265 40 -161 -416 23 66 -452 169 504 -345 279 393 -4 -197 632 389 172 697 -87 -174 -585 151 65 473 -272 130 -362 -468 -259 55 -305 378 -1054 115 404 415 -462 394 833 618 499 8 -552 -219 402 -630 -331 -473 625 459 -1105 -96 -131 -706 -261 -314 39 222 -397 -380 203 -422 19 134 -174 29 -252 48 741 -263 280 -309 -613 ]
[578 -473 -454 -164 -207 331 168 144 256 -355 95 168 612 203 226 -670 96 -438 -380 548 -533 -72 -586 91 245 121 -364 22 -66 134 -349 -585 -488 239 10 -90 450 -461 244 954 688 -201 -296 -268 -236 -282 476 48 158 -23 -28 197 -115 408 441 -240 234 -111 -69 92 -885 621 -111 -260 -105 10 630 176 275 497 -205 578 282 170 503 -80 166 -616 -543 392 -211 -680 239 -4 -887 16 -46 332 -376 -754 ]
[91 79 613 509 136 267 236 -267 434 -108 -622 -510 220 13 540 42 -31 114 -162 -65 -533 -12 247 206 -824 220 541 -315 291 -601 407 -214 414 -277 -53 344 595 38 -23 -5 -210 -184 -1007 1159 -231 247 187 77 6 -470 -192 -194 382 -14 -254 -476 589 -697 -432 -597 -172 -161 367 -546 110 -19 113 747 -282 133 713 -144 -34 -227 -674 387 -290 -289 285 -356 -330 111 473 -1181 214 265 -237 206 -29 220 ]
[383 -181 498 -20 102 -670 87 -572 168 126 -182 -287 -451 175 -96 -299 557 436 -582 -662 89 -306 379 767 61 14 290 332 372 -279 428 162 -128 -453 -118 -186 -5 808 418 497 -131 658 444 276 314 -555 417 407 335 -238 -600 -539 374 217 -7 -473 67 -913 287 82 346 -320 -10 218 437 717 -499 538 299 -42 208 -32 180 -130 561 384 123 267 13 -313 -338 -439 -352 -132 589 -784 535 -798 808 742 ]
[87 765 -643 389 -52 17 -448 194 730 -140 505 420 -377 -201 -43 -368 -123 214 -266 -527 300 -268 352 -247 -416 277 322 307 -281 329 438 361 -29 -158 -411 384 -599 -303 -33 -367 -756 668 836 259 -130 -131 -93 25 -321 108 -316 -488 183 -53 -45 826 238 310 -399 120 -396 220 -156 -233 -796 -65 475 309 76 -211 -174 -424 413 364 254 531 55 100 680 174 328 -189 -62 566 -113 317 -50 -8 -1244 232 ]
[-524 63 -756 67 -666 131 149 -152 -19 154 301 477 -473 -322 -55 -258 202 107 -356 196 87 -10 -381 -453 -379 486 -79 134 395 270 636 35 1336 611 -148 473 -426 212 -51 -637 432 -294 -426 -670 -179 -453 -329 -532 460 189 -727 -378 661 -123 285 229 10 774 -86 727 -539 1000 34 260 854 -185 528 -74 -708 157 -148 -308 500 290 432 -394 -270 -498 183 -325 182 -378 207 140 142 -478 162 89 614 -502 ]
[389 182 -88 448 -248 -257 -7 -431 799 -150 -428 -104 -140 -211 -326 -1240 -168 -132 -576 15 305 -1054 -377 -12 508 -131 -231 227 -250 -421 152 -573 -167 -218 55 200 314 25 -540 18 300 289 455 -135 -418 -52 199 240 275 -110 700 314 -444 102 559 404 426 -127 355 -811 300 -253 -12 -327 -391 -200 82 696 202 185 137 -452 85 -116 86 352 105 157 -403 199 -98 -214 -461 -91 -137 -239 -229 -354 -1048 200 ]
[109 -124 -91 -47 236 -629 175 -648 -254 440 -57 321 181 284 994 80 -1188 -203 -497 -533 370 617 555 201 257 153 524 -473 676 225 -121 424 -564 -315 304 282 905 649 -37 -231 -400 625 104 46 391 -45 -60 173 94 290 -238 -13 35 261 -919 -354 -420 44 -35 526 -57 333 156 41 376 141 -979 -485 -235 -220 78 283 167 -373 -563 53 -412 -335 572 -249 -650 126 -145 20 421 137 545 -526 1340 -116 ]
[-464 698 164 90 381 24 338 56 -350 -127 633 -389 308 -359 236 706 348 246 -219 709 270 75 -307 -42 61 -1113 24 -10 -19 -203 -310 908 -26 -127 -7 -56 -559 -124 -1027 82 -708 -17 286 -394 183 680 -632 351 -398 871 -1206 -506 -18 -115 214 819 -266 489 -111 618 167 606 -290 167 138 -1111 -606 -150 352 462 -511 -1037 -206 -279 281 -317 110 -477 201 446 280 1351 -288 257 -929 277 -135 -119 203 -256 ]
[-68 471 -819 -82 -147 -134 -589 138 -176 -104 381 643 624 649 -417 -407 266 -534 952 -1433 71 387 636 518 -357 781 -368 -51 515 -514 -147 -1472 655 182 -342 -158 30 -124 -341 -416 605 415 -31 -732 547 404 -115 621 -241 -306 -394 152 525 -205 139 961 140 -191 200 204 154 -234 532 1471 -454 561 106 144 251 324 377 194 328 462 -537 38 337 -618 538 -972 246 -113 -94 -79 439 -172 162 -193 -1093 572 ]
[-180 -582 -288 384 76 1166 -102 -140 235 -262 -582 319 -227 -309 404 -189 -189 582 517 394 -504 -57 -566 -48 -324 562 -204 720 43 399 -193 1179 477 -191 141 194 51 -770 29 -182 -62 -236 -861 490 -296 -311 275 -643 -38 -483 711 436 176 17 -176 -144 443 137 -608 -631 -216 87 140 -853 -731 -380 760 -362 -208 -344 -27 -147 124 -487 233 -564 -105 587 -116 231 247 139 209 -778 234 565 -497 501 -314 -584 ]
[-535 -395 203 207 -148 -376 202 431 -172 37 341 272 -278 -1 -712 371 861 60 408 -217 -259 122 586 1224 520 44 -302 -490 -50 -268 419 470 654 214 78 -338 -890 -197 -318 257 538 -356 158 156 -482 16 145 -322 -583 379 253 -44 113 -564 -11 -38 -425 141 65 -391 332 -414 -39 501 263 139 -787 -321 476 -676 -346 -392 -208 87 -58 -94 141 451 -678 -435 -65 273 100 214 899 -221 -646 -1002 915 958 ]
[-337 -269 -756 -168 645 -42 166 -813 -193 -428 241 525 -195 -77 599 -671 -150 -518 -132 81 448 354 -444 346 -73 731 26 629 -336 671 71 431 222 508 -819 -52 -396 268 -137 -1056 -258 -50 354 34 -25 -47 -463 -246 -131 466 -316 353 213 713 -318 -62 -281 152 -234 848 396 -432 -304 33 277 -230 -446 565 81 684 -123 117 67 -915 197 -186 449 -204 856 -312 98 50 -106 763 174 -27 -333 -692 230 542 ]
[58 576 -497 -318 -632 350 -421 -239 337 323 324 111 97 -177 197 -443 284 -114 -242 -50 -143 134 -185 197 -408 470 330 -617 -747 491 793 -378 871 502 -166 623 510 537 -145 -621 -265 -93 258 -106 5 322 -868 -105 -237 -228 -389 -340 548 -533 82 544 -335 44 167 768 -26 -385 -289 31 -8 503 157 623 -152 600 399 -60 394 11 -858 892 185 -139 548 -611 -219 -341 -206 844 -97 -592 226 -475 -902 181 ]
[718 270 -606 699 -274 303 401 463 602 -173 327 115 -151 -33 120 34 392 -293 -388 35 -487 -126 463 -120 420 71 456 -140 174 573 610 485 -193 722 -216 99 -30 -352 89 -397 -232 -57 372 720 -279 495 114 174 -1 87 127 13 -837 430 -790 297 370 585 -95 -757 146 -57 -107 -480 -368 -547 -199 -331 -603 -702 -159 -430 137 -297 310 79 -300 -64 -390 67 -114 500 128 -136 -370 1304 -536 -907 -562 -737 ]
[-42 193 296 88 454 -35 -297 475 383 175 419 -280 103 -798 643 233 442 -15 -1014 438 -902 758 168 -580 -45 371 896 198 -99 883 664 332 -289 956 6 202 -25 44 331 -257 -758 -1032 -30 621 -220 373 -228 -576 -196 -428 -499 -172 -194 -316 -755 -282 -519 182 -208 236 -818 -112 -513 -938 -731 33 -231 379 161 72 98 -192 -586 -935 237 -439 352 -80 224 265 231 -223 -238 502 296 731 -526 94 -297 55 ]
[-308 -546 70 269 96 153 -521 286 -321 -166 221 -152 -732 -812 76 -317 -423 149 172 985 13 -332 -912 -524 -115 -96 235 203 -58 21 -579 176 -381 -243 169 -354 -127 -432 573 132 316 -780 -587 -570 -295 -209 493 -322 486 -331 229 218 -332 550 212 -276 -390 655 -21 -300 147 155 256 612 -66 -1145 1138 -667 -41 -194 -583 -114 -1172 303 282 -687 121 456 -401 644 545 -327 -52 97 -84 -298 -241 971 -42 -724 ]
[22 152 -111 -442 932 331 -27 196 -406 -58 347 97 148 -168 -121 671 7 -7 330 -432 194 -64 304 -141 490 421 544 107 690 -215 -636 28 164 512 -311 -130 -567 366 358 -532 0 -366 -486 -514 843 27 310 -302 164 -155 -829 492 -629 348 -365 -26 -461 325 -58 469 162 322 -20 42 -37 196 17 -794 -391 153 -831 -508 43 27 339 -445 441 -633 -423 331 412 572 -325 -505 -668 -21 -173 602 292 -509 ]
[-557 -344 409 780 1072 -442 -738 684 321 -244 622 -177 -451 -50 -743 53 340 -259 104 -946 90 -388 409 926 395 198 58 687 817 81 -145 378 398 -87 302 339 -245 48 328 -26 -29 134 516 -281 491 -120 98 -137 -133 -331 -208 -94 74 -200 418 543 -456 -214 -653 643 -201 160 -439 -368 -630 626 -106 -760 657 -147 -587 -952 210 -584 944 -218 827 -643 589 65 346 985 -516 -118 576 147 -799 678 184 725 ]
[447 288 -395 339 -165 -373 421 550 992 96 183 -415 -357 -247 263 1026 631 542 387 -76 -667 -113 -56 412 92 286 46 88 298 -623 342 1185 175 767 -17 -503 -422 -223 -548 7 -276 478 172 87 59 71 -41 656 -490 -426 -402 74 -100 26 -45 469 433 -426 -61 -983 60 -441 -351 625 -642 191 469 -90 -477 -330 -721 -117 -220 591 1 682 178 861 -549 -338 162 267 430 -343 247 269 89 -541 -775 318 ]
[378 -152 756 480 154 461 406 43 392 -419 -149 43 -444 78 251 469 746 -233 -131 -428 -470 -116 1094 -583 148 -93 -132 431 419 320 570 379 -210 386 103 313 -398 324 288 80 -798 -529 -676 352 -9 -95 200 -484 -320 -659 -705 264 -1039 93 -231 -438 537 -210 -395 -687 -402 766 69 -583 -499 -94 -370 581 -317 -838 -667 -187 -352 -148 -319 643 268 98 -607 -151 321 -582 378 -487 -82 821 -244 204 105 248 ]
[-16 579 -436 -727 -290 362 -160 -540 523 -215 529 -305 483 69 231 514 -151 878 -375 94 400 533 127 209 -279 470 83 -674 -147 -596 -214 -585 -200 92 -304 165 578 364 -350 225 135 -253 -943 -535 127 -38 175 557 3 116 -351 -420 670 -444 -74 884 -130 598 682 46 -268 179 151 558 -349 400 529 -301 74 165 -604 177 162 315 -495 748 -488 140 -320 212 389 832 339 -365 323 -204 193 -93 -633 -17 ]
[-135 -162 -133 -48 355 -116 152 -11 -53 -94 554 -164 -250 198 -67 230 741 -284 655 -163 -297 239 -248 229 79 70 -852 -252 -780 -167 -442 422 455 267 85 181 -137 179 -635 -299 -633 -60 236 -17 217 214 60 -553 -788 -31 70 -41 -226 -459 206 -193 -290 -498 -132 24 -227 -6 -300 240 -23 249 -749 213 643 -129 -582 -222 -379 -199 -14 817 786 307 448 -944 337 859 -118 265 393 530 -581 -431 235 973 ]
[-487 -1252 -602 283 514 -269 290 189 76 -107 403 -150 -543 9 -126 533 426 -406 599 217 -42 -518 -376 268 516 347 -105 -212 25 103 -653 1136 403 567 -53 -241 -775 -245 8 187 -160 3 122 -189 95 -170 116 -457 -70 406 384 372 -402 135 395 -646 -33 -243 -725 -606 306 264 -757 91 -83 -64 142 -435 -463 435 -713 64 -253 -151 451 352 191 308 49 335 -131 117 -51 36 273 414 108 -260 1138 107 ]
[-48 -591 388 -188 80 -206 385 506 788 -122 453 445 1094 -246 -442 833 -571 -730 922 -483 -900 909 -78 1196 272 133 -684 -317 366 -217 -336 -64 -305 860 189 -197 -93 144 544 491 424 31 86 231 92 240 87 -94 -657 -31 511 -32 -164 -461 -295 -607 -553 -337 -311 642 117 41 -73 -49 -101 169 -266 -95 406 -535 299 708 675 -297 57 -98 436 21 -412 -605 -162 525 574 165 -37 304 -264 257 -191 608 ]
[530 716 33 -348 -291 -1067 31 -934 298 413 565 9 36 95 155 148 -491 531 77 -229 742 250 -117 88 4 5 129 -117 -141 -945 184 -941 -560 -519 -827 -195 30 468 138 -164 78 772 246 -209 370 -524 271 514 -214 283 446 -775 221 210 448 86 -243 -773 521 37 -439 -393 380 1205 -165 172 23 422 757 -569 -203 935 332 283 352 644 184 512 804 199 215 -204 -157 258 926 -702 602 595 77 638 ]
[299 -204 240 -689 -156 -233 -373 -10 -429 32 -46 -761 -333 228 89 152 235 347 -219 346 -266 -501 -980 -391 -427 143 215 209 -587 -81 -279 242 -12 -647 21 13 -163 452 -17 421 -149 -291 -348 411 946 -330 224 -95 201 -245 -550 38 683 158 560 -431 -459 -801 -667 338 -648 -156 -182 -14 314 350 -112 693 578 842 54 -118 -125 463 459 327 140 -35 502 -33 -512 -239 301 329 499 -632 792 730 377 1053 ]
[18 410 162 -431 -535 -58 614 -541 -337 501 -433 -266 600 395 288 74 409 -211 -353 1249 -593 598 -311 -241 -328 204 -19 200 20 400 840 1035 293 367 -81 418 962 63 -611 234 448 227 -211 20 64 663 -732 236 391 -103 299 532 190 477 -104 106 156 61 535 220 -366 -125 -550 -4 58 -37 -172 -3 -65 108 214 96 808 -666 307 -590 -124 -124 719 -717 -234 278 326 -280 46 347 -170 -502 846 -198 ]
[272 44 -67 753 161 -660 -579 -5 -46 570 -182 -168 -351 461 -553 -732 -113 -171 -532 -60 1019 -1053 331 -324 -469 85 338 259 176 279 788 -592 546 -570 -182 -206 -170 23 661 -661 -336 69 364 205 -103 -107 106 107 530 333 -346 -145 406 119 365 278 743 -310 -534 -267 7 -153 -90 -693 353 133 373 670 -736 561 659 -150 161 397 235 -146 -161 -381 308 306 -195 -316 -256 -521 512 160 354 -530 115 -229 ]
[144 61 35 -725 -46 389 620 407 -551 386 -538 -754 237 -3 247 1812 -598 380 286 225 -519 1213 -204 -460 226 352 439 -635 558 -830 -244 431 349 1084 444 126 224 688 -377 17 123 -171 -565 16 647 373 -300 -247 27 -463 -62 207 -356 -115 -704 -205 -765 487 273 556 287 -451 73 260 371 706 -185 -970 -602 -155 -45 298 -119 32 78 -322 -131 -55 203 -491 -148 1058 414 -144 -274 536 299 258 -127 -143 ]
[447 -136 -225 526 -839 790 40 540 5 469 -107 575 655 55 -196 -730 24 331 -581 655 116 -595 -439 619 562 -201 -59 -934 348 227 -39 -389 787 429 326 385 32 -70 -755 651 -389 -370 -752 -161 430 324 -501 308 -795 385 101 -51 135 -275 244 56 -85 201 361 -94 86 -438 835 244 333 -42 636 365 279 506 237 163 387 344 -798 90 346 -74 -583 -127 -458 -414 -460 -714 -538 -918 1093 -799 -377 -139 ]
[-94 -145 212 58 -335 187 284 -47 225 96 549 124 909 111 -25 6 691 -479 95 -130 -864 96 -167 1025 7 385 364 -794 1072 -199 -216 -385 -193 565 -39 350 472 434 392 1045 552 145 -810 61 246 -107 365 436 136 131 -63 -178 139 529 187 -351 -52 -523 744 376 -223 320 164 808 -101 366 91 -222 227 388 541 158 741 -587 341 255 58 -258 -556 -95 26 -158 43 -486 -1079 -810 -279 143 -198 -23 ]
[-652 -375 -37 -1080 127 -73 -314 -37 -313 298 -302 -233 223 -81 107 50 -308 360 30 644 468 845 -1097 -674 279 198 217 -171 -382 602 -924 186 -1018 582 -127 -63 64 752 505 -126 172 -544 151 -540 819 2 -520 196 92 48 358 339 77 303 288 -243 -1018 405 -81 1343 343 125 297 171 402 358 14 -342 321 519 -463 593 -22 -274 -242 -524 447 23 550 32 -478 -39 -123 403 -500 -1087 1042 479 317 202 ]
[783 -203 -596 152 9 -870 -600 -31 571 745 -144 -373 93 60 307 -683 406 254 -441 275 -439 -260 -281 -80 -444 -68 68 513 -662 27 -424 -204 68 -356 -32 52 449 -33 330 -478 102 -237 566 781 267 -809 738 60 532 -328 627 -89 284 583 38 -347 -301 -869 -439 -39 -1224 259 -243 -625 -61 495 35 -123 229 347 204 -123 44 572 865 -1020 -42 137 665 514 -984 -126 542 121 493 -215 36 -144 132 -341 ]
[378 -66 -942 110 -381 -140 98 -33 470 -533 157 367 -433 49 -157 -261 121 612 251 866 -951 -25 -708 172 -794 202 163 382 -601 505 248 468 -421 -343 -327 -585 266 -762 344 492 604 282 -351 117 75 -378 232 422 138 135 418 77 371 486 -80 -238 428 -279 -326 -71 -146 84 288 258 51 -548 923 -20 -287 -50 61 571 160 374 225 38 -101 664 -602 84 508 -165 491 -791 -481 -95 144 -793 410 -445 ]
[-185 -356 -265 448 72 -64 -183 444 -220 -327 188 -261 -462 304 -428 50 591 173 470 84 -326 -39 153 -204 -397 248 -680 81 -19 4 -230 717 -38 -412 -99 206 447 -140 52 -364 -31 -137 -234 424 -411 -65 221 29 -269 -369 649 -465 -249 311 62 -183 801 164 -218 -195 -1005 472 592 94 411 362 -288 417 446 -104 105 -272 -58 -416 -4 46 381 55 171 -932 255 -606 474 -1106 672 -137 374 79 -83 11 ]
[-269 169 -230 -202 124 -347 -382 529 249 -198 277 -24 23 -790 -61 -30 -515 -348 -62 684 -784 -706 -407 -298 -325 -55 -78 -469 -548 522 236 193 -49 384 505 -512 881 -435 -392 643 -396 -373 14 -770 -221 -151 -639 561 -245 -513 81 68 -219 -441 -504 -544 -109 -26 177 -192 -609 390 241 -300 -69 -721 588 518 84 168 -131 58 -117 743 -1532 347 -15 -34 -1190 211 475 -624 -132 -35 -422 -1064 -58 109 112 -237 ]
[-54 -718 -2 -228 168 -270 278 -186 -47 -302 -596 55 -252 276 133 -919 218 -24 -784 -106 -131 -90 104 -250 674 -224 83 924 -272 598 -24 4 -1066 -370 274 -33 451 349 6 -28 510 165 175 -383 -160 378 112 -86 290 118 326 1105 -747 320 -139 -141 9 59 153 -11 -477 775 -970 -662 499 51 -838 -35 -360 401 -160 202 -569 -16 -58 -841 360 -480 -792 413 218 -1211 -84 -60 -621 134 81 -385 700 69 ]
[-79 -743 -415 -562 -553 614 -74 155 -405 -126 -522 246 -690 156 -125 -400 -266 367 -212 -131 110 117 -831 586 -209 348 -110 -221 -579 -132 -1069 300 -213 -795 153 284 146 -199 215 434 168 1010 332 -376 423 -61 504 89 101 723 -195 35 594 -143 215 -156 430 574 62 685 248 244 -162 351 915 -104 452 -541 -57 456 -333 543 -3 980 450 246 -362 684 205 -109 -271 -164 -138 327 -660 -415 270 -270 -347 -255 ]
[333 -139 717 211 262 -139 414 1176 521 -110 342 -165 -639 -941 140 246 -450 -355 -555 -133 -1021 354 -311 607 -640 287 651 -614 462 210 72 430 425 230 727 285 218 69 474 242 21 57 -418 88 821 312 -516 337 -124 -572 -1162 -95 102 -322 -389 -317 -110 173 -603 651 473 -342 -308 57 618 -734 622 188 -37 344 -220 101 412 1269 161 376 171 -211 -403 -265 -608 66 43 238 -610 -172 -98 -71 -271 -321 ]
[133 340 -265 112 -346 755 -958 -122 56 334 -309 125 -12 62 78 214 -397 737 1218 -90 471 -535 139 435 58 -281 -442 -654 -418 -91 -371 741 -213 -941 70 396 -90 -455 -252 195 -2 558 -237 16 -409 614 295 -253 -520 -58 877 -542 41 102 255 152 -476 308 -518 -744 362 -206 694 982 -772 17 -343 -851 112 -924 165 -572 94 40 -1028 839 -129 542 -331 197 -60 284 -188 65 -340 -739 816 -63 -554 -215 ]
[400 -229 851 -526 -513 250 169 614 -701 47 278 32 165 185 923 316 -238 108 304 285 -1133 267 -389 -658 -530 -462 246 -364 -877 389 -463 765 -859 -1125 505 179 260 -142 231 752 -199 545 -304 553 -118 196 325 -629 -315 320 -898 -555 -523 -582 -698 -396 -103 -190 -224 482 -52 580 564 -27 673 425 220 24 86 -222 -21 254 -271 709 546 228 -199 -64 100 -295 -58 -293 -14 -21 -634 -66 518 519 311 -578 ]
[454 440 409 557 1076 -555 600 229 -54 -309 -216 -739 -48 -95 -174 736 -175 491 99 -89 -256 618 99 -1464 -112 -256 189 403 -376 -371 -164 210 -175 -907 -380 285 -358 -661 -362 -427 181 135 -14 70 648 467 -532 58 68 -136 277 366 -165 -44 383 66 -315 -326 -591 38 371 -211 -533 -635 -780 -423 -220 -768 184 -145 -526 -162 -148 709 749 485 -24 91 530 367 -184 9 -332 230 -545 1559 -85 461 -191 28 ]
[-122 -42 292 531 341 -353 418 -55 672 -55 249 -55 -241 -904 538 -554 -447 -305 -443 199 -334 -82 -254 122 762 237 695 43 313 -355 119 894 -274 745 609 -147 -201 -442 -320 281 -107 306 144 75 89 234 -242 196 10 -96 -604 732 -816 -28 -183 190 514 -209 -410 -444 -1 -390 -752 -442 -139 -783 -179 723 139 441 -721 -238 -5 -310 9 -27 -58 -307 -160 355 -56 82 -176 -722 34 341 -361 -454 120 -151 ]
[881 207 -364 319 -780 131 191 -187 604 306 242 485 170 -18 513 -575 -420 85 -277 -39 -486 100 -285 408 367 554 -53 356 726 282 1085 72 846 194 309 211 312 307 -273 14 193 1 -188 -74 781 -250 -486 -402 -52 -891 -550 -156 -174 -94 -287 -242 -404 -242 20 1 -818 381 -348 159 -133 156 60 -343 86 -377 -371 200 540 537 234 -203 285 -675 215 -36 -207 -190 -131 -398 567 141 602 36 461 -282 ]
[-345 112 506 422 -1037 -1030 396 503 47 638 23 455 -31 203 -534 -478 238 -878 -667 -6 90 -76 -13 -475 -48 -202 129 34 291 721 486 -155 230 328 259 452 -70 278 144 -424 170 299 5 -633 -624 366 -910 -394 -222 1550 211 257 -119 -536 -268 100 126 698 56 358 167 329 -166 675 1017 -363 -145 239 63 -653 289 241 346 -282 548 -585 -114 -100 70 -435 -18 -205 11 -663 254 -461 142 -636 926 253 ]
[235 139 -131 747 588 379 588 -234 -49 -284 158 259 314 -143 242 -704 -127 -244 -1249 -126 47 170 -489 -537 845 83 536 479 -12 178 -445 -1136 -305 634 79 489 595 153 246 201 77 158 419 -796 613 331 64 508 655 441 -319 -29 -538 294 -58 -387 -1228 46 -120 1094 125 209 -525 -972 168 163 -328 15 251 115 303 402 489 -236 914 241 -251 -950 80 66 133 -36 -815 254 -879 863 508 -362 -549 3 ]
[-356 -138 629 539 -82 501 -53 503 -189 -895 430 -113 -306 -243 -181 -607 179 -714 -37 779 -400 377 -99 570 -376 471 178 130 241 424 159 -552 -169 355 266 57 346 -256 576 300 691 -803 -561 340 -329 874 -472 176 29 30 -483 269 -191 393 -58 -591 -450 739 301 398 132 -223 -552 22 650 -535 559 69 -26 124 -620 513 -563 -106 101 36 17 -819 144 50 378 104 323 -639 -450 159 -231 -161 -547 -204 ]
[-532 -2 -534 -14 282 -16 157 191 -88 -23 341 336 -717 8 756 474 261 281 -9 4 -148 -383 -771 -104 407 250 376 -741 -75 1006 53 -342 269 1366 -113 -95 256 97 -580 -1540 203 -222 -704 -434 267 943 -733 -411 -592 176 627 565 -47 -437 -487 74 -197 328 -257 -828 230 -508 157 433 548 -112 -246 -673 -585 367 -118 139 -919 -203 -740 90 447 -295 -408 -175 654 611 -347 39 362 -29 178 -195 675 78 ]
[2 -274 -573 -17 -616 478 664 -183 -174 599 286 -52 569 289 853 320 9 503 -572 714 -609 264 -687 -106 661 -432 49 233 -516 1132 -314 566 -722 749 -504 67 762 74 220 285 -453 420 553 196 436 597 -163 150 -216 784 407 123 -56 265 -292 -762 -349 59 -185 -79 -948 47 -780 -1259 -160 -526 19 30 -42 -1 678 727 459 -467 728 -216 198 -138 -88 451 -266 -219 -78 461 -527 289 -19 62 -48 -459 ]
[-1032 20 108 -192 -1141 135 184 -12 420 496 483 -21 -71 -124 -44 190 580 576 -73 60 -204 -369 269 205 -20 -752 -28 -449 364 -858 -115 135 -6 874 318 -209 346 457 -591 713 68 255 -165 3 -58 647 721 646 552 196 176 -285 89 -246 159 666 480 24 362 -549 212 551 -235 793 -284 -115 720 672 -529 -116 707 -444 140 -136 -51 -352 19 94 -143 -117 -210 -72 578 -671 552 -450 142 -193 -244 -89 ]
[87 85 -247 135 393 -702 144 -31 19 525 365 -694 -52 14 468 633 741 597 189 310 100 89 -307 -258 74 639 -126 922 185 202 -219 415 371 991 -333 -255 -267 -112 -350 179 -561 119 625 -773 140 -316 457 269 -36 534 -727 -432 -220 -235 561 -568 -298 -561 -183 276 -543 364 -1267 -184 -533 193 44 295 -280 190 -851 434 -677 484 1159 759 552 201 497 399 79 328 -328 259 1134 793 -288 -240 -682 230 ]
[344 167 -1034 73 -366 -293 550 -631 -82 173 78 215 -198 -716 74 -533 -45 273 291 -309 -727 427 -544 1 -100 867 407 407 183 -246 502 424 617 -284 66 63 134 154 358 216 193 233 -176 -141 -122 -691 493 130 493 27 39 -526 27 521 -426 -157 -170 -271 551 189 740 72 -81 52 -90 -391 -182 -242 -573 -193 635 -53 847 -238 325 -467 -730 545 -868 432 -258 -467 -121 -503 -774 -464 -356 -852 225 -831 ]
[-60 334 3 381 96 -606 -309 537 933 -65 325 -137 -707 386 -268 -440 -1144 -87 50 398 158 7 -2 -154 -974 -190 -299 549 -48 481 261 -327 -520 -858 -403 -114 415 -294 61 -896 22 398 289 598 259 218 -107 973 291 129 205 -275 670 869 -446 486 -228 51 -288 56 72 -559 901 -322 -165 -541 368 246 -270 34 811 228 42 491 -781 412 -468 74 179 -650 -104 401 88 137 253 -250 521 -582 -500 403 ]
[-129 160 -90 171 -451 171 -257 1 143 337 -590 143 -870 -62 -642 -145 -140 559 -763 1307 -141 367 -300 59 -213 562 -412 454 446 1050 1410 214 490 -200 302 664 239 457 -140 -117 398 -493 -32 -236 75 -15 -299 -746 175 -559 -302 -286 519 -35 593 -320 -262 1142 380 626 -525 -33 377 -455 545 28 -315 521 -351 -7 31 -515 13 368 331 -110 713 244 -529 -1049 693 -305 -147 499 -4 -345 220 -575 -61 65 ]
[187 -271 78 -78 -748 225 -235 -344 428 393 14 450 -551 218 -372 -250 -374 574 -552 457 221 -174 -182 1026 223 438 -497 288 99 -215 41 239 339 -479 -54 352 411 610 269 264 131 -64 -597 789 -47 -17 553 -245 -62 -9 857 -493 479 258 -342 139 -176 619 20 -80 -526 -350 593 26 240 -253 68 549 502 -871 -107 386 467 155 604 -586 -4 566 268 -458 -849 -211 459 -259 1050 -457 636 -206 186 241 ]
[267 -197 -410 -151 -710 306 131 618 -95 230 399 -300 -619 75 -573 377 1023 412 669 530 -502 -593 -177 -129 -22 365 796 -562 -151 430 323 -55 292 391 -55 -456 -36 -85 677 421 -22 156 176 817 -284 -754 24 44 -462 146 950 -558 -686 -48 336 -505 19 -248 93 -980 -290 -13 -182 -498 -2 595 873 2 -435 105 -445 713 13 815 214 551 -50 519 -457 819 -48 -811 138 -330 -26 -22 236 -18 -13 -321 ]
[485 -452 10 -148 -126 30 -371 -454 105 -307 -322 -263 266 353 14 -367 -427 287 -641 420 110 -399 -554 449 205 246 58 -409 -78 97 -601 -446 -505 -580 -209 29 760 17 350 321 283 -306 -514 -196 -570 -267 328 -99 333 -7 938 210 142 514 516 -799 -552 -309 -21 -358 -61 -56 104 303 -124 417 290 25 256 644 373 446 -501 -224 -557 308 255 237 186 437 -881 -1590 57 -196 -67 -451 1137 -177 558 -257 ]
[493 -87 442 246 -947 41 23 450 -242 -727 165 -775 -567 -289 -668 -748 98 154 -726 1306 -305 -79 -129 -490 -595 -67 -25 420 -957 1038 1064 -219 179 -527 -370 496 452 -13 620 -233 0 -1245 -8 150 118 -154 -258 844 649 -403 145 -141 56 819 -67 -301 -383 221 447 439 -51 -378 518 -750 1156 -719 755 -95 -282 -305 215 -57 -208 297 -264 -91 5 15 102 -418 -523 -500 350 -1 -148 -418 -126 53 940 80 ]
[-198 149 205 80 -242 474 488 669 231 86 -333 -631 3 166 -291 -58 289 -9 317 281 -193 -423 -351 258 -445 835 -399 -589 325 -517 -114 314 1076 555 -21 372 -454 -650 -412 -121 94 -192 -684 -87 -273 238 497 -964 -25 -425 539 -156 265 -272 693 -366 367 -700 -275 -544 -527 -312 -246 110 -574 365 342 787 -207 239 -18 -216 361 311 -115 737 767 -105 171 -48 -104 329 500 -354 -647 -300 -720 650 -374 391 ]
[161 722 315 635 -676 -90 -420 -6 199 83 -255 68 -206 -868 142 -112 -223 227 -808 763 107 24 -316 112 -348 -116 1466 46 470 177 730 486 -437 659 -47 275 -585 637 192 -183 594 -108 -370 466 -98 220 15 227 -42 550 -293 -61 129 208 210 431 -521 381 -117 1087 152 -550 174 305 575 -100 367 -131 -1058 -784 481 -250 484 -716 671 -193 -42 185 -87 85 37 215 349 -242 -974 -749 -2 750 -60 44 ]
[-175 29 640 -355 -451 48 -220 598 -392 227 641 -279 -531 -243 -154 138 756 -14 -329 720 -406 -424 -686 750 -51 -642 -250 -92 642 778 -350 811 289 -246 60 -185 -142 -150 384 379 466 183 -389 -413 -315 723 -242 55 288 575 -291 -444 1033 425 -14 268 -357 361 480 531 141 -629 -50 1108 -94 -413 -44 -932 94 -104 -705 -774 276 -443 610 -266 88 199 -176 141 482 347 -348 -25 -703 -489 -277 -190 402 -158 ]
[-541 -675 -617 1070 301 311 68 248 50 -574 -196 -287 260 67 369 -719 475 -393 -141 588 -190 -304 -113 163 76 304 19 121 -438 27 -1619 437 -405 -351 -76 550 519 -1033 -670 565 -763 -53 293 310 -761 526 477 232 20 623 713 211 -105 692 457 -58 15 -253 -2 -703 -370 407 -370 -300 -629 -379 262 -279 286 216 -256 -627 -353 -471 -250 208 111 -112 501 100 -526 342 94 118 -315 507 -986 -187 427 66 ]
[-101 609 472 -69 -73 -402 242 237 -718 573 -212 337 207 19 -138 446 8 497 -217 390 -91 602 -152 84 -246 368 471 182 477 364 564 1080 602 258 -196 -63 -169 469 -220 -248 42 -154 402 519 482 -47 -224 112 -228 22 -305 181 411 -1 -223 -280 -899 -495 33 1004 -218 -636 -611 -198 350 2 -290 -3 636 -272 73 -139 640 685 889 -103 238 239 309 -186 -198 301 422 631 451 -157 -129 -440 544 654 ]
[328 217 14 -403 -314 -136 208 -537 -270 -80 -50 -800 653 276 -247 239 -552 -331 -471 239 764 209 -150 -390 112 -315 -481 -319 -179 -553 537 -814 -278 693 -104 -593 -519 403 -154 881 325 -293 291 663 -124 -318 -222 -10 7 113 86 -793 36 -740 231 88 581 -114 -78 -304 77 -205 200 -331 97 -74 248 843 139 190 -306 318 -24 691 1087 110 -601 -343 653 57 -503 433 437 595 832 605 422 295 -897 477 ]
[-62 336 752 -865 379 417 -56 137 -89 57 -384 -1388 -346 192 -280 417 743 472 24 903 85 76 -1236 -681 -795 -440 27 379 -755 -562 -571 -566 -435 -17 -397 -215 493 534 561 -405 83 -376 -236 -73 185 718 285 573 502 -61 158 -236 -197 230 600 86 42 279 559 100 -358 234 161 -169 252 -155 194 410 80 661 -638 329 -366 743 73 -340 -84 47 234 335 386 430 -105 -31 -467 -33 -373 438 -705 66 ]
[-412 -988 -555 -75 324 499 -198 -1078 295 -492 638 395 -191 -744 468 -327 -596 -455 502 -1047 122 152 -307 742 849 160 256 -295 16 -1037 -559 -602 242 789 747 -277 820 429 -371 -133 -194 16 -351 -217 627 589 -183 674 -531 -23 604 170 -517 -286 -365 322 -330 -1 57 -145 740 109 -447 339 -201 -655 136 -212 368 583 -117 534 266 -558 -1040 -433 -990 6 55 500 -254 458 -377 -171 620 101 5 -323 174 -14 ]
[-880 86 292 541 193 63 198 171 -145 -476 -20 162 309 -328 -216 -75 -556 -57 428 -367 -352 1113 140 -641 -249 366 -662 -408 -53 -860 -1088 -439 -285 162 459 344 255 -305 -473 507 156 -138 -598 -597 -185 645 208 -429 -20 286 -139 640 236 -64 533 164 -465 220 -152 303 -225 405 -422 558 -62 164 398 62 306 38 -191 -172 -358 -162 -107 803 551 -43 391 -435 873 179 212 -608 -907 535 -324 94 -579 200 ]
[663 -72 -301 -816 -515 20 -411 -852 -659 -40 345 -15 706 22 732 -45 430 576 -292 -279 15 333 -159 -59 901 578 84 -275 780 158 261 26 -182 406 -53 -222 105 749 343 378 -337 -495 159 683 196 -571 338 43 -247 -218 -419 -528 -551 7 -637 37 53 -535 968 -473 -378 275 -47 -141 40 187 -341 223 270 363 241 500 -217 181 244 -491 -162 -511 -251 605 -413 -1220 342 -44 1048 22 267 -272 -97 -504 ]
[107 -348 207 -573 -268 -138 -212 16 -775 -344 -367 -149 -101 274 -874 -66 124 -113 426 -985 257 -354 -930 -530 153 616 34 462 -68 275 -639 -773 169 -265 -150 17 65 483 229 -835 -251 85 363 27 864 -240 -471 -32 279 -469 274 426 459 -408 76 187 445 -607 433 -263 784 -201 204 -280 205 -165 -283 117 89 175 -402 371 -607 1141 66 -40 13 -231 374 373 -320 -230 -222 197 246 39 424 311 -448 629 ]
[95 -103 -208 54 -34 -76 92 -626 -230 614 -661 161 538 12 300 85 -1183 -482 -7 355 335 190 -1262 153 531 -315 -651 99 -288 -207 -607 -661 -486 631 -74 -905 512 628 659 -550 118 40 529 -407 241 133 53 116 -6 167 268 125 382 272 -157 -982 -115 192 -627 746 341 -13 -117 -821 923 -27 193 193 -211 28 -102 369 545 -44 6 -81 326 -220 182 -423 -74 616 246 384 -695 -326 191 268 216 -157 ]
[327 -195 185 -589 -57 -217 183 1092 557 518 433 458 478 403 141 347 18 -384 -259 -714 -384 -77 266 1351 375 -1042 440 -398 719 -133 -624 317 -1070 735 699 -655 394 -2 434 870 320 810 692 915 -145 396 417 311 -103 36 385 70 219 -49 -626 -157 -154 211 -462 -227 -325 -98 -179 710 241 256 37 -584 477 -157 86 -20 292 56 266 -447 70 -609 -231 -18 -565 752 588 363 -236 31 151 -517 -291 128 ]
[342 112 674 -829 -264 277 -287 413 46 43 -475 1 424 372 -336 174 31 -431 -184 -772 -444 274 -232 -477 -313 -603 -35 -532 -319 -495 149 -975 -785 -204 549 -313 688 -1 428 415 -50 404 444 208 -44 -277 214 -152 45 -300 -376 -40 262 -934 3 506 808 -184 13 538 -144 287 575 -155 122 230 507 130 560 -157 157 255 -304 869 103 275 -31 -477 98 -227 -187 74 456 159 74 579 -139 400 -849 -234 ]
[-305 321 -473 -3 432 251 -468 48 -518 -384 467 -296 764 173 113 -332 281 73 444 19 424 625 457 -280 75 306 -797 116 -245 -290 -685 -392 391 -730 -225 387 -15 -980 -208 -85 -130 -695 -215 -899 -106 -24 -477 -105 -255 -397 -578 -285 -151 290 192 894 -357 232 114 -167 -272 1084 85 300 -916 -26 -257 65 460 427 -236 -335 -44 266 -383 -213 369 -555 372 4 442 -75 -36 155 573 919 -401 -241 -116 -300 ]
[181 608 228 923 396 266 678 -691 204 -85 -914 -326 54 -316 504 -11 143 -55 -375 -307 216 94 142 20 62 358 277 -74 692 -1034 -381 -537 519 56 -277 717 735 -127 74 -505 -11 313 -626 405 -18 271 -134 151 558 -251 977 98 143 464 -267 -345 177 -336 325 -615 209 70 -328 -362 -273 -629 -18 -317 42 -271 112 -107 479 23 -73 388 -176 322 455 94 -31 -555 1043 -1118 48 737 -1028 305 -595 218 ]
]
