[[903 -290 -157 -218 566 194 -237 -653 270 -36 136 -313 -20 -78 283 -133 10 -7 675 166 -44 -361 -514 564 497 101 -194 19 314 -389 -449 -119 -428 65 45 -289 439 -145 -27 -90 -713 -662 482 -200 -260 97 -43 58 -98 213 936 181 -758 -124 293 928 -253 -198 -241 -13 -334 144 131 551 122 -216 -26 327 93 191 666 32 161 187 -216 829 -421 -41 -95 -124 -738 -423 -28 -44 -71 127 231 -100 -82 -903 -39 -509 -14 407 -321 25 401 -83 -121 265 -520 377 726 430 -312 35 328 357 41 -682 29 592 -1299 329 -826 199 428 38 -440 -602 ]
[466 226 -603 260 2 -23 337 356 313 1543 182 214 339 -272 -226 -473 -205 557 -881 198 -573 79 -141 -133 -445 -264 -563 -182 744 35 -346 -453 423 -305 -179 -787 281 318 89 -125 635 267 -78 195 -73 64 -344 -304 -170 38 526 437 -467 -937 -689 -72 -243 -33 -152 -89 -477 321 -122 -2 268 -1060 -243 429 -69 -182 48 172 -84 39 386 53 -775 306 462 534 784 143 427 -339 650 74 106 -227 -339 -231 -83 82 333 39 543 415 -454 389 -128 -154 -144 -67 301 -360 -520 -268 -219 42 688 213 199 221 167 526 -208 -287 388 737 92 705 ]
[346 229 32 436 -88 -139 -1092 -614 237 -482 221 -550 -248 368 493 520 -72 173 -15 297 177 -171 48 -62 470 -220 248 -71 498 95 267 -379 -886 839 -789 -215 -174 323 -10 -5 -319 -509 -123 252 433 -184 34 336 110 110 508 425 -796 -847 847 249 -221 -1 592 -860 481 64 -1045 -312 -150 60 -1 -505 996 -1058 277 208 406 -306 -57 -16 -318 118 -293 -35 -339 151 -431 34 -469 -465 240 -106 204 -133 722 633 170 38 -686 -37 -569 -335 811 -306 88 -95 -33 759 -53 369 244 278 -756 -518 159 441 -227 -165 -329 366 -112 580 -480 617 ]
[-260 380 -561 444 -80 -474 529 -717 91 200 401 654 270 -253 -804 -625 147 -392 44 -139 42 -202 -411 -479 466 669 -64 -794 -791 123 -321 549 749 -234 -167 -70 -248 -516 2 -210 52 284 144 -3 -234 256 85 500 -328 -244 -968 -263 148 379 -633 -286 740 32 -145 -178 -457 -95 681 -361 -196 396 -487 703 -537 1507 -132 17 394 4 506 613 -51 9 -6 -130 156 25 355 75 243 686 -695 510 293 446 -758 -80 -771 -47 817 815 732 637 -229 443 -190 206 -292 137 -870 485 582 118 -72 133 226 -680 659 621 278 98 37 57 641 391 ]
[836 151 -155 437 -338 -655 -436 -51 561 -356 595 -149 450 326 -273 445 -497 84 -235 -291 -19 237 -674 -410 822 -302 -212 -565 -98 197 283 -55 328 -11 204 -229 190 -716 -167 537 -54 -30 230 749 -212 -17 -25 -238 -65 -347 -324 611 -1280 -1269 -125 365 298 -389 135 -38 606 -75 -1146 -1000 -674 31 282 567 342 66 -128 222 50 -776 643 -371 -42 334 -742 -512 -348 -314 -37 152 738 -238 168 -390 622 583 112 518 196 42 217 150 -654 781 562 -102 -299 137 -529 568 -353 836 498 -557 -380 -88 -131 703 176 -300 535 169 429 1489 -94 634 ]
[384 414 -729 212 -125 -481 -853 -376 256 -879 -397 -44 214 700 239 -227 -700 492 272 298 94 476 -417 173 695 407 238 -638 -371 433 296 -712 521 216 -435 316 -568 20 230 678 38 -315 342 838 343 267 34 256 771 -193 -1678 54 -696 -702 -173 497 229 -345 48 -697 179 308 -417 -732 -327 620 -47 414 70 -210 640 606 387 132 -439 -687 -472 229 -419 92 167 -266 -623 309 561 -40 -6 178 1164 524 1056 221 -449 -289 -402 -252 -184 176 306 -668 -476 -831 -634 1068 136 660 -59 -238 -447 -102 -122 -891 190 -443 611 -146 55 869 -604 454 ]
[281 -154 261 108 69 563 510 23 286 880 352 -639 -668 -720 326 574 207 366 -204 27 -400 -614 -187 20 96 -863 -383 -19 1133 -593 104 117 -918 -792 466 -134 -279 964 303 -419 -505 63 325 -636 -204 60 158 -2 -185 -377 861 444 -689 -994 587 -163 -64 -91 704 -201 -290 -46 -422 130 -464 -393 684 -54 1310 230 259 141 -350 -600 -439 255 -1097 500 166 197 108 121 -241 -968 -406 -157 1388 -340 -446 -609 -405 434 875 131 -420 -174 -547 -328 167 -229 -44 -99 308 192 155 -1088 -348 -425 116 -463 489 636 -911 -679 96 -8 56 1254 -578 224 ]
[-24 1043 -190 -122 733 -282 -588 -110 17 -1139 -267 383 -102 748 568 389 -161 -119 -475 -604 -136 -129 -122 62 175 -382 -315 -273 52 245 -790 -127 -108 813 -584 240 -74 542 -16 184 -296 -453 -42 130 954 -600 97 -256 155 564 246 558 -41 294 154 215 -177 561 -560 -550 403 480 -741 -79 378 516 -863 249 -596 -788 707 -239 174 171 -127 207 305 -6 -295 494 -985 -30 90 203 29 -231 -810 343 -290 -461 931 -17 -463 505 701 -224 227 41 296 151 -227 246 208 -52 38 819 35 167 -498 -331 26 403 -627 -696 59 408 475 525 76 -546 ]
[476 134 242 -455 149 104 250 307 -144 -170 -425 -161 -300 384 -79 994 -579 -337 -1029 -1110 -280 83 8 -354 -77 -1094 -625 -1054 -9 -457 144 474 553 193 483 384 184 808 207 201 441 -495 107 -71 -669 -116 926 78 -453 -918 281 196 -207 -22 421 -395 -407 -54 -284 787 581 464 -250 -712 -666 8 351 -337 652 247 374 -421 -406 -759 -514 239 -667 523 -363 146 -220 -132 544 86 -637 -445 335 304 -491 -218 -138 465 562 78 1088 -512 -361 497 3 -326 -331 -439 -201 -207 -425 -399 -195 367 -216 -80 900 646 -461 -497 764 91 907 1111 -88 -397 ]
[-759 -786 390 53 106 517 90 9 -400 -291 513 29 861 334 -581 245 773 -275 112 85 428 383 604 -295 -9 -103 186 246 -724 -131 -64 383 131 428 736 220 766 -151 -101 -402 162 -133 -767 167 -539 422 753 29 143 -314 -33 -852 1260 695 -148 -829 103 21 79 522 2 -353 896 -508 228 143 137 -595 -257 323 -401 -682 -655 -280 665 -37 261 -762 -343 -163 721 363 459 473 -1066 374 -1158 -519 -1033 977 -870 923 -551 -215 377 648 67 -415 -930 -271 46 137 -169 -808 -913 35 -193 686 -243 524 466 -207 699 -238 612 127 753 -1767 420 -66 ]
[107 -645 534 -160 144 808 121 304 -52 511 486 -346 -355 -115 947 -333 105 269 -233 376 -174 -12 956 -258 599 -770 -327 -6 1076 -149 -347 -201 -1259 -547 595 -189 278 390 -200 -500 34 -334 -610 -240 162 337 416 -94 -432 342 692 314 134 76 707 -71 -1146 688 603 190 -369 -179 -286 429 -321 -583 201 -107 1091 -511 -203 -402 -541 -132 -27 -326 -784 -147 96 -703 739 -227 114 -881 -763 381 -17 -919 -989 -251 -579 805 -279 643 214 203 -509 -1216 -177 -175 22 339 -375 -1070 191 -752 -37 441 431 -340 704 392 -714 -403 207 417 178 610 -538 524 ]
[146 111 373 533 -601 711 -318 -907 377 622 198 -174 55 -839 277 -799 -355 -323 947 -285 -787 -794 -515 -44 986 517 34 -410 221 -439 -20 620 -424 -1222 -281 -163 -423 -581 -152 -643 241 614 126 -99 129 710 60 1225 -844 168 -485 762 -822 370 505 171 -389 -172 766 -187 -753 152 669 131 61 -153 72 663 828 485 628 650 535 290 -361 189 -421 490 -25 -700 -417 -76 -587 -63 -319 266 478 -176 443 -146 -302 -199 -749 501 -358 -28 622 341 424 472 -397 337 -8 257 294 -993 43 395 -431 -795 211 330 -716 361 -242 726 -393 864 36 1259 ]
[57 1268 450 71 -1173 177 -786 -927 22 -614 398 487 -263 -747 416 749 0 -1188 238 -633 -553 -911 453 14 8 321 266 922 231 324 -209 576 -983 379 -619 189 -543 -482 -305 -13 -153 744 117 -464 981 -706 85 616 -967 48 -521 759 519 821 662 -347 811 666 524 -485 -206 -569 -362 172 162 186 -710 423 -118 -734 -279 235 353 -336 447 583 1276 -63 534 -719 -1395 919 -403 350 -914 -285 -448 261 87 372 237 228 -387 622 272 -325 -20 689 1098 99 906 755 12 681 121 161 418 392 -484 -359 63 217 603 -442 -215 349 -595 -345 686 300 ]
[-130 525 -461 429 -336 349 -450 -854 356 -355 551 -95 -200 -646 163 582 556 -268 390 -346 -211 -673 -150 204 366 -445 378 182 -119 -225 197 567 -103 67 -776 -334 -737 353 -123 -499 -22 -72 495 -426 515 343 197 526 -400 -187 -148 238 263 -710 -78 -585 649 -257 540 -1622 -20 -16 -534 -383 425 445 12 -112 69 260 37 1515 -277 -479 -95 -29 -387 356 108 -166 -1091 682 -561 -60 -1100 113 -74 114 279 130 -826 648 -368 2 -653 759 -217 27 -80 -489 -189 -115 641 1287 94 482 183 -170 -1156 -200 -414 -354 647 58 -84 53 19 -833 772 761 ]
[-1505 -223 680 39 -53 19 41 695 -1156 -89 -24 -270 230 830 -383 -160 1618 -365 526 452 628 -28 -9 334 -741 568 -220 1354 43 -64 -793 247 -978 -232 489 644 358 -117 524 -286 -864 517 -420 -294 110 -151 -285 -989 892 1044 357 -19 861 595 214 -768 405 -267 -153 483 -190 95 1134 680 545 712 -1143 -552 -396 -457 -447 -433 97 661 310 328 503 -843 -415 744 -11 -21 -35 624 -255 -11 -623 102 -1444 -259 268 13 -179 396 -66 -228 438 -928 -625 103 421 719 259 -1249 101 573 -1349 -434 141 -160 -355 236 -231 -577 -489 352 99 -1123 -179 -1327 ]
[520 -134 941 -107 -312 717 381 741 -713 208 -668 -721 773 -557 -242 -246 490 158 81 -546 -387 -714 -934 1094 -698 -531 -720 834 865 -645 -761 -87 -723 -1210 771 -234 856 -546 209 -44 372 636 137 -457 -119 263 -253 -758 -230 221 847 764 -536 -301 -618 87 74 -629 -314 469 -559 552 121 -67 810 -4 -115 854 -411 -40 -458 485 -174 -110 732 20 75 465 -152 -176 -639 -586 623 231 607 -745 511 -1170 -271 -828 -159 -819 -86 530 -232 807 55 175 164 279 -445 805 223 -94 361 -238 -622 -510 690 -590 -525 1102 -443 -214 -686 25 966 183 -352 -90 ]
[-273 -620 -377 401 744 -183 -865 -540 442 204 108 362 414 260 78 -731 -1088 -269 711 -143 -139 472 248 -278 221 760 242 -343 -977 546 381 -306 927 439 -841 158 476 74 207 -43 541 -633 -40 664 741 127 -318 245 -112 -65 -454 -684 155 868 128 916 -693 353 347 55 -261 -130 1258 55 -128 -219 -97 525 -314 471 679 -100 1021 1048 -216 228 -137 -662 748 -280 962 -69 193 453 253 154 -351 280 977 601 60 -142 -1380 12 145 -339 501 -33 -781 99 -669 39 -137 -157 -47 -183 956 446 376 -213 -696 -544 -81 1299 -75 221 -408 -549 379 193 ]
[1028 -141 -696 -859 -509 27 32 -1182 394 -460 65 -398 -234 -206 557 -42 -198 -319 756 1023 -74 306 -159 255 1061 518 181 279 77 -33 -381 -495 350 217 976 1060 319 -66 -3 238 -768 131 140 318 -584 691 302 -44 587 117 -1072 -184 -157 -490 11 867 -89 -1072 245 795 -325 -745 185 -62 -879 -557 661 -47 618 -4 -102 -108 -203 -373 -279 -565 -120 -245 -805 -271 558 485 -1085 76 -51 755 88 -370 -875 467 20 477 7 -520 6 -599 54 -442 32 -706 -214 -951 -382 526 -457 -292 -355 217 47 16 818 -901 -44 -600 859 -181 113 250 -697 36 ]
[-308 -179 973 441 -561 1069 -158 -271 -395 37 443 194 468 -1203 -305 182 32 201 1386 176 370 -811 -182 454 419 374 -77 753 311 -406 -398 -55 -1282 -1303 140 297 -458 -521 645 -311 -597 776 351 -140 161 448 752 482 407 47 -1604 -221 -149 1301 3 539 1447 -93 477 -346 -1684 62 1219 660 354 368 -462 832 140 893 921 -219 828 391 -100 989 132 -214 129 -325 -133 100 -480 574 588 618 328 71 1102 -218 -33 -603 -577 -130 -1023 389 482 283 110 76 309 159 -135 503 -286 -779 -163 165 -130 -570 -336 -503 -497 -418 -108 109 410 -274 -673 -325 ]
[-886 346 174 262 -513 488 -260 -401 -231 -907 509 -162 250 -254 750 692 1061 -142 202 -241 -625 -1155 -140 415 -687 175 621 775 -264 -24 -119 493 68 -676 651 448 -173 67 354 -55 -646 574 361 -360 1126 -84 -7 -398 -255 124 -645 639 1070 -320 524 -780 912 193 496 -992 -250 -110 313 146 303 241 -277 215 -432 -485 -217 225 -490 -271 -390 -669 879 -499 177 359 -1076 1098 -1024 -117 -1204 -438 -349 -397 -1208 959 -263 717 57 452 768 -277 -20 61 -605 -210 -220 -373 236 -17 597 45 -637 -1154 -863 -214 -182 -539 1336 -1159 1214 -300 -422 -379 494 87 ]
[-839 -1112 416 -100 51 -320 -106 1462 -26 582 556 136 245 15 -892 -435 -286 109 927 480 861 774 -487 135 52 634 -221 847 -320 -231 125 1 -640 -256 -22 242 -68 -34 64 -197 -624 -238 543 -152 -31 -558 -1008 -268 1445 330 83 -882 -261 459 -109 552 80 -565 69 532 -570 -51 420 698 -79 789 -662 -259 -149 989 286 313 -15 701 144 556 -407 -547 25 388 223 -1194 5 311 1035 603 378 654 548 -925 535 -640 253 71 -1228 134 62 -941 -276 -181 339 983 666 -420 3 -369 437 -547 522 -378 -1174 -156 -881 724 -580 -303 89 309 -1157 -862 ]
[-91 442 169 -1058 238 861 824 465 445 650 -174 242 -755 -773 362 -164 -159 -77 318 20 -946 -319 315 899 783 -347 -232 13 938 -643 492 439 -462 -258 -413 -195 -725 -198 -1119 -458 -168 125 798 -1411 -369 -109 -521 131 -313 -80 1128 186 32 596 -175 -522 -1050 864 -77 -297 125 39 -60 472 555 127 116 407 -884 -208 -199 744 -1334 109 -496 379 191 906 312 549 -741 -157 -496 -326 -159 -349 316 133 -1049 -835 -712 -340 588 198 -507 -532 458 -306 317 12 98 736 1091 -198 792 -747 -505 -105 436 126 514 8 -1541 -607 -296 126 -373 -192 533 176 ]
[1303 56 -414 -363 451 294 692 -793 -368 -507 -10 -450 -495 -372 541 847 242 181 -601 -986 183 -603 -173 264 -351 -909 -718 156 480 -241 -773 -593 203 264 441 400 664 967 660 265 -550 -100 636 -680 -438 -290 752 -791 -456 272 1591 -50 323 -902 38 -343 -44 124 -602 184 175 -114 -1159 -355 -425 -678 351 -2 423 21 138 159 331 -636 -412 301 -731 260 119 67 -1016 886 139 -315 -94 -352 1104 -319 4 -1318 -114 -357 636 -298 918 -916 -194 60 262 584 -203 -288 387 366 393 807 548 -228 410 -127 166 558 -181 -273 -627 -535 582 85 -132 -1231 ]
[-343 903 -213 622 67 -43 -293 238 517 1321 74 393 107 -123 -366 135 -589 -513 -32 75 -485 385 827 -550 -449 -320 -363 352 32 467 258 752 368 -782 -860 -795 -471 364 454 -410 1250 688 -152 70 117 659 -366 661 -401 329 -324 175 90 -252 -815 56 384 -484 187 -482 -169 -224 787 19 1079 -841 56 -416 -162 -207 951 942 128 796 81 -128 -574 160 1013 379 711 195 -268 -58 671 992 -213 656 487 713 -605 -159 -637 -788 -503 -188 -5 702 -611 -523 648 -592 -85 -432 122 -85 -773 -606 -167 407 -1666 -183 729 635 -134 10 -364 -1180 1349 -226 ]
[-197 -162 255 -495 1254 384 -142 -589 949 165 -93 -129 90 315 394 -731 131 -113 726 -190 -497 387 454 -258 101 692 -549 242 -456 113 -537 1060 50 598 61 438 662 1265 -389 -45 -118 -974 -496 -17 -216 134 -116 709 274 525 1162 -1017 295 647 155 -58 -1504 -520 -385 436 -436 -465 756 -329 217 -221 484 -805 324 -128 403 234 -703 566 -220 -609 -1146 -397 235 577 332 -275 515 106 -1131 746 -390 -190 -792 -59 157 161 -698 -333 -241 -517 1085 -1122 -189 311 -366 -208 175 -621 -121 -1002 222 1238 322 154 410 572 -728 -237 -300 254 195 -349 -726 -561 ]
[-443 352 170 -342 -787 1322 333 -444 -339 598 -189 -961 113 -807 -26 541 1089 359 -314 -458 -1195 -1133 149 383 -519 -330 194 -125 80 -680 -383 429 -316 222 -458 604 138 497 153 -226 481 525 -113 -423 -809 772 1115 -299 -64 -301 198 47 560 402 -246 -2141 -323 302 496 -219 -994 494 168 -1036 370 -100 -544 -310 -79 -206 -869 221 -683 -287 122 -204 -418 451 -48 1056 -95 1377 -61 393 -978 -680 -55 -609 -1112 89 -448 676 -193 157 311 87 233 -644 204 87 138 -516 364 165 -265 -80 -479 438 287 90 1207 -249 -232 -22 269 -86 449 -612 23 1358 ]
[-196 -352 -532 -324 -154 95 -871 1324 -676 -1169 -249 221 -230 1428 490 1354 -595 -87 45 80 741 -3 -126 904 243 -354 610 -25 -292 431 701 -93 1127 498 230 478 -247 -133 345 446 -58 -846 402 656 526 -55 463 -1120 426 -444 -644 297 107 -169 320 41 264 215 -177 72 1040 591 -68 219 -268 1026 -76 -126 -911 -106 -11 -153 -707 -136 -721 -73 124 -212 -531 -693 117 -149 -67 835 -246 -746 -450 252 249 568 -427 1033 341 696 297 -221 -1316 728 -1426 -1921 -549 -464 -226 459 240 1486 -1364 50 -537 58 -306 -753 345 -1463 919 -71 656 -834 652 -1264 ]
[-386 -572 774 -198 -276 -76 195 504 -339 504 -1009 -1342 964 346 -512 -45 420 322 -124 324 -450 4 227 -21 -959 -563 -447 193 9 46 1175 -195 112 -353 399 -280 860 -495 33 303 854 112 -689 127 -1122 720 384 -382 382 -1123 -138 -445 68 -255 506 -766 -698 -201 -195 511 458 365 422 -1234 212 -285 295 -448 178 -709 -1399 172 -196 127 484 -737 289 -350 43 1554 567 -62 274 182 -178 -1164 318 -353 -271 636 468 207 731 -927 25 -304 -382 -616 411 309 249 -473 -494 -610 -98 -375 -585 24 511 299 302 256 274 189 123 -822 281 -65 -355 630 ]
[-195 133 707 253 457 869 -550 -257 284 -126 248 -446 158 -602 314 316 670 -237 723 -339 -256 -432 234 -108 -284 -30 1016 694 -154 70 -727 139 -696 669 129 619 585 523 542 -228 -51 482 -775 413 659 -494 498 27 61 349 1304 -317 570 607 -6 -679 -507 98 890 -13 45 -676 -484 -342 771 -82 702 -905 154 -490 302 -333 -824 562 488 -811 238 346 246 -570 502 1102 -449 311 -452 -217 195 -1258 5 1035 53 469 -595 -39 -830 -699 365 -732 -154 253 300 71 -53 416 867 -162 -572 231 349 427 -587 919 -783 -1311 163 487 -25 -1573 584 53 ]
[-486 1024 -909 608 -485 25 -1253 -429 180 -108 -291 -273 -559 457 214 511 -557 -861 -128 -500 -455 -463 -226 -1028 -578 777 576 -368 -620 1277 7 689 741 912 -1584 661 -238 852 75 404 292 547 -1144 1370 825 -567 85 64 107 322 -729 519 -139 827 530 16 -664 -207 226 -253 84 665 755 -114 -383 -96 -1155 -306 230 -822 -282 -12 1212 292 -225 -30 275 567 -201 324 382 636 604 1566 -472 -377 -321 760 267 598 795 241 -798 184 732 -524 -12 432 -8 -375 396 -384 -638 -100 238 239 -570 606 12 -219 171 157 298 138 -272 778 -454 240 542 754 ]
[-37 779 52 -635 -35 0 -409 421 -408 -65 -455 291 -166 -177 -32 521 -460 713 -144 -788 -287 335 107 426 -628 476 283 -184 4 -615 -461 -473 1123 1382 -167 1180 -568 -94 378 762 509 259 665 192 -680 -405 44 -620 796 540 78 46 310 287 120 -686 -338 137 -434 406 401 261 -166 -493 70 -339 504 -222 -721 -666 399 -456 -192 -143 -635 -1036 231 143 -365 707 -251 1134 -989 878 604 -715 406 109 -349 565 844 50 544 -618 422 -1818 62 549 261 -102 166 -1069 380 189 226 -138 -770 151 -106 438 531 77 238 -1048 990 -433 71 469 281 167 ]
[1108 -968 -624 -441 495 202 248 -536 -248 -203 -538 -802 362 640 603 -223 -290 53 -690 -125 163 790 -413 89 297 63 301 -712 -609 -220 333 -534 591 -285 662 -229 1225 475 -119 413 218 -178 -201 186 -909 -755 -166 -156 -103 584 692 61 -28 -1044 -108 647 -537 -721 -807 1122 627 146 -230 -70 -158 -725 380 -260 17 -694 312 -329 310 -181 -451 -274 89 778 -1054 -275 -769 -648 -141 605 478 16 -84 -758 -536 -835 690 -1086 605 -251 36 -534 758 388 419 734 -760 -79 -195 -797 359 492 538 -619 -273 143 -254 114 -502 773 -121 31 18 146 -197 -251 ]
[289 153 -677 -248 -25 -275 267 5 -220 -914 -218 -580 -710 953 1283 309 946 -404 139 -252 27 998 -39 -680 365 -714 266 394 -21 -319 375 -278 -99 43 536 301 -365 333 -286 -3 386 -302 173 -204 -19 110 780 -583 327 573 -112 1197 243 -1322 716 -67 -152 -405 -229 720 1344 15 -1035 -214 100 422 361 -336 294 -848 -295 532 -273 -857 -185 -1219 -175 -402 -1509 -564 -1315 85 -571 -322 -1294 295 37 -316 -710 -112 416 749 -303 538 340 -1009 -622 27 270 -247 -591 440 -19 -128 889 854 -659 -650 -1224 -324 43 704 -458 -906 422 221 -113 689 388 -133 ]
[48 -356 -630 552 -778 689 -15 -609 536 -1406 4 -218 791 -858 -7 719 494 304 938 -311 -642 -121 -745 -72 137 53 1133 235 -1608 -451 503 22 -170 -646 472 -67 -160 -430 -234 -425 234 -231 704 -10 119 0 862 734 -62 -698 -1685 -94 780 95 -504 -49 1351 531 310 -395 -247 -1 -57 -105 534 665 182 1003 -822 1228 320 229 -143 -737 508 -188 1214 -655 218 -305 -1406 -109 474 -146 -835 -397 -109 -541 861 766 -54 -686 -702 634 -193 1065 -371 458 -381 -204 -313 438 394 921 39 -454 1309 -849 -417 -208 -567 -600 761 -294 1091 -158 34 -531 -294 638 ]
[-432 -814 -78 -68 -714 468 -505 359 -188 -548 -129 337 974 545 47 -434 -540 680 -495 625 231 -16 181 538 24 377 782 1040 444 784 757 -1069 -308 -57 484 -414 384 -625 -582 124 440 217 -982 645 881 -393 -652 402 265 -587 -790 -74 804 -361 557 -488 -309 719 235 264 -195 -420 -663 -326 84 -160 535 645 -217 -1189 -451 -80 -799 -127 163 -553 803 -735 72 -710 838 91 -593 -745 -711 -245 -747 -1565 597 335 1467 801 422 561 -793 -316 -915 -193 567 -878 576 591 -188 -17 673 127 211 1086 -421 -380 533 -617 48 -388 -527 -482 -541 -806 -706 474 ]
[-1451 5 36 -297 -371 -732 335 31 -505 685 -795 125 -907 255 -88 -982 241 -303 280 1095 427 35 356 -127 -294 812 655 -251 77 -38 661 -432 281 308 -888 283 -687 -715 313 -170 280 -93 131 -423 171 275 -68 -256 -40 303 -125 -193 730 636 464 -471 -1171 -146 -26 -193 812 350 328 115 395 29 -296 -929 -140 -584 -1352 729 63 776 -318 -1001 804 -30 -465 280 338 -319 -786 -182 -677 -165 254 825 -149 -336 -309 375 344 -606 408 -661 18 -588 532 201 -7 -224 -685 288 1270 656 -670 338 -93 -40 235 -1132 640 937 202 126 -1385 -44 1039 71 ]
[255 -205 -685 601 21 303 -409 667 348 -322 -264 788 -542 -427 554 -68 -625 537 279 238 365 370 -236 881 791 -459 398 486 431 -257 492 -704 -300 221 -833 -554 -603 299 -288 -743 -89 -485 303 -568 1054 165 -762 1049 187 -274 530 -51 -605 -256 -903 479 -9 95 1214 -1136 93 121 -695 1145 42 242 240 -653 285 66 1060 203 300 278 -1015 554 -803 473 1071 -257 1061 -35 -69 -204 565 -256 764 273 673 -705 465 103 109 202 -1819 1118 -532 -420 129 -1178 -225 -3 1412 1565 77 -959 -123 297 -447 457 -300 -355 -295 174 -975 196 -380 -414 -328 47 ]
[166 -233 -243 321 -371 367 -1056 1119 -491 327 436 70 420 381 881 296 -548 93 -1199 -474 -363 225 -861 302 -156 -769 200 632 120 173 -911 -1071 593 349 352 499 737 510 1599 430 414 321 -24 898 1130 -182 113 -1115 411 -115 -750 979 -434 -836 -6 -285 -55 -149 1067 662 -921 238 -731 190 -659 -433 -964 -452 476 -839 918 -957 301 632 -462 -558 -711 -10 257 145 559 1383 -762 348 912 -508 158 -610 -352 651 1263 621 487 845 982 -1039 -925 488 -454 -881 -437 -736 361 519 -142 291 -715 -26 125 -44 -202 -322 112 -158 539 -634 309 911 -446 188 ]
[231 93 55 -344 17 629 1663 -202 -96 -374 340 -6 -260 -130 393 -368 347 439 -237 155 -146 -880 -519 -294 652 -111 129 -309 250 452 -1114 489 -271 10 127 1118 581 -216 95 322 -626 319 -147 -138 -12 384 1219 -403 -63 -70 -116 195 -351 500 -568 -454 -349 737 95 704 -856 356 1 -191 -632 567 -981 1124 286 435 -189 -925 -203 -163 44 466 -535 -151 -594 61 369 1031 399 488 -292 474 -342 -813 -796 62 -216 -16 -197 328 1873 130 404 -38 69 69 -725 168 -630 -445 -509 530 224 566 667 -192 1298 -502 -661 -823 408 -198 180 702 -815 201 ]
[143 -470 -558 515 1118 215 959 951 -392 -374 1085 98 -212 268 -167 -897 644 433 285 1185 1143 574 -361 656 791 -316 594 555 535 128 -58 270 -811 -104 610 -497 20 -590 -385 320 -498 8 -165 -570 -24 355 -364 -130 414 237 1622 -368 -329 -167 -786 -333 -479 683 -178 -629 268 -34 -175 743 379 661 -576 -241 -158 66 101 394 -905 408 -53 273 -1005 428 133 -688 372 -665 360 -244 49 779 293 -428 -559 -215 -855 -196 -105 -135 -16 939 262 -297 -653 -537 -495 1058 97 35 422 1214 -904 -349 610 10 -147 -77 -471 -434 -1154 -163 190 -1276 160 -707 ]
[578 526 148 -450 -902 263 313 173 700 761 -942 -203 -1128 -217 234 -563 180 685 -834 591 -1053 -494 602 81 130 -585 -268 187 1206 352 467 -616 -662 -618 -180 -1061 -610 -94 93 514 174 -350 60 -170 91 825 -688 -299 -1217 -384 -754 546 -355 -886 -611 -441 -375 332 263 -1057 -5 -84 -892 122 -503 -494 721 526 659 -657 -1090 472 -481 -458 -78 -1004 335 954 858 346 -74 -51 222 -1630 178 -1158 331 -445 -269 554 -731 -116 766 285 -597 -154 -720 -333 -37 -862 558 -639 -355 289 1136 -439 -160 -1034 1027 539 298 -358 557 -4 -353 186 -909 -307 -868 421 ]
[446 45 205 713 613 -436 211 -886 555 793 98 -531 -549 -52 -565 692 -5 -300 -50 214 -87 307 82 -470 -924 -475 -179 -657 373 -453 339 487 -96 -342 -54 169 203 539 297 -279 7 -16 -69 482 -334 172 -385 -158 -258 111 1341 171 -985 -1120 774 448 -349 -807 -15 65 1107 233 785 -114 -263 -1779 428 25 1688 -387 382 539 760 12 -277 293 -354 159 -15 1057 311 -251 64 627 -449 -665 1284 309 -737 254 -628 -497 1165 -967 444 -669 -615 -29 42 -140 -208 -953 -245 -423 129 -383 -330 -715 28 -710 -274 749 364 667 197 345 -267 1008 -29 356 ]
[-720 221 -326 593 -1631 -75 46 467 374 1404 1124 339 505 -418 -1006 -554 191 109 -13 -97 160 14 -667 -1358 320 873 -11 693 -652 600 215 524 217 -105 -693 -68 -234 -825 -265 -31 280 1607 -802 935 -618 94 -321 -326 265 1079 -875 741 -323 76 -217 -456 156 -637 175 641 -1103 -504 -121 -239 -229 117 -791 -206 39 44 -175 -84 700 -100 595 199 96 56 -735 584 -79 1145 -547 237 907 840 -825 68 352 226 424 -354 -193 -86 -299 145 425 800 -67 82 866 404 41 -968 -649 247 263 187 -379 302 -364 336 253 847 -1081 338 -566 -52 -295 594 ]
[1034 -57 722 -550 -1116 -576 644 -191 -513 232 -545 -74 185 -335 -1360 398 509 -1032 -89 -36 122 -264 -316 -30 -475 -586 -12 96 -76 -505 199 266 957 -1133 1762 190 605 -255 636 -408 821 666 -82 570 -615 588 705 146 -1081 -1029 -495 -189 410 80 360 -39 1372 -1249 -587 1655 542 -555 263 -507 -146 -289 1212 -671 454 707 -217 -380 -114 -8 157 528 749 82 -29 -78 475 165 -612 -314 334 -509 26 -168 28 769 -754 -429 613 -723 225 141 343 1111 -319 -65 192 -889 -755 44 -817 -543 -601 132 -515 536 -406 246 765 -185 621 46 659 -467 249 -721 ]
[-400 -565 271 -471 -473 -468 477 252 159 606 163 335 -337 25 -672 12 814 -1089 533 -343 -368 -995 -394 -263 -73 749 583 -394 -892 -345 864 953 820 -647 -95 -245 -68 -572 -254 -455 26 -223 499 -277 190 391 -273 -13 -605 -976 115 -185 48 1033 -87 -479 904 -865 112 54 334 463 426 -190 192 670 -105 -795 -861 1300 -1312 38 -817 457 627 466 367 2 -100 -322 -514 -630 123 303 -276 -125 -332 728 -401 308 -1219 1051 455 539 439 457 556 844 234 353 -313 724 -28 676 -268 284 103 -563 -684 173 -644 -247 582 1049 359 177 -329 -37 827 -357 ]
[288 -1024 -418 -431 679 -445 543 -426 488 395 606 -160 -454 -81 189 1305 294 -841 84 -953 93 149 420 151 -238 -569 -495 -150 -992 -40 1316 1178 321 -365 426 246 417 324 116 1057 -1103 -536 617 -629 -585 -342 1084 -688 -86 -1309 199 -214 -189 440 -71 477 627 83 -325 -228 -95 23 703 581 -268 375 33 -212 -264 828 32 212 -392 -297 -476 1173 -422 174 -25 -494 -757 -223 821 294 -960 367 764 944 347 -254 -984 403 531 -349 273 13 297 911 -216 530 -969 215 -122 560 -268 209 -219 -392 303 105 -475 1011 -1099 -35 -146 -149 702 -358 990 -1704 ]
[-194 388 -15 686 780 -245 1447 646 433 183 1611 519 262 -559 -499 -94 -207 561 -243 -285 -297 388 -730 -983 1037 -678 -685 -837 623 238 239 491 503 -786 374 -862 -500 -1175 -606 214 -901 714 700 -842 -504 127 95 194 -396 -537 281 20 -398 -435 -723 -86 291 905 -342 -855 763 172 -703 -76 -128 -67 -430 720 -222 684 357 123 -546 -954 -136 88 299 502 245 280 -894 -6 -269 -462 1158 954 592 521 -692 -66 -425 -110 701 -799 1457 148 256 855 -182 666 -349 779 323 -487 -431 47 185 -1238 -23 521 468 22 661 -306 176 -412 -63 700 823 785 ]
[288 -77 -43 -190 902 166 -112 -1035 221 366 -28 482 403 185 -77 -198 -668 48 -40 361 -664 302 13 -563 916 -393 -211 -637 -469 373 -1650 -193 -230 -736 959 534 252 836 554 25 -466 562 -106 203 -444 310 97 253 -254 -46 -1408 -214 528 529 -235 407 943 -150 381 427 -67 -423 502 -231 -781 79 495 882 573 1129 1353 -815 763 745 209 406 -17 -172 135 -703 456 -461 118 -618 167 965 -233 127 267 60 42 57 -1073 229 632 -181 457 249 -97 374 33 257 -438 -29 -229 -746 517 -811 516 754 -293 -185 -735 -527 1216 271 157 -18 -62 -375 ]
[-165 513 166 -152 -966 -540 -1528 320 784 313 708 -204 887 -161 -590 636 -814 253 -296 -448 -647 -1087 422 28 -458 258 -240 632 641 466 -42 -410 150 757 -361 -684 397 -264 -386 204 479 477 -594 571 696 -69 -936 -65 181 -930 498 379 -821 -23 371 -545 -299 778 762 -535 -360 -265 0 -836 204 -615 625 279 -526 -893 -374 -261 -948 -7 740 -273 88 -356 922 683 926 872 -277 -695 -9 -1121 -597 -775 -472 1634 687 1847 214 394 -134 -685 -845 -243 117 -384 888 544 244 -554 -367 -680 -239 161 179 -523 389 1322 -399 -743 122 -303 282 471 136 827 ]
[-940 -1489 411 -166 -521 19 -233 1164 -18 870 1089 496 277 -582 -259 58 921 145 204 -874 -1 952 191 577 -1062 148 269 1105 -655 -529 328 629 361 -253 1400 -180 -522 491 146 353 375 52 77 179 112 -108 -260 -571 69 -698 -217 -328 963 630 513 -1222 497 -397 552 313 -795 -441 842 485 -105 -140 465 -871 -432 -33 -152 -165 -1008 276 -627 -446 -343 -221 666 -295 -178 257 -342 -204 -1007 -102 127 -432 -430 1342 -172 823 356 682 -371 -449 -130 159 -883 39 -434 556 727 -55 -178 -1366 -830 -375 -169 557 -218 436 257 433 689 -626 -107 -649 219 -216 ]
[-225 -443 98 848 63 778 -590 -373 229 -511 434 -386 599 616 -300 -592 -162 282 -91 691 -82 -646 -847 -280 651 759 1243 -1051 94 545 633 124 51 275 -868 -565 139 -42 8 -369 -347 64 -309 527 247 -687 -547 1808 16 -552 221 -292 -627 -242 441 -531 -914 219 861 -337 -413 191 -26 -452 160 90 -264 214 -118 -291 507 -480 -60 432 351 367 531 755 -887 165 559 -245 -606 465 -236 -203 106 -865 851 464 875 -390 171 383 -35 -836 937 610 1011 969 220 325 5 497 340 -116 173 538 -860 -96 197 -265 -861 -120 165 -224 -581 734 -85 962 ]
[713 417 -483 -190 -521 -566 439 -172 -1035 533 -645 -295 463 572 -308 -1346 526 452 -86 315 378 654 68 184 198 1023 67 -736 -194 -432 545 -1264 14 155 256 -705 -598 -266 313 659 1076 185 520 -267 -1674 91 492 316 -344 -125 -388 -3 -147 191 -258 -600 681 368 -354 1128 170 -235 118 -520 -484 742 -99 131 -186 420 23 -542 378 186 211 13 -736 909 -62 -480 -355 -1046 243 -665 653 -349 -20 223 1355 -287 399 -971 -219 453 389 -522 732 1167 613 895 -111 56 -1312 378 -237 894 192 320 811 661 865 -758 231 157 -553 -514 -257 395 -338 -113 ]
[-996 -649 309 -537 -1159 326 -705 702 -991 -817 664 -651 -456 -7 -288 800 204 -922 99 -397 289 535 329 -534 -173 -732 150 470 252 51 349 -453 -54 1232 -1119 243 -55 742 -699 -639 472 37 -412 79 395 384 -173 -660 48 -472 -133 -193 757 495 81 419 -247 -269 762 -61 222 620 406 129 -264 426 -340 -812 -90 -805 -956 210 335 -810 149 483 849 234 -771 -294 -357 1096 -11 1071 -1144 -468 -528 36 -1069 186 -1020 775 -734 -27 149 48 -266 -226 -529 -796 -50 780 840 -986 -189 -714 292 -279 -784 -501 -47 -346 737 1244 -171 217 28 -805 635 966 ]
[-412 -433 696 576 976 -852 -391 -120 -617 -576 -20 -878 -437 545 874 -1181 1153 271 354 1003 810 490 -224 951 -240 336 554 543 84 -58 -570 -47 -2074 872 663 -197 -203 -418 938 594 -1152 -771 -613 -271 -69 -375 -455 -3 725 572 657 69 -143 -426 1072 821 -385 304 227 -817 -231 21 -151 1070 57 399 272 -1428 888 -1359 206 -672 726 393 -666 -258 -70 -364 -243 69 -177 -87 -590 -573 -337 416 -16 -302 -413 215 810 -214 -245 -233 -1127 425 861 -1731 227 829 -86 469 -20 192 234 100 -555 254 -228 -598 245 551 -327 130 -275 77 -268 36 -465 -400 ]
[-992 -608 17 -66 -624 461 605 542 -79 1191 452 -154 -419 -744 509 250 137 -121 209 -628 145 56 352 -576 -591 -110 -443 609 -116 225 -560 345 -300 -667 747 218 -448 1264 618 -651 -205 1239 -750 -365 252 154 644 -679 138 830 740 -209 1308 725 -130 -549 -358 122 591 89 -487 69 262 451 381 -693 724 -1124 474 261 -220 -70 -131 250 34 -462 -537 -468 297 -403 859 1170 187 -617 -70 1205 664 -120 -369 -644 -696 1234 -505 -397 193 -614 -241 -856 -654 839 325 700 -7 -1685 1021 -1118 -401 -442 517 263 -407 271 333 -121 356 -151 -159 -300 1011 -610 ]
[-330 -49 731 678 -113 -499 500 957 172 1142 303 -134 48 -257 -1004 28 477 406 -314 -409 40 1302 450 -1086 -1566 -5 -171 207 20 213 1198 -34 -67 610 -231 -513 389 -430 31 641 1238 244 218 633 -825 -1089 158 -746 -459 -220 982 -239 254 20 164 425 -41 583 10 506 529 -311 670 423 -476 -938 716 -8 84 -773 -533 -937 -249 -81 332 -43 542 -197 876 296 146 690 749 679 39 -842 593 161 -49 657 125 -674 655 -455 374 -942 -334 716 -825 -162 601 -258 -406 -1107 72 -748 101 -718 1389 229 -272 759 708 675 -784 8 -768 -333 238 91 ]
[1151 225 182 -312 365 216 -50 -779 229 -1126 533 209 -1 -2 579 -647 556 -288 985 545 -151 -693 381 -176 -74 1224 651 123 -174 270 -362 -192 -73 695 354 936 576 -224 -819 502 -1221 -232 -28 244 691 75 -177 -57 -5 346 895 -652 -161 1107 532 297 -447 399 25 125 -199 -870 166 290 -303 140 -997 6 -351 -373 -374 -777 240 424 348 -90 660 -445 10 -334 153 253 -336 244 -116 -215 114 22 -838 423 -151 -301 -873 260 668 -782 1116 61 516 682 8 215 -261 67 270 424 379 195 596 97 296 71 -48 -104 -49 -96 -379 267 -713 -473 ]
[-19 -46 -153 399 -402 -76 -562 -382 271 -328 1273 333 674 -55 283 839 -474 57 -200 -153 257 324 -395 -514 291 459 -86 60 -489 560 -86 -853 235 396 -497 -371 -270 -835 -287 354 -758 826 -166 671 17 -363 -136 -782 348 -147 -595 102 -311 -279 -261 117 953 220 -603 -706 -113 -72 -1270 -379 -123 -377 -158 -330 -551 -621 302 140 268 -469 143 -167 555 433 -289 191 -1191 906 -353 137 808 286 -569 517 807 159 523 271 1022 -886 -17 153 -462 867 164 403 589 7 385 731 -83 871 639 55 -282 391 -129 -364 903 -12 -690 -340 -63 -446 464 631 ]
[-1194 236 -282 121 -7 -943 287 133 -364 -278 175 309 540 -14 -927 -674 170 77 1065 -93 170 31 -439 83 146 955 45 779 -829 366 -18 486 611 -234 447 844 -837 -197 416 -181 224 334 -169 325 209 317 -1022 -68 818 384 -777 -777 1312 71 408 -1112 572 -231 -145 -378 195 -320 50 -449 -700 621 -31 15 -24 1472 -171 877 263 381 -707 -174 -561 -764 240 453 -22 180 -924 -232 128 677 -477 754 570 226 499 347 -827 -185 306 -68 316 -820 -632 -329 142 261 55 -219 77 497 -36 179 -357 94 -974 -1083 353 525 -369 -475 -177 -739 -424 -516 ]
[1131 335 -465 83 -371 -56 -1665 -640 58 -264 114 -445 471 -768 -619 757 -735 29 826 0 -162 -1190 -1216 707 530 -471 313 448 8 109 -801 -30 500 209 -216 -483 751 -350 256 226 680 -520 226 372 4 229 -348 -63 -429 158 -506 458 -826 -411 241 1155 706 -1240 7 -584 128 672 -326 604 -189 -433 -625 260 -11 538 -87 620 535 -385 21 121 510 67 235 -434 -1147 -408 -379 1191 134 -391 61 -195 -197 38 -3 -351 -129 422 427 1360 -751 504 53 -1121 -528 187 119 1320 -1043 175 -27 415 -717 -680 -777 343 762 743 -119 64 1395 139 -120 473 ]
[103 -507 -295 541 44 393 -740 -296 546 492 -754 -685 -62 -377 1253 -547 -494 548 -122 -339 -406 -242 -61 64 302 524 135 -975 -189 231 73 424 157 -187 -1127 -168 46 135 114 169 1003 -553 42 -187 -164 689 -520 208 -191 228 536 346 -1627 -865 4 60 -1501 -286 1303 -547 -649 -140 313 -744 -323 -663 550 268 62 -9 134 902 659 954 -375 -768 -1817 1113 -305 -184 763 -48 -2 435 10 -493 657 -987 900 549 -370 89 -795 -566 -970 -442 225 53 534 63 -899 -900 -250 504 936 127 149 -194 55 -678 -534 69 -478 577 -48 -22 -1017 976 432 1145 ]
[544 320 69 215 138 -416 128 -687 238 -832 -277 -519 -127 529 -73 550 -380 709 -422 1206 64 -753 20 426 -303 266 176 127 531 272 281 -520 -107 466 -846 -431 -214 -186 376 376 -156 -56 957 -474 218 10 423 618 -76 -415 -615 546 -618 -274 -520 1219 995 392 123 -608 -344 546 -494 167 586 298 3 942 201 -598 1055 -393 1136 -193 166 455 307 -955 -81 477 121 -319 -124 -767 864 153 315 145 1362 -197 553 -446 -353 -268 277 261 -376 351 585 484 -91 -79 -378 303 -436 82 678 -298 -256 -296 50 -371 -75 182 546 -460 -169 678 -495 179 ]
[337 159 338 -322 105 385 -588 -462 -1380 -331 -156 -531 152 446 -211 453 341 -363 -416 636 -319 -713 602 1407 -613 43 -372 168 1126 -740 -1191 -627 12 482 -59 45 980 366 477 -727 195 -579 219 -443 449 560 32 -331 -488 894 1897 448 684 148 -188 64 -227 543 -271 147 79 519 174 518 803 -663 -726 -119 -604 -757 303 -295 -102 -376 -258 529 105 -375 388 2 341 -138 172 -222 -235 -996 -404 -454 -1656 -717 -978 -403 -730 385 1285 552 43 -373 -566 -730 -623 -33 13 -729 -631 353 -770 937 335 -701 886 -100 245 78 -228 815 1140 -713 116 -173 ]
[-590 676 13 44 -7 -739 12 -464 1061 -236 654 682 324 -741 -551 351 -271 84 146 33 457 -252 18 -8 1807 -15 -14 -145 189 169 114 1099 -501 508 132 450 -226 -180 -524 148 -326 135 -293 4 -213 -787 402 778 -311 -289 12 -261 -416 380 123 -634 -371 347 820 -266 -34 -645 -677 -574 -882 71 192 210 958 289 -457 -310 -321 -87 364 105 -30 -374 -358 -328 371 -150 -441 277 -404 594 -142 -252 74 103 -78 1641 -34 158 -109 726 -232 -394 1287 129 62 471 -941 134 -869 274 616 1557 -904 100 821 388 -612 -806 759 360 177 1296 -37 -150 ]
[385 353 -518 258 -78 367 -150 -862 -394 367 -698 -865 -521 -490 -12 322 23 -479 564 705 -28 -675 -1058 138 -380 -15 95 -69 281 -432 -265 -452 -594 374 711 13 310 1061 435 -317 286 56 -5 -817 -1029 -817 301 149 -226 -1212 599 -251 98 13 955 368 -537 -218 -55 541 138 -296 392 4 -307 -361 450 -493 608 154 -359 -137 665 -54 257 1209 -10 1014 236 652 683 -78 465 -18 -1100 -1087 742 522 -367 -715 71 -502 466 -419 521 -45 394 73 725 -154 287 311 -48 1318 -18 -1049 -437 1072 953 -271 1144 342 46 -918 -250 -278 -56 591 486 -53 ]
[715 -151 -406 405 -322 -1080 -441 -347 223 1206 -408 -693 -425 722 -435 -255 -2 -340 490 653 -237 756 -405 -519 -202 247 280 -698 63 476 845 -10 -172 -391 -14 -379 -226 490 179 692 -371 -532 -597 755 -173 149 247 408 550 -706 -639 51 -1069 -826 743 433 413 -732 -355 379 1208 573 470 -37 -173 -270 -58 191 1049 248 -26 703 340 512 -327 652 -324 799 -596 -217 -95 -1144 248 294 -712 -8 941 903 848 138 805 -4 490 -98 -49 -974 -82 857 660 -316 -666 108 -657 603 151 536 -1182 163 261 -126 280 611 -659 93 -698 425 154 335 -15 -38 ]
[1694 -118 -466 -270 -353 193 -1410 -640 533 -357 -277 -1332 496 864 1107 288 197 177 427 -219 -1354 -258 -97 -225 -416 -439 -103 -113 -88 407 -694 -162 106 -267 -272 160 837 128 -374 474 49 -320 155 302 -488 767 561 -145 214 632 -21 670 -880 -705 513 691 -507 -646 -267 -46 156 553 174 56 334 -1051 -567 71 270 -1533 78 845 405 365 -281 -1066 -344 -724 -426 805 -649 -90 -68 794 -371 202 517 -266 -386 -194 1093 -200 -89 -243 746 -407 -303 -491 642 248 -209 -499 -171 -40 205 130 -412 -58 -233 -562 -461 814 780 -266 -188 -334 589 871 -494 723 ]
[-351 -688 193 59 -146 598 859 739 -183 588 323 338 -1051 754 908 -307 -150 -474 -236 -171 8 726 144 -844 615 -149 -7 -67 -427 65 -325 1040 -148 -934 312 174 331 593 97 -1093 1028 -101 246 -862 -394 18 104 819 -692 86 532 19 571 -73 48 -1083 -181 -343 302 1268 265 -212 24 527 -405 186 -158 -1215 914 420 -3 48 -243 351 -273 115 -1374 -539 770 -363 853 -459 547 308 -681 1170 -95 531 -828 -203 -83 420 333 587 1332 33 -326 -350 -57 -223 523 431 -40 -836 93 -581 171 -164 273 273 -567 -594 640 466 321 -107 -1023 51 18 -81 ]
[-530 124 273 -936 -585 -842 -131 564 -967 -912 -488 158 -205 -280 -966 1196 -217 -594 -177 -509 1032 56 1068 -405 -1169 369 -200 -7 -169 -24 -33 -20 44 1295 -311 591 -546 -535 -834 405 -123 807 -228 -597 -795 -375 -151 -644 255 -308 596 -493 404 1450 -158 35 222 272 -586 664 523 -172 -1005 198 159 700 -103 -1226 -827 52 -201 -611 -357 -735 283 619 643 159 -155 46 -644 497 32 -50 185 -177 -323 1527 105 -251 64 -516 397 -724 -443 -272 183 98 63 23 1339 391 468 -158 -218 158 -17 254 -104 132 230 590 116 50 -909 -482 153 -1010 275 -989 ]
[-891 455 1052 -188 -427 309 -1166 -530 -359 -860 -1009 -403 779 -462 -220 635 -116 1175 597 0 -563 -537 455 835 -565 221 -128 1344 625 371 -512 -201 -613 504 -528 143 81 437 522 231 -347 -394 46 -508 713 251 165 697 114 197 -285 -824 1398 852 290 -310 735 558 0 -970 -172 -148 727 -617 652 -72 203 710 -433 -902 395 146 768 123 -413 -498 986 -918 749 802 -613 172 -465 82 -262 -894 -248 -604 330 729 797 -438 -373 -935 -647 -426 3 6 599 -184 331 -487 -410 -79 371 -338 282 472 -200 -175 -461 -625 899 -944 230 -364 -494 -1649 -86 -120 ]
[-344 -768 619 1122 -312 395 -855 703 -35 -660 -6 -818 736 392 10 869 -219 31 -108 140 130 463 -76 -762 -217 -804 1282 -581 -921 -639 1064 263 609 302 526 260 973 -352 -338 -35 1074 -309 -843 192 -72 974 591 -250 -204 -480 82 245 -989 -50 135 -45 -812 -807 1165 786 977 -189 54 -658 299 -308 -365 -836 738 310 -529 -1248 234 -531 765 -1188 385 -219 -687 -254 692 -90 526 302 371 -823 69 -121 -744 1006 -722 271 -151 708 138 1012 -686 -79 -588 -514 -441 -441 -450 -47 -48 -27 -237 -378 -482 225 -14 571 1024 806 697 80 128 -400 347 968 ]
[-787 -319 414 832 -487 875 -710 -598 -489 -22 98 390 1101 40 199 638 388 400 132 -630 -400 -1268 736 -18 -222 98 846 339 -290 267 200 36 -774 54 -484 175 241 -106 699 -405 -223 306 -570 -153 1058 637 1213 351 -494 -151 -495 174 1295 1063 394 -716 1212 1297 857 -806 -400 463 224 -697 1047 521 -215 194 -589 -125 54 -688 504 -13 689 603 437 -888 369 -538 -230 1009 380 181 -1068 33 -1068 -385 1063 505 -150 1069 -1043 514 117 1024 285 813 589 -3 411 412 -570 610 -57 522 373 370 -1081 -183 -90 -437 1023 -409 973 217 646 -1044 1058 349 ]
[-282 -1048 -704 -18 -514 -330 11 -711 -494 -396 221 -529 287 1020 -458 -260 646 -750 358 -23 894 649 -483 -646 615 521 363 -865 -1069 315 637 710 1071 888 -171 696 653 -732 -921 80 -791 385 -319 131 -1233 248 -176 -89 -380 -256 884 -508 116 238 437 -243 -389 108 96 866 1203 -150 1356 -130 -1073 625 41 -279 179 623 -158 -135 746 90 165 1277 655 -201 -1391 -851 438 480 251 788 -727 -332 -104 503 -199 -343 -507 53 -90 -513 235 -13 386 649 -550 656 -662 580 237 -584 -240 613 -47 770 -432 348 83 585 -195 673 -1067 507 -754 -1604 1349 223 ]
[-96 -145 -889 -27 -964 -685 -1106 -749 448 742 -111 181 -94 192 -197 467 -278 -763 -448 -939 -520 -240 -587 223 940 178 -450 -98 -492 199 370 -78 1028 399 -383 -635 363 -237 663 605 -188 -1065 1069 80 263 -164 374 -245 -665 -904 -774 467 194 -177 140 -12 61 -325 143 -361 70 365 -655 -335 -722 -64 -870 -7 142 52 79 838 497 115 -280 230 410 316 -207 169 -985 119 -500 355 126 -1034 -580 371 -5 255 373 824 433 -60 378 -1110 -34 464 622 -30 -1143 78 458 1130 -374 1093 1036 506 -756 -2 675 18 4 1144 13 375 47 631 387 340 ]
[-516 -494 818 -767 -310 1287 978 332 509 1168 29 -596 958 -1101 -891 551 63 -79 314 235 -998 -1054 -934 866 -315 -996 -732 1456 237 -533 -127 726 -712 -1077 1153 320 684 18 131 14 -532 1279 -339 19 -591 921 -109 -1057 -6 -518 163 -247 -231 -340 -984 -767 -532 -647 99 62 -1060 387 267 -788 164 424 15 378 310 300 -821 792 -1354 -467 751 -210 153 293 -255 898 -428 594 89 180 48 -277 507 -823 -1242 -278 -1314 -70 932 -315 -549 725 -591 -28 -383 -576 66 441 519 -457 15 -594 -695 -1015 1080 -206 -501 338 -449 -148 337 -435 1059 -847 -213 320 ]
[791 678 450 173 -257 1035 -643 -843 549 1388 -78 -273 -688 -805 957 -430 126 -854 -123 -293 -603 -51 375 -452 426 -290 -898 -348 384 -305 -130 931 -954 -452 -359 -1404 -547 790 -144 -309 395 -219 -610 -536 -84 -422 -397 1023 -1367 556 -58 704 193 -134 597 160 -163 -602 48 -934 -665 -391 -196 469 -176 -531 -139 -315 680 122 -220 613 -24 -624 379 432 -346 997 1036 -682 -857 -109 490 -244 -847 393 -287 333 -689 -473 -391 -465 -476 557 -349 841 683 -178 10 21 26 169 67 259 -441 -1634 322 681 63 622 387 554 54 1080 -871 599 -205 -265 -31 1020 ]
[633 144 -1350 470 613 -123 777 -1396 672 475 23 246 -378 -784 680 -949 147 1044 113 708 -78 -542 -1168 -65 531 671 340 -206 111 495 -919 -680 714 58 135 -38 246 1823 1039 406 -205 132 88 79 -57 -681 239 648 -121 399 324 -577 -255 -386 -495 673 279 248 -697 -821 -730 188 -186 326 21 -420 -28 140 -85 624 1108 -323 637 477 -457 496 -892 659 420 130 -260 350 55 -419 596 715 331 99 572 -457 379 -1112 366 -218 640 347 967 1144 125 411 -961 -245 -483 793 -643 -197 -18 209 618 163 37 -366 63 -500 -487 -720 334 253 180 -202 ]
[994 352 528 -131 180 451 -123 92 -377 259 418 -42 -1120 -321 502 472 284 -307 623 -407 418 -121 351 811 -317 -279 -903 207 609 -67 -1060 -5 -1170 -916 508 -341 -748 191 975 134 -646 -560 1244 -459 447 -68 -208 -1038 -128 25 144 147 -347 -651 -182 810 862 44 -93 -416 -949 -332 112 813 245 -220 303 32 397 373 115 476 198 19 130 639 -1336 351 1075 -225 62 -225 489 -167 583 -132 128 -65 507 -210 -971 -743 279 107 -836 403 -493 -559 -1182 -84 648 -514 104 696 323 -147 312 -495 1196 -520 -917 98 588 -1038 -715 144 279 284 -202 -943 ]
[-18 -68 -81 -228 428 -691 171 -35 256 564 717 135 -523 19 347 -531 -352 589 27 462 798 647 -442 -591 326 403 709 -775 -194 270 -621 1181 246 821 772 -586 -344 -97 2 910 -382 -802 -857 1159 -590 320 -286 221 448 68 353 -834 -735 -192 585 -72 -389 -383 -227 512 882 -574 -759 -35 -567 33 267 -898 491 680 -195 -483 -388 -366 125 -181 -141 591 -517 -699 221 -75 -360 12 490 819 -669 -132 139 1129 139 213 431 -458 -764 -467 594 97 -30 810 19 -329 -76 84 -493 541 320 393 -198 665 500 2 -154 287 153 -606 -264 -454 -283 673 ]
[125 670 -122 332 411 -549 -78 695 300 59 343 -8 -266 262 -272 492 1207 178 -582 -571 -444 1004 16 -676 -1088 -1537 -397 38 97 -225 61 -553 -223 119 -658 -14 441 1344 543 203 474 -653 342 367 -98 -856 704 -899 -246 528 1593 550 64 -1235 -514 -225 -62 -275 15 -344 694 673 -1389 181 266 -404 -338 -909 565 -706 833 661 -176 250 -302 -178 -363 518 585 648 -370 3 151 -226 -19 -64 1253 70 465 -1445 102 -101 3 395 28 -300 -710 -88 -368 -164 -25 -137 755 -115 426 477 162 -925 -87 143 -985 1469 -643 434 -185 687 750 521 215 -1338 ]
[764 242 169 -177 -167 43 1095 -654 32 -1226 -328 -374 -494 -48 471 455 242 -517 260 269 28 -144 334 -401 1419 -422 87 -453 196 11 573 594 -262 -417 329 -730 234 -302 -1132 -717 499 -30 124 -553 -745 139 636 1235 -203 -931 178 10 -49 -676 -17 -96 456 170 27 406 1170 -469 -609 -768 -550 230 1122 615 255 1037 -1384 432 -354 -916 441 707 103 656 -817 -574 163 -756 271 117 -800 -34 -474 -184 266 83 -398 93 -553 -219 -80 394 -2 67 992 -31 470 325 -701 9 20 561 543 196 -254 317 750 101 -408 -1187 220 179 163 288 590 681 ]
[1137 152 79 596 -994 723 -264 -242 563 1176 1014 -203 749 -818 -483 512 -219 -338 685 -263 -732 -1562 -302 -191 -693 911 -487 -175 -52 -115 722 1123 28 -618 200 -1268 -293 -634 346 255 -590 337 319 -93 -1091 -434 20 867 -1266 -286 1080 320 -692 151 848 -464 293 -252 640 -94 -907 -136 794 -286 -977 -751 -138 119 430 625 290 -99 279 -1064 -112 1067 -949 915 268 -267 13 -336 24 491 -82 123 830 283 465 -58 -614 -234 578 -32 317 -198 -95 1343 -264 104 508 415 94 656 -1049 -422 265 511 212 240 440 859 535 407 -288 -280 -148 763 219 -63 ]
[565 823 -822 -630 -522 833 329 131 837 -339 -501 516 -35 -19 891 94 -965 -469 -150 301 -1095 320 71 514 340 -20 -221 266 2 439 -2 599 370 -379 -105 -201 -914 134 -512 71 915 739 483 -325 -84 613 468 857 -126 301 -656 509 -460 1290 -622 -103 -1013 481 -420 270 -915 260 831 769 842 -261 -987 212 -1044 -46 1083 883 -328 922 -386 266 10 338 -204 573 -254 -692 554 -27 489 757 -215 1049 209 -760 670 -1161 -411 14 563 -286 -163 526 73 343 397 121 71 -190 816 -451 -1160 586 621 85 1 -573 -641 -220 -186 -415 44 -187 -32 -467 ]
[-543 631 967 -248 4 -662 296 1112 -673 -314 -964 48 52 964 -18 -595 -528 -459 -833 -624 0 510 -441 -373 -234 -448 -30 -1063 -232 140 -1058 753 315 -982 -259 467 -746 -295 165 552 1363 295 -264 -18 -65 421 -386 -29 1 -92 -2115 508 -502 40 -641 -214 60 -627 -928 1374 305 309 -461 -790 402 480 -551 445 -564 160 200 849 -77 442 -85 -1040 219 649 -1075 -260 -666 -1441 -300 -2 904 821 -1191 367 964 -307 268 -856 -693 470 -181 552 692 90 373 184 345 -530 -741 -450 887 1259 -269 -240 -693 -498 -939 -787 112 549 302 -383 -287 540 398 604 ]
[-99 -56 224 822 -55 315 -695 -69 237 222 528 495 1100 -174 135 -372 -399 653 -417 214 -114 -106 28 554 1239 -238 -272 -676 -117 -320 -24 -537 -784 554 -943 -783 346 -688 -66 -1002 -187 -309 183 -112 440 -170 219 600 -970 1062 618 526 -422 -300 -279 182 -959 974 817 -471 -543 -275 -451 -117 582 -69 -806 965 -189 -262 779 -812 412 91 603 524 388 -347 -39 74 -24 350 -345 -244 790 -118 -486 -635 -96 -136 -253 -272 -513 687 136 585 -374 81 -244 709 -243 209 397 -812 -776 503 979 57 -92 52 -382 -334 450 613 342 209 -141 -4 60 578 ]
[-785 853 -383 634 341 -574 -606 -911 33 -711 -526 -273 -774 176 133 -849 495 -264 388 345 -42 540 -250 -542 1218 -109 -43 -790 -727 492 249 668 144 -127 -668 420 -1143 38 -37 157 490 436 -611 180 -505 123 228 661 347 1303 -1954 21 -66 -343 550 -570 -509 -265 129 -920 806 -193 -482 2 -519 768 -477 -785 662 -191 -446 1245 1033 128 -461 -1027 80 442 -425 -236 -637 -309 -943 709 458 772 390 1247 989 110 658 -714 -472 -986 -934 -363 133 -719 631 252 349 -509 -604 417 250 954 -818 -103 -473 -109 -387 -656 623 -175 -139 770 -737 -174 455 1037 ]
[282 -1110 -586 175 976 955 -353 -361 -251 973 591 -258 274 748 -1085 -544 566 512 -288 -393 -494 646 665 -190 605 -435 -148 -594 -37 -207 -275 46 377 -375 157 -446 601 -727 -478 210 627 284 -910 620 -693 1204 -118 -516 -46 301 314 173 775 405 -255 -928 -1224 33 -180 -105 -187 849 650 9 664 -1665 -631 158 -91 -111 31 425 -619 620 -15 -28 -756 481 -357 -463 235 -395 -147 247 -307 957 -365 -700 -1318 57 -187 185 -1140 648 502 -841 149 -398 -896 276 -70 405 708 -1220 273 523 -917 83 352 -194 94 1018 -1394 1490 -1283 642 870 -1417 871 838 ]
[427 514 56 263 134 336 -463 -68 728 214 -286 361 873 262 -577 876 -1165 504 -324 -28 -442 394 -732 247 -213 -940 -682 -237 35 -524 128 -98 860 -783 413 -140 82 381 501 204 -104 491 276 292 -217 -185 -418 267 -177 -6 -107 1237 -765 -693 -544 646 392 -977 73 195 -78 59 185 561 -4 -371 864 633 729 -124 2803 11 150 -341 -747 -371 -21 228 261 305 -508 -449 -515 -612 109 -69 688 279 61 -447 -99 -826 634 83 -332 -296 -662 2192 -904 -785 -420 -1013 508 61 251 -1202 -482 -292 -520 -365 -916 632 -715 -704 -21 210 -10 335 -276 -1076 ]
[120 -589 701 -205 -18 757 367 383 590 -119 -355 -223 -449 -307 -456 292 -1116 -779 744 -433 193 605 -112 -388 1088 -550 -449 -545 -146 -864 799 -483 479 -32 386 697 -138 53 245 -580 435 -546 653 -196 -254 274 -25 -442 -681 131 631 -282 -174 298 394 386 -1989 -1066 554 170 598 -77 -387 -502 -322 -520 923 -491 1252 727 51 730 -86 -182 -146 -769 -285 571 -582 -694 -483 -350 -339 11 95 -583 1766 -396 -203 -427 -1350 236 234 -439 -137 -1129 -692 -540 -456 -522 -586 -303 -322 -246 1531 -908 364 -921 430 -483 -685 -6 -941 181 434 715 -114 750 -262 -980 ]
[-880 595 1174 157 -179 -752 -248 14 -175 -342 -476 -3 10 388 -766 88 448 -101 -429 -388 425 313 158 -256 -1053 378 -69 -577 -243 -324 1 -190 -434 1133 -891 404 -251 -135 668 5 -58 -17 -495 351 113 247 687 678 -180 -14 143 -491 -103 901 277 -254 -17 151 -534 -152 -56 310 -578 -927 523 637 -495 -1510 394 -651 469 223 -13 261 -303 -172 254 281 -132 821 -651 -21 -137 -280 -139 182 -51 652 1603 -815 1051 -786 410 -985 -280 9 507 -397 610 924 366 -1634 -195 254 -640 185 209 801 -506 -235 -5 -11 308 1231 -619 -65 -19 -279 -266 29 ]
[758 -47 -553 207 171 -47 -17 -339 -1125 -902 -991 -763 -179 -181 46 -545 -133 136 843 371 570 -1007 348 421 -906 1050 826 580 -46 572 -411 -728 -636 556 -328 941 -220 145 950 128 -471 608 -52 -811 334 -417 -428 646 217 -369 -94 -844 1149 -105 -168 -33 189 535 212 -268 -424 -551 4 157 -161 914 923 127 53 327 55 360 570 -137 -228 -42 -883 -524 923 -784 1511 765 -312 -554 -589 229 826 -109 1480 612 950 -229 -995 -751 -762 -301 370 -838 -121 -540 734 -410 -426 923 643 -134 -192 -31 965 321 -715 -808 584 -1237 -352 -1137 -801 -1433 105 -752 ]
[-926 1157 -471 449 -416 -484 -248 344 1367 1102 -75 733 -125 -609 -537 -227 773 385 -629 -343 -760 241 -306 -919 405 -235 378 -122 183 79 675 -845 -331 592 -646 -794 -567 68 -452 -155 609 831 -841 703 548 -1022 -33 -577 -142 171 -438 740 -92 568 -53 -680 256 1244 -298 -608 135 16 -762 -53 565 -471 -290 334 -625 -852 -380 -467 -229 511 1196 445 1599 300 -27 959 -335 534 -408 -34 69 -570 -1003 113 -578 879 537 444 369 620 -174 -227 282 391 598 166 777 851 36 -428 -33 243 -224 167 -169 234 249 613 -779 -568 175 703 -490 187 974 989 ]
[-292 -525 229 -327 1624 -285 159 696 559 724 306 498 -44 -413 466 -343 252 1729 -997 198 303 -80 100 292 -660 -514 -29 -47 730 -52 -560 -676 -421 274 -262 -1006 -22 589 13 60 -769 -812 -618 99 1513 -730 -676 -755 443 482 733 209 184 -118 -409 556 -248 230 -741 -1923 -524 543 -1394 763 370 -612 144 99 -320 -1095 336 4 -821 -117 -649 -719 -191 43 -213 818 -848 -347 -436 -1002 -61 297 -1041 -497 -839 -552 646 509 1014 -68 -491 1350 -54 -1145 -246 40 -919 -462 1070 -205 -312 -261 30 73 -23 385 143 -18 -700 414 127 -263 144 -56 23 500 ]
[-268 249 86 -132 -690 -938 -690 1298 -129 -408 212 354 1194 510 -29 -1021 601 -461 422 -652 -1018 1249 -61 -447 -494 951 275 650 -308 345 -87 8 290 -890 873 529 158 -644 -738 794 397 492 -214 956 864 437 -190 -198 207 -650 -1599 790 -186 551 -279 110 838 -304 -205 561 -147 -45 -488 -151 178 1326 -1185 824 -312 -214 49 622 -236 672 552 -730 44 -306 193 -280 -512 -700 -45 -183 186 398 -1135 -46 624 1178 924 491 -1498 1184 345 102 428 451 -167 -425 -718 766 -323 -500 -187 252 -227 -345 -43 -37 -337 579 -46 211 572 -73 567 447 -502 211 ]
[391 303 -434 -151 -828 -48 883 987 345 -230 6 291 -261 -744 344 90 -1048 -193 -621 -31 -726 289 361 -248 -451 -605 335 -8 414 59 296 -16 167 -1142 596 58 -664 -607 -331 -640 80 1068 -218 -251 435 -151 -43 199 -452 470 609 607 645 274 -846 209 -885 396 -410 460 607 -174 -1309 714 837 -877 702 123 218 -35 422 187 -815 -421 627 -1239 934 -25 173 -737 223 -349 55 -1486 603 953 595 36 323 -345 -250 -212 504 -301 863 468 -842 211 -166 410 759 -59 -515 -711 937 -600 389 -277 202 301 -1023 -349 1624 -821 585 -815 -279 331 347 -221 ]
[-335 -677 -474 192 871 540 481 -32 -625 -291 -320 -604 219 744 -771 -78 42 981 -594 907 294 198 -540 281 -734 371 485 -436 5 -250 -212 -698 991 736 -283 113 495 342 23 -324 339 510 -183 765 -585 618 -71 -272 31 391 981 -681 251 418 -95 -66 -559 397 -379 509 -383 376 919 129 -91 -592 -29 -412 49 -408 630 -1443 357 672 -301 195 -194 -704 30 361 759 357 484 52 152 -315 795 0 -62 -205 338 -1149 319 9 1127 -955 -119 489 -1179 560 64 -757 614 -700 -569 -427 -163 143 1206 -211 144 -268 -605 1112 -855 -723 -680 -910 -305 -139 ]
[223 431 404 -839 1295 24 358 -359 -348 -767 199 -30 -508 -566 -133 -782 1212 302 -138 -951 -243 -617 713 242 -105 -937 -286 -91 178 -74 -1018 -20 -353 44 476 850 94 387 -286 -252 -48 211 -13 -846 263 268 213 -557 -412 261 105 -708 1008 683 -109 -495 190 972 -507 -355 -567 -1270 133 -110 124 451 261 307 -787 301 -294 -52 -532 294 221 17 -168 134 609 -234 -273 170 -530 -1138 72 355 -386 -1048 -358 383 -743 -641 -982 -343 124 444 1205 -1170 -579 747 462 -378 -636 -326 287 112 122 -325 356 -60 -467 -439 376 -969 106 -483 322 -637 228 218 ]
[32 893 -1743 74 -629 -217 -147 -270 157 940 -232 237 -952 -473 1040 157 -318 93 -643 -651 -755 -71 424 85 -204 576 -112 -509 -34 758 -95 -471 805 264 -1503 303 -969 1293 -306 -389 541 575 24 178 -15 -362 -506 -782 148 248 -46 236 628 -55 136 -938 -420 219 78 -315 -107 0 -1085 -202 -415 -766 -920 -35 -799 -171 -896 1271 917 -140 -508 -48 -656 808 486 1151 137 472 -332 -107 169 85 -376 917 306 -239 374 523 -1165 375 299 130 -832 -208 162 71 402 -15 -52 16 334 1015 -288 303 453 236 60 -803 766 626 -433 -235 -121 283 601 1440 ]
[7 1103 -484 -164 -190 -358 533 -206 105 1008 -191 705 398 -78 -489 -296 -507 191 109 -585 -282 345 -159 -807 630 -400 -688 -570 -375 -622 -814 -68 197 -537 293 -331 -102 -79 111 -309 1274 849 -366 230 -637 1317 645 -496 -743 1245 132 347 -170 204 -980 -1106 -736 -725 -842 893 -266 -356 -339 -1106 449 -755 -209 110 -394 265 -8 94 -222 -12 -39 -796 -394 764 -598 800 -115 178 -328 -654 1061 703 -328 -63 -148 -131 -570 -178 -680 -235 1134 -510 872 69 586 756 39 -223 71 -592 -250 653 -524 -620 -510 614 80 413 -668 681 1058 618 393 463 1228 -166 ]
[104 806 14 -860 -731 -843 -275 361 -847 -445 -900 229 270 821 82 33 -599 -596 -936 19 203 -309 -343 598 -1285 432 -701 135 -304 14 -430 280 646 117 298 37 43 -336 -367 664 -625 135 659 -586 115 -19 -298 461 91 411 -324 618 66 -12 -601 797 334 -835 -1071 529 175 -9 2 19 40 700 -558 262 -298 -258 -219 303 -521 -179 -432 267 626 -314 -39 -275 -267 -1037 319 -507 -86 482 -316 903 0 -1555 827 -174 400 383 1235 699 -320 221 33 -319 -108 -871 -195 87 -456 399 -184 259 69 81 583 -725 1354 426 -292 -184 -105 -308 -36 -975 ]
[-292 -617 745 -1446 918 -341 1006 735 -271 -490 -614 -927 -628 -292 455 483 -335 -923 163 -600 -135 847 -110 -453 248 -603 -257 -634 -30 83 -87 -55 -297 -340 901 1158 514 278 -142 364 -81 -234 -176 -370 68 -536 180 -1192 186 -1285 -838 -669 145 888 -179 823 -270 3 45 1811 -264 -599 -452 -41 -826 837 915 61 -683 667 -1114 -744 -1689 -343 492 -668 71 149 19 -599 74 -134 151 -282 280 117 644 -414 -601 860 -808 2 113 -204 111 -789 481 -730 -165 252 -369 -140 -904 -430 379 -996 454 -61 908 -447 161 -755 -1106 -681 786 -458 -305 745 -334 -589 ]
[-115 -18 346 9 -488 -119 -597 -725 -555 785 -407 -143 538 -72 389 -686 482 -157 734 465 -63 -718 -16 1 448 363 -174 507 445 113 -507 -1094 345 -281 218 -111 149 -482 361 -575 280 -81 -225 187 364 45 -121 -400 17 279 -281 187 249 -830 1193 -92 -136 -153 -157 -529 458 60 70 -543 108 -99 386 302 -162 -818 -341 -79 650 192 -299 -6 330 116 -348 794 -316 1655 -1150 315 152 -1313 -790 -613 -942 1000 272 687 514 -1057 -199 -779 -144 166 241 -57 -701 -303 -117 -99 -331 154 -836 430 -600 282 202 -60 239 -1019 149 148 -370 40 127 363 ]
[-4 -399 136 -160 229 -1362 -178 -111 616 -214 564 324 -196 1121 -196 -279 -151 -404 753 294 188 662 829 -1514 635 570 -53 -102 -494 1225 635 257 812 276 -568 -41 836 -289 -1026 122 364 -964 -28 469 266 -466 -487 327 -856 -664 1000 -746 -310 -790 -407 345 -519 -307 -390 341 1579 -210 -1222 -562 -305 293 705 -592 581 151 -783 659 -494 166 898 -451 -236 -606 141 -1199 836 -493 254 -308 -274 292 90 369 1268 610 -404 1128 -62 -574 557 -325 -657 364 682 327 119 578 -808 82 288 932 1207 847 -267 708 -981 747 544 -39 -725 -372 -779 375 217 -615 ]
[396 -1072 184 -76 -868 424 -894 -69 12 790 -429 -662 1053 244 -4 54 -926 -84 224 103 -878 -248 -467 1041 988 -14 -440 68 320 -466 56 -902 -17 -1219 1133 -552 284 42 56 -297 300 -170 -332 -78 176 1088 191 540 -310 -1244 -1104 712 -424 -977 -140 -199 -245 -768 747 407 -78 153 -247 -563 12 -261 373 355 891 488 66 441 -404 -427 272 -390 -762 413 -32 -880 656 -879 191 -888 109 -641 448 -602 30 -272 211 929 26 940 -786 706 -1342 -77 269 -648 -630 695 -160 542 257 -801 -394 539 690 -232 325 -87 -213 201 292 -65 589 708 -851 1099 ]
[893 190 -283 -943 912 -366 706 -160 -340 -84 -613 372 157 138 -516 -147 147 242 -984 138 0 -304 240 357 -802 -359 -919 -885 817 469 39 -207 -604 -821 659 -761 191 -190 -1053 256 -6 -18 -45 -610 -1128 -443 -594 -469 -451 -829 784 31 -410 -167 538 205 136 279 -1048 186 150 208 51 -398 10 -8 -247 860 -886 -180 -97 81 -435 158 281 1411 -110 551 627 990 -199 -1360 316 -389 66 -465 -353 -855 -783 -1001 4 -721 783 301 611 51 125 519 477 442 333 451 -5 -781 -621 -25 590 -378 405 -726 833 592 -921 -239 -65 -770 458 1464 -480 -1045 ]
[153 -217 891 292 -32 123 717 -308 532 -1524 309 430 -987 18 549 1143 -131 -365 -413 -594 664 601 303 -177 778 -1452 -397 444 -93 260 892 118 351 810 -308 769 305 544 -279 -356 484 -84 742 -18 652 78 1000 -638 -804 10 564 -454 160 -145 -258 250 375 397 481 824 1129 -596 -1259 -271 -758 94 574 -397 562 -73 -134 -108 252 -540 -65 -74 471 -23 -62 -1152 -599 1117 421 79 432 -371 855 -108 700 -576 -731 -128 -435 -440 303 -234 -1132 198 -335 -179 -397 -196 -304 245 535 444 889 -111 -50 71 62 -179 650 -60 70 674 72 -249 326 121 ]
[465 329 -805 -52 -14 -449 -89 -325 74 809 736 637 -210 229 464 61 460 -86 -560 394 458 467 741 -681 -213 535 -575 221 1001 754 -1228 -219 -721 946 -862 307 18 779 -291 197 5 -354 91 794 419 -1173 586 -1130 357 945 987 -103 -93 -46 575 267 -61 781 -264 188 -713 -245 90 506 -633 -461 -1455 867 -25 -962 -86 -536 211 521 759 884 -841 -580 -153 -486 72 523 726 979 -348 400 -831 -230 -635 -642 470 815 -372 764 553 -678 -560 248 94 -216 212 478 -151 -1008 -834 1166 867 413 698 -251 304 520 -1005 222 -643 113 278 1041 -226 -132 ]
[-13 -203 -485 -174 -810 249 527 -1813 1024 326 349 718 -136 -523 210 118 -577 -907 539 483 -537 -1053 64 -234 873 1070 116 283 4 545 -161 944 30 -962 517 -218 -293 -152 -643 -314 -662 569 -325 2 -246 -325 -538 1436 -1271 270 206 -143 387 72 198 -66 163 -307 177 44 477 -849 -22 -42 -595 -616 373 1238 249 1338 151 742 -265 -347 245 467 836 319 -293 -1313 -823 401 -35 -810 -658 976 190 -305 333 -740 -1003 -77 -78 328 -119 -319 -146 690 279 587 446 1005 74 -691 689 187 795 -193 15 3 -231 -148 -215 137 -310 -64 -689 -968 565 -646 ]
[-1305 -57 822 -751 72 -664 1310 1080 -1125 -1474 -679 944 -1064 210 -578 -151 1010 26 -883 -388 1016 400 405 -727 -81 -828 -719 262 447 -311 -1218 425 -420 -340 -114 496 -1387 -449 -664 -344 441 92 548 -1182 -171 -373 290 -489 -417 844 -576 68 949 1076 -250 -609 373 -603 -598 473 42 604 -453 663 -426 1388 -322 -21 -229 580 -1050 -216 265 22 247 -997 221 -302 -1151 -1291 -1081 -529 405 -370 -164 1132 -102 -36 -394 -1296 -527 -481 -718 113 476 1044 -277 -54 107 1058 446 886 -164 -340 723 199 801 -711 -1258 -232 -430 -145 499 379 -69 236 -691 639 425 -321 ]
[490 45 -1040 -107 437 -1063 -750 -1156 166 -945 127 740 -71 567 910 -228 -505 -206 -472 -299 222 -149 -50 19 -58 800 318 -439 -626 23 334 -114 699 1135 -805 -251 66 637 273 704 118 -777 737 -542 718 -941 -539 1277 194 -217 32 -398 -249 -774 -267 646 569 86 82 -436 -141 -138 -1308 -201 -569 314 -182 59 -7 481 1030 -136 -310 -483 -97 392 -680 -436 866 -283 -233 259 -507 -240 18 72 -263 225 924 -108 1546 379 418 128 341 -637 525 687 1415 69 -377 -867 80 992 -777 658 1709 -124 -883 -230 92 -918 424 -550 -25 -1199 -430 1330 -213 -373 ]
[537 178 -227 770 -699 -132 533 -622 528 674 302 -112 -325 -80 -642 55 135 -128 133 615 -142 191 -38 -709 219 459 193 -1030 -158 -538 -152 194 -1130 -503 -572 -540 -455 -527 -343 -925 106 329 -413 -440 -925 -338 -127 1625 343 -485 876 245 -942 -378 534 -689 -558 686 563 -661 359 270 -174 208 366 -1023 -314 -646 1098 -195 901 393 475 457 -530 1133 -967 459 69 901 64 77 132 -177 -1285 -131 434 1143 -644 -1067 709 -375 987 -511 88 7 -56 -407 1238 -309 731 439 188 -180 -61 -216 27 609 50 -1069 391 517 -710 1333 -1534 503 -1101 1120 -663 374 ]
[460 -312 954 63 188 -242 -343 446 493 -23 694 -1 250 729 265 1284 -577 -55 124 471 -194 112 361 708 -215 391 -511 798 554 367 -524 -564 -843 743 -181 -167 749 -213 -14 -53 -798 -64 319 -285 503 -247 -34 -818 587 463 801 509 -832 454 -596 979 809 85 143 1178 -20 -824 -739 -368 518 44 -98 809 -1088 2 481 -953 -918 -282 1638 431 837 -848 -195 -757 427 -972 424 -567 1472 119 -709 -773 103 -277 -215 464 -628 1267 -180 -302 -979 -399 -459 -169 173 1003 -151 -114 -575 944 313 -378 814 16 -433 810 -760 -504 162 402 887 -737 -323 -903 ]
[-14 -223 -41 -136 99 -26 34 453 203 118 -338 173 -296 -19 462 787 -1006 614 -23 -1229 410 -917 -581 249 393 -279 -564 -556 -233 -337 -31 -149 837 -457 -191 294 -20 634 896 -598 -172 -1023 679 51 1055 -1 46 -281 308 -350 -107 -203 -13 -140 62 5 183 -378 -106 -741 551 488 -289 -723 -202 -108 595 -212 69 818 -172 696 -65 56 -693 -693 -818 -108 -105 775 218 -1039 171 -34 497 -1061 106 57 242 -582 -188 855 584 24 534 281 -760 -762 283 -787 -551 -517 -413 541 350 -106 289 140 -367 -341 -153 -301 577 -558 1212 214 821 1996 -137 -532 ]
[255 105 -1001 -657 399 -606 -221 -366 449 -652 -167 248 -71 493 -119 230 -1167 -1182 -1713 -833 -341 249 481 -82 -298 -724 -111 -252 -942 710 96 785 313 744 105 -78 615 675 -606 151 609 -98 -685 82 512 -102 -127 747 -1092 -172 -132 -161 1520 1494 -322 416 -961 205 -177 276 404 -236 -139 145 -154 7 -319 -433 105 -1006 309 -94 -745 26 -88 -152 809 -144 895 -187 168 -425 826 -1011 -555 715 -870 63 -815 -146 562 478 -981 184 1145 793 292 -508 -6 75 274 266 -385 -680 -542 -533 886 124 368 -37 90 -371 987 1174 296 136 -16 -616 548 -135 ]
[-718 -548 684 192 -128 287 63 546 220 -172 1242 718 575 -199 -554 101 -510 631 206 -505 191 -61 374 -439 -354 141 554 440 -861 160 321 608 497 -132 191 -11 -452 -1119 -462 501 508 757 -965 1141 40 550 -264 -352 349 304 -175 -448 21 1139 230 -720 -387 541 -791 281 -411 -273 308 -109 479 -381 0 -83 -653 -290 447 -681 39 -206 -466 -636 861 -266 223 151 140 490 -278 -93 770 357 -960 -387 306 1425 -139 -190 -342 -422 -315 35 159 348 -1234 579 737 165 74 -902 298 76 -85 -470 -458 114 -511 892 440 465 -110 -144 -254 -1586 284 574 ]
[-247 1098 -331 615 -735 -828 234 478 387 682 -277 572 535 -330 -1186 -1541 339 -1164 309 180 -832 -307 -1792 -629 -147 847 402 497 -125 381 -387 466 -1 -542 418 -299 179 -551 160 97 199 1082 -356 236 199 -387 -658 1219 -775 -515 -752 -16 -574 789 -541 -333 41 -113 -279 821 -757 -92 336 -181 575 526 -907 200 -156 458 69 436 -39 848 778 280 1175 400 455 328 -159 -891 352 -806 555 489 302 547 375 -220 414 -762 -367 823 551 400 1613 742 341 628 -8 772 435 328 -180 -363 -192 232 229 176 241 572 406 267 -563 237 -299 369 283 -274 ]
[186 1511 -10 -715 513 -371 386 -893 179 -1608 -574 342 -1082 -375 -190 144 -30 -585 -714 -618 153 -1063 -173 209 481 -57 385 -642 -2 -155 -1017 762 126 1677 -248 373 172 -91 248 -180 273 -275 39 -305 -333 236 892 524 -1208 67 610 -736 1 523 -448 -286 -296 472 -640 14 -273 -527 -1033 139 -116 424 397 -719 115 555 -111 -707 -415 -130 -129 198 631 -13 78 -1065 -1051 982 -128 -472 -90 420 -383 573 316 -1056 -390 -554 -270 87 370 -227 1090 64 113 403 547 -528 177 581 25 1273 1097 1288 -78 -171 642 -111 -184 1131 -598 170 -4 -1519 681 -938 ]
[-441 262 -95 790 -511 -993 -180 391 68 -315 954 963 449 348 -1182 327 66 344 -508 -495 -400 356 254 391 -478 266 -92 146 531 -97 467 147 1109 31 20 -243 -256 -1602 -182 175 429 -200 947 -74 -145 -67 -1025 -729 -922 610 1319 44 186 -1085 -283 -1027 331 1026 120 -772 1384 -114 -552 127 -14 -1267 -98 928 -695 162 -447 720 225 -541 401 35 891 -612 843 -781 -114 -112 -316 439 868 -340 655 -508 631 231 -1064 373 715 27 1013 -457 -705 920 47 78 62 233 322 -352 83 1608 621 -704 -280 -219 -448 398 1547 197 -209 -11 -683 -119 1017 -6 ]
[-1352 1451 1410 283 983 -488 564 0 472 -433 -82 809 -94 -423 -717 471 644 -146 90 -254 -65 -318 230 -250 -667 -168 -329 179 -11 -1097 482 394 64 166 -122 793 -34 412 45 -653 191 332 -262 -614 871 -718 -163 121 167 479 890 -344 120 305 -459 73 392 -147 275 -680 267 -122 515 118 449 -65 226 -440 582 155 649 -548 369 17 -394 238 785 -25 15 1657 758 919 -904 588 375 65 121 374 -1112 249 -645 -53 151 -1145 298 -364 806 -314 -98 254 147 -745 500 -1095 -251 -1140 -121 -422 -996 -5 269 146 -84 -716 735 613 -333 450 330 -572 ]
[553 478 -134 86 -745 -879 1069 -1262 142 854 246 246 -377 -507 -628 -435 52 -639 -826 686 128 217 865 -1362 -517 151 -350 -408 340 4 886 -231 818 483 -337 -500 -274 560 -210 232 127 783 -164 -398 -68 92 332 948 -550 -638 540 -845 -360 -322 -60 -1426 -33 151 109 -148 311 -745 255 -359 -200 -402 -91 -951 975 -90 -562 -361 913 -564 76 974 -138 182 609 411 560 1290 305 -401 -312 -482 513 1536 -794 163 338 113 964 -1220 840 -525 426 740 406 897 332 -155 -79 -79 -1075 -551 27 218 894 905 1262 412 566 575 -1308 47 -612 -354 -155 405 ]
]
