[[133 -132 -11 253 -118 -104 395 635 -251 -38 -131 -508 -182 -205 -600 154 109 -427 358 -796 -351 -235 -224 454 -331 -435 174 -151 -206 72 -1280 -218 227 404 73 -243 103 -136 587 297 264 -473 -755 -253 393 -237 335 -200 298 -109 1024 831 486 33 -399 80 538 557 487 137 -124 260 691 305 202 217 128 -170 -519 641 -289 -453 -196 257 -848 -556 -273 299 -594 427 -430 -198 -242 43 75 490 -804 44 -116 185 -544 373 -217 137 43 -206 -70 355 297 -166 -190 -357 251 535 508 68 358 342 274 -332 658 -475 265 13 40 -379 -604 260 -313 528 ]
[349 436 -157 -286 -483 -285 -189 429 -110 70 159 -195 214 -1110 -421 -110 -350 463 -298 4 46 246 -25 486 -115 262 -57 -641 819 126 -693 -109 37 191 165 -284 -439 191 204 237 509 97 116 278 8 147 537 851 -317 -799 -443 413 149 -655 -307 -252 -4 -1008 580 -7 -401 364 933 -251 325 -185 -9 373 316 213 670 -243 -204 347 -108 49 216 233 123 -254 -191 -844 464 563 885 -162 -120 191 -3 -124 -178 -956 271 429 120 269 144 754 80 58 -175 774 99 274 -136 111 -217 -266 -636 137 -910 -741 -20 -110 -321 177 208 -630 -1080 620 ]
[270 241 -552 204 487 -780 12 -125 667 -259 -453 428 796 -300 730 68 7 472 23 1041 239 182 154 608 -270 535 201 0 429 252 286 201 -450 243 -136 176 -29 239 -575 529 -88 -175 23 563 -703 455 -112 -5 -332 423 -316 254 725 459 -219 -9 201 -627 224 524 -344 -561 470 -771 -22 76 -98 458 193 34 -943 -332 -595 -456 929 241 354 -72 646 -487 391 -642 507 -175 -281 -36 1131 -453 -147 -9 -546 -105 349 370 228 -1061 -73 280 -113 287 394 -74 -542 -760 90 -798 33 -659 364 -541 -702 -187 -352 -371 -186 345 359 -439 -129 386 ]
[-247 183 -566 -320 -746 405 255 -70 49 4 -164 -440 -121 -371 309 -715 -25 539 223 -155 122 -141 -313 732 -382 -492 209 -211 -335 899 -393 -163 -492 469 -187 543 267 -540 -11 -81 343 -860 -213 -487 -144 -112 -410 -648 -131 609 -173 413 190 778 -73 98 952 -330 293 -318 320 -177 1138 -268 -5 -220 257 -15 -139 -41 -1156 -286 -878 451 -9 -53 -358 -76 144 -551 -100 -378 -401 -106 56 -345 -4 -884 161 414 -881 369 483 -189 245 -741 -157 562 374 22 809 -341 757 152 342 -362 -494 -661 1057 376 -35 -351 13 64 96 159 561 -904 -627 322 ]
[195 -223 508 -260 -470 498 -598 -99 -647 725 1063 -276 83 -212 556 201 -761 129 -247 -480 472 253 324 -410 -2 -1 67 144 735 203 268 -202 -247 -237 602 1511 -398 261 -155 -453 169 617 1082 573 -37 177 376 431 258 -272 -836 -918 -555 -158 307 -643 -155 -429 -963 -1086 761 -205 200 539 1080 -669 162 -71 763 -43 20 -244 136 601 -539 354 -561 -95 244 -62 -502 -252 69 -147 706 -481 -28 664 77 139 512 -223 947 270 -81 513 -748 -115 -94 -571 -331 88 432 154 -523 897 -514 -90 -43 196 -491 73 95 308 231 -83 -71 -658 -415 -506 ]
[151 -246 351 -444 217 107 315 -555 453 592 915 -825 -264 63 493 -120 -734 158 -677 202 -145 790 218 -581 -55 -342 -429 278 -275 445 390 -214 94 -68 -204 -188 -741 385 460 -321 372 363 273 117 478 73 466 -93 -588 -350 149 -522 -721 590 -194 -235 573 -460 -824 -1242 898 895 -194 186 12 -954 -320 166 758 -496 243 254 31 359 39 117 -58 147 455 42 -286 134 -557 -420 492 -612 -291 -427 -193 698 764 136 898 288 250 318 258 -282 521 67 -487 586 56 705 -475 449 -695 -332 222 -374 -5 22 -77 87 79 -287 204 -326 -183 -712 ]
[-56 126 -418 -452 -1078 272 -435 309 -294 341 -485 99 638 -36 174 -631 -672 375 -506 -205 -303 48 895 -60 46 -550 265 351 649 786 -855 518 -183 -337 671 621 693 90 -375 -309 211 277 359 -95 -306 344 423 46 25 -577 97 -160 126 -533 0 -200 618 -413 796 -372 789 69 107 537 710 -536 806 -288 -246 -242 -66 -501 113 251 -811 -157 -142 -726 -85 437 -861 -289 283 132 818 124 -293 194 -234 -702 -384 -6 -323 -460 -40 104 212 300 156 -248 -359 350 593 -369 -496 483 -633 118 -13 52 -688 338 -435 60 381 431 -62 -232 -318 -358 ]
[-318 542 -724 -665 706 433 -39 -520 716 214 524 -495 146 405 -185 -509 559 358 604 839 103 -896 -775 -82 187 26 -8 -94 -176 -148 210 -515 317 475 -406 196 -212 -170 -1107 86 88 223 -151 139 -349 -20 -549 133 -499 235 -304 727 -126 523 174 -308 174 -569 422 367 -581 -192 828 -1115 -530 515 -704 699 -568 -191 -4 307 -547 497 345 50 -55 -467 140 -841 881 28 -424 464 -153 744 366 -404 -161 240 -33 -199 422 -69 -83 -1272 34 318 63 -231 736 103 451 -250 -228 -168 -176 -337 -588 280 -690 -250 -367 274 -800 -225 312 -81 -279 743 ]
[128 76 1103 -511 -220 211 -245 307 -888 -24 -135 387 -465 -876 -92 559 -128 22 363 -414 1110 -342 -283 738 55 1037 336 -474 240 -125 -353 -233 -60 264 271 85 77 -565 62 -156 -191 -515 65 359 -41 6 -322 353 -57 410 -649 -621 -735 -1277 640 911 -425 -217 -451 -644 -276 -609 592 77 -59 1085 -72 279 713 -22 755 -603 486 -594 -324 916 159 728 -547 -71 -466 -206 -319 -18 -591 -650 -248 452 679 -581 -402 -595 -68 -32 131 579 -319 152 78 429 401 -57 -25 -371 217 118 -333 -288 -133 -7 395 -575 415 -112 -572 -443 -250 -776 -1085 350 ]
[-173 278 -12 67 -940 145 281 -286 -821 -145 -707 771 -633 -647 -420 -525 -664 330 -415 195 544 516 29 174 50 30 21 -547 -570 398 -536 230 259 -223 483 -745 441 -753 1230 47 422 -429 -574 -91 -367 -343 -99 220 -691 -59 766 -288 -604 -592 -33 571 87 52 123 -422 -92 837 617 548 -370 1064 -158 322 207 -207 1298 298 110 432 143 515 435 1108 -33 -150 -401 -105 -75 -738 141 -384 -785 -335 -216 227 273 29 -213 67 467 1209 153 -119 498 676 -330 1 276 1341 10 201 -1132 34 -328 39 277 194 -256 -80 118 118 508 -309 -508 59 ]
[-299 891 -903 -967 -673 415 -344 -258 -328 -293 -898 -37 485 -166 436 -1043 -667 453 -140 762 1062 9 19 88 -335 74 -103 -287 1134 845 -470 28 -250 150 232 62 529 -191 -630 428 252 384 -2 82 -245 -186 331 -271 -687 -981 381 881 673 153 -211 309 579 -380 645 -258 -138 187 1723 142 183 569 4 884 -75 -246 163 -429 -683 803 126 208 216 -344 718 -273 -314 -244 43 -769 145 162 -306 -520 219 352 -526 -658 438 -817 266 187 -338 -253 675 -319 486 -83 1246 -258 97 121 -763 -522 303 -56 -755 -307 -496 -263 -46 -545 358 30 -986 652 ]
[-530 181 778 -426 -603 474 48 387 -129 270 125 303 -162 -734 80 -78 -402 88 -85 -186 87 173 -879 1110 -177 953 87 -129 -2 568 255 59 -748 650 6 231 234 -48 512 -443 -248 -539 138 254 -105 -715 -855 565 -34 482 -1524 -913 320 -71 16 -51 303 -1238 -78 -215 392 -166 289 -517 136 -59 -710 107 1142 266 -252 -286 -572 -514 129 226 -331 832 -375 -410 -107 -25 26 277 89 -501 358 -852 88 325 -410 -145 36 653 -205 -148 -239 342 40 391 336 556 -1202 441 384 -683 -466 -595 44 -172 -485 -712 228 233 -472 195 -90 -1605 16 247 ]
[-372 -483 430 -585 940 795 -345 572 -589 479 223 122 240 425 -116 -45 -412 -441 725 -916 821 -1139 -795 192 353 968 50 -381 -245 -251 -224 -629 -176 529 -290 626 -282 -498 114 -590 -536 385 -328 583 -9 -738 -543 631 419 397 -123 214 -164 -142 542 313 154 670 5 -473 -482 -750 181 -756 267 1387 -508 -51 -502 888 -161 -110 -44 -377 -1033 -74 -733 -546 -992 573 -69 148 -318 17 -821 327 -182 -148 102 -72 -364 38 57 -166 -423 734 -621 250 -41 -247 -278 126 -546 16 675 130 1253 318 -345 -754 709 -840 248 327 -48 -745 -1282 -2 56 736 ]
[-86 78 -407 446 777 -101 27 805 -247 43 572 -221 -877 437 -288 153 160 183 161 -124 -187 -810 -1128 362 482 -767 609 -301 -1037 -247 -851 -119 -101 600 -413 169 -482 -1225 134 206 -475 -135 -487 -163 349 445 -21 -227 286 311 -467 562 -511 61 534 -79 -49 594 -146 221 -381 -954 25 -184 -197 -347 32 -432 -1026 543 -630 32 -1 111 -64 396 -327 -504 -189 -31 132 -244 24 329 330 34 -732 -532 -504 175 -297 728 41 97 -62 -664 390 712 77 -470 -25 -148 351 660 156 374 1205 -64 -61 498 896 -136 410 163 -70 81 307 220 -51 608 ]
[440 -73 145 677 348 -791 99 473 -206 106 -851 941 -258 -85 -130 726 -770 406 -217 -349 703 449 -888 208 220 614 400 278 -297 285 -275 722 -402 -238 204 -145 144 -2 668 466 -377 316 -519 1105 -68 -444 233 309 686 321 914 -73 300 -60 563 606 -35 258 -457 -348 -667 -11 330 -81 110 1059 -415 332 798 791 -409 337 183 -419 -83 -683 137 506 -549 216 -543 115 129 -989 273 -131 558 154 -808 -284 -27 391 -241 66 128 435 295 231 -106 138 -222 45 -672 -56 487 -632 834 47 174 -1103 548 -80 -159 -108 226 -55 -656 97 32 1042 ]
[-68 77 116 -1453 -214 547 49 -224 -367 -7 162 -503 -110 -670 1076 43 -298 82 166 -111 70 -105 -14 -228 -147 193 -60 -371 -257 -67 177 -769 265 690 -277 -254 -420 584 -365 -283 -94 -526 130 49 777 103 -64 -4 -451 -189 -225 -467 74 281 197 -379 660 -215 -716 -338 196 -431 766 694 168 -609 -246 189 174 -958 -211 -587 493 91 -28 1153 -84 494 -16 -769 131 -579 -9 -122 -759 -835 -263 -92 1070 359 -512 -635 980 166 143 -21 -339 259 639 259 379 -124 210 -222 262 5 -1296 -1169 407 -462 672 -426 642 297 -152 -902 -136 -614 -774 -435 ]
[575 -250 -261 451 1202 -490 -373 237 278 -187 -157 385 364 339 530 266 -376 -123 -205 831 59 230 73 -175 215 832 -313 -617 -360 -487 771 -355 -257 401 -203 208 -570 -239 439 710 -119 -462 -146 -26 368 964 -193 354 -500 -36 394 -60 -229 -223 -721 -14 245 -337 -169 -164 -703 -983 -439 52 194 -199 32 599 254 350 -469 -373 145 -977 459 1001 822 -71 702 242 636 -566 245 -743 -875 47 327 150 227 288 -365 -213 766 615 862 -254 -342 443 -226 147 -944 -693 -1024 -107 184 70 710 -51 641 -1192 2 -547 851 -649 543 -146 -44 -228 226 -317 ]
[-721 -269 225 310 -272 -554 1276 221 634 373 846 -590 -841 -565 -657 -24 192 175 532 -359 -111 -474 89 638 -226 -562 84 -93 -666 551 -853 -718 40 472 -742 -525 116 -234 945 160 447 -571 -762 -130 60 -128 420 -688 140 1184 -404 388 -839 335 88 330 -162 -79 116 0 -339 484 190 -1130 -661 -99 75 417 -183 578 -411 -136 -460 91 -465 199 -691 393 -160 186 384 -205 -804 334 500 -552 -512 -675 -67 622 248 864 -123 284 -506 -320 272 462 495 68 709 143 -147 375 -225 218 375 -251 343 535 477 163 -280 -188 -876 -68 52 -250 -817 560 ]
[-292 460 -62 361 -808 463 -325 -689 -376 -534 65 176 -616 -545 -515 -147 260 551 90 451 396 487 -31 -214 63 82 -329 -268 -91 -692 305 -99 237 232 -12 231 125 -649 330 134 548 -263 185 -973 -574 -162 -281 -138 -120 841 -744 -197 -1033 -1303 126 -446 -790 -749 384 89 -298 -55 256 58 -81 -2 364 864 93 175 479 426 -348 21 304 1087 -68 693 1026 -236 852 -196 193 71 114 -573 507 -173 18 574 311 -150 331 123 548 -18 -913 145 73 135 -288 -706 420 367 -121 -141 165 64 587 958 -739 391 609 105 103 232 1217 -821 -547 -539 ]
[-129 -823 759 -139 793 766 667 -358 1128 -24 863 -1165 -204 645 -746 297 290 -631 819 -419 -28 -477 -513 -499 -290 583 -812 704 -346 -314 52 -626 120 581 -391 -26 432 -360 -130 201 213 -635 -583 -501 463 -461 -619 -826 -398 223 1019 253 -506 696 -778 127 523 -448 -273 -411 -353 93 -34 -88 -885 489 24 431 318 419 536 -196 -587 209 -294 64 -36 286 51 725 -3 1256 -1202 -164 -331 450 -516 610 -135 587 229 578 -378 -116 -321 -1071 -19 -514 293 -106 -104 -845 -825 30 -243 212 -288 376 648 -377 192 -223 69 -555 -1109 -852 -472 309 -704 -465 ]
[191 -286 667 -1215 464 -92 -93 308 -303 413 321 -1282 -744 317 -344 961 -299 -149 796 -326 98 -490 -1079 -334 628 -56 310 816 -817 -329 -540 -93 693 -45 32 127 -519 -195 -68 48 -575 937 -183 211 531 585 43 136 272 700 -32 303 -948 -932 1277 -266 -195 288 -114 -1096 -63 -115 91 156 359 -99 -209 186 211 676 -63 -1023 180 -529 -1137 -134 -558 594 -768 685 -6 247 -801 -37 92 458 -711 721 -470 203 408 475 -42 297 -207 -955 -164 549 556 -949 308 -107 458 -505 -15 601 744 235 -556 -75 663 126 421 771 112 -651 -815 -402 -725 165 ]
[-1147 -48 -191 938 -649 1513 -254 -152 30 342 559 128 5 231 -1026 -698 343 514 747 -482 475 -709 -436 -81 61 170 -351 -435 -186 -596 -431 -674 -113 412 -982 609 297 -644 444 -589 745 -867 140 -308 -602 -846 -1559 178 -338 730 -806 119 -560 -284 -313 -358 323 -1000 489 427 67 -138 448 -1286 -400 699 301 430 -967 917 235 1220 -651 693 -95 -433 -471 -528 -318 -234 835 171 -451 381 -92 -115 87 1 -337 9 -651 -104 28 356 125 258 -700 268 -71 -309 -491 -241 -640 943 25 55 -322 430 -59 754 -916 -320 -74 184 -532 193 64 -697 -311 95 ]
[523 349 637 -85 41 413 -214 710 -327 -64 560 -570 -117 -88 82 -116 -142 335 -392 -1204 668 -422 -557 617 -187 4 -165 36 638 289 -926 -60 -358 620 -213 90 -286 156 -521 -549 221 678 269 105 293 -930 900 -243 1153 460 -615 -295 53 278 296 185 -92 -112 -219 -1265 -192 -574 949 -310 694 577 -5 364 102 111 -63 -89 -15 -59 -982 399 -191 -182 57 233 -950 0 189 524 1027 -714 233 -518 173 87 -474 -71 433 -514 -685 -193 101 1213 386 -230 -132 489 292 -8 609 273 860 -21 865 153 423 -860 202 435 -164 -383 121 -483 -599 568 ]
[266 516 214 322 397 -457 -478 -530 -24 186 -159 -380 70 974 570 276 233 74 -413 673 445 715 818 -599 101 -1344 -428 1367 489 -457 -427 485 413 -1021 -258 -559 -498 902 -578 573 -10 1345 939 818 23 249 1142 -221 -522 -493 23 -168 351 -140 899 138 -215 919 -547 -260 619 419 -323 709 552 -347 277 50 -393 -606 627 303 1196 -87 207 334 333 -167 361 -11 -262 344 221 -651 613 120 40 508 -210 14 438 334 426 -89 257 486 164 -821 701 -1287 61 105 362 -985 -453 899 -15 365 -714 -222 -20 1329 -455 712 -60 -440 378 363 495 -907 ]
[238 354 30 -905 -19 -5 -309 -394 -553 915 992 -707 -85 -964 270 -881 -1008 -401 283 442 69 -315 -425 369 -138 688 200 -645 -524 331 -127 -733 253 658 374 -7 -909 273 273 -145 573 809 -260 184 -640 -183 -307 691 -262 1241 470 -135 -3 -19 296 -258 550 -404 72 -1174 -356 116 1826 -503 764 885 -896 614 121 270 -469 -1096 -1003 -87 -429 418 -515 739 -126 -648 296 -894 -340 -186 274 226 107 -429 -330 693 161 -146 1106 782 -19 -339 -991 914 429 520 -141 -7 558 1280 308 226 -324 327 27 -980 -289 -1051 82 483 597 -362 -343 -876 -545 1125 ]
[542 37 -755 -614 -21 -471 -361 427 -35 280 -104 -276 862 -520 1031 -569 -453 1048 127 401 -16 219 889 348 149 -571 360 -108 374 665 -563 -17 -188 103 -244 616 -457 -18 179 554 267 -123 613 825 119 1042 219 83 -773 -1407 -264 593 1084 650 -99 34 1272 -595 202 564 974 -426 793 -517 24 -1172 248 -358 -325 -247 -1239 -563 -440 389 646 311 292 -792 456 -405 -418 -850 96 -116 200 112 -273 -428 187 -541 -391 139 1144 -262 88 276 -164 339 490 -421 654 201 316 -316 -128 222 -201 -808 -843 -778 -422 237 35 -139 -74 -41 -58 -965 -671 34 ]
[-253 307 829 -1177 -737 674 172 -335 -727 699 732 -490 378 -703 724 -508 -124 -120 109 -820 779 -181 -386 -176 235 462 162 29 438 186 827 -195 35 662 -123 -365 -735 740 -137 -633 208 362 590 500 480 -803 -159 -413 28 -6 -113 -557 671 916 -315 139 -23 -84 -1159 -526 875 430 1139 426 288 34 -1241 211 886 -930 -88 -403 -340 249 -22 207 45 880 -99 -614 -698 324 -362 94 453 -999 129 233 348 416 -430 -611 328 -236 -1125 23 -446 -161 656 569 571 496 337 411 640 -40 -922 -121 515 -452 173 -525 338 404 108 -695 -671 -195 -843 303 ]
[-791 490 -240 -286 -521 1184 -62 540 -680 250 -1236 716 -465 859 -466 -576 43 620 320 -609 667 -367 -1125 -353 1094 -398 704 -461 -961 361 -712 78 712 96 -163 -152 483 -1225 646 -757 -17 189 -513 -4 446 -567 -707 -891 413 -882 753 421 -615 -1206 -117 578 673 358 415 5 462 29 -42 379 -758 616 -133 7 -239 -121 -359 739 27 293 -420 -1185 334 330 -854 361 -422 847 -1279 -517 -845 272 -319 -396 -736 -467 -794 303 -422 -1580 215 179 185 -151 350 -275 -323 339 940 691 735 -227 267 20 -181 -102 295 -338 511 580 616 163 -381 -183 -216 608 ]
[593 -557 -178 181 427 1120 -707 -159 -527 -338 507 -453 139 525 34 171 -73 228 389 -352 -250 -39 251 -285 204 -269 -435 -39 -532 -785 -1143 -457 1117 -250 22 44 -359 82 109 25 644 449 220 -259 -203 247 -271 225 -58 -354 490 -269 137 428 -355 -688 538 -2 136 110 -160 94 529 179 155 -49 921 -132 -931 -329 666 383 -198 1278 80 103 48 210 -123 -145 68 57 -395 911 -382 461 -198 984 -814 -171 361 291 911 -235 388 -197 -408 991 199 -520 -269 -284 -234 875 -115 759 -1112 149 -748 260 81 -411 -310 715 144 372 369 -448 -538 -451 ]
[-113 52 162 -195 -833 359 -194 47 158 420 -92 574 -667 -467 387 416 -176 780 -315 -716 -420 566 -264 276 7 -308 -224 136 -326 1100 493 -368 -463 -263 -123 105 66 498 647 -212 -204 343 332 -118 433 -895 565 142 585 -13 -1379 -1096 66 142 769 -193 221 183 43 -515 87 489 -308 361 176 -1143 -87 25 945 -152 -299 491 152 304 -35 -180 -894 716 454 -560 84 149 125 36 -333 -565 1240 -953 -27 793 338 -235 699 -164 187 500 58 341 -166 -11 404 227 -431 67 248 -223 -325 -752 646 69 133 -377 -327 816 -181 436 493 -1254 -199 -276 ]
[-530 174 -65 152 358 -428 -81 -54 742 -155 21 -705 970 473 -45 -502 225 -1284 -231 608 314 172 -152 139 8 673 -558 520 610 -787 683 329 -143 627 -364 -347 -322 759 -1048 610 39 819 -181 -27 -7 -575 31 242 -594 77 270 265 242 274 -588 -41 -4 71 151 -388 -302 -347 -311 -554 319 554 -470 331 -10 397 -188 -36 -620 -939 -10 52 -296 -490 364 511 430 536 226 -249 247 570 649 37 84 577 -930 227 -290 23 -459 -35 -496 -591 -159 -156 -413 -369 -673 -661 684 -488 1799 1029 1023 -759 -782 -143 398 -89 449 -600 7 537 817 -404 ]
[16 426 78 -557 5 284 976 4 161 -191 -29 -170 -528 -57 -367 95 -335 39 412 31 -172 713 -1155 -281 157 199 188 -47 -811 -254 -172 103 806 328 39 -640 -503 -458 822 -167 36 472 -694 141 -621 -726 464 601 263 -23 93 528 -12 -289 -379 -617 -1183 395 -339 514 -1073 818 -399 287 -115 137 -931 -31 28 347 1008 397 -160 985 -171 92 -202 1590 -347 227 -106 267 -10 307 484 -160 -233 110 -1044 520 1341 413 -387 -24 -867 -256 470 -283 200 -308 -175 837 -90 843 -81 -541 447 -634 -1296 94 127 286 610 552 -22 245 275 350 -75 265 ]
[-284 -211 -935 -1641 199 543 -281 3 -155 -262 -590 81 73 12 356 -664 -672 100 -294 -193 651 -473 -297 347 -67 300 -582 -77 642 518 -475 -100 -432 108 599 464 718 -1088 -805 269 -816 441 -372 56 -99 59 -3 -245 513 -593 -382 762 1115 318 721 -434 661 -182 1137 895 -487 -310 819 119 222 -141 362 64 -225 -326 -576 -1048 -671 -141 -254 172 -377 -792 -26 260 -448 122 608 482 481 436 -154 -700 -334 130 -193 201 -244 -915 -234 -536 -351 410 580 -725 941 122 354 -388 -298 -152 32 -647 59 -159 -339 19 -50 229 -77 147 -86 -313 -1439 902 ]
[-840 -120 -211 -984 403 212 184 -346 -219 -162 746 -54 374 -4 566 55 246 -635 -96 67 -326 -150 -39 -393 -486 -345 93 103 428 -768 -349 -346 1038 517 419 832 -370 559 -1042 -381 -445 707 165 163 -105 -468 413 -83 -18 -410 -317 102 -424 654 -99 -1332 -416 539 -203 155 93 -540 -613 999 359 -234 114 -484 -468 -435 148 -180 121 348 -127 880 -200 173 548 -252 212 -306 607 284 173 -250 -54 330 511 482 -234 -27 -168 -150 -547 -537 -126 -533 111 -256 -488 459 1176 -519 -303 -123 242 -49 -643 650 388 230 106 98 -55 -404 324 564 -315 -963 ]
[363 -238 808 276 1006 59 -280 98 -494 -309 13 841 429 -128 241 517 -326 -650 -34 -289 385 215 54 214 -132 600 -498 507 119 -464 157 239 -995 798 -40 83 -534 -235 452 557 -311 52 353 -564 -339 113 -209 -655 115 737 -544 -129 730 -6 -684 -37 -274 123 -114 563 74 -401 -195 774 321 -542 489 -495 676 229 -619 -327 -749 -963 670 1445 -79 964 1035 -88 450 -222 595 655 55 -145 800 -190 -11 831 -543 2 -38 739 -341 -909 -448 -86 -56 -24 -43 95 -1216 -206 271 90 1002 -60 954 -29 -204 -303 -68 -148 157 446 471 -419 546 -505 ]
[-708 -374 -458 268 -60 -118 677 140 656 -642 -174 -192 431 -1069 -173 -83 -1000 -447 -952 -367 -439 626 427 -49 -816 199 -971 -343 629 48 -269 93 -378 565 -1000 -458 413 -112 11 90 -33 -895 -401 -633 658 -452 439 177 -538 -392 -785 670 -272 496 -651 -251 54 -1172 639 -46 78 403 -845 -934 -546 -763 395 -398 567 613 371 544 -457 -89 -115 57 -153 -436 685 259 526 -549 449 279 258 -1042 -40 -1204 758 671 -287 -531 -501 313 -173 854 629 -443 219 545 -351 760 -507 -21 104 -211 985 -561 834 822 -411 94 -342 -760 -521 -114 719 -675 -454 -711 ]
[293 469 -508 16 219 -749 -513 347 -670 -737 -738 308 -231 -782 263 325 -157 30 605 615 -129 -568 -730 77 -70 -255 1155 -486 -709 -223 -542 685 301 233 -255 -909 -40 -678 333 179 -309 44 -364 138 120 742 -406 -252 -693 -131 469 796 24 -785 715 464 88 488 -78 717 -312 -724 421 -448 -1182 196 395 -874 -199 37 -987 -299 -131 -257 688 -399 578 -153 -569 -470 226 -826 -482 -652 -719 64 -350 -95 -27 -1448 -567 220 -492 -450 -25 -629 404 -114 -352 315 1078 -332 861 214 500 -273 295 -422 -681 202 388 93 -317 -288 -140 -152 563 -202 -92 804 ]
[194 -76 -117 -1089 330 253 -277 -61 597 -128 473 -823 36 -81 71 579 329 29 360 558 -721 0 -384 233 -602 44 -288 -9 471 -390 668 -169 -329 -156 -400 -492 -877 468 -122 -254 477 -66 296 -474 -147 -128 277 501 -667 -494 -1304 294 545 573 208 -269 -757 -127 314 277 -735 767 -63 -235 441 -825 175 -227 -17 -237 690 -122 75 493 550 306 211 -378 -123 -44 651 -29 563 703 -102 -215 456 669 448 83 759 -929 598 148 -85 -50 44 563 -222 -500 779 794 -587 -741 -634 50 -400 -799 -748 406 -769 -710 -642 444 -913 36 945 224 -149 -148 ]
[282 -382 431 380 54 768 10 -384 311 227 827 -413 1726 1378 790 281 191 -41 -159 -573 -386 90 409 -1332 27 -390 142 359 203 848 1236 -87 117 -320 72 1221 -227 623 -166 -227 -287 628 556 -14 -6 -71 693 -264 123 -127 355 51 -184 2024 -891 -769 -472 981 -772 -673 584 374 -667 -68 -60 -504 -399 236 39 -275 -356 561 -102 1033 -245 -427 -161 -358 816 299 -327 409 -563 -173 197 -413 477 33 -470 454 796 477 442 -806 -851 -858 422 -48 -378 -134 -59 -379 -106 301 80 596 -426 751 689 461 226 184 -916 26 283 -66 72 697 37 -551 ]
[-1042 -560 363 -426 -485 1214 4 196 -876 -937 86 -245 -284 -131 237 191 -867 -108 555 -486 465 8 -371 -275 282 865 -781 8 121 -417 385 -195 -292 342 80 36 595 644 259 -903 -617 203 520 288 596 -693 -298 681 530 -69 -1043 -827 143 -879 245 -1039 -631 -435 -690 -238 -372 -917 -538 807 779 -355 1012 250 103 305 293 -609 437 -231 -812 368 -283 106 -225 719 -340 116 355 -141 -404 -741 -144 743 431 -181 148 -398 113 -399 65 531 -754 -279 142 -804 -406 -468 -1496 -749 596 -68 -176 -1112 166 -35 276 -252 877 -226 -16 -733 -572 -474 231 -1160 ]
[-640 -320 -373 560 -786 485 76 246 306 212 104 290 -940 380 -550 -524 400 -704 196 60 -411 -263 -242 16 -170 -301 -490 53 140 55 908 -185 -620 -381 226 493 1013 600 -381 484 339 -132 -399 -12 512 -909 -623 -746 790 -933 498 -543 684 605 61 -87 703 76 -149 -85 -1170 -414 24 954 222 4 416 -479 126 275 -294 458 -363 941 617 -74 -1162 196 -10 -835 526 948 572 -1018 -545 455 291 450 236 602 -211 316 399 277 -269 1089 -972 -858 67 -538 235 -1096 -652 94 51 -52 -349 117 919 -399 -642 -18 -142 199 -264 -120 170 471 1033 -148 ]
[173 -253 -102 243 441 426 145 397 -559 541 -662 802 -241 675 1007 -355 -1184 -619 -315 -433 192 287 -380 -82 -92 52 -324 -114 63 670 498 234 -228 -307 -167 12 -198 -420 63 -97 -1065 1284 -60 -20 86 -118 -346 -429 635 330 610 -319 777 915 -233 270 265 1006 -812 -752 -99 457 -1085 909 851 234 -410 -852 400 311 -238 -445 -179 -281 -342 -1137 -217 600 1 105 -687 419 -27 -990 -483 104 506 136 -683 92 -836 176 -835 458 -57 50 414 -576 145 -70 -519 120 79 631 711 95 636 108 1100 -637 853 -214 310 276 1400 495 -535 12 134 26 ]
[-131 765 -169 -515 -357 307 -986 92 154 -587 -97 433 445 -425 18 -163 19 471 66 831 555 -224 -791 -18 -499 860 -756 188 655 -708 379 193 -176 532 -718 -545 -322 1002 -1078 842 -859 692 381 -384 -480 -678 -578 1128 251 372 -638 279 861 433 463 -189 -616 -412 429 489 -1218 -561 383 -519 0 927 128 317 -552 392 694 495 -547 -235 1114 1159 -53 -115 1127 -1314 887 -85 1157 466 233 -44 1165 501 23 -311 -831 -989 -77 532 -679 -2 254 474 -179 285 403 302 -831 -1298 370 -652 371 -354 -67 334 -382 -474 -251 -505 -588 -458 238 800 16 540 ]
[805 -122 561 -425 -394 -426 968 362 -671 -656 -1515 590 462 -731 -90 988 -15 -66 412 -150 1027 275 796 930 -653 1373 457 -959 1499 -240 -852 -192 -321 -188 749 61 616 -308 19 445 305 -919 -176 115 -612 531 123 -429 395 188 475 800 836 18 -490 31 -512 -122 137 505 -489 452 1789 494 775 1309 79 676 831 58 338 -1066 -121 -190 307 342 401 1229 -263 415 -52 -708 620 -210 -644 -67 -405 612 1274 364 -72 -968 11 600 626 116 -518 806 137 248 824 -585 648 -226 184 -58 -643 -80 430 563 462 -591 -229 -112 327 -383 35 -73 -1065 1069 ]
[516 -781 -280 -616 94 520 -26 -349 447 234 -624 318 874 435 295 -459 297 414 406 -343 -284 -304 1019 -649 -358 -35 -178 -459 -488 66 150 -623 842 -776 639 1644 740 -530 358 -353 -201 -393 -170 -238 -814 737 -415 24 739 150 1043 587 -628 478 65 -343 964 830 776 529 -289 -901 -1041 -197 -475 384 953 -888 -833 -327 -818 -53 -265 376 -406 127 -83 -846 -397 628 -111 -182 -261 365 -1132 759 137 -191 -141 -1002 62 1332 -241 -542 -158 -333 138 69 -193 -49 85 -520 59 121 -575 100 -450 343 -689 140 120 649 170 267 311 434 -64 37 -439 -249 ]
[575 -84 60 -1011 -378 -735 -137 603 -182 -98 -374 847 372 -647 689 868 -1137 -155 -488 820 -25 205 153 428 -255 423 1186 3 495 550 -247 724 -482 -418 792 525 -155 1161 -774 -216 -16 374 34 1320 -462 651 -300 687 -636 -831 -527 -945 140 -101 36 -389 51 -788 -921 -707 668 546 280 211 590 -253 -224 -80 893 -213 -257 115 -134 494 582 -1078 -431 293 -329 -372 -176 -625 548 -380 -101 -29 238 495 159 -1323 -311 -1057 615 671 47 391 -31 -156 131 -255 -82 1030 16 -506 -367 -615 -1269 -832 -785 -306 -579 -138 -1022 -188 526 52 -34 -321 174 -384 ]
[-252 -311 248 689 -638 211 -220 780 -685 -183 1273 5 -186 -764 659 106 367 -485 -10 -916 -241 265 -152 543 202 -285 382 -569 791 -641 -167 235 94 716 -250 -423 -594 67 239 -238 -269 -471 390 612 772 400 109 55 598 -1205 -1133 -577 922 -403 -580 20 -84 -480 -978 1334 85 -409 -9 84 -35 -1807 -413 -378 412 -367 -661 -437 -149 542 111 -273 -1066 442 -492 -543 -1053 -538 302 864 73 -1168 -242 498 -797 -122 -956 -32 456 344 -586 -251 -876 -17 10 632 7 385 -775 1178 546 -679 -726 -1014 455 -244 -142 -850 1095 -240 -197 642 -509 -829 -506 62 ]
[-374 64 291 -542 1219 -778 491 -321 -470 618 -539 994 -40 96 363 285 -442 -414 433 564 737 152 170 415 -239 518 -36 111 453 -78 -1050 -677 -226 410 318 -110 -133 -195 454 333 -598 786 -285 292 -866 602 -345 -687 65 758 -64 498 427 -515 249 170 692 702 316 812 -275 6 474 585 325 205 -39 396 -198 230 -456 -1105 -634 -711 162 452 -1346 1005 -127 531 117 -48 650 -512 -1099 347 198 -1007 -379 1592 -567 140 10 1175 323 -621 -784 -563 704 -38 -635 -172 -479 741 -198 170 8 -353 386 -629 357 -497 -318 707 265 -41 -60 -261 -414 450 ]
[-27 517 -409 -183 -696 152 -639 -432 -512 -837 -1440 1574 861 -1055 599 -927 178 17 -342 208 60 312 606 387 -91 469 -228 -466 -150 -100 -194 634 -125 358 60 4 905 -181 -75 -223 -137 -717 21 -352 -413 -897 -316 302 -576 -383 528 233 439 203 61 640 1137 154 780 371 378 -331 529 -618 -320 1089 -704 271 77 -678 -426 516 -381 -658 656 163 -105 -336 550 -256 100 -665 524 -59 -1034 299 516 -1602 489 -446 -1014 -34 -285 -501 674 1284 -443 -419 348 1623 -317 -534 233 356 1210 -1251 -63 687 371 -460 180 372 22 -270 696 -204 6 -574 1221 -157 ]
[-418 105 -446 -1012 -613 108 -58 -424 225 -611 -161 -254 -521 -921 -426 -529 67 657 719 111 255 -257 -302 -176 138 292 -91 534 -137 45 208 214 -14 603 204 131 609 -656 -864 668 746 -681 -209 -695 -10 -756 -273 -230 -632 -200 -565 385 -831 -750 -79 1047 -487 -1083 599 490 45 77 620 -379 -827 531 -336 935 919 -472 366 302 -503 459 -347 510 45 167 643 -192 343 732 -364 553 -270 330 393 -592 982 478 182 -597 -349 -1269 -316 -129 -405 -79 53 490 679 -42 887 -843 -22 -519 394 -757 246 673 -787 597 -140 -478 -923 -465 894 -741 -1044 -379 ]
[539 -57 184 381 1359 -321 101 328 356 -413 773 600 261 718 193 -416 316 368 -125 154 10 -469 -571 509 -399 161 231 -451 300 -348 -295 35 -707 620 -67 -166 -462 -290 649 902 50 294 -139 657 -174 427 -182 -20 700 -243 426 184 965 493 -872 -433 172 -131 -476 1457 -1574 -801 97 -335 -291 201 -393 513 -179 312 93 554 73 145 409 383 117 -242 196 -224 -536 24 568 -55 622 -85 -88 -74 37 -658 -172 347 -350 335 -775 -1114 389 1156 -148 -347 -452 -178 -656 748 -242 -649 351 71 -483 -317 106 -690 387 -541 -249 -16 93 -143 -39 927 ]
[-1250 257 -633 333 -121 189 93 -789 190 86 -206 134 245 57 -31 -347 138 -354 -306 172 117 387 70 -1371 268 89 -835 -96 -252 -517 305 -489 338 -849 -460 -845 204 414 158 -285 -40 209 218 -534 167 -493 -44 154 -61 -74 167 131 359 217 -327 15 -562 358 347 537 -538 934 -440 59 -32 -398 515 216 -536 -642 929 538 409 313 529 -775 750 -356 -30 246 324 372 -470 -30 -232 -681 303 1405 -602 30 713 -753 -440 -1080 294 955 610 -895 52 384 -372 425 -294 -820 -220 -33 -1116 260 -111 -78 -33 388 -74 -697 279 279 -525 1558 16 -75 ]
[-941 -586 649 393 550 1043 -336 -217 369 -500 418 -192 -283 742 33 -423 250 -336 380 -89 -137 -240 210 -983 155 598 -1022 -147 -235 -1037 245 -280 1066 315 -1200 -285 214 -35 -532 -831 -808 746 174 -644 67 -553 -1007 26 53 -116 -844 -411 -967 -527 83 376 -176 -574 -84 615 80 72 -1509 -1056 -1165 172 10 -45 -598 -308 602 435 299 -724 28 21 134 -234 32 584 588 781 -926 618 -1302 5 164 75 -203 -588 476 -36 -382 -802 70 917 195 -1079 -245 275 -690 590 -792 74 293 131 401 69 -436 109 448 499 665 -533 -234 79 -607 747 552 -860 ]
[-69 660 -441 1158 454 10 -529 -192 -803 -776 -445 760 -260 -132 -435 541 787 -272 -611 433 33 53 279 -21 -376 -172 -359 -698 228 -935 -971 -153 1090 119 -6 -617 -151 -209 457 -336 303 -327 -233 -378 66 336 407 353 294 268 -619 306 -341 -1457 -140 381 -612 -264 1164 823 -571 129 125 -15 -166 214 589 502 -474 -13 863 154 357 -68 -267 338 982 334 -287 -39 109 -1242 280 539 -976 -620 -74 -6 -932 -345 -637 -544 104 600 978 -478 -194 -369 202 545 -706 -146 -215 642 -8 205 -1017 -303 212 112 -434 -294 14 -112 -616 680 437 190 -597 32 ]
[150 -312 475 -555 -406 196 257 622 215 91 296 -601 -65 168 1325 -394 -791 -25 -159 391 -956 602 802 671 -832 47 395 423 871 571 407 409 -1094 -455 180 181 304 994 -791 -194 -11 -240 377 -422 -846 -68 467 -814 89 209 -328 -667 928 1117 -47 55 288 -141 -756 -819 226 50 147 735 1069 -805 820 -759 318 -626 -428 -903 -88 573 430 392 -773 -521 15 116 -149 -472 464 366 157 -1022 81 -212 584 439 299 216 508 258 -105 374 34 656 432 392 674 696 -297 -721 -345 -271 -614 -638 931 604 -131 -228 -576 -198 95 -247 310 -190 83 -495 ]
[-718 516 -30 -581 -968 1108 518 -295 -335 -102 422 -591 -151 -381 73 -496 113 -18 661 504 -618 19 -262 -471 32 -276 579 664 -116 152 18 504 373 331 95 78 -297 820 -1051 -587 251 875 598 -432 -823 -283 -457 -15 241 -104 -312 -483 92 -112 -99 -977 750 -655 -272 30 1110 238 285 277 274 -210 53 -824 4 -723 -155 271 -808 988 189 -481 -1149 -577 -134 -1171 -234 -73 -693 1006 263 179 146 -152 -649 -803 -279 338 -621 234 -601 -527 64 -1071 -2 236 327 119 696 67 -82 -803 -1112 -978 57 303 -1016 -247 39 437 -387 258 -436 276 1114 -295 ]
[183 127 553 1235 443 201 211 424 807 -162 910 304 -439 285 -1054 179 279 -12 -41 999 -769 -448 -353 -670 261 205 -216 304 -686 -746 -55 -194 -355 99 -477 -695 -512 -176 859 627 315 -382 97 475 -421 -453 -307 796 -922 69 -1201 -287 -29 -302 40 -463 -683 -270 -536 953 -237 17 123 -421 -1160 -54 -227 -281 -413 676 768 1222 209 811 965 969 -255 -534 92 -295 448 75 103 306 178 -303 -446 -668 -513 -438 1268 225 -11 1038 -442 295 698 -216 -45 -393 323 206 -1491 942 -261 333 -320 303 -1257 226 -185 526 -554 -538 -1597 -575 482 488 472 -210 ]
[217 466 10 308 -318 -455 -614 -1003 -501 1105 -130 775 209 -1461 925 195 -939 736 -1044 777 309 725 1070 249 -448 -123 540 -310 -608 623 -1289 -497 102 577 322 -194 52 15 845 -35 353 -820 -6 573 -397 434 383 -252 -1012 546 702 -499 -438 -754 159 -9 1061 -256 97 146 1487 -36 467 321 32 -466 299 454 -449 -615 -855 -181 363 -765 418 715 836 -68 554 -57 -371 -1243 97 -793 224 -574 453 -933 -329 -873 -714 48 591 -118 1203 -417 244 -49 728 609 -716 -278 218 608 -591 157 -1096 299 -162 -1021 -197 237 -202 -101 258 -361 280 -826 -1001 -114 ]
[-231 -129 -329 -112 643 -1196 832 -928 775 193 -342 -127 1172 113 -335 -33 980 -26 290 538 1 -604 459 21 422 50 687 285 -493 28 750 313 482 -503 210 -289 -309 760 -257 817 -181 -19 -354 330 -327 725 -610 28 -628 571 1144 532 188 941 29 -176 413 1410 249 251 98 582 699 -107 -1073 409 -447 -290 -265 -584 50 349 -419 -298 669 -402 -234 347 -457 -622 459 -166 -478 -425 -279 550 75 98 -200 483 20 -36 -454 257 -248 -190 374 -417 -215 460 1263 -555 657 -455 -57 -273 -467 108 -413 -219 260 216 -1065 79 68 -158 -290 1132 -157 388 ]
[149 -274 1010 -969 1497 -95 105 188 623 49 281 107 199 -671 -187 655 253 -337 1001 548 29 -66 267 795 -177 882 -755 226 452 -477 -516 -757 -378 541 -572 -1151 -813 106 576 215 659 -15 -6 312 -192 -721 -172 -506 -1348 -311 -408 143 573 162 -1041 261 360 -983 58 968 -167 1218 411 -375 -108 -46 98 228 1558 -604 -149 -551 -704 -590 920 258 255 768 72 252 549 206 -708 786 -744 -71 367 150 314 35 9 18 -105 808 180 -357 7 -295 400 566 587 1213 -1047 -549 -318 -272 193 -549 -624 -478 -674 -353 -751 -168 -1192 -381 31 -1054 48 440 ]
[111 -460 -306 -139 794 -961 715 641 213 -531 163 -329 -544 -425 -363 -349 -633 -144 -13 -253 -523 -21 -176 774 -279 -45 188 -318 -840 389 -745 -70 -58 93 -427 -310 61 -963 1132 411 379 -1232 -920 -384 562 1120 82 377 -540 47 608 59 -1143 -105 -303 1083 789 -567 373 -1517 -784 -106 -397 -641 -822 221 -89 -53 778 516 515 -259 156 -570 -710 187 276 -106 -391 185 282 -1217 -925 -464 16 -504 -1496 -531 705 257 -513 507 -558 702 444 385 627 516 341 964 -520 47 555 111 -287 -250 580 -625 -15 -200 752 -515 81 -857 -16 209 -360 -933 251 259 ]
[596 -2 483 -805 -354 787 132 588 -80 -193 -1322 -697 841 -594 -182 555 -485 377 -197 -774 149 1032 376 238 -359 27 52 306 746 80 -1041 225 -162 251 -893 -1306 -470 -454 103 195 667 -1098 6 -863 271 -69 760 228 -396 -794 444 1024 461 -890 -594 1306 99 51 221 48 1175 1448 29 -172 -131 370 -358 -93 630 -322 983 399 648 116 -761 -657 173 59 -584 787 -659 -144 -493 1036 -541 -394 156 -594 258 -736 -1292 -716 -696 -578 771 1117 528 299 691 880 -489 724 -220 -627 881 -986 -30 -225 1241 -365 -14 -673 296 -79 -182 -285 -22 -167 -1609 276 ]
[-798 504 -11 -217 -277 211 -52 864 802 375 382 -249 -562 435 -1 135 342 363 -271 204 -300 -932 -800 1324 -708 -673 776 568 475 598 -295 598 -59 87 175 851 936 876 -379 -290 -140 -49 -134 553 403 -645 898 -194 544 -117 -754 -1106 -271 260 -73 -270 -132 -598 -342 -949 -429 -958 -163 -305 601 -275 -164 285 1313 264 -558 18 378 542 -688 543 -228 -39 -755 -344 -376 182 -296 363 910 111 -412 -32 197 154 278 714 -34 -165 -596 -881 65 633 -239 -864 902 974 -148 -794 -638 -210 -322 -788 -546 240 -588 -415 -401 258 -1476 -382 129 205 325 509 ]
[-81 494 320 -111 11 -582 708 -243 857 442 -449 -1140 -326 -870 477 -925 -476 -356 -319 -310 691 574 -482 1275 -388 247 51 -64 -534 13 -255 122 -789 117 -1222 -790 -380 -216 1176 369 -91 43 -103 93 91 -346 -619 638 -478 1466 -620 70 709 901 -5 1179 530 -198 17 -721 539 44 120 -1425 -424 -570 -693 -971 613 604 -864 351 -1124 -575 223 -743 419 348 -57 23 -41 -366 -889 671 282 -456 -95 -1143 489 318 -578 370 71 185 81 30 1030 -515 30 7 784 1107 187 -147 797 -771 1059 266 -249 -159 191 -418 663 89 802 1 252 -900 320 530 ]
[-93 -231 -1326 106 144 -499 -686 -276 438 608 80 -270 806 207 471 -351 -904 204 -1015 197 -857 480 -106 -386 247 -63 224 -400 -635 116 155 -113 381 -868 -102 257 -805 -166 -300 238 182 492 105 443 -556 906 -242 865 -1086 -471 -332 -507 427 967 804 -880 832 -181 -25 -80 -109 737 396 -92 73 -910 348 -939 6 -497 -464 310 206 619 1083 -872 258 -265 -381 -719 712 -716 227 -486 583 -152 701 698 -970 532 214 157 1241 303 712 490 101 470 -361 -102 447 424 38 517 -541 360 -944 -82 -227 -132 -729 191 -1134 737 896 908 738 -389 -699 306 ]
[179 291 312 -473 -151 525 28 -699 -903 757 557 -522 -120 -830 -726 -614 917 -336 408 -802 -520 -724 913 157 208 -1026 482 -822 140 6 -1219 -1036 614 330 243 548 -86 -488 -865 -171 139 114 118 -104 27 423 -248 -634 19 -605 287 530 -161 -521 907 278 806 202 289 380 600 221 1064 307 -513 186 99 -340 -1004 -506 21 -272 82 453 -40 -174 -510 519 -120 -714 -538 -132 -237 736 -27 596 44 -60 468 -531 -515 -527 978 -773 363 849 -646 -506 667 40 70 -896 1532 744 -8 429 -405 463 -355 -21 -332 -298 414 803 -474 -634 319 -428 -1839 138 ]
[-638 259 -1281 -213 -961 -914 -304 299 738 403 -347 374 288 -134 67 -643 225 4 -39 725 -617 -713 308 842 541 -228 553 -150 360 112 1745 508 -707 -616 523 649 959 326 -371 384 -308 -186 -13 594 61 1007 -109 497 -256 64 -720 -1254 931 -492 474 -811 -21 -96 320 117 -441 -448 -404 624 690 -1336 -228 -138 328 -338 -981 -697 310 -591 204 -178 -42 -560 31 -534 132 -605 698 -720 670 411 611 401 -77 -487 -511 -178 146 411 -498 -760 -561 -160 -349 -601 727 -600 -45 -1152 -559 -401 -126 -144 231 -501 -685 546 -23 -114 550 269 -548 -734 473 -186 ]
[-885 -542 -174 -1813 -216 328 61 -344 449 33 -224 -237 589 -125 262 -424 -429 565 144 526 991 -726 -572 -207 199 269 26 327 605 -381 230 186 -651 406 -789 166 -459 579 -450 66 -134 550 -47 1110 -25 -247 -536 123 -1258 -535 -786 528 -771 343 846 -140 464 -744 179 -769 -256 -103 940 -945 -882 0 -268 711 348 -199 -735 233 -371 76 633 977 -724 -483 309 -409 365 -241 -66 -272 16 -947 354 -727 322 170 -713 -373 541 121 -781 -256 -244 329 543 -764 497 1391 -190 -1064 141 -350 -10 -616 -434 -182 -629 -864 -1201 236 -595 -608 486 -291 -985 747 ]
[-657 -13 -856 392 337 752 142 188 713 512 -90 -198 569 -379 -74 162 196 637 710 -222 166 -779 -357 -742 31 -332 -113 -437 -176 -27 -47 -935 -64 41 -979 209 244 -426 -542 -794 -440 -622 4 -58 -179 -251 -175 -209 422 1010 -566 834 -320 -290 203 -1179 28 153 394 532 -348 -424 -116 -823 -54 -504 460 -347 -488 368 -970 601 -160 598 -327 -592 -853 -1014 -126 -109 339 -333 -106 433 -920 -611 805 -525 -725 -85 -346 85 -306 481 -127 -427 353 221 299 41 267 -97 14 -448 259 -378 10 -1090 787 968 -219 310 -510 201 -486 -49 10 184 -659 515 ]
[-173 188 -1516 -394 -247 -607 -194 -401 263 -45 -774 121 -823 497 -1344 97 757 394 430 357 11 253 -484 -49 378 -374 -354 2 108 -162 -447 156 671 242 -507 52 304 401 -358 365 312 106 -60 -681 324 -30 104 606 -37 -225 -43 476 -585 -453 876 -73 -608 -268 1144 -161 -1198 727 -178 -441 -360 -251 448 1386 -209 220 739 766 380 -145 102 -672 -176 98 791 -117 590 601 -357 -568 -146 901 580 465 153 97 351 -362 667 -1057 577 141 -376 533 -233 -960 735 -390 1073 -1305 -330 -107 814 -59 -131 618 -651 -55 -248 229 78 -341 1148 -212 -134 -95 ]
[117 -189 -898 -425 -278 1260 -709 -241 -533 -740 -437 162 -502 13 -154 -483 74 90 -119 -1059 24 -519 -60 -761 190 2 -1129 -1076 -566 -213 185 -567 1227 -126 -141 71 -97 -630 973 -204 454 -495 -492 -688 1128 -744 -365 -27 133 -923 632 682 174 -258 51 -261 458 -202 953 102 -640 610 596 98 -487 210 -279 498 293 399 318 569 41 614 -835 484 7 308 -336 -333 264 117 -308 -244 -852 -227 -840 52 241 668 757 -575 407 -184 125 1139 -1362 584 376 -307 137 -497 756 1373 701 444 -422 -303 -133 -208 490 11 420 590 103 -131 -479 110 -1058 288 ]
[95 458 -202 195 -147 -443 -868 -426 189 423 736 -338 -47 -528 151 64 -555 522 246 732 431 147 1 229 -475 1049 -7 981 374 433 -434 -197 472 450 47 328 466 818 -278 668 646 289 476 166 -840 410 -499 774 -390 1420 -969 -1041 445 -790 -332 516 -348 -1957 306 -88 610 -392 379 -1323 -163 610 -43 1127 672 576 1 -736 -565 -474 -215 177 614 -14 50 -728 262 -104 -1054 13 206 450 918 411 -82 -357 125 -93 336 -67 -368 -1419 -189 298 -451 -230 832 -348 -399 -623 -444 -28 -749 -331 -673 -495 -1481 283 -339 -136 -752 -5 0 -988 -573 126 ]
[-144 -264 371 -1221 1016 -106 -18 -413 252 75 -344 -249 838 202 87 399 147 223 -723 -49 -611 -284 58 -1011 112 -309 878 -99 -332 -336 -105 719 360 -223 -474 -742 -60 363 -303 -477 -311 67 -402 245 692 465 547 -162 -8 -486 473 672 -560 -334 651 664 384 -46 592 69 607 1016 73 -1300 -868 -816 -774 798 -179 -640 195 1034 594 -213 -432 -1020 -269 -1373 -862 1028 -877 188 -1006 45 -782 -994 441 -772 -615 -883 938 -101 253 -889 -72 523 762 317 1083 767 -222 1136 320 -445 -117 -665 -76 -372 -181 -658 403 -169 -478 158 -250 -829 -571 272 -534 608 ]
[-455 -66 -373 157 26 -28 151 499 211 282 398 -589 257 736 704 -362 -236 -1188 -416 -183 212 -853 -488 73 230 -374 340 -253 -443 728 -272 113 -366 92 -528 544 371 -609 -441 -243 -566 543 -544 -173 288 -125 -178 188 -11 471 -566 -176 -71 1443 -374 -318 -90 874 141 -709 306 433 57 -1181 294 -347 -962 -215 -610 512 -750 -111 -901 216 -292 -740 -782 -382 169 539 270 28 -356 3 160 585 -885 -625 -426 1164 440 624 -170 318 -650 2 -169 33 125 -583 374 -11 577 826 283 487 148 527 -96 508 260 191 -604 366 744 235 -291 682 553 71 ]
[-546 218 562 515 -509 1025 687 -476 294 258 430 -257 19 189 -292 -777 483 887 -133 -834 1559 -253 -310 711 296 232 -527 455 413 -673 103 260 -41 -67 -909 131 371 -446 -636 -301 -135 455 426 793 47 -996 -494 -56 263 564 -765 -207 95 958 332 180 -42 -761 -353 -300 395 338 726 -1008 -484 719 -362 592 261 144 641 1489 -762 664 102 -520 178 -74 568 -517 11 610 -352 1040 870 -375 675 -191 -70 521 -640 183 -18 129 -88 234 -288 -151 416 -468 610 42 151 -23 262 -438 292 25 412 1064 17 -37 -107 305 -630 -439 162 -494 -1234 183 ]
[234 27 367 -719 240 323 -34 -443 1179 194 -241 -735 37 564 -159 -680 -388 174 -156 -62 343 -904 -355 -1616 276 -112 -808 202 -836 -547 886 -485 -12 -972 -510 -898 -43 474 202 -295 112 608 135 -120 628 -14 -907 -336 808 275 881 -314 -192 581 915 -60 559 131 -393 -389 -664 133 -247 -8 -777 694 40 -382 367 -792 353 636 51 26 173 232 444 142 -119 -112 923 890 -350 -474 -50 544 332 765 362 -140 621 -7 -159 -9 -1066 362 518 244 404 -446 428 231 195 -324 -439 803 -417 357 -647 215 521 468 -34 695 257 -386 -635 75 326 349 ]
[-87 -582 415 380 295 137 1036 -254 152 65 206 -1135 -666 232 -405 442 689 -5 407 -996 -57 81 103 -455 -73 -671 -623 236 -454 -427 -167 -723 741 -603 -330 -128 -193 125 223 842 -170 -502 -119 -148 120 89 -57 -792 109 347 962 860 -361 1222 -137 -405 202 873 31 19 -17 262 -102 418 -568 197 93 -492 -135 -189 397 569 -172 435 338 214 -4 1575 104 -218 468 -158 -255 177 154 179 -473 103 104 1568 -50 318 261 699 -184 -752 446 485 918 -148 517 -252 -340 158 360 342 -210 298 -589 779 403 230 101 364 -432 -425 175 -332 -1052 -526 ]
[114 740 572 -724 242 142 -139 -132 -733 -325 -1601 664 404 110 660 900 -32 1172 44 569 1215 1163 -769 741 256 959 173 -253 115 -229 -4 464 112 -399 -647 -214 -553 -330 336 309 -950 462 233 514 -516 81 -291 420 978 577 -1039 586 451 119 976 619 -662 45 185 272 16 -118 -140 -1095 335 996 -621 355 -414 600 184 279 157 -620 1059 403 844 415 -41 -284 -204 146 464 -202 -482 -1117 772 -303 -70 -211 -136 -660 526 -363 -216 544 242 390 295 -128 155 575 -908 -770 696 -727 765 -607 -430 -79 477 -271 733 589 244 -49 -39 -657 -348 640 ]
[-353 140 -723 486 -1083 -233 397 802 -657 158 -305 441 -625 -304 -238 39 -485 -76 -260 -361 -587 748 473 77 16 -883 214 318 -400 621 -1612 12 351 -265 376 504 615 701 718 800 1899 -310 -69 42 99 234 1026 152 74 -601 -299 -255 -163 -499 -571 128 674 -992 559 -623 520 661 288 160 484 -197 156 172 610 342 -199 540 465 950 -430 147 186 792 -520 -497 493 -582 -523 585 425 353 -219 -227 -236 208 210 275 484 208 339 467 -32 701 809 -760 -114 279 -276 535 132 571 -714 296 -327 422 -1119 146 -912 647 -43 948 231 -900 64 -19 ]
[732 -441 -514 -395 648 -441 371 -80 -68 485 419 597 -511 15 -8 -203 -211 -328 482 -468 -289 -122 909 -611 407 184 361 -683 -624 -22 -294 -836 -346 319 624 2030 3 -575 -407 152 586 -1006 -15 237 -94 671 -127 936 391 329 465 282 -297 142 711 -160 1028 77 170 -177 125 -1549 -84 -235 277 100 118 337 -290 -139 -1951 198 196 -407 -442 613 -382 -601 -148 -503 330 -632 234 494 -385 1073 -275 -611 648 -11 68 513 1451 -159 750 133 -447 265 -647 -6 -227 -1040 1018 108 -499 75 110 256 329 -650 -234 264 211 350 676 96 -60 -144 633 276 ]
[-119 -364 560 -124 573 180 -702 638 -218 241 706 -102 17 -872 805 574 -1324 749 -413 -366 1317 79 -761 210 -115 894 428 102 479 81 297 144 -553 207 -760 809 -371 -964 435 -595 72 255 478 593 266 -627 401 180 -56 61 -1484 -1149 -478 801 30 441 -551 -412 -1321 -1280 1522 -473 39 -1099 151 -466 -699 -70 1163 239 102 450 -755 771 428 15 276 -324 657 586 -711 459 -99 138 506 -1088 -27 -682 -377 398 243 -195 511 -9 -785 800 -390 -551 177 1090 -505 1159 -472 478 -410 136 55 -782 601 -191 65 49 -310 -536 -463 59 85 -448 -932 -76 ]
[-677 396 -362 162 -1460 69 -707 -294 -76 845 232 56 -513 -409 495 -742 -834 71 -731 -624 -129 136 326 -144 -596 117 5 -1218 626 1088 594 -499 -466 -1135 649 1118 564 113 372 -773 567 9 792 -329 273 -547 112 116 1247 -201 -504 -667 -222 -523 314 96 -461 -2 225 -305 -135 321 -289 350 899 -742 894 -182 569 -312 -505 240 8 852 -1012 -1416 -11 -725 -169 31 -83 -188 -175 -843 -64 -491 521 209 43 -242 735 -1029 90 -1121 117 1014 -641 -254 -638 -301 -15 417 1737 -73 -684 582 -307 145 297 911 -775 -104 -354 -450 796 256 -136 -334 -372 504 ]
[230 203 22 1020 -280 -593 -424 488 289 -469 58 22 498 -987 202 198 19 201 -414 239 -872 86 861 1318 -812 -399 194 -478 1026 556 -690 102 -144 -31 668 1233 61 673 -358 500 302 -65 338 230 -181 32 700 375 -290 -428 -906 -148 -180 -301 -672 -556 508 -203 778 -327 1153 -550 -19 110 362 -1283 792 -298 -328 554 -1009 160 -838 466 -543 -366 -208 -489 1093 -90 -791 -1049 528 261 211 -113 215 -1266 41 -318 -1077 -216 565 432 131 -597 126 -76 -402 -420 -976 475 647 33 551 271 718 -302 -7 499 -649 -647 -245 -427 157 132 576 -947 69 -420 ]
[297 262 446 177 -132 40 327 -480 -514 -545 -888 -214 -233 290 -5 -89 319 280 107 449 553 383 -217 295 514 776 -242 -93 -50 -623 1391 444 23 -829 -1040 -1227 -403 211 337 -554 -137 421 291 622 167 192 -784 489 -146 -71 -398 -803 966 654 318 166 -828 539 -782 -416 -645 136 -431 -276 -76 646 -1037 -318 -48 129 583 499 461 -130 1132 -6 430 757 -523 -51 264 319 1090 -891 -185 -439 -494 55 537 348 408 -592 -262 602 18 1551 -286 -804 174 -164 186 -500 -889 386 400 -303 -474 40 -875 -175 194 292 622 759 506 -65 -113 448 1173 -69 ]
[160 -59 -70 346 410 166 133 -420 -687 -703 -379 720 -182 283 -512 266 322 544 514 -1051 550 -274 44 -609 210 -203 -535 -382 -462 -613 -475 -421 1105 -386 -383 34 -217 302 325 1070 406 474 -115 302 15 -251 -192 -223 533 82 561 906 -348 110 205 -200 -243 222 -4 617 -993 589 602 -418 -563 886 143 1386 -464 -260 354 815 155 248 -315 -950 561 502 -423 -572 785 33 -965 530 -190 -112 401 425 -238 -622 -44 -437 84 -164 -280 301 -387 223 500 -873 74 -750 228 599 291 286 272 220 -364 256 401 195 -168 764 31 19 15 273 -1259 713 ]
[-450 229 -152 -285 1050 -600 149 -33 582 454 99 1103 129 657 800 444 -609 -275 -287 1123 -537 -279 -421 11 502 403 683 996 -323 751 20 509 -693 659 -277 -278 -170 200 -434 -110 -365 605 -483 425 -458 179 -310 30 -814 639 -398 -577 238 573 220 267 435 194 -272 -49 829 542 -286 -247 -216 78 -1222 214 -751 -255 -77 -235 342 -952 577 -483 40 -316 -389 -95 520 114 -203 14 -212 655 581 -581 -788 -431 -70 -286 -667 445 -159 -1163 931 -458 -431 179 -67 816 -728 -162 -491 -271 -329 305 -93 -1309 -247 219 -1252 175 -41 555 -705 820 735 -71 ]
[145 -500 42 -451 -10 -134 -451 640 321 -331 -1348 730 -490 1089 1062 235 357 60 269 -394 1173 8 -383 117 -129 1068 -488 -74 352 -431 891 548 -338 -423 -1102 -259 -45 -224 578 713 -719 399 419 -869 314 -124 -642 897 254 823 -319 -600 378 305 -21 1049 -45 890 209 -376 -273 -435 -1094 -255 -213 580 -197 326 669 56 -60 123 440 -1353 52 -30 404 -484 338 41 332 754 -731 -370 -1494 175 243 65 1091 -51 -733 -600 -399 70 -347 434 -192 434 -994 -224 482 -3 -200 -1335 1074 -641 446 66 702 -435 1124 -459 904 -478 1034 -28 -756 446 631 223 ]
[1279 203 -137 457 -78 600 -925 -591 -442 301 291 518 -122 562 -19 -484 343 650 -220 -410 -484 110 431 -725 788 -1176 -716 -463 -392 359 781 231 -316 -771 455 487 135 -75 948 -763 628 -429 1087 -143 590 593 -15 -585 240 -115 1033 -1150 -714 856 -401 132 211 -235 -1300 -364 176 18 -172 652 136 -416 262 -78 30 -1511 -327 777 695 810 104 313 286 -362 43 -609 38 -83 121 62 564 -491 -208 306 46 -351 45 712 779 276 1083 564 -134 145 -12 223 -629 -161 206 488 -369 432 -1413 354 275 664 466 587 616 315 940 1108 547 -423 1689 -574 ]
[429 84 -798 -26 -182 47 -595 102 -512 -422 -458 687 31 -251 -471 -208 -407 265 -203 305 211 -656 -370 -24 668 23 -377 -155 641 1155 489 461 -775 -612 942 207 853 -1134 -283 -192 -103 154 824 215 568 352 169 -779 -242 -1060 -661 -11 -618 -207 203 1269 -579 -439 61 -885 -708 -1001 -243 630 313 -206 464 32 969 -453 605 -765 -357 57 -107 -121 475 -840 539 735 -649 739 780 -297 251 -565 325 116 555 67 -247 -733 -507 -960 329 249 -20 -50 322 -138 68 -141 -133 -558 -225 891 -66 -428 176 803 -730 -406 -645 -200 -334 778 1386 -580 -588 -335 ]
[-173 -129 -620 -1214 465 761 122 561 -49 352 -254 949 -349 643 -181 -72 224 -209 -87 -107 -595 -779 -560 749 277 -146 35 -155 -1669 425 -1211 -139 -183 -75 370 769 765 -888 -533 -47 -1366 -714 -1356 -266 81 102 -719 446 935 392 -207 447 420 108 292 -62 678 610 1099 443 -351 -120 -520 240 412 -3 600 -651 -1486 -304 -234 -461 443 -585 -543 -428 -421 -616 -1222 -232 -325 328 -145 645 -484 63 -11 -196 -651 -844 -366 659 -400 -465 209 -244 897 613 499 -194 200 506 -415 -852 -512 -333 575 -1071 -504 -737 727 -20 -213 112 53 225 -521 261 668 270 ]
[181 161 -715 -215 995 -221 -826 -406 66 -581 751 408 398 -385 394 -176 37 -321 525 222 164 -552 -634 551 -708 672 413 -203 407 -209 177 -604 -150 503 692 684 -845 328 -558 177 -263 724 -133 893 -623 -32 319 922 13 -139 -14 672 50 -11 -11 44 -271 697 -226 383 -902 -1329 1275 72 -492 506 330 -618 -455 985 -188 -442 -483 792 54 -194 182 -584 323 -603 787 -1220 130 695 -45 547 418 330 44 -25 136 -290 -287 115 172 -606 -215 -82 -1338 -68 -25 282 733 -205 -73 -321 945 -191 -1071 11 -27 -1166 -99 -824 -66 292 -222 843 -88 827 ]
[567 446 -431 -569 868 -1047 -192 -607 956 473 -481 238 101 224 527 -752 -63 1074 304 1138 755 269 476 -330 180 485 -4 321 -232 87 189 -138 847 -472 -836 -792 -670 777 -661 -680 -219 689 -64 474 -1154 225 -722 -485 -753 768 638 74 -444 -279 844 1048 1032 -423 -372 -198 -316 -525 76 -1014 -1129 899 -36 -11 -340 3 -472 5 -538 -121 947 -316 114 -302 446 -423 638 289 -351 -195 -1005 247 642 -556 -33 -406 183 56 460 -167 134 287 278 -846 -90 463 -131 768 668 136 -405 -212 -183 -607 -673 -316 248 317 -348 -257 155 200 23 94 -531 -254 ]
[268 -672 -224 716 924 -310 -400 -335 -504 -342 1161 1486 316 14 -361 761 98 -370 -94 432 -10 -918 908 -356 327 386 -332 4 -439 -1094 -1025 -445 499 225 543 1349 551 -135 15 -129 617 50 -83 795 -371 611 -297 539 133 165 -215 -437 -1084 267 83 339 -849 -559 -203 494 130 -611 -171 -746 -503 945 343 104 -753 116 452 486 148 435 570 1191 319 -496 256 -43 733 -195 177 207 -109 393 55 1352 218 -799 426 64 783 160 -36 66 -344 -235 -533 203 -328 -347 -796 -174 -1133 1275 -337 416 -1405 402 173 650 -1115 -1016 -623 461 244 455 770 -558 ]
[-744 265 -96 -94 392 742 -135 137 -1 -46 59 614 577 508 -112 -296 -97 -679 -33 93 -1015 -142 229 -229 -218 -429 346 -363 -231 -414 -192 178 698 109 725 247 508 513 355 -314 -716 440 -482 -642 -494 -682 -230 -31 -4 116 1309 -524 907 -40 -270 -796 424 673 503 673 696 665 -332 968 199 -68 -2 -335 -1170 -126 -421 52 -198 138 -367 -166 -182 -342 340 109 -344 -163 -366 219 -421 1054 16 -312 -933 -98 281 430 -22 -40 223 -748 297 -761 -442 360 -1144 210 274 803 -103 -24 -75 464 -10 -609 1084 106 -438 3 365 -95 -481 896 976 -451 ]
[317 501 -318 -868 203 -670 534 62 501 -55 941 -781 488 -620 -308 -133 832 -35 -491 -176 203 -852 -265 315 181 -46 153 -790 -360 285 329 -876 40 124 130 -1143 -869 856 -437 -304 1020 120 -1047 368 229 -526 338 900 -15 -77 -56 -85 63 800 389 2 -550 384 39 -155 -1153 871 958 -1567 -335 982 -1113 858 -717 -608 468 982 588 247 -36 -191 54 -569 -1072 -475 67 -314 542 477 909 -214 296 177 492 -821 182 -904 525 -455 -699 249 634 1188 19 715 810 11 -542 129 24 -425 -538 -93 -162 -508 -350 -436 -398 395 -391 -168 189 751 -396 1290 ]
[481 220 1023 8 188 -127 -312 -306 -314 276 29 792 -510 -211 -465 387 345 751 -547 -298 208 390 50 -340 640 910 -481 -405 -18 -805 863 -439 601 89 -508 -623 -335 -3 1009 -895 490 -468 724 -349 364 -170 -659 -27 -61 296 103 -614 -847 -862 -129 194 193 -555 48 -721 1348 553 -82 -433 -785 273 -920 559 528 -158 1566 1126 572 -1181 665 92 651 614 339 511 716 209 -177 -447 -376 -788 -88 -281 1190 72 -318 -1063 406 722 486 1137 -98 508 368 963 -565 484 -184 237 284 -394 -181 933 -417 41 781 -288 658 -47 693 -453 -507 -900 288 -767 ]
[-515 574 -81 45 -201 463 -42 995 269 1463 1367 382 -360 193 -120 -50 -1173 -341 -881 363 -195 495 -432 -672 191 -396 120 -443 536 310 682 -168 -915 -47 290 683 -161 -702 649 -398 211 666 460 -475 333 762 153 159 -105 -985 -1176 -813 -613 -644 -748 -649 -67 -1158 -487 -431 845 654 -1146 241 471 -1837 28 -578 883 -100 -370 -222 -317 602 74 -391 -467 -765 393 110 -277 356 -419 -9 866 397 29 507 -828 -119 -11 268 435 730 -320 -396 273 -740 -799 -246 -428 897 -281 877 -1392 1125 -466 -571 583 452 -1141 -531 -329 168 -106 1040 362 -214 425 188 ]
[50 844 327 -946 -1292 150 -684 -437 -869 -482 -479 236 -63 -813 -124 -47 324 293 -496 603 816 607 -294 148 398 219 790 90 270 -260 -135 1492 -219 82 570 -271 -35 -151 -202 294 593 -228 -495 -460 -311 -386 -533 297 -409 -287 259 -269 -455 -901 752 1204 -612 -164 -215 135 -522 605 1503 365 -46 326 -482 558 329 -1108 357 587 -129 475 204 1032 -523 315 -545 -411 -399 -211 476 -350 239 -1383 452 650 -204 -860 -203 -400 148 -486 160 980 -553 -309 241 1037 454 -179 913 -31 -395 -621 -737 -430 520 -228 -530 336 42 52 -96 39 961 -99 -950 49 ]
[507 13 517 447 589 -516 59 666 -339 1213 993 319 -619 776 64 -136 501 -922 -223 -723 123 181 474 -32 354 -690 357 279 -613 -167 -258 -33 315 -524 479 1085 -951 561 363 392 1113 749 215 25 -222 -378 634 -558 482 244 302 -550 -1015 812 -421 471 -194 1352 -484 -1123 417 101 -989 310 644 -152 506 -777 -312 -324 -189 667 -236 294 -293 220 51 -168 -268 564 -290 213 -635 381 1011 166 -199 1003 -176 -348 -256 1361 584 -286 -954 331 -208 220 -163 -695 77 540 138 62 -418 874 1050 1014 -206 -20 -293 612 -38 307 737 650 148 467 935 -820 ]
[464 -347 -479 230 -531 331 359 599 693 243 -230 -586 -617 511 -149 -681 -854 124 -204 -413 -147 606 548 -800 -213 -560 -704 -245 607 614 -434 -230 -484 -774 -444 471 240 -509 -385 341 737 -442 469 -921 307 785 223 -350 -191 -848 -133 23 -510 385 -150 257 1173 -810 -454 -1243 -722 256 -339 48 512 -1310 923 -293 -290 -255 193 766 739 552 -472 213 -494 -818 -64 -303 205 7 -7 -286 1101 -421 -466 484 379 48 -153 -246 238 -82 122 768 621 221 -106 -1121 -592 587 136 241 -998 906 -440 -327 1005 -219 -462 244 469 224 160 625 863 -85 -220 -309 ]
[1172 -619 348 751 396 98 -620 304 -204 -199 -269 -654 261 73 389 731 239 390 250 -435 -12 421 -612 -449 338 640 -25 211 190 -655 631 -129 -397 -263 -544 820 -711 -415 39 119 -189 547 380 266 93 322 -321 41 33 -931 -295 -132 406 482 -19 -592 145 220 -345 -161 -364 -576 -295 709 501 -671 56 -853 -136 467 265 -206 149 377 1046 -181 -211 186 776 758 248 105 1087 -287 -341 117 92 689 50 346 -3 -252 353 1091 -284 821 -777 -520 -328 -674 -806 -957 -1211 378 194 196 432 346 -399 -332 131 -231 691 589 465 228 -450 -19 519 -376 ]
[-221 323 -508 -346 -865 -594 218 -211 1277 678 856 70 320 -473 -823 -684 409 310 -319 -83 -504 58 1206 260 348 -894 -183 -295 536 -16 -28 -209 135 -176 772 -609 394 561 -34 -212 720 332 398 139 356 758 280 -147 101 -571 487 -349 -760 -704 -268 -631 -197 -1272 363 655 -52 536 -721 -282 -554 -602 461 14 551 -1043 382 334 6 105 -19 44 -257 -99 -150 -332 262 246 -241 1080 1426 1111 127 824 -56 -719 76 -221 -300 -577 -532 -697 427 759 -1006 379 511 696 596 -97 -1259 -40 -357 138 -752 1077 -748 199 -549 -399 -278 1148 785 -615 -214 159 ]
[82 422 995 560 436 1148 -766 -461 -1155 240 -461 70 -255 315 -85 -820 -593 -331 184 -317 1280 275 94 -64 -122 310 167 -230 615 -634 225 989 -734 430 -636 117 283 -600 519 -389 -161 -399 509 186 -83 -41 -757 345 -205 -470 443 -562 273 -694 509 1834 -29 140 -780 -459 -12 -1302 -108 -112 -54 515 -308 -474 66 458 413 313 388 -469 27 671 232 -743 -199 503 -906 469 -328 -799 -494 -315 -458 -189 666 -894 103 -413 416 -676 65 1584 -622 -1583 345 -40 -130 -275 -73 278 -10 365 545 415 -612 -462 -258 -395 928 -19 -340 -714 -69 -201 1099 -233 ]
[-441 -312 86 202 229 -249 773 -990 551 504 901 28 249 91 -585 -310 1552 -276 15 -201 -521 -930 827 -213 -606 -373 -68 -12 -914 -745 45 -137 195 350 -335 -878 -641 153 427 -204 508 -381 -589 -856 46 271 349 -197 -239 837 730 334 -1049 -100 -331 -21 -439 488 681 719 -319 476 -343 -165 -247 31 -293 727 -277 -786 328 328 467 -598 -502 540 306 -378 -194 -10 159 -118 -529 952 89 -1 -335 64 896 -26 -40 163 -447 122 -207 -1063 525 326 -201 460 -14 212 418 -283 -875 165 -162 649 -190 384 260 -320 -369 -290 -390 6 -106 1593 838 285 ]
[340 442 73 501 -244 -305 -429 1187 -643 317 89 386 160 -660 -748 433 -674 -708 -277 -763 4 -244 -33 -18 -217 574 389 -412 1580 -100 -1443 92 363 528 847 51 579 -347 -465 -178 -58 747 34 -248 -432 13 894 324 331 -417 -2 -647 -108 -594 -219 231 -649 -119 89 -211 -232 -321 193 554 837 267 132 -40 62 291 878 -631 -450 329 -891 377 -243 16 74 1080 -803 177 1002 582 1104 959 156 832 -785 -51 -20 -163 -912 159 -1006 -25 -75 -81 -438 144 -1161 443 185 1145 -711 1340 551 398 7 325 -373 116 -604 517 -154 546 6 675 -251 259 ]
[736 -143 -170 -818 565 350 -487 -400 1331 958 1340 -1511 -101 -232 72 -1101 73 785 732 -136 -154 -553 -1004 -88 72 -198 -209 -140 -695 -120 720 -940 -132 792 -447 419 -1020 136 -152 -579 244 -57 -56 -565 439 -70 -899 428 149 828 978 381 -1495 691 -407 456 585 -97 -987 -1256 -1084 -529 434 -722 -260 253 -500 -490 639 -170 -712 100 -450 493 -610 -522 -562 -594 -603 -278 -457 94 -1140 -298 -737 235 817 538 264 -423 -587 107 627 -263 626 -699 637 1006 -810 1169 64 -316 959 166 290 -798 78 -433 727 107 898 -1103 637 -401 743 -392 31 381 -53 458 ]
[-162 484 -379 235 -828 -400 -474 -553 263 230 78 -41 263 -1042 -347 -532 822 -286 -45 -452 -548 528 863 406 -652 -333 128 -45 796 -147 -500 -615 -530 457 -845 -903 5 138 -90 1022 933 -1205 749 -833 111 -70 -294 -37 -223 -563 -1234 350 1234 -420 -362 235 171 -421 755 2000 888 288 671 -874 -763 -1479 258 -42 192 -421 -938 612 95 -161 925 -634 -657 79 196 -893 933 -358 -54 900 94 -50 662 -644 1079 104 -294 -1256 256 -731 -295 337 -658 332 -357 539 1339 -147 322 -93 188 -693 66 216 521 438 -1230 -333 200 181 -406 -405 627 -865 -476 707 ]
[691 -395 224 657 964 -476 -473 11 352 -108 454 683 720 -291 653 251 -1404 -213 -343 1109 -178 -187 394 -73 -877 1071 702 -71 -301 719 -931 -66 -297 327 868 1102 -79 -498 325 1061 -282 -231 -510 570 -1735 735 775 977 -715 648 -214 -676 -583 -926 -51 -376 19 -402 453 58 -997 -424 -60 -191 6 21 -145 1021 82 439 -81 -444 -157 -177 -709 1080 -128 -202 651 962 21 -1338 -131 166 152 204 637 -588 -624 -253 621 279 223 186 384 -1111 -387 494 228 -488 -874 1 -851 102 -931 -107 -136 -318 -867 -767 -1037 -393 -553 -499 -120 -135 -241 -191 -610 491 ]
[191 648 -845 -1086 -1398 1066 175 28 -143 -3 -598 109 398 -71 -1062 -1274 -216 -325 150 591 -547 -910 511 -912 640 144 -675 39 -919 -245 579 -68 333 -204 278 -588 714 -422 -689 -259 139 126 -31 -1190 -557 181 -871 400 -975 -91 337 -325 -584 -7 143 -217 -331 -417 694 -644 -590 331 -155 278 -89 1277 197 -167 -859 -506 1499 -231 -224 565 -92 394 299 -441 37 420 542 430 250 416 -208 857 -236 443 -290 -356 100 102 -95 -22 -505 475 -77 7 614 96 -294 -825 -408 -58 -128 1077 -653 556 -226 149 -576 434 -76 346 112 -85 674 366 11 -723 ]
[16 709 55 158 -676 -104 252 -363 -249 -975 -708 994 -467 -288 -102 -306 803 443 -122 60 473 557 -496 789 -108 198 109 204 165 69 -843 435 -42 165 16 -817 309 170 -473 -179 -66 -512 -169 459 -896 -867 -476 -2 289 696 -358 -467 -256 -949 568 476 -191 107 63 179 -786 -358 10 349 -427 1594 -160 127 -260 -57 1055 372 446 -292 257 426 -417 1194 -449 -907 -680 27 479 -693 -391 -558 466 -312 321 -536 -1427 11 -677 282 -166 496 293 92 513 393 134 -72 46 -316 403 -1507 -450 -860 -378 397 284 240 -107 178 -356 406 636 -806 124 -551 ]
[556 81 -95 888 992 189 -3 791 87 590 457 477 -310 272 -410 -58 387 -260 681 -1110 -1114 -300 -404 -222 326 77 -282 -51 -717 -416 252 -171 373 1050 -826 -4 -424 775 434 125 -320 423 -140 -125 510 -492 452 -132 1393 419 378 539 560 502 13 50 142 217 402 396 -1400 -400 -334 -160 197 -267 -906 443 24 715 -1238 129 245 -763 -984 -277 -321 1014 -228 -142 652 -399 -39 568 -36 994 1277 443 -593 257 -362 -64 94 523 -326 -1201 -61 858 -198 202 -367 516 -1357 139 685 222 2213 -72 724 -1496 8 -739 604 583 -150 59 -957 51 1096 956 ]
[538 -296 -548 -844 1064 27 1 -275 132 -211 -494 -443 -270 -105 -512 -291 1210 -873 794 -475 -162 -302 -1158 1017 -752 1288 -546 -309 -169 178 736 -994 -153 248 -221 455 333 -512 -506 -40 -521 -500 -276 -1216 -34 -124 -1270 510 216 418 47 781 836 835 454 593 658 620 852 -56 -1514 -696 109 -215 -753 542 64 -593 -726 376 305 -190 -197 -405 397 -163 -89 -706 -447 -491 -103 675 -132 466 -1556 449 393 -345 668 -667 -642 -751 68 -868 63 68 29 10 -338 139 828 -962 -706 -891 560 -1159 352 -187 447 -836 741 -1444 660 -180 -546 -272 -342 909 -720 550 ]
[812 -905 -196 135 288 -598 -260 622 -642 -13 -690 244 1292 86 117 -479 814 145 892 -1170 -598 422 1102 117 -238 -691 254 -190 394 560 401 -228 -521 -670 544 1035 -932 -195 575 324 -163 145 294 254 -385 489 573 283 -221 149 424 1068 739 -440 -131 137 375 1285 688 514 -172 -270 -220 757 835 -246 733 -623 -224 646 -2168 -1377 681 -826 -906 -510 -455 -495 -555 263 -290 -1177 231 289 -117 96 -41 162 725 -280 -1297 229 -135 210 259 461 -289 234 -1015 -48 316 -177 367 -1033 292 -874 1304 -37 475 -317 479 -153 259 -354 754 698 -704 -271 291 -242 ]
[261 181 -638 -170 549 -419 338 442 215 585 -410 -948 452 8 51 228 -33 -997 -380 763 -1222 83 6 201 193 -397 410 384 -416 -215 172 642 -149 775 707 1083 -100 323 -911 932 -12 -582 -244 -490 479 657 -347 1089 -230 446 383 360 717 -354 -359 -1004 460 454 756 -111 907 -469 -443 588 1036 -1473 -234 -1203 -290 -121 -566 -791 -82 -708 -606 646 -385 93 -690 -290 -116 -473 146 -179 -78 938 -425 -275 441 165 -913 47 -264 961 -129 -1521 837 71 -284 -387 428 -177 182 -757 -169 407 566 -241 -435 -689 -299 367 734 341 587 -65 792 -304 920 -796 ]
[676 571 -434 -316 -1017 -22 298 536 -519 -165 262 286 -175 -355 827 -300 -321 -112 496 -81 -277 -11 870 661 -245 -307 833 -370 649 423 -1025 -213 110 -106 898 1231 1055 -449 -378 329 -442 -201 14 790 -806 973 644 102 724 -338 -400 -150 819 87 754 -631 214 -133 -11 587 -690 -1042 1256 -90 108 -588 152 227 -372 78 -628 -758 -215 978 -263 1133 -956 -481 118 -817 -172 -1314 770 597 1022 -557 -842 -505 -326 -558 471 522 392 -282 -813 -491 -894 660 497 -580 840 -421 656 536 -570 348 -969 -810 -265 114 231 678 115 130 -293 295 -57 -431 -573 471 ]
[-211 21 -216 -399 -545 1492 -811 -375 399 969 -426 -117 748 897 958 -260 -391 1080 365 148 918 -959 181 332 214 141 525 586 596 793 754 444 -407 -398 -143 861 1186 -430 -2315 -817 -1386 427 953 533 -481 -111 -819 -522 403 680 -151 -327 1028 124 745 -174 255 -728 -28 22 1111 -915 338 51 533 -177 -553 244 134 -398 -266 -978 -616 -218 -413 -786 -350 -1073 289 -255 -475 936 -717 -204 -734 515 758 -189 -910 -645 87 -45 -42 -588 114 -1241 -500 -213 12 -302 445 -307 667 -1126 112 -1 -895 -434 853 -300 68 483 -63 -437 89 233 -971 -377 -663 284 ]
[-335 455 1128 136 -232 1322 -186 -121 -724 475 270 17 -371 -187 -782 -135 -304 157 -387 -440 458 57 2 -367 -209 854 -20 -828 511 -759 -625 -609 197 839 -132 -698 -304 648 1078 16 436 347 248 -136 195 -965 -528 -198 255 447 415 150 201 -1016 -362 -332 -647 -926 40 881 200 887 951 -308 90 755 -293 920 -141 254 569 770 -8 -116 -611 291 450 590 -610 -18 86 -166 -606 603 425 -121 95 696 33 -1246 -490 -977 -77 39 98 351 -486 212 213 -246 33 60 -165 679 304 -47 -149 552 -219 -350 -162 -662 829 131 -465 -745 -505 363 -1041 296 ]
[332 169 -993 -238 882 -164 406 177 1417 74 -345 -1029 658 727 552 -275 134 32 338 546 -753 190 1053 -467 -642 -251 20 -111 611 -21 129 -818 -267 398 376 347 256 8 168 240 367 212 -898 -321 -4 472 1042 -541 490 -472 1014 496 786 -173 -569 -546 773 308 475 1164 -658 -497 -316 392 485 -626 -5 244 -269 291 -1269 -883 102 111 -923 210 -154 -1007 41 1510 -41 -200 610 -400 -644 502 -15 -341 424 151 248 259 9 -521 352 -771 -68 -221 123 13 -1302 -849 47 -232 -491 -256 1019 6 688 -1466 185 208 857 -210 123 -735 -783 1065 -317 -86 ]
[-489 -304 -1466 368 -536 774 171 -260 127 256 324 556 -844 -49 -236 -1300 -465 35 108 306 -560 281 -251 -550 -196 -82 -630 -1313 -443 1 51 -727 995 69 -556 315 -394 -783 6 -148 1199 -295 -171 147 208 -473 -636 604 -324 -1038 -322 479 -861 528 -463 223 -117 -1075 251 -141 -859 598 -25 -1409 -580 -92 -607 349 182 356 -16 1633 77 1045 -61 -819 -73 -457 -102 -1094 1049 -213 -613 -3 -7 -630 -160 84 4 -124 719 -973 418 -214 369 1395 -251 357 -301 -303 834 659 907 996 -686 -400 -171 -528 -538 409 -1096 -362 -343 443 154 906 756 50 -203 531 ]
[-551 121 196 810 597 -301 851 -331 -451 -124 526 47 -52 -750 -1047 -174 573 225 -145 137 613 -424 162 1062 597 -625 -84 -730 -559 -46 -94 -252 312 210 103 -170 -357 -840 233 38 177 189 -386 694 -699 169 604 333 666 1242 91 260 -895 -815 262 -231 -213 -149 909 -79 -695 411 629 -780 176 959 -515 266 -324 757 550 106 -431 -112 -268 627 -142 863 532 -465 -265 -256 -217 460 188 297 493 -393 -111 234 321 208 426 819 406 333 -41 548 750 427 190 156 340 160 694 -17 1509 -96 -429 642 416 -154 402 43 -523 51 -178 -653 -23 382 ]
]
