[[279 51 192 -271 464 -246 195 -275 -229 -142 82 -514 371 78 4 400 -131 102 -392 -149 748 -50 -513 487 250 -356 461 191 350 377 109 -193 380 407 225 247 -80 -378 296 137 696 -35 461 1 528 45 -237 778 -223 25 -338 135 -234 1059 -302 -65 -454 -404 322 115 -317 180 -175 -216 11 186 89 593 -427 -7 -471 -284 110 -108 -688 -259 -578 279 324 -142 318 401 -195 -433 -651 158 260 -562 -738 202 129 -385 -692 -704 754 525 -41 74 595 234 920 371 -83 -358 206 -433 18 -1164 -372 478 -849 -72 -94 84 -533 -232 -527 -399 465 -366 ]
[-343 198 -164 139 441 -248 -579 57 105 680 201 -459 -486 -177 -140 89 153 -215 333 213 31 -214 -13 141 219 229 136 -303 589 -355 2 891 260 -241 509 -87 -520 1110 77 155 -294 -598 -8 -942 -132 -160 496 135 316 331 -842 150 396 322 -594 441 318 260 -125 5 -4 85 632 -159 -67 37 352 924 -312 508 666 -92 -615 374 129 906 50 -539 36 928 174 525 520 50 106 -408 -107 622 955 -357 -88 80 -296 258 -139 -69 -203 -391 -251 410 443 -584 576 63 89 -777 -295 -33 147 -273 -389 -369 97 70 -45 513 357 -37 -20 410 ]
[-558 111 42 171 467 -197 -309 -394 1020 737 124 -816 45 -332 935 -338 -62 1010 300 165 -778 -715 -189 -296 -241 881 315 -108 554 -417 -377 879 164 60 839 -135 194 572 733 -809 143 -101 -179 -231 -408 -543 -712 -236 516 -182 -516 -429 582 -200 -650 -406 -118 148 598 -306 -378 675 -233 -284 340 -224 -412 660 34 149 390 182 142 86 676 -86 -67 -435 130 875 -314 996 971 412 -9 133 -294 269 -62 -395 632 103 248 34 -180 -254 280 -191 -7 -328 104 -75 -318 -146 -371 -637 -695 846 219 -63 224 -399 118 209 109 -143 397 642 -307 181 ]
[-428 -122 -75 -130 -201 -167 816 -284 265 -262 -846 -770 -557 389 -538 559 148 204 -114 -670 -767 -523 -725 110 -393 264 -5 57 -20 433 -518 -752 573 276 205 412 550 109 1043 -837 60 512 -391 2 -160 2 -321 -448 -696 -184 336 -212 616 -667 -193 -311 -135 97 198 489 273 532 -1382 -184 860 414 -635 63 127 -773 -450 -801 738 234 -290 -54 170 -94 53 -333 -367 339 -498 -370 -495 179 -578 -360 -948 -413 -155 -523 21 211 616 -341 -96 575 -80 -756 -362 -103 236 110 -20 489 -737 866 570 -251 233 64 -67 42 -28 -201 -80 652 44 -281 ]
[647 -649 3 38 -266 -73 -439 582 -305 -82 -277 -596 -950 154 -125 277 -125 -526 -26 -532 -95 -1093 146 1158 179 116 -331 152 238 -412 -832 -322 558 -314 62 71 317 199 -104 -172 -183 119 428 -575 75 362 388 348 -595 147 88 284 -177 194 -177 643 -28 237 -195 979 -17 -52 -377 86 -21 549 121 327 -498 319 -322 119 36 730 -536 1093 235 -506 -541 -16 -59 468 62 -660 -39 212 -957 545 87 -222 -874 282 810 -114 -417 -145 -989 -96 179 252 729 201 1227 -522 577 -651 9 208 -145 531 25 181 767 -522 -23 221 -317 66 37 -259 ]
[-194 266 411 521 537 280 329 963 -108 340 -283 -400 -301 373 -127 666 -321 -411 69 -93 459 -161 -155 53 875 -187 -444 -575 487 56 301 -164 982 -761 45 354 -446 375 -547 -214 26 -162 268 -1091 821 585 413 17 575 353 -505 699 1005 -468 400 523 655 372 -355 891 -142 775 40 519 297 -90 -74 -107 -81 667 576 279 -250 236 -56 688 108 -510 88 402 -872 -288 166 -327 823 265 -82 436 -26 -154 -2 294 -757 444 105 598 -557 -383 300 185 -368 -248 331 -22 185 -428 -403 371 -208 -181 -354 257 956 -361 398 620 -435 -34 -882 565 ]
[-222 317 -160 -441 180 94 628 -243 505 258 57 -63 219 -644 -531 317 457 728 -132 81 -348 -124 -1019 -478 -134 -403 778 1038 -479 652 595 -121 -250 97 117 655 108 32 165 -262 -261 682 384 775 -791 -165 -343 -479 -36 -209 335 -637 -659 -232 -241 -1132 -1206 -863 669 -534 276 507 -268 -550 -430 -139 -211 94 -62 -1172 153 -754 396 -647 -403 -1284 -165 108 630 403 -319 415 331 56 -1208 295 -533 -733 -460 302 460 -807 -65 -489 947 -298 542 225 686 -116 256 552 -586 302 -256 1124 -455 -1162 1273 37 381 243 -302 569 75 -474 677 95 956 -280 ]
[-356 -111 -58 -245 32 -584 -296 123 483 -409 -158 -386 -1283 -9 143 -694 -527 -353 206 -520 -915 -449 328 575 79 23 -646 158 -259 -198 -1487 1139 -137 -972 -553 -606 572 659 263 -26 425 -810 -1015 -396 -490 -179 107 493 -427 930 -129 -103 854 592 -343 817 304 602 -408 685 -88 105 84 -606 680 306 -122 44 -142 16 -81 -116 214 1109 -677 1214 549 21 -941 -394 679 163 361 168 180 -169 -694 536 271 -606 -1248 651 313 639 -698 -214 -311 97 -723 -39 -118 -280 708 298 304 -153 365 771 -794 296 425 213 -477 491 535 539 410 34 35 267 ]
[-792 188 -621 19 617 -544 935 -834 416 -115 225 -533 -535 -401 -123 -192 430 284 359 -610 -1033 851 -76 -650 -836 -39 -411 252 261 43 -294 509 -275 242 -159 231 689 33 1321 -487 400 385 -1312 131 -85 -616 114 167 -606 170 -40 -663 210 35 -620 -557 345 -286 604 -601 -53 205 -234 -15 39 -41 742 -209 52 -992 -194 -112 124 -178 -751 48 356 415 -69 -239 631 33 74 454 -179 15 269 -952 -541 -748 11 -93 673 565 -335 502 895 1256 -410 -255 243 327 -423 894 -778 417 -622 756 -41 59 440 710 -282 566 204 -272 577 200 455 -98 ]
[717 84 -480 -219 0 482 362 -586 32 -1027 259 -508 -634 381 -435 -170 253 240 673 -215 284 48 -486 325 -432 -186 -1045 -52 -434 -207 -698 -557 -446 282 147 632 -70 -759 203 -343 296 167 -217 8 -211 236 344 622 -563 308 -181 209 -779 115 -18 -69 -114 325 218 121 -412 -685 -8 740 183 175 827 -376 -192 -186 -1225 358 582 70 -742 -10 -474 -403 -741 -263 224 234 -1285 -233 -350 390 24 -671 -871 -496 -609 795 756 51 371 715 -96 706 328 -112 576 640 263 -203 -57 -915 -13 318 -511 87 329 -7 373 487 -604 -251 237 -204 235 626 ]
[36 -19 -221 -156 -361 163 447 -781 201 -759 701 -292 -768 363 -599 -13 192 211 257 -255 -159 58 153 755 201 -448 -449 463 -124 362 -1204 728 -697 121 -133 243 673 544 60 -1051 656 619 -275 479 -984 212 365 74 -1031 497 542 -159 -803 680 390 -103 -185 707 -497 55 -490 -176 -560 -241 210 998 673 121 673 -819 -946 -67 276 30 -868 95 -169 19 -395 -467 -192 -260 -474 -31 -625 465 -839 -330 -217 -908 -721 456 528 321 -860 154 -42 -237 93 -379 59 434 657 -153 427 230 337 -672 -439 611 468 -110 -571 225 143 243 1138 -319 995 219 ]
[-77 -592 57 -7 208 295 -51 -498 402 -187 67 -48 -642 -101 -428 291 250 218 586 -676 -622 -719 203 762 -262 -571 184 805 182 -201 -1211 892 -55 -506 322 373 959 503 842 -1339 -12 878 -295 243 -1581 -656 -724 -193 -660 310 860 -376 848 -406 594 61 -338 199 306 138 -412 1224 -500 -468 113 368 131 196 556 -737 214 42 959 86 -87 -37 851 -463 -380 -384 -594 123 621 156 -67 512 -1431 -69 -241 -394 -377 -106 557 -260 -734 110 -323 312 171 -119 -160 638 721 35 833 514 -393 629 -327 -124 1666 234 -253 -48 760 197 514 543 774 -444 ]
[-404 121 970 -112 408 -433 95 -991 327 -10 489 224 -53 -646 1162 -365 -70 437 -808 207 74 102 42 129 380 582 479 -378 845 20 -950 438 -555 748 39 -316 320 512 585 -249 1287 -891 141 208 249 -107 -888 615 361 548 -772 -231 495 787 -98 -394 285 1007 242 444 -36 439 -347 -1099 890 383 -152 915 404 -448 -447 -815 578 405 -333 -51 -560 543 74 -249 293 417 142 239 625 -53 -675 203 -387 -343 869 286 -1146 325 -438 -120 -531 -959 -352 -273 -710 -353 -112 -282 36 -219 589 -425 -594 732 -260 -276 -661 669 179 -22 266 -92 -552 269 ]
[53 204 426 27 -191 287 -2 -209 906 276 411 -410 -450 -631 525 -593 -347 712 -542 555 -408 -815 -296 5 44 185 332 2 -437 187 -1140 301 -877 -213 635 -603 117 -6 -480 -164 454 -440 -59 -142 -103 195 -355 133 262 -244 -1364 -241 -225 -79 196 -841 -296 986 -234 294 -244 133 685 -143 681 -35 -35 588 -316 -146 -237 -962 -131 32 -465 -305 -734 63 -518 402 -310 739 -506 397 27 -107 -693 433 198 -980 283 656 -498 -380 -78 -537 -374 -845 -240 551 535 313 117 -213 133 -426 872 -612 -378 402 441 -815 -426 1179 -58 -125 1036 -4 -268 381 ]
[-450 575 -688 471 -520 331 144 -293 103 451 486 -823 -274 1257 44 356 -379 1014 111 24 -112 419 -344 -192 31 906 -766 -849 123 259 35 -37 -149 717 834 -109 -277 -110 291 -866 435 658 -303 -647 375 -40 365 -723 381 -957 -1012 322 442 -273 504 -503 -111 -205 199 140 -597 192 -489 1097 937 -18 -351 98 527 -119 -192 845 -430 -959 1 314 -596 -170 -272 181 -1204 -33 -749 83 -633 399 1067 116 -121 -739 605 -139 120 -347 -231 -225 29 -465 458 220 361 -240 -519 -244 -369 -165 100 26 -489 -457 -377 -555 1131 -44 432 -530 496 579 -673 373 ]
[-518 25 249 323 326 483 -93 -320 1104 455 1139 200 298 -733 -262 350 138 254 783 983 -279 291 411 -124 85 144 673 196 194 -355 304 568 15 89 361 459 -354 556 371 -460 -214 407 859 366 -630 367 527 -524 -22 -13 -423 -502 -300 -820 241 -244 -227 692 -607 185 126 -485 631 292 -749 -109 234 366 -197 31 898 106 -717 -324 62 -471 -437 391 505 1239 210 702 192 316 143 148 -573 889 1334 -371 510 272 -665 303 82 -199 -378 -1159 49 350 -683 -109 -92 -82 -599 -195 -147 -1054 926 -3 278 -980 -166 501 -488 327 1246 -345 -170 1160 ]
[-85 -696 173 -242 202 121 -703 -1450 979 -530 1227 -245 450 -225 625 -224 -316 379 484 41 -179 -402 -428 1084 -448 352 223 860 206 91 -493 1208 -194 -588 -318 794 247 114 1062 -543 23 334 209 1214 -1043 171 -528 89 -715 801 1127 -466 -691 550 -141 607 -871 -223 -39 -578 -436 -337 -536 -15 -195 30 -303 427 810 -272 256 681 -151 198 100 -15 -293 152 -96 63 292 658 207 583 -34 -78 -825 164 19 -75 200 -180 339 350 -13 -175 164 -361 41 -595 -301 27 -90 -288 290 212 -47 -774 -448 -219 468 -657 -298 -246 435 -160 425 -113 964 180 ]
[294 168 -386 -138 51 -276 14 613 376 -461 -6 -278 -1062 391 -36 836 371 -12 311 -198 -177 -177 -76 -536 293 -93 -1039 281 -309 225 214 -802 613 52 -565 -57 -367 643 -89 -19 200 -465 499 -965 -507 -222 854 652 -111 600 -652 156 162 529 -831 187 -113 51 610 1307 911 -193 33 272 195 154 -361 -251 -752 -281 -135 -205 223 -157 -959 566 -72 -181 -167 19 939 917 407 -32 -160 403 -247 679 97 -215 -346 212 551 221 318 378 -99 -311 286 203 127 522 911 -265 -335 -573 -735 700 590 688 7 336 547 1096 -528 412 436 62 -380 716 ]
[-373 426 882 -119 792 115 927 117 177 -189 550 48 1539 -621 1034 -104 -681 -191 -400 -429 -30 1043 1171 -840 -453 -596 -117 -249 105 181 796 263 371 -327 -957 -372 68 -1774 694 864 655 -579 -551 -140 620 -248 -721 263 -87 312 -455 -72 1309 -107 -14 145 223 -305 -54 97 -724 190 648 232 84 -767 -317 -677 -294 -502 398 600 -234 -767 -322 -288 24 1876 -344 -1350 696 18 -16 1153 330 -151 576 102 -417 439 532 -316 -782 -453 240 524 -17 101 -242 645 307 658 -415 1131 -360 383 359 396 -1048 384 131 -126 -32 1072 369 -85 -543 239 -941 -610 ]
[-291 16 -315 -140 674 -87 223 448 468 694 -58 -4 -860 -628 -446 -24 228 -220 -152 907 -785 -59 -1048 356 -242 450 7 207 -186 -46 545 -98 688 -791 171 818 -351 1090 379 15 -1436 -41 -662 350 46 -326 599 -103 301 770 81 -254 -350 -743 -740 -114 381 -549 -129 -9 630 42 525 -155 108 -524 -346 287 -65 -82 1299 -965 -716 525 280 327 685 -763 828 1033 143 60 -175 15 564 -748 251 -387 819 -13 -70 -170 0 1160 718 -278 660 667 -488 -6 -1165 -379 486 530 -189 249 -597 193 1463 -834 -465 387 -44 237 558 -73 936 -368 263 1312 ]
[-442 -309 -45 1009 144 -394 144 510 1075 222 -347 -814 -1390 447 99 -213 -40 382 -210 -787 -731 -578 -1199 -371 213 477 -506 200 369 693 -778 460 -125 -1127 31 183 368 161 -456 -757 446 381 -726 -1213 403 745 -238 220 458 515 -502 124 -181 -209 -131 -648 -283 861 512 298 353 940 -471 1061 475 -56 83 20 -9 432 325 -500 -217 175 -575 663 -273 -529 -884 294 -451 -438 64 98 794 256 -833 161 -399 -1963 -78 410 137 793 -695 530 -110 221 -64 233 -11 -308 38 188 -260 13 -304 1130 -793 -158 572 767 1076 50 1835 40 111 122 -593 -1037 ]
[-1453 464 -803 -29 -554 -535 -674 -398 -67 803 -284 -228 -23 234 -672 -206 122 540 -64 -309 -545 -158 -1352 -223 210 360 464 -48 -416 989 -24 538 -200 63 247 -99 187 595 -332 -398 -674 164 80 -393 172 524 -330 -781 374 -141 63 -138 147 -92 -285 129 -860 -318 -396 -982 -25 864 -389 100 265 815 -567 537 611 -242 -69 -60 -307 -192 305 222 258 59 312 771 -733 33 -281 256 -1072 -613 191 111 135 -66 259 -956 -603 485 -269 -1051 568 -335 -836 -11 -321 -514 -1012 -170 216 1459 -625 -926 77 -1082 -153 -641 278 -932 998 -264 212 131 -89 -784 ]
[263 -766 613 -321 -1002 35 6 -255 145 -178 -461 65 112 -96 349 -406 -534 -376 248 422 -392 -281 -302 541 -11 694 61 -220 -417 -739 -338 -447 67 -487 -214 566 663 -976 1047 102 -212 76 -524 1355 -106 16 -216 41 -688 -453 758 -315 133 -786 33 410 403 503 -350 -42 495 -506 -844 -734 -96 -73 -1146 -440 964 -288 -190 -735 382 1075 705 -479 225 -3 -72 -534 629 227 -625 295 -25 -188 -152 -64 -865 383 -62 167 190 671 447 -922 -564 380 -122 -1209 -738 -1321 -45 452 -732 201 -154 1855 404 -99 -172 -469 -771 98 -427 -591 -551 410 -117 616 ]
[-170 207 999 -91 938 659 1417 -1304 151 -1215 -455 174 989 319 -353 -478 508 402 223 82 672 669 -185 -415 -520 538 989 -934 518 -9 14 134 26 551 28 269 -233 -513 540 -279 618 56 -301 336 -745 -94 -778 -673 -190 121 217 358 175 -638 -117 -614 132 797 276 -444 -673 -622 -942 -431 348 -505 256 255 678 1 -693 -103 721 426 1231 -203 -815 270 -49 34 -1351 -430 -1388 115 829 -138 -397 -699 -494 -54 275 -142 -718 9 744 283 -197 70 358 -1173 -1593 -986 -215 -6 726 -368 343 637 -153 -612 -84 -139 41 -359 624 -497 -47 446 -436 -1 ]
[-229 1417 -882 -309 -692 523 -653 42 115 931 803 -168 279 132 457 -864 -479 458 -93 501 -346 -516 -514 -349 -62 240 -839 -952 -1429 -78 94 814 -874 16 556 -114 -41 13 -969 368 -998 -644 3 -139 72 -186 -252 -1267 1058 -327 -242 -84 121 -322 -174 -166 -280 -253 -261 -742 -1026 497 270 -47 488 -206 -229 82 600 -506 -130 -10 58 -589 494 -580 -6 -376 -46 341 -439 417 77 297 -418 -424 526 510 312 111 461 -407 501 -415 -229 -789 100 19 -346 302 325 676 -641 -117 -296 555 887 -762 185 -92 -370 -887 -468 1147 -324 -638 672 642 -103 468 ]
[761 -102 348 -140 -486 608 -831 438 757 153 507 369 148 -864 860 -1039 -676 126 195 431 -73 -605 259 318 174 519 56 -115 -706 -24 703 361 -705 -442 -741 75 -72 -536 -855 787 -935 -276 -649 1077 -437 1163 -81 404 96 356 320 28 -968 -201 -250 138 -512 773 -841 -279 670 -931 961 184 -240 -110 -389 -691 201 767 472 -77 -272 927 394 -481 -790 -8 -1093 -306 719 0 -497 513 -521 148 -613 83 -205 731 -520 744 550 746 192 -855 124 -7 -564 -318 -208 -1449 -75 510 -664 -212 950 577 72 -168 26 -759 -261 576 223 0 375 -731 -57 550 ]
[-640 -74 330 356 133 345 372 -799 309 -141 593 -359 553 -1332 597 -1092 202 569 -192 -799 -104 -492 448 86 -329 383 393 137 135 28 309 290 -63 -63 -248 65 504 260 308 -59 -652 -103 -471 869 -231 946 -469 -523 -126 -60 393 -311 -230 -493 371 -344 -505 262 -712 -1048 -639 -51 278 504 -136 -516 254 -445 213 68 -220 1049 -656 475 312 -221 -553 239 -76 95 -187 637 614 480 -32 301 -658 -435 210 173 -12 334 289 299 -219 -515 1006 201 -373 -772 894 83 -902 193 -547 28 -33 -21 427 -18 227 -578 88 -199 -633 53 -7 113 482 129 ]
[-366 -34 279 -708 -427 -727 -531 -139 -462 646 93 446 406 878 30 -609 -428 -583 111 36 -584 296 -185 -638 -369 650 -483 121 90 -393 289 391 -268 -823 -1030 -300 -74 -1156 -482 1264 -41 -898 -753 -206 -97 -598 136 73 -52 716 598 -104 -457 230 -768 678 194 -151 620 -572 -122 -923 152 -420 -544 -224 -281 231 555 -38 249 274 -223 133 374 773 796 497 -186 -645 816 -342 46 558 -213 -1128 263 427 395 465 -951 -653 386 151 -246 -277 -392 100 -308 17 -436 -608 581 770 282 1030 438 1060 -538 -60 -409 619 392 495 894 -1014 -211 -1 -185 -659 ]
[817 -504 -151 -285 464 97 -287 -489 105 -247 640 -927 -213 -1477 406 48 459 657 233 307 -702 -658 359 247 -1348 894 -567 -84 442 -555 -704 -582 71 959 155 159 159 321 1363 -323 -7 -335 75 471 24 46 153 173 -262 203 -248 -403 -1016 440 -1331 62 437 -2 -223 -13 67 -724 -4 196 347 331 10 197 -662 -44 -49 46 368 527 -162 582 -538 -234 -128 145 994 1278 -676 -256 -177 121 -444 -333 -508 -545 640 495 635 942 498 -223 302 120 -231 -468 -14 101 587 -321 -261 -1122 -20 21 16 -130 549 -1156 -140 -487 -366 225 111 90 -174 563 ]
[509 130 -408 -232 -103 -334 -415 -474 -74 45 -183 -368 -732 299 -1217 273 251 -13 361 956 -278 357 -867 424 -485 270 327 -472 -934 524 -162 -104 -740 405 168 -136 71 -100 -11 82 -162 -45 -775 -210 -2 160 1023 99 -180 -322 -883 -108 -704 246 -653 -296 -238 391 -974 -422 175 -901 513 133 408 169 -340 505 -14 33 -222 -1442 -530 493 -158 890 -569 -578 -108 33 -289 -327 -2396 -316 -1094 -811 938 -526 427 -317 94 -152 -92 725 579 -1173 10 224 -816 51 -305 -1618 623 165 1117 -38 1272 -545 -683 -1036 -320 -1136 515 -80 748 -579 994 -916 -229 464 ]
[-686 306 -579 -239 -568 -186 548 -362 -532 -482 -516 -403 10 216 -650 -737 120 336 88 -387 572 1099 -598 -1013 -213 140 -459 -1185 -1200 -509 -240 -26 -198 -408 68 -677 362 -1009 -28 370 -79 -619 -322 -771 376 15 324 -90 624 -234 -893 257 188 426 -709 251 103 60 80 -131 -97 435 716 606 256 -655 -151 -318 -497 -38 -212 163 -480 62 -132 335 -337 445 -148 393 810 571 -968 432 -105 -632 1137 258 -189 -814 -122 -226 -1368 229 420 156 518 70 1 501 427 -310 -1244 269 -209 -93 58 319 -769 -170 -510 -437 -219 133 376 -201 -561 690 -1251 -222 ]
[-385 213 -291 -279 564 -1341 -7 -130 216 -160 372 319 448 -665 -135 -262 990 -91 -38 -557 496 1294 661 -968 106 -1375 651 827 -307 550 841 297 -80 512 -783 -599 644 1205 -289 188 -233 -341 348 -27 -447 -131 -218 489 402 1093 964 -218 -307 1808 -925 75 -1088 -457 371 -852 69 754 569 -369 -656 -399 569 -184 -785 -479 80 -505 -421 -244 -367 -283 -97 276 950 -148 792 20 1542 -69 -177 339 175 -305 172 409 264 -365 11 391 -41 586 1244 479 -54 -415 1415 638 -651 -420 210 -24 -407 -1054 128 959 -198 163 -408 -3 51 731 -421 -147 1263 -1125 ]
[0 -329 135 -426 -672 -68 -1331 -268 632 189 472 1204 -653 84 246 -385 97 -62 1026 612 119 544 -286 -572 80 -74 6 1238 -768 -46 518 55 -1269 -620 -539 545 -978 -182 -1025 852 -731 -982 -220 189 -605 -162 -247 1126 349 233 389 -151 -627 -68 172 -18 -897 -63 763 -538 1150 -651 1077 -232 -245 -668 167 -95 123 74 637 -1245 290 -32 -392 -789 -43 -313 -706 85 715 -247 -171 611 -372 -341 196 59 120 771 -75 888 288 509 376 -68 147 -209 -509 -149 -187 -1048 -214 -37 -122 -239 202 5 132 -805 648 100 -169 1068 -490 164 79 -625 818 465 ]
[107 137 -20 -103 733 -226 235 115 -150 -13 -265 -822 483 40 -168 22 -257 -113 629 583 603 -318 50 670 1376 -46 129 -736 -455 -647 -121 784 -217 -268 15 109 514 519 -449 -676 66 246 1786 -34 387 961 201 -158 479 398 -44 413 436 430 -158 879 37 664 -1280 226 -1317 344 -682 -941 -162 346 -315 -197 -260 515 -398 946 -162 554 653 -173 -786 -611 640 1190 -508 521 309 -452 -362 412 -347 404 -20 207 40 206 -39 207 -314 -19 -654 -657 93 -598 90 -342 -406 -794 76 -1098 -222 -486 -49 739 -688 -1096 -56 -582 -557 703 92 -108 -385 863 ]
[-133 344 -209 -7 1151 1126 716 204 177 1007 702 108 393 54 -934 971 544 69 184 634 405 -179 670 -749 177 -179 105 -187 1211 412 1426 -405 -119 572 362 313 -592 625 -1003 65 -407 156 598 -743 1 -127 763 88 -11 93 -246 45 -589 -364 -82 -382 285 193 399 96 -506 -489 170 -377 94 397 818 626 -94 -124 17 -294 -203 -1062 -627 -341 -665 97 312 351 -847 168 -657 -393 -100 304 -197 -469 683 -161 632 -294 9 -557 179 378 -177 -826 195 20 310 119 776 -440 232 -375 78 -745 704 -34 -318 -408 93 435 -516 -9 1241 -360 312 124 ]
[-79 -471 109 409 -1116 41 -349 -514 313 330 -337 -599 159 -562 877 -920 132 281 -223 121 -211 -623 418 372 -549 678 -113 -223 239 -422 -601 -207 -1099 469 375 382 593 -269 236 285 168 -774 -864 444 115 -95 -389 139 -69 -709 -278 -825 -1264 -1019 -6 -924 169 195 -84 -1204 -520 -628 -166 -69 -4 -236 -416 -15 763 -171 -889 -434 -240 -52 526 -485 -209 -462 -255 -437 353 245 -353 858 141 -307 615 -657 -215 -972 981 1067 1102 210 -920 -1160 526 -242 -4 -784 1005 -58 180 348 -467 -466 -313 1039 565 203 594 -515 -235 288 -466 -337 20 70 154 12 ]
[343 -328 -112 755 523 935 -450 300 733 -991 1224 -211 -546 219 676 -399 -430 -170 659 -943 199 323 1061 450 -868 111 -1444 266 -17 -145 -599 832 320 -1114 101 -86 -240 -106 547 -219 -170 246 -1187 -721 -369 708 72 -57 -161 317 243 604 449 380 362 793 -58 -56 -302 619 458 684 540 1750 746 -820 581 -809 -734 453 1012 1382 -105 336 -937 887 42 -26 -1660 -457 594 -389 242 137 1163 413 -521 367 82 -952 -724 828 -122 688 -112 894 -314 605 279 15 593 -452 -98 233 -245 -831 479 914 -1311 -610 831 348 59 -74 558 807 -531 734 -224 -337 ]
[-451 207 -1183 511 793 148 16 324 44 138 229 158 -76 1456 -867 601 -233 -660 382 290 458 1234 678 436 -115 -70 -507 -981 1136 788 760 -703 951 1559 655 343 -341 968 580 -242 -358 637 -622 -243 596 -63 1320 435 -361 363 -426 649 322 -516 -351 677 117 -385 -179 315 340 -473 -321 883 254 462 325 -402 -274 843 21 425 -591 244 -21 229 -2 180 163 332 839 -703 -959 -699 278 228 1179 -692 490 -447 -309 -346 -87 578 -365 548 149 841 -24 -68 -578 -731 -268 -186 -902 -318 -416 577 644 -1006 -778 -355 -266 -495 -480 264 182 -490 -122 689 ]
[464 407 -332 316 49 934 648 426 1003 81 468 928 -918 -433 429 -468 -522 -160 -610 191 79 654 -830 507 367 18 -331 -40 -186 357 474 270 171 -629 124 1135 -538 -528 -172 -271 -331 374 -436 714 1133 144 493 -125 265 -193 -410 144 -48 -625 481 -808 -124 -469 385 804 189 212 306 961 372 -470 327 -921 48 -365 693 -698 -408 -203 -1466 -325 -269 495 -560 392 -496 -1371 -218 16 568 618 -129 -128 98 -233 517 291 -152 579 208 399 67 838 -190 960 -1072 -51 -1005 550 -1003 457 689 -1375 -96 -133 -102 1377 730 321 1323 263 532 -922 -667 822 ]
[109 471 -210 -325 -369 160 578 610 -376 287 -772 -211 -735 138 339 -713 389 -282 -1002 -99 -1555 -1174 68 -381 -235 916 -161 685 -10 -64 -71 -285 818 -453 13 -336 659 -591 -344 504 -776 -758 -375 -683 33 -1280 -219 -575 -548 -984 -520 -153 -131 -1137 -1005 -485 -183 -312 900 -53 -92 -417 -1030 -204 155 126 -358 164 73 -948 -844 -453 201 203 140 212 987 388 -235 15 -489 527 -96 321 -315 -676 -506 260 946 -309 -854 -340 1384 -285 -1037 -640 -91 566 -643 83 144 1109 421 300 628 849 8 1236 867 359 179 1104 469 567 -174 -948 541 688 -291 -670 ]
[100 292 -422 675 -395 215 -515 720 224 1024 -313 -792 501 -107 242 255 -318 -506 -187 -214 -99 -1345 288 -394 117 164 -843 -991 -629 -481 517 -194 261 -434 -585 -221 65 63 -893 539 -439 -1269 420 -1032 941 725 347 -623 670 -536 177 162 159 -568 -305 969 396 361 -724 219 -887 110 -46 1191 552 -205 -576 -119 -359 847 224 -4 -815 -510 439 290 -951 -542 145 389 385 363 353 185 429 -340 306 923 618 -536 599 181 402 326 -276 -78 30 -141 -533 277 1105 684 893 -699 229 -1331 -322 304 -613 582 -243 -1231 438 -156 211 683 -415 152 -403 -263 ]
[-355 167 720 -813 1224 -99 447 -698 1321 196 1566 -113 889 -160 481 -590 -86 343 609 1418 289 795 175 -365 -618 -278 156 211 850 186 -229 1763 -231 -498 882 234 -604 343 -24 -527 396 10 206 690 -350 -418 95 489 -47 1529 24 40 -843 907 -821 -42 -483 827 372 -433 -838 -640 590 -820 141 -310 463 514 -380 197 629 45 55 -345 -421 -609 -723 1051 355 868 197 108 472 98 -213 -65 -720 227 427 -570 -98 77 -393 139 1089 1096 81 -314 205 -166 -449 -397 120 121 -143 -382 485 -827 -43 221 -320 -490 -1490 1332 -242 347 1165 -372 578 739 ]
[-655 571 69 92 -11 -29 418 1002 387 -38 -708 -137 -106 708 -122 725 -369 421 160 -263 -827 -953 1105 -188 312 294 -1119 26 54 213 -816 -296 93 -53 -566 -552 402 201 -374 -611 514 249 -264 -169 -336 93 -581 175 -142 890 1128 -32 758 -926 1273 318 355 1065 -110 1059 -181 704 -1073 40 1287 815 -928 -464 237 276 327 1178 1072 -849 409 -466 -92 207 104 -572 -242 -350 -191 -262 -263 529 -272 200 -812 119 -1158 472 35 -87 -294 887 65 -448 -385 -122 -1690 739 938 -353 704 264 -194 937 -652 250 615 212 -599 -156 903 396 279 313 -237 166 ]
[-703 110 -33 -194 397 -661 -1027 530 -27 636 -264 773 94 -141 175 -672 -15 -376 459 663 -398 183 11 -876 -37 -334 440 185 -620 148 163 -110 -1158 -777 -1273 -607 -52 439 -1434 1535 -535 -1128 662 -12 351 38 -618 -124 853 571 179 -425 54 116 -730 672 220 -448 506 -2 402 72 924 -731 -2 -369 301 -313 -748 7 325 -383 620 67 30 -34 563 47 -215 -38 83 -249 312 185 1458 -296 -89 643 326 373 153 -271 -84 146 -175 -216 175 -48 -361 -292 -722 268 -194 -403 905 974 18 -644 43 -37 939 1140 -480 445 188 257 77 139 188 -386 ]
[-605 1062 -747 465 -191 -845 -248 313 310 131 328 351 -707 587 -123 -1067 -294 636 421 -157 -61 1374 -613 -574 569 80 -144 -994 61 -315 -311 1753 212 540 396 14 -201 469 -408 -251 982 201 -457 -197 618 -407 -300 13 1081 -82 -1045 529 1084 398 492 -139 47 14 364 -519 -656 -13 385 670 -152 -254 580 -26 917 654 -337 803 208 -603 289 -175 199 338 -348 -291 -16 -721 381 333 392 98 1899 56 -225 -982 -207 872 -111 -559 -185 1334 636 740 779 710 -36 -113 -1085 -163 -1311 -558 -377 422 -346 261 -990 280 -198 623 556 -901 -133 -170 194 358 ]
[191 301 22 -34 333 -403 1103 -215 297 -240 271 -764 612 -904 536 802 -39 105 -17 -475 498 -200 48 271 1020 -572 877 671 333 217 601 1081 493 -1006 -910 388 140 106 617 20 -115 267 965 1095 -803 174 6 735 -686 379 751 -430 234 943 234 885 -40 -594 -269 -167 -100 641 -454 -818 -780 562 -496 161 125 -767 347 769 -831 -349 385 -721 -218 726 252 386 680 864 1140 1097 -377 -248 -642 382 -266 588 -203 -533 -314 -373 -208 120 550 -332 230 378 1079 786 -318 162 -402 -256 -1321 -478 12 592 -183 -601 -881 -248 70 692 72 158 1020 -146 ]
[809 -322 -184 271 77 235 690 -556 616 -738 65 -364 423 135 -232 109 63 623 -506 144 388 -707 -577 329 188 -243 364 831 -1056 983 215 -281 -101 -113 -585 -184 173 -876 -491 -385 381 193 1164 807 -356 474 -242 386 274 65 150 141 -1506 -163 396 -747 -1649 137 -714 50 -306 -603 115 1307 -645 -194 -798 -572 -320 471 -659 296 -538 -132 353 -871 -1490 766 316 840 562 370 -922 239 -508 478 49 -268 575 -136 -356 -92 -197 -193 155 156 649 -776 191 1054 -612 1281 -127 -985 835 -415 371 -1634 -614 267 175 -1234 375 211 -196 77 317 -1340 59 15 ]
[350 -279 -314 -578 -1855 201 -912 -16 -156 415 -610 1187 537 402 -819 -450 -158 -110 122 645 424 414 115 -1024 -258 -288 100 -468 -246 95 679 -722 -1260 794 180 -704 -252 -490 -308 858 395 210 61 576 -292 37 6 -657 267 -399 661 -133 -1505 344 -39 -341 537 244 -93 -433 1037 -1076 449 383 -569 511 21 -450 445 560 263 -481 244 -383 506 -810 -243 -221 96 -556 848 -726 -265 -491 -517 375 1050 -116 -1023 255 440 71 -433 30 799 -708 -194 -1049 710 -600 -510 -1447 -311 280 -880 567 136 -327 417 -117 183 -121 -894 -121 -92 246 -611 -42 -46 -352 ]
[312 -93 589 119 16 -342 371 -114 -311 -226 -842 570 719 -243 1149 266 79 381 -809 -152 191 -753 489 247 -136 705 169 194 1002 -391 347 -1204 -40 515 -175 -492 -413 -477 1176 239 343 -892 -360 1010 -617 -1040 -990 428 -293 -605 -69 -242 1251 -172 1090 -13 413 -736 677 -45 -11 373 -646 -1303 939 -192 -947 158 44 -836 -257 439 463 -138 637 -387 270 37 -138 -1298 421 -89 992 348 326 143 -165 -520 -119 842 536 -604 418 -1204 -359 -510 -78 764 -270 -755 717 415 193 246 25 -64 -440 1556 161 -189 508 333 -323 -318 -91 -282 -370 508 -271 -310 ]
[-953 -184 -742 -91 -94 -467 -313 -571 -519 -575 620 -702 -1320 88 214 -52 54 498 -246 -514 463 -386 -653 991 36 464 -1064 -490 246 292 -1432 -230 -466 -476 467 355 308 1168 912 -265 -670 -561 109 -232 266 154 -150 653 332 1129 -221 -138 412 1165 -34 687 -179 -262 579 678 185 1074 -703 -470 1656 -54 -757 506 79 -219 25 311 358 499 -500 812 110 -584 -112 509 -422 883 10 -417 417 21 -604 519 -260 -475 554 1 -651 534 175 -140 -330 -539 -49 99 107 372 -537 -702 54 79 340 -604 -514 -370 -310 -410 -338 -357 -2 653 -601 1553 186 398 ]
[-406 638 350 -419 -290 118 -403 1076 851 -6 -354 834 361 -247 286 140 -456 -8 13 -364 -321 -256 -499 -825 1164 -664 -110 160 -703 268 483 392 879 -1059 -913 121 -691 259 545 419 347 -810 288 210 -452 98 345 -550 554 -374 266 -452 2056 119 282 645 -234 -531 49 1145 226 394 97 -702 -73 165 -1157 -881 -55 -451 13 48 257 137 -467 -332 221 -377 -273 -32 -143 221 2070 589 -167 874 -612 1255 -367 1422 628 32 -1070 -153 598 -651 113 -394 246 -303 66 -288 -589 464 -1399 376 -839 824 736 203 356 188 -7 364 -171 743 467 584 -990 415 ]
[540 345 -301 151 341 791 -384 216 -839 -288 188 1102 -408 -223 -970 311 1174 -338 491 251 711 717 1242 -580 198 -622 -362 -462 740 -641 -209 -34 -44 464 435 -467 212 -49 -729 -456 -195 615 -47 -653 -1073 -460 1188 551 100 598 -362 335 -764 -206 126 569 483 1060 -475 -97 551 -118 704 763 -818 749 1250 -574 170 409 -73 1161 238 361 646 482 535 -568 25 482 -132 168 -923 -66 -244 55 47 194 160 349 -622 1460 0 920 -575 490 -473 -632 657 552 -380 -239 181 92 628 -366 457 798 -663 -214 558 -289 182 -788 617 328 623 -341 -749 385 ]
[-1341 467 277 -310 521 354 663 151 825 584 -521 -880 329 -155 -16 -805 -204 771 52 784 -65 66 -321 -394 -8 342 353 -377 164 242 -227 340 -258 -623 913 92 -736 362 -1037 -532 -456 -23 -167 7 235 64 -36 -842 214 -52 -759 216 -345 -795 -557 -220 -249 -117 -107 -284 -980 548 401 -754 1006 -90 430 4 -795 -190 180 -250 -362 -85 -650 -421 125 -30 -407 962 -962 303 -546 593 -153 -83 -576 -296 -228 -1323 -359 421 -514 210 109 -125 956 -123 -155 -235 409 -204 -353 501 -86 -132 -759 11 1001 -579 660 17 -434 448 -189 481 1410 24 -262 870 ]
[56 489 969 -433 1068 498 455 85 380 -751 -21 104 2274 225 331 -80 -631 -48 -39 486 1074 587 1488 -142 -136 -676 161 -734 214 -133 66 -341 546 1168 113 -900 346 -315 -286 -326 302 -420 116 31 -43 87 -684 -80 3 1072 -392 428 864 77 -1 309 289 293 -488 -408 -915 131 345 -780 172 -360 -519 -478 -277 446 135 715 -66 -82 885 -806 -31 400 966 -394 -87 -195 -199 -127 32 318 298 -506 -47 514 819 -44 -875 -597 85 477 207 8 -159 -999 -555 850 -879 -409 277 -631 157 -223 15 516 -455 -789 -980 -102 -281 177 -424 -202 -1054 332 ]
[167 -246 -273 90 664 140 -37 -792 -767 229 58 -26 575 -226 704 353 -6 163 -1085 -27 -683 -438 -409 -23 -264 150 301 116 629 428 1061 -431 662 350 510 -483 75 614 108 -194 -846 529 47 -376 651 -202 -806 -145 -283 -170 67 528 362 126 -212 83 556 -642 -63 -904 -144 609 -104 337 368 -33 873 863 437 199 369 -93 -854 -532 532 158 729 -591 562 -904 -312 653 69 140 814 -1111 548 -745 -241 -248 332 -1533 545 -668 -246 252 683 631 -1132 -15 839 833 228 414 343 668 -68 248 -82 -544 -138 -313 -305 -16 -612 -708 -200 -11 629 -722 ]
[-472 -625 -740 39 -233 551 99 365 -582 -745 -593 512 -749 -922 -344 420 138 -215 890 -258 -315 202 463 201 22 32 -420 374 -254 -377 84 -378 434 -836 -830 635 221 -289 183 680 -581 100 -400 517 43 -321 427 541 -741 -589 431 84 598 -1209 849 804 577 -599 170 -241 565 -123 291 318 -506 -374 -328 -803 591 72 796 679 102 -243 -450 102 812 842 -154 -380 350 69 -656 610 359 1 489 14 467 115 -292 560 524 390 795 188 247 168 -246 458 -522 -162 -629 808 -390 1230 -229 252 -26 -854 850 538 -259 -796 -63 -9 -493 -98 310 981 ]
[311 73 -735 -268 -1193 123 -784 -315 -168 -919 54 1501 219 1336 -753 828 376 -148 470 415 661 1042 72 -777 70 -821 -597 410 197 128 674 -183 -1232 153 665 -200 -655 -540 -715 -528 151 406 888 -68 -910 -205 669 222 -21 297 355 -402 -534 -165 1550 539 -569 131 417 -508 396 -1148 -104 946 -187 360 320 -455 311 149 -191 1060 -94 -1187 -237 -539 168 -282 -160 -639 668 -648 418 -627 -985 -364 1197 348 1093 -38 -141 494 530 -488 -692 280 607 -763 -489 481 -9 384 -1090 63 278 453 10 -510 -401 -1042 887 -1 117 -275 -250 90 811 -1117 87 292 ]
[-352 -564 -617 -468 -808 -68 671 -430 385 -1164 -459 327 -289 517 -458 -718 -84 -76 -4 -38 -544 1254 215 -522 -870 -187 -508 -8 -1262 -45 -578 -256 15 -160 -553 -386 209 -1302 -87 -104 -827 535 -586 -147 119 -78 -122 37 -743 274 142 243 236 119 -530 -91 -292 -183 413 -102 474 -754 340 383 227 -533 17 -1092 -75 -103 -275 -384 -564 -326 239 -248 151 1271 -686 112 -40 -147 -1553 942 -218 -321 124 485 -394 -199 -356 70 18 335 260 91 300 670 -1315 198 -1043 73 -724 202 -616 113 -221 869 16 -472 91 -433 -772 178 290 149 -247 629 -822 -540 ]
[285 -384 -83 -458 -442 677 959 -286 -862 -141 -65 -118 1163 -821 1029 269 1 -112 335 -674 421 677 788 -887 -370 310 -359 -925 -131 -448 1013 -519 396 980 -1004 922 296 -738 95 282 -503 -87 -566 868 816 94 365 178 -2 -439 324 130 -221 -1376 -990 299 1221 205 -279 -533 173 -315 517 694 -555 108 -564 -1523 137 -336 75 625 -199 -28 807 -912 -303 669 210 109 969 -236 -360 1025 -106 -170 306 47 -136 564 659 281 561 1120 112 160 1467 16 -520 157 -616 -200 -658 818 -1547 273 -828 1287 677 143 101 -191 380 -105 -686 550 -356 -175 -707 1125 ]
[-910 -48 -161 229 -244 -472 1052 783 29 -178 646 -504 -123 872 100 195 -298 723 -209 -80 222 484 -377 -13 116 -633 -1104 15 -444 986 501 56 375 -233 -629 755 15 -198 -206 -569 1198 377 64 288 92 401 0 154 -258 476 468 -172 -647 281 624 -487 -736 -759 8 1089 -685 80 -293 584 -88 243 -602 -218 234 -331 -877 800 181 -943 -546 -269 -9 1148 -291 -206 -318 -505 744 134 268 899 654 -172 159 -410 -149 -25 872 -163 -386 861 -88 -393 1595 321 -179 1541 -46 -347 -412 465 -292 -846 238 752 -428 619 518 641 567 -142 605 74 25 566 ]
[441 -750 379 -209 -1587 375 31 -975 195 -219 -142 -619 -523 571 91 193 -69 450 -240 243 103 -192 -1011 785 124 586 -416 307 -164 -595 -991 -1202 -180 616 339 343 327 -11 172 -569 246 -181 322 173 -4 106 -35 155 -271 -344 -104 133 -748 -718 627 -148 -681 767 685 221 271 -96 -147 1207 215 -246 -704 464 530 -559 -782 -222 -98 236 -623 266 -699 -463 97 -158 -285 397 -996 -467 -583 342 64 -328 27 -467 81 99 250 138 504 -264 -254 -247 283 -251 356 393 564 -730 1184 -325 -145 -653 -802 543 -120 149 1068 -133 534 -726 -123 -519 9 703 ]
[-1396 469 303 -303 90 -737 365 954 -49 204 365 -713 444 887 760 -327 -269 712 -104 795 -293 1394 654 -537 1732 -32 -163 469 840 294 842 850 1134 -799 -238 -443 -533 206 -447 -630 912 -524 184 -827 -348 -290 -47 581 234 278 -150 429 616 1233 -160 656 -393 -392 697 306 -649 435 -107 -391 -147 282 -394 632 312 56 -803 1328 -249 -291 -440 1098 669 1703 116 -335 -523 263 1109 541 -908 654 722 483 534 190 -821 14 -315 462 -570 363 404 -1040 236 -104 103 319 -68 592 442 331 -1124 243 -344 522 -1037 776 765 -170 481 241 398 -436 -748 -214 ]
[175 -249 352 196 -465 -678 -192 -428 -168 179 -64 -56 -364 -412 743 782 463 -27 443 298 -178 -136 1025 47 -276 36 -249 496 432 -971 -623 -135 -125 479 804 -880 88 734 300 -1096 106 332 -257 -255 -492 -754 -280 959 -223 469 -371 -184 396 203 682 357 892 1484 -276 -98 644 982 569 -144 605 641 -405 374 -78 -386 381 478 77 -169 675 252 948 -365 678 -322 196 -90 716 191 -81 -690 -176 140 400 52 -664 253 278 391 -351 601 -338 -17 -873 190 158 345 934 -44 614 -324 -676 1358 -753 180 191 140 -362 339 61 230 319 -402 157 408 ]
[-334 -809 836 -96 51 -178 341 316 -165 -10 -497 -737 527 -185 1101 297 -576 16 -1548 -863 -60 -1156 -209 306 -944 839 553 -780 504 171 -310 -510 187 482 -305 30 506 -70 -55 226 -102 -292 -552 -312 633 264 -1631 199 -317 -15 331 237 82 -132 -1273 -361 149 249 646 658 452 325 -1079 -256 1646 170 -671 1311 -413 156 -168 -1053 911 369 38 78 -358 823 -688 -672 276 629 -844 -376 224 -735 -665 -47 -725 -436 588 -413 366 -630 19 -44 243 -49 -488 -87 -76 295 1189 -335 830 -707 -145 683 -4 632 -818 61 -350 534 474 -252 -1043 953 -54 -1569 ]
[-205 122 -36 -323 -152 50 288 -504 156 -158 359 -370 -206 734 -943 130 269 411 920 -976 -763 -366 -590 -873 81 948 238 835 -345 -208 -335 -29 593 13 -675 234 -361 428 -540 -899 308 276 829 70 -552 354 852 -1483 -426 -239 229 -51 -72 -222 -196 -639 -775 18 -481 -103 -485 -835 -890 -36 -745 567 314 -155 259 -470 -1079 511 448 359 -5 613 163 151 299 796 -817 542 -236 -540 -1224 503 -1015 688 366 214 -545 71 294 270 373 -585 243 -349 265 -514 -1082 183 308 -856 -307 -184 -484 -855 907 13 -376 -470 1273 -463 -928 -101 32 -176 -164 293 ]
[-118 -419 95 578 -513 -48 -733 -123 -18 502 710 596 -14 684 1645 328 -342 745 428 385 272 -631 784 573 101 1219 -273 -401 820 -302 -678 -169 -341 908 1100 226 450 -160 -329 -986 602 940 -182 605 47 -304 -708 958 183 -377 217 -139 -320 -598 1104 -792 24 711 109 868 608 686 -538 137 694 660 -151 135 795 -67 -397 335 1184 -336 439 -1109 591 173 -675 -744 186 81 -361 118 781 547 182 299 -730 -355 -136 513 409 -361 -1215 240 -136 -484 133 328 -1371 -36 175 -600 66 -159 160 924 -397 228 62 128 -744 681 -776 -288 57 146 -682 906 ]
[-537 -452 720 2 272 -145 350 -680 260 -794 -188 407 506 1153 107 76 -958 -1013 473 337 799 801 -422 893 -195 -163 452 -494 -309 1026 -41 783 596 -1346 -89 822 699 -1070 1239 239 209 950 -582 798 432 212 74 349 -1117 -416 276 -79 1329 -182 784 741 -9 -573 -886 -551 -579 408 -901 -191 -85 -393 -862 -159 605 269 -183 -241 -586 263 -182 -375 -98 586 143 -547 321 -909 -293 21 532 -162 1184 -313 -191 140 163 -979 -881 -597 259 215 -54 1384 -183 -426 -699 -1299 -758 505 -167 774 790 98 -425 -735 -607 378 -1399 -1 -566 -532 -357 -133 -185 117 ]
[-544 -568 450 -253 63 309 -1023 175 469 -163 -600 -351 145 -238 -93 92 -583 -465 -259 549 -1027 -1074 210 503 -912 175 139 1137 404 -303 -892 609 95 -571 48 -604 -391 1319 397 0 434 -604 -1142 -208 -961 -619 -428 -836 -612 -138 1071 -424 323 60 124 1318 834 -491 -690 -311 -161 -61 -847 -985 808 474 -593 861 471 247 266 -742 489 1010 390 868 924 -721 272 -329 -633 100 194 -295 -7 -646 -330 -627 770 -301 -247 471 53 406 435 -471 363 160 -575 -1763 92 -399 505 -65 1249 -31 22 -181 -273 -1165 367 -112 -1651 -1477 184 572 47 -193 1546 -461 ]
[-299 -748 -188 -798 323 -130 -716 481 53 15 -3 415 -351 -1040 135 -368 -298 108 650 -205 529 -125 -613 -110 292 -923 545 913 407 -452 437 519 18 -794 591 -255 -91 742 192 274 125 577 -372 -708 -895 -661 449 1429 -221 336 50 -116 -97 917 -229 94 102 -57 1286 -129 771 -265 1153 -38 -779 -196 666 813 -288 449 851 301 -201 58 -824 391 757 -358 -232 -21 587 984 1475 183 199 294 251 344 366 602 -443 533 348 -553 379 608 69 -859 640 391 1053 -272 -244 459 -96 368 -1128 633 211 388 374 1586 284 170 97 -325 686 -51 337 635 ]
[364 289 -593 -311 1046 -237 -1036 -809 476 -316 906 -291 194 -1117 421 -268 -151 830 1026 181 -431 -90 -331 -176 -554 -120 -359 546 184 -533 -983 485 -1152 965 100 -308 268 -400 615 -587 1372 -119 310 46 -507 92 -322 510 477 125 -321 -440 161 661 -91 261 -670 -223 541 33 261 291 598 -106 -269 524 586 388 -165 -537 -902 849 1338 -112 -867 -22 162 -81 -605 -461 384 1050 89 -106 -310 622 -688 -265 -637 -67 798 380 -166 -145 89 -37 -611 -93 371 573 598 793 149 -495 207 -629 -81 -834 -1373 329 901 -605 405 -126 375 -433 199 -57 -170 173 ]
[-249 78 619 183 239 646 -33 -26 147 133 118 -188 177 -565 605 -39 -137 -80 154 66 -528 -650 492 -873 -24 1082 -167 204 1024 2 -49 -1060 302 253 -333 321 -245 -89 21 263 251 199 -65 -387 -220 212 609 -165 -418 -607 -485 -143 -299 -342 -1051 -315 397 43 884 -34 367 -391 -585 176 -720 599 411 437 -63 128 -849 94 368 488 -305 358 -88 -9 -389 600 -26 832 232 118 190 105 -1459 -382 -1032 111 -42 372 -11 101 -648 -383 -180 -20 63 -652 90 -351 423 7 -1217 -476 -558 1471 606 401 354 622 859 -174 -590 -221 -160 600 -781 -257 ]
[-540 874 181 -910 -68 -191 1113 721 -605 -458 -697 -988 76 25 -1391 -305 -90 260 112 456 -534 -240 -1308 -1130 -282 -732 534 61 -1392 859 163 -215 -92 -465 5 540 -421 -938 -636 44 -472 302 174 256 -372 -510 -606 -933 -273 -118 -480 268 -93 -609 -724 -242 -426 -551 -579 -113 -677 -162 -352 -752 109 196 -271 354 -809 -674 -298 -629 918 -153 459 -737 308 878 -454 557 -1373 656 -1402 -365 -1316 -738 -127 -573 -545 214 -602 -520 -54 -669 1468 -101 169 868 464 130 -83 792 -843 126 -141 785 466 -968 453 -644 99 -785 -147 570 -127 -172 -450 1113 332 -488 ]
[255 799 -431 58 -789 350 933 1198 -805 108 -708 374 -145 86 -1088 1003 277 -310 -543 55 -216 -92 -894 -933 15 -351 -1228 -565 -787 215 -205 -1101 -340 437 -25 311 -600 348 -1282 189 -600 -108 51 -703 529 381 600 -1036 1004 194 -441 867 109 -1074 293 -187 498 778 -353 184 459 -306 -260 921 972 380 186 -353 131 -203 286 -400 894 -835 338 -511 83 -462 207 -149 -625 -1301 -1187 -661 -193 -196 -240 388 69 -985 -315 244 -492 523 589 779 -129 -3 -479 948 -628 656 668 490 -76 851 416 490 256 -366 548 -364 88 20 1069 446 244 551 -378 282 ]
[-129 -810 -218 -133 -433 404 798 -762 -492 -639 -349 -200 89 227 627 1028 496 -369 -8 559 -158 498 791 14 -795 71 -160 -216 745 -61 227 -358 318 -423 197 423 368 -265 1425 -900 3 640 -27 792 138 -956 419 -184 -1084 -833 224 136 -228 -257 -810 115 471 -421 497 -143 -99 -674 -824 -33 257 120 -200 144 622 -1024 357 -398 -376 -82 299 350 -397 -77 474 188 -1097 -378 -351 81 340 413 192 -73 6 -453 1380 -350 706 759 46 -80 434 -277 -306 -647 -307 -474 444 597 626 100 -486 53 290 -186 362 349 -300 -1077 -92 1049 248 471 -230 467 ]
[-185 -368 -231 58 389 184 162 -363 39 1068 706 -315 53 184 -219 52 143 -215 -395 31 -368 -65 -111 707 428 -71 384 579 992 -265 -542 1492 174 -688 615 197 -194 193 1343 276 429 -77 -209 462 -888 -390 131 45 -199 -146 -369 -356 125 60 424 -483 -627 -1110 740 -283 -238 476 328 -248 -789 228 257 705 -134 -298 36 144 -898 -93 120 -182 521 266 -93 712 454 -183 1205 439 -660 44 -878 -197 1189 -677 -36 -1025 -261 -993 -731 -282 146 491 153 1249 1332 696 640 967 -106 118 -870 -881 450 -275 -65 542 -886 289 612 201 1156 -180 936 -487 ]
[167 187 -956 -2 -161 403 -479 -1364 -200 113 280 343 941 452 -30 347 30 -375 814 -507 952 987 58 -195 -678 -308 -684 -859 -664 -280 938 -44 -606 1504 -206 590 -369 142 -208 -318 -189 809 -241 470 -40 224 597 -672 -226 73 1157 411 -558 -104 -155 366 -421 -387 -177 -547 220 102 250 425 -468 -13 166 -732 402 -490 -453 1100 93 -819 -437 -192 128 -7 51 -351 -70 -1012 -126 347 -56 -201 146 -120 -106 453 216 -632 845 479 277 203 -216 877 111 -130 -27 -590 -100 -19 -237 344 -329 374 -305 256 103 -38 488 118 619 -490 555 -416 -23 120 ]
[819 -352 -883 -212 -647 -197 -454 -776 -350 -614 61 875 400 56 -1135 408 557 -82 -105 -166 493 444 -461 -384 -370 1 303 31 -1266 117 724 -540 -986 719 -827 -482 -275 1019 348 1321 -514 -381 418 343 -608 -297 288 -1141 432 -857 910 -18 226 395 480 281 -704 -602 372 -646 624 -195 -626 440 78 -681 -271 -678 111 -503 -125 -281 -44 -291 560 -220 -567 -539 387 -380 429 -268 -148 -408 433 -977 783 -172 929 167 575 -1448 450 -733 650 -902 724 194 -41 -631 507 -11 -755 -612 387 842 799 -1059 -146 -887 470 -888 205 -67 -88 -453 -687 597 1300 13 ]
[543 -95 698 -519 325 -564 -447 978 580 -411 -180 -457 965 403 1239 -566 -1194 430 -210 -402 -640 -354 389 -1 -294 -431 724 701 -678 277 -146 150 329 399 -457 -600 599 -342 -675 -141 498 -152 430 90 -491 -303 -1371 590 -53 713 902 -276 -53 354 -1209 62 -1211 -862 400 186 -776 130 -1062 -1037 106 -154 -790 454 -942 285 -55 -528 1211 358 37 -514 217 669 -127 -870 382 134 787 -276 -423 -52 226 -341 -632 673 -555 -96 926 -1018 -445 353 367 431 -14 -243 -631 890 -45 -617 1069 259 -54 -196 237 553 67 404 -57 -378 276 -612 -804 -423 506 -1546 ]
[-196 -614 -15 266 336 -102 -318 286 -262 453 -53 -534 -645 -87 922 -1016 -719 403 242 121 -352 -288 140 414 309 730 -357 -259 -268 -244 -1339 284 -89 -888 85 -321 802 364 277 -92 561 -60 -152 -469 1190 -68 -250 115 12 -87 -660 83 224 1139 -961 341 936 -13 -2 140 -822 668 277 -408 157 -214 -83 -332 -250 599 459 -373 -258 791 3 895 -127 -598 -171 864 -314 -294 423 55 1112 744 -174 286 -633 -499 446 501 -262 855 -1028 -11 -685 -110 114 -674 -458 -690 -434 -445 -451 -732 300 497 -558 497 394 425 -28 -1066 191 536 -426 719 -757 509 ]
[717 -169 -172 547 -620 122 -299 474 -505 200 138 -216 -588 353 -840 1365 131 -337 132 -336 344 -71 221 1038 -74 -458 999 -100 735 106 -31 -752 -259 546 541 866 787 -371 47 -167 -152 1314 -446 703 -237 816 550 686 -845 -443 148 -594 -1452 -174 424 -745 215 101 -488 -296 626 -54 224 132 -1178 533 866 1119 -261 -45 272 -1358 -377 117 -195 -264 -234 -854 131 -734 102 -746 -747 -1006 -329 531 236 -344 36 -538 181 52 63 -435 -257 -93 -197 547 646 742 680 -137 397 34 305 160 568 -1154 109 383 -202 430 -275 -513 -197 267 187 -1090 831 -1134 ]
[1064 -331 270 368 397 365 763 -32 491 194 585 -237 795 -451 499 1115 395 -810 -272 595 383 -118 -465 768 210 -632 432 128 926 634 1584 216 1131 -154 -27 953 409 -512 920 -165 -971 1321 783 752 -233 -510 131 -443 -797 -29 531 489 -450 -189 -1057 -87 -171 -89 -17 -796 93 -397 -878 412 -1531 14 -313 221 647 -373 775 -522 -697 -485 515 -580 334 510 604 -231 374 191 285 186 391 334 -352 -354 870 -370 704 -1377 1383 69 270 221 -191 295 86 184 356 434 593 327 -500 837 -634 232 375 455 -297 -422 227 390 -394 -18 -42 -432 478 -178 ]
[-797 -22 -635 253 -637 -589 557 64 438 -53 46 -237 -735 244 -1188 -913 465 212 256 14 -761 -107 3 -128 -327 -431 52 449 -600 783 -1058 750 -21 -1173 355 -153 822 458 -40 44 -383 -346 -1221 276 -473 -406 22 -227 229 -195 123 -192 -612 -464 38 -980 90 591 -17 -887 -516 206 626 777 -171 -440 474 167 38 -412 580 -657 -341 478 282 518 470 -6 261 419 -504 -359 73 -93 430 186 520 -546 256 -987 -615 -225 -108 116 -279 16 628 259 -93 344 -696 182 145 447 609 1266 318 -462 -195 -634 550 640 -281 23 490 179 128 339 563 -353 ]
[-900 1115 -352 -758 193 -206 897 278 -408 231 -99 165 -46 -209 -55 37 -46 358 156 -828 -168 406 -59 -2045 196 -499 122 -192 -965 116 -282 89 -500 111 -1102 -493 -287 302 -1518 699 235 -1180 5 -880 -7 -317 -271 -83 694 14 -564 160 968 -813 382 -673 95 -769 602 191 131 840 916 -521 -85 -973 -107 -204 -28 -1044 288 -197 698 -623 -470 -142 164 755 -223 621 -563 158 -57 494 223 -86 -175 548 40 634 213 478 -483 -562 615 401 501 -880 -84 921 -871 650 -294 -6 508 853 -199 -872 95 535 258 577 360 471 840 43 -123 568 -323 633 ]
[242 141 -307 77 638 -952 -406 823 -497 -747 -852 742 -1350 -604 -827 519 11 -412 566 -450 -428 -773 34 716 303 -160 -398 605 -1178 996 -133 -1101 813 -182 -1372 -349 880 576 28 613 232 278 544 126 -134 302 416 279 -232 263 422 530 871 969 -31 467 -679 -763 -245 1015 469 387 -209 131 50 -5 -574 -919 -1154 841 185 513 189 186 -817 791 347 179 207 -238 403 -99 596 -650 -307 328 -373 -267 40 1036 -1293 -279 414 -79 357 51 -170 977 224 399 -453 209 49 -565 366 529 479 -678 -221 446 739 847 889 -74 411 223 -494 -74 221 275 ]
[67 -496 -595 -1103 650 -239 -9 -772 489 -262 25 -684 -262 -199 -791 -62 59 -197 994 270 -116 -398 -1317 234 -790 -1016 485 543 103 -173 -1435 201 -564 -556 1332 309 484 -519 380 -735 495 788 -4 175 26 -837 527 359 -914 -354 -252 -75 203 311 -189 91 -184 119 609 -826 -375 505 503 -553 -393 333 810 571 -327 -1018 -490 136 105 481 -1578 370 366 -463 257 627 -947 726 -273 -86 -560 298 -730 -88 -416 -554 516 119 672 -287 1164 323 -738 384 348 -97 1815 148 -87 -26 228 -31 -366 -300 -1027 237 574 278 652 -669 144 -518 241 446 606 561 ]
[731 -76 379 -698 -486 230 581 418 232 -337 218 -363 -14 1397 -165 -428 134 -247 272 -256 261 966 -591 353 365 -508 -575 1053 -472 399 54 467 -601 -817 -377 1222 -194 -937 -1396 174 -385 485 -187 148 -12 640 475 600 -546 1502 1433 -648 -1961 616 -244 -369 -589 -192 10 -844 -201 -42 -162 -541 -760 228 338 -674 -279 -881 -453 -651 -97 -390 -1143 -992 -86 -301 -5 -752 697 -812 -26 105 -1532 -116 -112 -571 -442 197 -1004 484 790 148 577 146 300 835 292 -410 1089 186 6 1009 -600 485 269 -726 213 555 -471 923 -297 728 -585 163 -102 -900 1251 -807 ]
[-483 -711 0 -145 1065 -224 -510 -839 -65 -2 17 821 -710 -466 298 6 778 -877 704 132 -648 -154 95 96 -77 386 -246 98 38 -143 -534 -57 121 -574 -29 452 116 264 -200 -212 -128 -18 -232 -300 -185 -691 973 1092 -635 238 703 -323 -69 -357 -47 135 646 123 180 -473 73 -251 -361 -783 -264 448 152 74 961 -62 -589 -510 72 509 -371 848 983 -259 796 595 212 685 -90 574 150 -875 -68 -429 367 725 365 850 1647 701 -785 147 -52 220 -819 99 -44 -413 1061 -2 21 -485 -411 1222 303 36 -569 889 291 -108 -639 -546 597 -476 563 980 ]
[670 731 -975 -354 -69 878 -428 -176 -539 -315 -218 341 1453 894 -175 -357 3 -204 -116 -564 1324 -104 436 394 -857 -330 630 -1241 124 751 832 10 -744 1164 596 -287 -1073 -600 -967 773 -865 -178 -626 342 -909 -90 117 -391 22 489 481 304 -696 60 -329 -229 -378 -409 483 -827 -391 -1392 510 -323 79 451 558 479 681 808 -349 266 522 -682 674 -480 -137 230 -421 -963 517 -863 -337 -283 -679 -677 321 -347 587 483 -373 -367 719 -1249 403 -507 682 312 10 630 303 236 -48 315 299 133 326 -570 444 -720 -760 -118 -471 100 -494 -24 -99 -546 360 -689 ]
[80 56 -198 752 1327 194 -317 -756 92 607 804 -207 -38 -431 866 194 761 272 239 913 400 296 66 -62 434 692 980 -474 832 16 1061 603 207 252 478 26 -96 1210 -56 -398 -663 317 1348 66 402 -882 -149 -182 644 -565 -508 81 638 680 -683 -107 547 -555 159 -481 196 560 -99 -600 -102 -355 -175 714 913 -170 226 -730 -200 -365 449 186 20 322 546 427 -1055 456 198 503 1596 16 287 358 838 -382 2093 -617 -389 417 -426 -97 477 -98 -337 -606 -589 -616 -98 -1189 374 -476 -78 -291 163 -258 -553 -219 4 -672 -394 -622 10 -101 -104 304 ]
[-126 41 536 -477 163 -306 192 1488 -744 -21 -122 492 77 606 354 84 -783 -272 554 817 77 408 -87 1135 1006 -352 144 111 -1051 409 -345 108 423 -959 -191 736 901 -936 -603 -721 655 1164 1489 757 823 455 261 -319 -353 -360 384 264 -199 53 -550 115 -441 -571 -1186 791 -1557 1012 -1215 -836 -471 511 -1145 -837 -619 -229 -187 -27 535 -76 -477 -574 -4 192 748 278 -308 -507 388 -88 -1055 438 162 209 -685 323 -132 -45 565 -66 -22 82 -684 163 950 -21 -872 -121 -255 -380 -116 636 347 -1375 -13 1068 -585 868 26 -503 -116 326 27 -283 -355 612 ]
[273 221 -491 1032 722 803 775 923 -833 314 925 -359 194 -414 -231 -198 -280 -142 -718 24 -875 147 782 -150 659 475 -160 -809 220 -451 1192 451 748 7 155 -680 106 559 491 -131 45 725 -387 -529 391 -77 416 -1029 344 -916 -370 641 720 -281 -74 -96 1327 -12 -744 505 -684 -911 -137 711 -231 -446 743 251 319 286 840 531 -1148 -81 605 815 -149 307 -177 206 -985 0 -75 -272 1513 39 879 -126 1451 -253 311 51 102 104 -736 422 29 -448 165 595 -91 -58 -230 -35 -506 -606 626 -111 -346 319 -1208 -159 719 -966 796 -410 729 372 -383 -99 ]
[266 -442 424 728 -702 397 193 1384 188 970 1503 228 640 -692 -63 -462 -311 -434 -15 -162 -238 -138 1499 29 196 -149 -236 165 -372 -475 73 529 79 -1077 -793 251 775 -897 -796 91 -883 1382 286 1212 -33 774 775 -928 -340 -9 1569 -702 -1703 -179 510 85 186 -219 -1165 -479 -611 -128 -158 115 -1730 91 362 -1554 22 -658 696 788 -1259 -133 -122 32 425 633 25 -353 178 -483 427 783 -134 724 -879 -97 -73 36 -915 217 698 506 -1394 47 745 471 -2 101 -119 438 -24 228 -972 844 319 -383 323 808 92 130 -288 -736 653 -231 292 -260 374 -461 ]
[-163 -810 -586 209 -718 -219 491 -159 -908 -417 -959 553 -563 -476 -1078 -187 996 -709 -256 -362 322 -66 -497 58 -778 -332 -564 -336 -261 -355 -572 -512 -1031 -246 -325 750 177 267 -177 481 -973 392 67 782 -102 -317 -447 -453 617 1458 1100 -592 -1068 -419 -210 -70 213 343 64 -236 619 -14 -149 -334 -202 204 17 -843 263 -698 -598 -247 1280 730 424 124 1108 -325 229 -449 763 -638 -88 -646 758 -411 -455 -739 320 -360 -777 278 755 410 19 -349 80 684 47 -133 -671 643 213 368 115 1155 -472 534 997 -312 738 958 -717 662 -385 80 -386 -255 751 -568 ]
[-318 -1297 -313 -60 -537 -508 -810 631 107 457 -39 -194 155 -324 75 -192 -399 723 737 -190 -851 -845 -506 -234 500 -31 215 1259 -636 85 129 -307 32 -756 -950 487 -321 -728 -1213 133 -415 139 390 31 640 800 -568 1178 -653 -684 169 -9 -1153 -479 275 -32 -663 -383 276 -176 -121 -329 987 588 -1253 -124 193 -457 -673 901 438 542 -549 -347 -963 -460 -138 163 -738 431 648 733 198 732 -460 784 157 97 -470 113 -518 358 1488 -729 255 884 786 7 -50 626 1237 996 112 37 -563 -13 -976 -148 -50 695 599 419 492 -180 -304 -148 -63 -686 738 -408 ]
[-317 -567 -143 346 -1293 244 340 -471 -574 499 -635 -893 -154 743 517 714 -228 70 190 -715 -401 -179 1279 33 259 397 -421 263 1505 -728 -458 -605 -145 682 910 -44 142 -628 684 -1115 181 1064 -615 -498 329 -645 -478 -258 -556 -941 559 175 575 -715 1674 -242 1324 652 817 388 135 280 -1189 924 811 509 535 -303 788 -609 -77 758 -66 -959 212 -166 358 113 -93 -911 -1384 276 118 -178 -334 651 65 401 -781 -83 -81 239 576 -890 -668 -105 -432 -691 -374 -341 1338 379 67 620 -65 296 -417 1226 -508 302 813 498 483 -627 -713 311 -424 1302 226 -541 ]
[-17 -683 452 464 609 374 9 -111 756 495 -627 -504 -540 -295 781 612 -3 453 -195 234 682 -746 -984 -151 -591 451 707 -605 1179 185 228 -73 -370 -376 813 215 -618 619 -176 -934 -524 520 -245 98 -713 -146 -10 357 654 678 -261 -73 173 -112 150 -509 195 -7 1038 889 739 608 -389 64 1569 -360 173 457 89 507 907 -223 581 -204 356 142 -643 -431 -308 582 -1068 4 -221 -354 717 -30 -699 223 -260 -280 797 -111 249 -19 159 -493 173 227 275 87 -559 -559 -127 -308 646 -135 -24 534 -71 -1262 937 508 508 93 1643 416 893 395 -731 1 ]
[-647 -239 738 65 317 27 -233 -226 -166 272 7 1000 519 -494 855 -594 -694 -599 -645 385 -52 91 -320 -305 -24 -74 -49 -600 -618 556 -905 -733 -942 -674 -1087 -832 353 -473 -1394 844 -187 -347 -696 1020 1277 1186 517 776 273 413 -130 -89 93 -186 46 495 794 534 -389 -389 457 -141 1104 -608 488 263 -163 -652 -374 338 -122 -371 -105 571 -563 -522 -105 690 110 214 -58 -959 -840 294 1372 -795 -720 -170 -219 655 380 -39 -878 782 -341 -368 517 442 -1298 -34 -862 -670 -1351 -474 -402 1440 882 151 -760 -366 112 519 -1026 -267 450 -278 657 -513 -1133 285 ]
[-224 529 336 631 799 542 -181 801 180 689 -484 -722 1178 258 -197 -440 310 -589 32 -136 555 -316 -1094 -65 -642 -571 405 -112 926 512 405 135 1217 -471 1183 779 -246 -164 516 27 -504 -80 -332 -167 277 -163 -262 -674 61 117 443 43 -474 -385 -446 312 -432 -4 662 -638 -607 1003 -617 761 -72 -22 16 332 -1000 914 249 210 390 -303 102 -464 177 -305 431 642 43 -44 751 -1360 -109 -96 -484 -563 -16 -30 -418 -1072 -946 -425 800 454 -38 1525 583 313 1203 1149 188 251 -32 -295 -377 120 171 -158 -466 -118 -14 -132 51 268 -924 684 834 -1511 ]
[465 900 -631 51 895 -108 896 1378 -444 620 208 -282 -361 -348 983 -87 141 617 -1058 -591 137 33 959 -266 850 -157 -1229 284 -454 197 843 335 508 -397 55 -1363 394 48 -1215 -227 -833 -139 -35 -1403 910 66 308 529 1017 413 -942 822 706 474 -368 -383 179 -514 -334 604 -367 1201 644 316 738 -463 216 -673 -780 -42 461 964 -392 -796 -673 396 682 6 -27 -601 -141 245 765 418 -461 709 543 310 350 -89 -330 135 773 80 -1003 635 466 -95 -10 847 1419 1244 194 319 454 57 463 338 -598 791 -388 556 399 323 360 201 33 159 -867 -888 ]
[-76 11 -507 163 -1017 317 -115 297 -12 187 -80 1191 -1007 -1095 -662 -482 215 140 -2 115 -414 357 -1034 -341 665 434 -33 478 -1331 80 1319 -749 -1204 -1202 -1394 -112 -200 -252 -96 931 -519 -334 213 1667 -388 682 38 -924 -147 -462 227 334 -109 117 694 -160 -1039 -372 -606 253 1098 -561 856 -247 -190 -607 -432 -1085 488 -701 441 -936 -359 493 -486 -111 -265 352 -990 -299 37 -355 -538 268 -575 667 -787 -85 476 432 -76 -344 -93 869 917 -1427 -259 148 -146 -505 58 -1396 -570 435 -680 940 482 -360 461 -445 92 -712 -186 349 375 493 238 -13 760 543 ]
[217 -622 639 -205 183 -532 98 9 -392 639 -760 -583 1159 -1173 728 367 -346 -290 -737 -204 -567 -507 -159 -923 -791 535 -158 149 704 -294 470 -752 -355 51 -378 -52 144 -320 359 292 191 412 0 459 1471 372 -988 -393 654 -286 582 422 168 -1011 419 34 1025 -478 -106 -708 -121 87 -310 -141 -386 -110 -8 -269 220 -288 486 361 -187 -103 247 -154 576 -154 166 -395 -847 5 465 23 747 174 365 -680 -803 466 798 -130 672 135 717 -137 298 689 -149 -509 516 -98 -918 812 -109 350 -439 413 -262 -321 615 472 420 -386 -110 -198 -877 106 -605 -141 ]
[-785 -286 450 -264 268 -176 606 90 744 -328 -602 -23 -747 -235 1107 -78 -180 202 -319 -395 -548 317 733 34 -134 -368 337 281 -362 760 -121 34 612 -72 -686 -164 62 804 809 -667 -707 -273 -569 435 -421 -274 -653 237 -68 454 338 -502 954 -818 -384 -655 -71 -692 -43 924 725 705 -154 -584 786 -249 -715 -642 -826 -167 777 -424 374 43 190 -398 595 157 148 527 -26 322 917 151 468 18 -561 -37 -391 908 167 242 314 267 -308 -317 800 -113 -761 -234 -1415 792 28 -146 -691 576 -2 245 1200 28 874 710 25 722 -138 954 589 530 -529 580 ]
[154 739 -340 -109 563 570 -668 101 674 404 783 95 568 32 -227 -1042 1113 686 542 656 -730 495 474 -785 -77 614 -349 -186 21 -285 170 689 220 964 -108 -737 -234 573 146 -65 -197 409 -27 -143 -938 -457 773 -583 -22 501 -106 262 -866 411 -1014 34 -85 746 -730 -1301 -435 -800 248 196 -918 607 -381 -292 896 -305 -142 528 -718 -349 1217 406 -363 -30 158 252 460 443 -1113 917 -545 373 315 -408 261 -463 -70 535 360 1157 -336 -603 474 90 -652 -800 -123 -556 609 23 -437 -961 -864 1203 226 136 -449 -1360 84 -609 371 -170 1084 -5 38 897 ]
[130 308 413 45 868 -274 691 -334 102 -658 -317 -1228 -423 -439 331 -419 -101 421 295 -232 -356 -328 -619 -358 671 148 -492 -165 -212 -104 -981 246 -331 235 -460 551 1297 -692 350 -954 1470 182 106 -889 760 733 -181 407 -332 -357 -321 -143 -203 384 -1133 -544 78 943 -48 117 -287 1097 -1634 -88 136 658 505 261 -165 10 -1294 -528 1336 737 -1106 -517 -832 -291 -214 67 -132 -100 -434 -537 116 225 -468 -1304 -2611 -885 391 569 4 1396 -858 900 -671 506 245 -823 -462 -19 -73 -223 -269 -418 207 581 -1005 1370 -27 454 877 -499 615 -215 -391 322 -840 -100 ]
[-349 -20 -528 -17 -259 -224 -781 90 -203 -135 -778 1506 -703 447 -320 -497 -80 -1241 762 569 131 210 110 -61 525 -876 -215 -679 -646 445 500 -412 -596 -19 -599 208 343 435 -193 627 -370 -712 -301 -444 -244 -737 -203 1099 -632 420 -93 359 859 3 -392 787 17 624 77 4 130 505 -335 -679 726 351 -244 -574 672 -69 -771 -1737 292 412 576 -23 127 -169 -425 -336 715 -725 -990 239 730 -135 430 -231 -510 14 229 -225 937 801 -576 130 -442 855 -1417 -642 -1227 -534 565 -481 435 396 -461 895 -432 -321 128 212 -770 64 510 704 -53 -501 -290 473 ]
[328 602 -85 -104 544 557 370 912 397 -51 -517 728 -14 385 -395 -125 -533 -577 -45 415 144 -535 -307 -44 1044 -921 443 206 -659 1100 270 518 114 -946 -9 113 -486 -65 -1318 211 155 -310 -314 148 242 -176 -30 301 35 -354 -33 436 654 -691 141 -392 68 522 165 662 -375 -12 -150 -221 128 539 308 -274 -108 171 -201 -1200 844 280 -459 -999 -379 216 -284 226 -401 -637 -49 -237 -15 154 -694 -346 -449 169 -495 -620 -405 -991 -97 867 401 509 -292 -177 -597 -35 -333 370 -373 608 905 -326 47 -205 286 625 -1333 766 -420 304 340 -288 25 -337 ]
[789 -227 245 -151 -226 -315 -472 -43 562 -884 -422 867 90 -463 -32 -547 -395 -273 360 879 164 -754 -561 454 198 -281 85 517 -1076 286 -799 -41 -807 -766 -165 -762 251 -618 -734 -181 65 -315 406 1274 155 263 540 464 -537 129 -80 26 -1258 -73 838 -49 537 523 -1480 -67 15 -1250 363 -575 -380 379 -558 -1021 80 147 -289 438 -678 657 40 128 880 -431 -175 1080 84 -198 -982 489 460 -334 108 192 854 -68 -357 983 590 460 -997 -840 4 -854 -672 17 -585 404 -716 102 336 479 449 -540 -333 180 1116 -559 41 -196 -283 -141 579 -997 -427 1710 ]
[650 -438 392 -354 519 864 311 -362 -721 -547 254 -329 63 -861 1786 144 -38 807 -1268 -684 288 -728 271 626 124 -243 -756 -113 51 -186 -454 244 -218 544 -339 121 762 -573 456 -1162 340 -103 29 -41 92 -394 -1265 887 445 538 6 562 350 536 223 -29 -609 144 -63 288 -835 807 -262 511 1232 550 164 -194 392 253 -447 459 756 101 416 -919 -455 -611 -437 -477 -403 625 -248 638 -227 719 -424 -549 -1170 719 749 1322 363 587 -587 1111 443 -599 -532 48 407 1459 97 -70 936 -827 346 623 -1050 110 828 -963 -14 -78 -96 474 -99 -209 -581 213 ]
[330 -741 397 -379 -23 664 234 37 -731 -1368 -464 -19 447 -645 -364 -1154 -65 -657 59 294 964 -10 1154 745 -736 -241 8 -83 -729 -429 -936 113 -79 -1032 192 -879 -679 -402 235 501 -591 -80 -221 147 -512 -452 186 -157 -734 362 -784 607 28 -452 157 715 682 -186 -1230 -279 -1406 -1031 1069 177 -322 -621 384 -798 -869 654 457 784 -968 273 766 443 55 549 -291 575 299 -187 -371 516 408 -867 228 -44 1008 115 -1074 167 514 -940 381 -35 626 347 -292 468 507 534 -131 27 160 -445 747 -519 -378 -730 471 -486 -916 -438 -556 914 -323 301 -50 660 ]
[221 -439 -895 -498 -591 1236 -59 -491 617 177 733 -549 -295 -71 73 129 -431 645 427 -350 -409 -999 -287 1068 -578 76 -592 483 -783 -474 -328 -229 320 -201 323 858 1115 -607 887 -591 -22 512 87 490 -355 -229 29 -79 -757 -665 348 -511 -923 -141 -43 -78 -972 -943 145 447 -444 451 0 636 130 289 -816 107 405 -1221 -128 635 179 -429 -980 -354 -292 1 -198 -193 -285 1148 -988 -37 -499 421 89 -659 -684 46 554 -250 511 -54 824 -642 -752 -137 1176 -121 810 1087 136 -835 567 275 -358 -1386 -179 645 158 -554 424 -22 193 -500 31 538 263 477 ]
[413 41 -462 -441 373 -371 487 -119 262 -952 649 241 -1298 -182 45 -656 614 743 820 443 -814 169 1049 -563 -360 362 -816 559 800 118 -1656 1069 -70 73 873 -699 -166 1772 97 -494 792 -965 -810 -39 -773 -1192 120 970 308 354 -659 423 161 657 274 -251 887 507 362 -704 -172 -126 234 -400 742 -295 762 -277 191 271 397 215 92 -81 352 92 -281 -657 -143 264 256 -417 591 331 459 85 94 -379 902 -1636 -196 1236 605 -315 -592 1333 727 57 -251 84 -405 78 530 -37 -237 -927 176 790 -99 -673 1257 123 -1534 81 -165 767 1081 65 938 822 ]
[886 -346 -115 -222 39 461 -990 258 398 -7 163 193 -129 -116 -638 -115 317 -158 371 -401 22 -860 953 291 -584 -841 955 483 -116 401 -40 699 323 105 797 -253 1072 972 -638 110 -58 440 156 196 -818 16 408 -371 -296 -37 819 -623 -549 258 -482 -71 -1156 613 155 133 -144 -142 582 604 -483 150 216 424 -933 751 463 -112 340 -374 -889 -513 -174 -160 -235 -367 891 289 1223 -1212 -40 96 -701 420 900 -820 -795 -39 -79 -562 723 152 427 147 406 320 741 -259 119 -369 128 104 929 -808 -75 331 858 -185 -857 643 -534 422 185 -396 434 -645 ]
[106 298 -604 610 250 -163 -13 990 187 1091 -304 -147 1013 328 -195 1156 -28 -158 80 140 -201 -965 498 -697 240 -227 -356 230 505 439 1033 1 1285 -435 -468 230 565 50 -828 479 -123 113 1107 -144 406 833 1014 -299 468 -25 425 -719 -262 -241 -516 623 6 -463 -260 339 755 142 59 869 -944 -47 -480 -835 -631 508 769 1502 -327 -411 194 -188 -106 -59 875 967 717 269 1540 -679 313 65 55 1077 504 19 150 -391 -529 74 34 119 9 -593 915 -196 -301 206 -386 -264 -24 560 -731 7 765 630 9 72 -209 -712 -571 171 -222 51 -499 39 ]
[35 435 -504 -123 48 -906 204 586 40 1016 -909 345 -117 -371 -557 -19 169 -65 -118 667 -255 -558 -396 -116 -126 -746 716 -284 -22 195 -506 -1465 -642 394 1216 -174 595 -168 -763 -130 -324 -223 316 0 1101 -27 -893 223 1020 -27 383 -435 -90 -1255 413 -762 843 417 195 289 52 987 295 -848 418 138 -179 -198 -521 -332 -124 -1056 639 121 90 -569 937 -502 809 236 -1229 -415 -421 -1126 1559 299 236 54 -340 -198 562 -381 -435 -709 329 -78 -556 7 -391 373 -316 654 -60 -341 951 803 -308 98 427 122 177 635 90 -373 60 -64 -437 220 -349 -507 ]
[-112 628 -5 371 -476 -1168 -853 -560 -273 431 359 -408 -543 576 118 699 994 -484 588 -200 340 1420 -160 345 -195 201 -191 -383 1375 -72 171 956 154 940 908 1164 -864 -331 1400 25 -505 -18 455 -914 471 -431 139 114 -467 253 -349 -495 -46 1179 -406 14 342 -40 -65 -879 256 151 -609 -120 -648 633 871 1279 287 -440 -499 -428 -66 -387 -538 977 104 414 -309 -488 1379 210 225 -546 -1012 -324 1089 469 -166 54 201 -300 113 444 -462 217 -976 664 -182 -58 600 -752 85 325 -366 -83 166 -774 -464 -334 -1058 52 -138 120 -324 -176 -420 -353 -700 -1493 ]
[245 -583 -540 270 375 318 32 -876 -821 -757 200 973 -12 40 581 470 -11 -642 32 -786 763 429 867 129 -529 743 -15 -669 471 -559 1216 -455 563 639 -686 374 -503 -72 369 1090 -266 -538 -130 -49 483 212 550 90 -273 -995 244 -300 532 457 -11 882 737 -1019 -86 785 606 -275 -232 770 917 -385 54 -577 -604 164 -129 831 -189 -132 -388 256 265 99 -239 -552 410 -150 494 94 922 -692 470 80 165 733 112 -26 -257 -80 739 -238 -32 612 39 -47 -4 -641 -470 -178 -873 -681 389 -48 262 -322 -558 636 435 -469 -864 372 -838 81 -736 204 ]
[344 -1766 508 741 -49 -343 -547 145 628 -143 54 -653 722 763 53 319 -533 -132 16 -259 224 -241 664 -240 130 -367 441 760 113 153 65 -297 626 -546 -366 -518 654 -695 -74 -1072 851 981 -76 931 436 -192 208 635 -182 -558 739 246 -284 529 -284 -14 93 66 569 118 -63 303 39 475 -758 -676 163 -1484 -230 1249 752 101 -838 495 -23 78 -463 311 134 200 -48 -363 603 148 494 1476 -328 -194 -1547 -294 407 -346 249 12 -70 876 980 586 1012 -615 -217 252 -400 -373 -355 -257 -312 564 -1055 576 355 420 116 -437 -185 111 -1347 -443 -167 -1408 ]
[-571 -594 108 -294 -908 -807 135 -120 -1089 638 -233 -398 -551 1025 -702 197 -189 -333 -89 638 461 118 259 646 179 28 689 63 277 307 -327 79 -274 -169 634 -457 -830 436 -461 -200 45 154 -179 -10 -29 -850 352 -648 -182 -944 -302 710 -213 1067 145 -178 240 -396 -381 192 95 -503 187 -977 830 159 -50 605 330 110 -19 -1195 -647 440 310 499 566 322 60 -313 -978 -189 -381 -344 -759 -278 -78 236 483 -456 -316 -740 -543 -780 -272 -585 -58 -519 264 95 497 -970 1583 -186 716 131 540 -528 358 -408 -957 -519 -708 -133 -425 261 -213 577 1094 -147 ]
[-52 -1124 -305 313 -474 287 -580 -27 17 -243 -784 -884 68 -1 -840 943 -8 295 -109 400 -94 -1084 -582 558 445 201 36 345 184 22 660 -579 993 -798 114 205 184 -855 781 -401 -1057 392 -80 -175 -358 -84 -203 875 -1185 -269 325 -119 -630 493 -32 1206 756 183 -188 -143 704 218 -36 980 69 466 -35 547 -492 758 558 388 -312 -316 17 -191 114 -359 383 -48 552 1016 -1047 -467 -529 76 589 82 -282 1 -199 -126 -796 -143 642 91 703 -352 -659 401 16 269 260 -294 397 -253 -427 137 -539 -553 206 -781 -69 -615 -483 -140 -87 -285 -57 -209 ]
[-571 329 -370 -363 -296 -1035 -632 138 301 -426 -352 -172 197 139 193 -860 171 716 -123 -434 -240 -319 481 -94 -145 260 209 -43 769 -398 -971 1802 133 37 -180 -1025 694 734 418 -605 1415 150 -278 295 -921 -1204 -645 -196 428 395 605 -80 265 1702 -956 673 -150 595 -189 231 -1124 -398 -194 -510 324 554 65 531 321 371 -379 577 533 158 243 -15 -148 67 -88 -365 519 80 1292 72 -2 554 110 1244 -42 -1007 -145 697 30 -494 -539 378 607 -490 664 -306 884 -546 652 -385 430 -795 103 409 -761 1161 -208 -43 -1335 -628 611 753 27 915 418 -1054 ]
]
