[[297 -551 210 641 -378 19 774 -319 -139 106 -186 -294 -149 621 41 -696 270 -203 167 -375 -910 120 267 49 977 273 308 251 143 -362 334 -193 -667 96 107 346 -491 194 150 -142 276 -865 -965 -363 527 -247 577 291 -122 -137 179 -551 -52 -517 351 -205 -187 862 56 1021 956 564 270 -500 -337 -611 -748 356 295 157 560 -116 576 94 -601 -269 -254 -473 26 -178 246 54 -731 424 -5 -160 -300 -322 -703 307 -648 -211 -41 -28 -295 -109 -703 -597 130 -384 -207 -339 354 780 721 230 39 20 -371 70 196 67 18 264 186 23 -366 -177 148 -173 ]
[-661 408 27 325 177 370 -1197 111 -350 137 766 1035 -22 -711 -4 -36 -110 128 -27 -369 246 -278 -128 -32 -56 313 242 262 370 385 -538 -391 -80 36 -394 -947 437 319 -258 155 -509 380 266 267 717 -91 -590 -199 -119 292 511 59 42 1225 393 -322 163 -23 129 -1024 -441 -171 616 85 -433 898 -296 -373 -2 -170 -403 537 -335 -315 505 -384 400 253 -700 66 594 15 471 405 346 660 530 -384 816 -357 745 -122 -259 73 262 -11 166 100 -230 982 265 -700 783 -531 -248 -218 -11 -236 934 481 -83 484 -293 -210 -205 -126 -374 274 262 225 ]
[-160 -75 -467 356 -271 87 -100 -305 144 -306 -474 -14 344 -965 137 1144 -648 -164 352 673 -151 -38 64 323 -744 471 13 358 654 -102 -274 592 -483 3 -243 -103 -27 632 -337 -608 -20 15 -694 54 486 535 218 13 -315 -140 -255 -428 -497 337 840 -333 551 -334 435 -447 1 540 793 676 947 -248 -375 771 -573 -227 375 492 -258 83 766 -331 45 192 -883 1003 274 254 -346 -121 437 -112 -255 313 -62 201 730 110 -546 194 -314 -268 -125 3 240 -79 -117 6 317 -48 -370 -105 -199 12 590 -571 473 479 -116 309 -510 391 122 727 -657 494 ]
[-137 16 -840 -328 -986 -193 -187 307 179 -590 159 -127 299 -735 589 259 55 566 251 471 460 -51 750 165 -680 349 -80 -606 222 -459 -250 106 -403 145 -732 -685 306 646 -833 -653 184 629 659 672 294 305 -670 -186 24 -508 -738 49 -99 612 851 -194 579 114 446 -319 -237 139 350 -105 159 277 -37 642 -37 268 430 595 -363 767 655 -101 383 88 -822 477 475 44 832 -594 293 757 424 32 469 -824 166 67 -724 210 249 163 41 -589 -285 548 -41 -1289 -33 -440 583 661 -269 -169 642 -623 -20 397 -233 528 123 -190 -351 506 -652 34 ]
[703 -916 -172 -578 -570 -254 565 120 17 -1039 -121 726 578 164 276 -189 1005 273 460 163 610 -132 263 -358 303 -645 421 -969 -288 -804 65 -212 1241 -567 -446 -18 -124 -49 284 484 69 -596 760 304 -612 608 412 55 748 266 -921 385 -14 -445 859 480 92 566 -413 213 162 -171 -459 -330 -449 -270 145 -524 813 353 436 -456 591 820 -689 283 344 -165 454 -610 -370 100 425 -14 -99 613 -108 -19 450 -516 -284 -225 310 270 -306 564 -328 624 266 -415 62 -25 -696 96 1038 1200 201 566 12 -135 -221 670 227 224 185 -536 178 -295 -53 393 ]
[-172 443 -591 -1016 -213 -312 583 858 465 -878 833 -699 522 -75 196 1 158 193 -220 -115 388 260 169 -638 340 648 -275 -219 -380 -593 331 -1076 -55 168 232 687 116 -511 -1161 -298 -351 235 33 -541 -76 -652 -71 -51 -417 -907 -1 762 98 219 -692 -34 406 -126 -615 309 -377 66 -674 449 222 88 328 361 -286 -360 522 -276 -454 351 -113 450 -623 477 17 832 102 -32 200 -673 224 -149 -48 444 -21 -188 31 760 156 -85 439 331 -344 -309 -719 7 154 304 249 796 -269 -95 -217 -343 407 66 309 -937 342 384 466 281 -67 -394 -266 -205 ]
[203 -784 185 1317 -110 202 -192 -589 -520 -194 -477 297 -807 349 -390 182 -240 -254 596 897 -614 498 -321 320 -104 -525 999 -109 -460 837 251 79 327 279 -6 346 -519 -137 363 -624 111 -337 -516 -309 235 314 434 53 433 -483 866 -742 84 -588 1444 321 265 -537 723 -225 302 561 102 19 -3 -356 -206 106 -177 144 79 -234 -284 -340 792 -208 -12 -577 -126 -256 -403 112 -614 405 -460 -117 -322 -424 -111 201 327 -650 374 516 -67 -1070 -43 835 927 -266 332 1175 -789 351 -304 -95 497 367 -32 -251 -225 779 -9 -1070 -998 -362 916 495 -782 513 ]
[384 8 72 124 -342 -625 -117 -660 -681 679 -448 285 -295 108 252 84 -380 108 -162 305 547 312 342 9 374 -84 -150 -119 34 -596 -99 328 109 33 -262 -149 -213 399 64 32 431 11 447 778 -782 -128 -177 -49 770 1146 -1046 -240 551 -73 171 183 -113 779 39 326 572 -221 -181 -1194 -515 14 457 -696 -813 421 -14 664 157 -335 -313 -413 282 -836 61 -396 693 -101 313 150 -127 722 820 -195 298 500 -447 -120 -252 -362 122 351 762 -414 -1084 537 -49 -1218 446 -682 722 890 -178 -669 -120 -491 -347 1271 269 643 788 -127 -415 505 742 -531 ]
[50 -478 -490 346 -692 -710 577 -398 593 -151 -878 -1202 -525 1 335 -387 808 -295 528 696 -877 223 297 417 -623 -149 -246 908 499 -455 -672 625 -1266 81 -579 332 111 -53 319 -595 501 -291 -269 201 628 1388 -111 -168 -247 -698 -188 -889 -696 -351 695 -674 -139 318 557 530 -295 -3 24 -587 -346 -797 -596 709 391 -581 795 -414 574 618 -137 -142 14 224 101 -221 -373 428 165 -779 174 -375 -419 389 -531 -219 -674 -60 89 333 -425 349 -198 -390 558 -885 -54 -177 -770 184 236 381 -83 926 -549 -345 409 -321 -349 770 -872 -208 -438 405 -996 879 ]
[182 -9 -547 327 188 22 -167 -512 -610 -250 -672 1013 245 -125 336 393 -909 -25 -647 251 -21 133 383 161 211 128 769 -326 -225 610 -635 -259 -165 471 131 -402 -201 198 -155 -65 -450 150 108 472 304 34 1 -23 591 -385 -988 -668 294 958 1433 210 451 -255 148 -339 -170 -373 352 -687 148 206 -90 -642 -204 477 -775 195 -429 -911 543 -572 334 -427 -391 -452 -415 313 -122 261 459 759 713 -135 346 -335 70 -410 -570 341 -32 663 312 702 -609 850 365 -186 633 -506 -256 -99 -196 -424 784 -1024 752 1242 40 -310 -83 -999 -203 76 149 374 ]
[692 -244 31 70 -186 51 169 249 -291 -149 735 152 1009 -183 -412 -974 302 24 -595 -472 202 34 377 -279 921 536 767 -547 -80 1094 154 -1173 -239 -59 361 432 -411 88 -510 -227 -361 197 -55 -323 160 -623 -132 -597 -512 -346 -230 99 953 19 342 321 -470 824 -755 392 -99 115 -52 -321 -5 150 236 -677 -48 66 466 436 -46 -413 646 73 -47 -922 -583 291 665 -54 2 490 -26 789 867 -828 623 -249 -248 102 -774 -410 94 -136 -847 -611 -40 602 -19 89 664 -153 377 -642 -290 -430 1225 161 59 -622 -331 -818 371 205 -334 -281 868 -1104 ]
[-82 10 1311 674 -263 223 -86 -141 1159 432 -916 -674 -464 -94 137 -453 -281 -239 467 287 -384 -430 150 702 90 -293 -329 -247 -83 593 257 1202 -557 302 376 454 -167 701 79 -587 283 -468 -182 -672 499 148 584 424 -73 -92 729 -1062 -915 -933 288 10 -511 -515 415 682 404 1178 735 295 1188 -444 240 568 400 264 -901 -548 648 -953 -383 310 490 -220 -46 266 -644 236 -725 -166 -473 -1078 -862 -596 -658 413 8 -490 561 220 -307 -655 510 -20 52 -469 -159 87 -699 528 -396 -332 -233 286 -1184 -385 185 249 5 -151 -622 -621 640 -84 -557 -74 ]
[-399 -635 111 436 604 -632 453 -484 -331 -37 -341 -203 -729 883 -349 -73 1851 -37 464 423 -664 175 -257 225 -511 -848 650 865 -869 -445 234 108 986 -56 -95 -185 59 -1019 1051 674 587 -1394 -1200 -41 -489 534 511 530 -100 273 809 -500 109 -1081 84 361 316 -360 911 -584 -173 324 -366 -61 -1352 -1035 -605 379 756 272 208 -244 144 803 -264 115 -219 327 1328 -872 -725 -89 455 307 -604 -886 -444 -645 -572 -342 -16 -778 648 -133 -20 -413 -3 1068 1637 -314 68 1437 -1109 424 286 -677 664 620 -318 470 -698 207 -391 147 -256 63 717 -65 -145 984 ]
[128 591 -623 -65 -523 -104 -573 -62 -569 683 382 173 -499 57 -21 469 -177 -18 327 -613 41 -129 171 -414 -1078 -906 -795 -337 179 -449 -649 1471 -689 -747 -396 -1346 544 710 -19 -270 266 686 302 1161 63 -118 -484 358 596 -475 -669 545 -617 623 -385 -788 377 -1 -272 -200 409 -935 636 -112 122 534 -548 -21 -453 160 -606 362 17 553 174 -822 398 860 -688 -881 204 -72 318 -646 543 342 128 1047 -330 -257 -226 -418 -1030 326 -248 -20 290 -450 -173 -22 -668 -443 -145 -922 273 1311 -51 350 -729 -84 910 450 -266 860 -18 147 -607 192 -381 -184 ]
[-185 147 -357 430 -650 236 260 382 -991 -323 1625 363 -827 1294 -340 -609 271 394 44 -402 -22 574 -735 -605 809 399 -121 -1119 -605 251 -66 -1042 -393 139 -459 -293 256 -588 -666 -240 108 670 -200 118 145 -1110 -219 159 623 -657 337 589 392 619 267 434 412 351 -35 424 884 -3 29 -510 -655 373 -563 456 -42 -65 399 -71 -592 558 -504 -307 -321 -113 -572 14 668 -1136 500 250 -454 878 255 -174 714 -114 -922 -911 145 844 836 -479 -427 -844 202 19 -574 -276 447 960 906 850 368 340 670 461 168 137 200 -379 133 -406 -670 -418 -441 -1122 ]
[278 145 -652 -100 951 910 -288 -174 -778 324 -299 679 -78 63 -718 706 -186 101 -669 308 -14 -331 -1298 -77 186 966 -317 249 1017 613 -596 -126 -152 -173 -223 -390 -385 33 616 859 584 823 242 630 -411 89 -155 -263 44 448 -35 -265 640 260 180 -346 -483 603 119 -338 311 -649 166 -144 -555 418 29 -72 491 -529 -82 -25 411 149 323 -970 25 130 -442 -281 86 -213 -403 -235 -359 179 -28 15 495 459 -27 43 176 268 502 375 -92 -112 699 164 -16 -503 527 -668 -129 111 -371 -524 26 227 -745 -408 -92 -1004 495 165 -891 110 -41 -131 ]
[674 540 -10 -1019 625 -208 -599 550 1112 305 197 -160 -275 -174 387 -457 1375 -20 -524 291 524 -728 -31 149 -226 -569 59 -102 -757 379 -429 1547 -289 -252 842 -432 -71 288 167 148 -231 -699 652 519 -88 338 -54 175 -391 -218 -484 -624 -395 322 -491 -9 -502 -455 -591 18 -1113 -490 71 -93 344 -21 843 -178 479 -536 -1469 -457 707 -210 495 -797 178 934 413 -367 -1325 460 201 -1494 -347 -399 637 -33 -208 -516 -299 -134 -120 -488 211 760 1057 203 -288 490 -638 466 -556 -995 -74 -364 -589 -1 -1059 -471 451 -368 -712 -24 337 -1052 -120 -806 341 -279 ]
[-327 429 -132 410 -916 627 -286 162 -318 -76 140 -116 168 -887 -410 -183 33 -130 1 -1030 -1294 -93 884 -84 234 66 317 300 -365 63 -398 -812 -1471 397 537 408 -384 295 -922 -759 -195 -18 -1271 -1047 1081 -609 -620 -243 -956 -1581 357 -430 55 -676 515 -149 605 204 -298 39 349 310 -89 281 269 -14 -862 -303 313 185 93 84 416 -903 252 319 -642 406 -893 -429 77 313 -1190 -387 672 -540 -708 126 -829 -170 741 87 -139 411 -739 -698 -845 -108 40 550 553 655 907 747 -690 -578 -371 81 -53 330 831 -491 -299 -237 -98 -33 -529 -100 -170 608 ]
[133 762 -898 -1019 -65 304 163 383 262 -332 -114 -347 226 -717 -112 1177 -299 248 -284 1073 51 -458 24 -96 -977 897 -727 175 721 -507 -400 -131 -3 -76 61 62 -2 -54 -429 -216 666 741 1 -234 54 -207 65 -262 -1250 658 114 -51 698 -813 -235 -19 395 -434 358 -819 -753 -11 -763 760 531 -281 -200 -43 -78 277 454 908 -377 336 891 838 -270 1104 -261 1023 236 366 232 -312 736 -538 -650 -231 -653 -236 1196 709 285 -331 332 -116 136 -258 663 -109 151 -396 435 -244 -976 -643 -228 -498 174 456 -904 -726 213 439 243 554 515 250 -251 774 ]
[33 766 85 294 225 435 -539 406 -1478 838 488 239 -1072 455 -1051 19 -413 -157 -825 275 -5 -100 -1060 -1025 611 384 -50 -333 347 518 -566 -612 -334 -35 261 11 359 -761 793 32 -710 202 -135 -4 -250 -173 -83 -507 -495 475 660 341 1299 355 -308 445 244 -224 -605 -108 429 -720 -1174 -853 -253 195 328 -797 -937 -450 100 293 -124 -167 599 -875 -736 47 -325 57 373 -287 -327 725 -377 434 993 -141 126 525 -703 -726 227 189 951 -210 79 -149 -108 274 -274 773 1131 -142 -696 -113 333 -374 124 758 -743 -147 -147 -546 478 -223 -338 -322 862 -1129 ]
[-388 692 -334 -324 -200 627 -929 603 -108 1121 763 191 -941 -348 -273 369 -1206 -500 -470 -177 -326 -1266 -888 -156 -441 103 -703 -100 758 271 -530 80 -727 322 -787 -1111 72 -21 501 -298 -283 1038 746 193 746 -301 -60 -201 -345 -115 801 -157 -265 331 -1028 -978 -130 107 842 -1078 -233 -636 -340 -104 -159 366 -602 213 70 141 -903 3 -77 -365 450 -329 179 1125 -470 -122 -56 271 -588 -108 376 54 205 127 111 -161 244 422 558 414 985 -294 562 -157 423 312 406 -491 -68 -468 -768 54 -183 -839 -650 295 -1077 -295 24 -291 161 130 -26 395 -776 -66 ]
[-220 -92 1112 590 -289 748 -262 -142 453 658 -216 -104 -468 -605 194 -62 307 -146 207 397 -498 529 5 458 457 584 -525 934 1308 -345 -131 476 -851 -116 575 1037 564 96 -283 -865 -394 -242 -533 -260 1107 698 379 -2 -1233 1237 1158 -376 -607 135 402 54 254 -767 -15 -132 6 868 -78 273 236 -793 -26 18 -688 -400 351 576 77 19 119 32 -197 90 -387 1312 336 247 -291 779 96 -164 -460 -63 -655 514 399 -920 473 225 -365 -566 19 -438 -177 -1071 -396 -101 1130 1077 -878 -921 -280 494 105 1161 195 -70 -75 864 -1014 -147 -158 529 449 -124 ]
[958 1058 -211 -427 210 -265 559 392 -311 190 -272 -454 172 1442 -629 -80 -883 -323 -222 548 948 206 -987 -1176 174 88 -969 -494 428 840 -358 916 -125 -398 469 121 558 198 308 155 17 513 -331 154 -700 -258 158 181 -155 331 115 154 355 22 -1081 -66 -471 -692 -903 743 55 -474 -591 428 1550 235 99 -64 -752 -491 -887 -14 -730 98 457 25 180 350 -28 716 83 -291 377 -316 190 -384 604 453 -747 793 -364 -222 -125 -514 64 394 263 -80 -298 -820 -973 370 -8 -236 -1192 161 -691 174 -592 -576 950 -543 139 -609 -21 -249 103 -652 348 -978 ]
[680 150 -269 -289 613 738 476 -427 149 75 -1392 214 -140 614 570 -553 -89 472 -194 356 -428 -3 870 0 32 120 -1420 -456 933 270 244 1239 9 433 148 -766 667 187 258 998 638 695 425 396 47 -80 450 506 238 -13 137 -6 -76 -143 -203 -503 -452 -268 432 272 293 -247 237 -151 530 -186 -918 -309 1615 543 -648 175 384 284 -786 83 564 186 468 -734 8 527 495 337 -213 -453 -919 -321 -1207 -946 -439 -234 -393 270 -516 793 -600 -281 426 -745 295 -1281 362 2 90 562 -735 -44 -886 227 5 -366 -56 123 248 -738 -585 -613 2 18 ]
[89 553 -471 -806 -87 -17 257 818 -71 944 -207 172 206 100 -186 -145 -1325 761 -904 -279 -158 -107 -110 -702 -356 -171 -888 -1834 663 754 -231 546 395 316 122 155 639 -102 -67 274 508 1697 959 218 -315 -745 -483 79 70 -857 -147 241 537 -612 -645 209 -116 -276 -177 -239 383 -449 -1548 -584 617 697 361 -645 328 864 -1131 484 -41 60 375 -341 -224 -234 -289 -381 207 209 -430 5 197 156 136 308 -650 -583 -343 2 -290 358 408 193 -208 -607 95 69 347 -726 -97 -732 -849 139 -813 -976 -738 4 -683 -184 -9 -205 673 -329 -448 -650 -270 -1280 ]
[-469 173 620 462 582 -716 195 -1293 -450 1179 -670 -372 542 -785 -663 -150 825 -297 -348 -307 -112 445 -425 465 851 -38 -276 1383 346 -196 -515 -61 -23 -207 475 849 -902 238 -82 410 618 -702 -1126 414 -211 302 -78 547 -402 514 -12 -375 -23 -979 413 -490 -482 1158 -463 694 424 222 -341 -872 -1139 -356 1022 -359 -250 -453 -15 472 1074 -494 -112 -769 -281 -144 183 -807 78 -63 -189 -235 111 -706 168 36 36 353 213 -605 -735 -378 -390 589 96 -652 -969 104 -92 -498 1132 12 -170 -1125 -882 -104 -103 285 161 14 -572 393 512 582 -882 250 731 -366 ]
[434 1034 382 353 -209 -883 -321 -1258 710 390 -671 -1133 -803 -211 148 66 273 -906 -114 1272 -16 -632 384 400 -578 288 -768 109 -507 925 -760 1143 -1066 -246 853 -227 -104 -58 -359 -411 -5 -454 -640 521 426 60 1269 8 -795 561 -963 -551 -185 -61 553 106 -663 298 -224 625 -334 -37 1055 -508 1253 -1031 348 -309 -485 -834 -184 303 505 -1351 455 -639 266 648 -15 120 -224 -48 781 -228 772 -466 444 -716 106 -214 -351 -501 -1046 76 -323 862 447 -198 -625 -392 -179 194 669 -419 307 182 -262 298 -243 -268 920 216 -220 434 -724 -360 -342 -122 -273 -315 ]
[-1130 1533 -502 -409 -401 -746 -371 694 45 -842 -247 -87 104 -665 832 323 -591 988 -153 168 -285 -868 634 -479 -450 188 -377 -477 -969 -604 -601 -523 -494 1182 -508 -252 707 -428 -840 -726 -477 262 644 -1069 96 178 -637 -34 40 -475 -629 -873 254 857 95 813 841 -275 483 -813 -677 372 -616 -706 318 -6 233 -36 -265 794 -28 155 -557 -590 -184 945 -4 596 -113 539 351 779 606 -181 -24 -45 -232 -464 -63 -285 270 203 438 -121 778 401 539 1 -708 1283 774 -685 108 26 -735 -718 426 -1212 598 -259 -526 727 555 1628 142 -951 72 -150 -234 763 ]
[-730 561 317 482 372 1062 -631 -665 -139 292 -601 986 334 -841 -90 478 -1136 -149 232 -1096 -573 248 -629 614 -543 -569 -413 1228 -64 -39 51 550 -632 371 -326 -662 895 -32 623 185 -642 957 463 -826 302 678 -1012 -184 -44 49 -82 -551 -1115 971 -319 -568 23 -614 559 -1233 -532 -484 210 1123 347 589 -778 395 567 -572 -689 80 -404 -195 -86 790 370 431 -216 -190 -306 517 102 -489 -105 -414 -137 1294 376 742 653 400 778 235 -751 -277 -112 574 430 629 813 -215 -397 210 -804 -527 220 494 -306 -326 374 -273 256 -463 -1083 -442 -268 803 -512 1351 ]
[121 726 -633 -715 992 1751 -186 -225 -643 -738 -98 1913 936 -47 -307 838 -757 -145 -217 -472 258 -561 -675 -98 626 908 353 400 -143 146 -208 -313 -16 135 521 -1534 120 -4 545 1424 -1106 35 -238 -747 5 159 -337 -275 -366 102 -312 253 -234 1691 -335 -216 178 92 -546 -622 -278 -933 369 1175 365 730 -1007 -173 745 -465 271 6 -175 52 -184 -125 341 877 -301 417 -449 56 -616 -74 -154 -233 -411 803 329 445 525 736 412 -228 -71 209 -920 487 262 212 -232 -457 1014 -96 45 -696 -145 -437 838 -291 -162 -829 -559 -1387 795 -512 -703 -481 456 816 ]
[572 101 -674 -638 559 -130 -33 -284 -96 -229 68 268 -110 -713 -23 887 318 -792 -588 1311 789 354 526 -242 235 453 1238 1120 -292 -425 5 -566 -131 287 239 261 378 -668 -736 -753 -875 -338 -698 37 110 -459 -117 -499 -685 -831 435 -1198 254 82 47 -387 830 -953 -418 -1037 -1302 -561 -661 -170 -581 -229 -169 -499 -1105 -445 -560 68 -581 -838 654 -1013 214 653 295 217 -631 1044 -598 -804 557 -214 1049 -25 -57 -59 571 590 697 -219 823 -276 727 1108 -106 380 684 1617 670 -202 -691 -685 -1056 -865 1040 -835 177 93 -429 -196 -410 35 167 735 -20 650 ]
[-414 -901 -202 -392 353 127 1043 -252 40 385 321 90 270 734 415 -152 -542 846 -348 253 -173 13 137 673 -415 -68 148 -602 856 182 471 180 833 484 -1015 -505 -14 -42 604 153 1379 141 -218 941 481 -189 170 968 121 253 458 375 -218 -415 -174 -82 266 -495 1995 -48 35 -251 311 -70 -681 -16 -817 1318 899 598 -1125 609 -532 1249 -640 -155 32 -240 252 -318 18 -414 275 635 -17 -331 -661 -42 -497 -1122 139 -554 -505 267 612 7 560 -1095 1312 -148 -544 -1951 -25 -403 534 203 6 817 27 -193 -332 -116 -49 491 -42 176 272 -20 -102 -273 ]
[439 -176 336 188 544 1833 -383 -269 -434 101 232 1022 28 102 63 -396 175 1038 408 -626 -101 -540 204 714 570 -475 566 423 134 36 1212 -178 141 48 386 -450 -538 207 647 222 -533 85 606 153 261 153 -763 288 -300 237 837 569 -293 271 396 -236 -73 498 54 80 832 -363 -242 365 -896 711 464 82 387 -415 -80 -271 525 891 -147 -572 111 303 19 -684 -57 -141 -664 -291 -165 -547 -652 547 -627 -61 522 293 307 69 44 -589 -148 -608 -121 -645 -300 -1422 389 -335 590 -231 -320 175 -713 1064 -1098 -985 -799 -708 631 -362 -513 114 240 422 ]
[180 -249 532 267 201 -432 985 27 613 360 -1427 187 -292 1070 682 -730 -856 433 192 456 112 -282 -146 -102 7 -423 -857 -801 145 -209 13 921 204 25 -148 7 1159 -21 1609 552 -41 -156 1067 -831 -564 492 556 945 873 1480 -632 -638 640 91 210 -56 -478 -50 -195 735 533 588 -509 -701 229 -285 264 -400 479 374 -59 97 224 297 -1553 1033 1090 -1030 918 891 -157 9 519 358 -660 -27 -227 -723 -267 701 -1183 -443 760 270 38 104 -211 -201 -336 -679 -335 -746 -957 156 -62 39 113 417 -672 -135 -711 468 496 1145 663 -1071 662 -425 374 347 ]
[256 -405 -339 -1 -952 465 -39 -265 -1284 -235 34 1067 391 66 129 858 195 109 166 183 -458 -255 -194 -315 330 -323 422 654 712 -1340 -1227 161 -719 -264 -1291 28 6 212 693 -1377 281 -878 -133 491 293 1298 -111 358 -447 1102 -816 -980 507 239 1111 286 177 603 287 14 551 -86 356 -794 -754 -843 -1281 281 -336 98 689 648 -102 486 -265 -262 90 -67 -528 238 765 335 -752 84 463 1234 -52 -8 48 685 168 -475 -437 177 -202 -459 248 -177 682 46 -1094 -380 1123 -453 657 757 322 674 464 300 236 577 494 1281 -976 279 -201 880 722 307 ]
[-218 262 467 147 532 506 -779 133 663 -48 765 692 -796 450 -216 -435 -3 -522 518 -897 233 240 -685 -586 357 97 -546 645 115 -256 691 53 375 -691 109 -473 477 -166 80 1229 -837 541 82 -379 369 -902 256 -467 -37 742 1019 1477 -332 1177 -1103 -793 -104 -396 -87 -770 -46 -114 666 1410 374 706 -430 -336 614 -1848 13 -764 -65 425 -757 -300 -215 667 519 26 299 -608 862 235 -180 -340 171 254 -56 302 75 309 1500 265 -438 976 -241 347 -758 -29 490 -246 192 804 -153 889 140 628 -75 1004 562 -664 194 -277 89 -201 -504 -565 140 699 ]
[758 273 -468 -497 -1057 -506 131 701 495 -402 -271 -611 11 -29 -202 -496 564 -752 643 1286 96 1112 -95 -518 -373 -317 -81 -844 -489 525 -844 630 -300 -443 723 718 676 -400 -908 -740 -957 749 607 -480 177 361 242 -628 -566 -299 -451 431 177 378 569 70 385 -563 -973 -234 -827 -331 -557 486 690 -843 -172 -1334 -345 -502 1285 114 -333 292 298 242 139 -312 -377 785 -376 230 811 -465 -308 308 -51 362 499 -302 -590 -798 197 624 -50 411 -976 292 56 -530 154 1181 -435 1048 -235 673 -478 846 531 4 854 -445 -364 57 -652 -1070 -321 -438 -435 316 ]
[-171 233 -26 -462 61 -738 653 123 -481 -742 -630 587 248 1223 349 38 712 704 -337 -1257 69 245 248 -866 162 -884 -556 -527 -728 -674 142 281 1013 -218 571 -470 554 -1131 34 1040 178 139 306 408 -1117 192 237 -33 1083 -337 -654 817 -341 738 -652 844 459 -813 -177 127 183 109 281 -450 84 -299 -405 -166 802 1049 -231 -682 -186 425 -394 390 -14 442 1077 -800 -1005 -97 568 420 -437 199 -276 577 -113 -133 -804 -751 -226 112 -772 1034 -197 968 -253 -657 -686 795 -265 498 70 -31 733 -88 484 224 1368 332 408 1033 48 -382 -188 -578 -263 -211 ]
[-38 50 -736 -22 -442 -372 356 416 360 -845 -189 502 934 63 331 242 -822 -535 414 570 -274 925 -647 194 665 920 456 451 172 -754 -1188 -559 -77 476 -71 602 -818 699 -1397 -88 -562 -545 -409 -642 910 465 -154 476 -368 704 -773 -1160 -45 503 1623 380 95 192 37 -250 -932 886 -336 107 -61 -178 -309 480 -56 204 628 118 -1077 -298 735 573 -144 251 -114 1218 522 530 719 526 589 719 337 -351 245 -413 647 -369 225 -351 53 687 168 -211 -778 116 -196 -939 764 1070 -244 -1346 -219 -31 1399 -726 852 641 547 440 -412 -1129 43 -347 127 661 ]
[962 -311 426 602 -1032 -491 273 -612 237 413 -351 -69 -260 -337 -65 -576 -200 181 426 968 621 95 460 -593 -162 149 -1234 -869 614 -278 50 820 -515 -336 -217 -149 1434 440 13 -109 -137 -203 4 -145 -602 525 -131 -132 -85 595 -744 -109 -248 -559 90 -462 -5 363 -1005 814 68 171 -144 -464 753 -553 156 0 -99 -747 329 703 743 336 -42 -190 815 537 215 1283 630 -15 1009 -285 200 -230 110 -124 -380 -198 -620 -908 -352 39 -492 77 -448 -961 -348 -1327 -739 -271 449 -16 241 649 -761 1174 141 -114 508 17 -362 1131 -440 -745 -450 142 -115 -554 ]
[843 -1236 -239 -112 565 378 89 -652 140 512 -321 1028 180 -192 -251 512 333 508 -1131 238 -898 1049 378 817 -96 95 533 -737 14 985 51 1345 -123 -166 691 238 -9 419 66 -434 1564 220 -441 403 70 -372 665 -70 38 -912 -447 -510 -148 -237 141 -45 -227 -917 87 -155 -245 -297 990 406 731 -239 -74 -144 795 -7 -947 395 805 -57 832 -838 -81 -769 -464 -161 -686 37 -1711 -696 -641 -228 -503 454 -1052 590 426 -327 -986 -287 -600 -789 -154 82 1365 406 -528 1100 -124 -1090 -353 -190 -108 268 -395 -420 1133 56 -527 -208 -273 178 95 -89 505 -359 ]
[277 477 -957 -1589 -264 -665 511 -193 -954 -430 -241 682 1161 745 207 407 613 529 -307 -128 1214 -545 364 -224 416 -18 -35 611 -78 -729 -467 -1723 638 -6 -813 -733 443 -1116 -219 348 190 343 144 1106 -1045 459 -400 -402 305 824 -507 94 195 411 196 684 425 531 270 -753 -252 -1059 -668 -546 -1711 -47 -23 -686 -136 516 -109 -41 -266 361 -844 619 340 671 289 -852 451 -268 794 -148 435 926 843 206 1109 210 576 394 350 -373 137 664 717 489 111 -619 90 -767 168 -661 222 202 -285 -246 1163 343 15 491 366 771 76 272 -538 655 446 342 ]
[151 848 144 26 228 -797 -164 -594 -398 729 -671 -346 -52 234 -502 31 -258 -875 -971 -241 -24 153 72 -135 699 85 123 1000 -61 -6 -70 77 -890 546 534 -8 -334 -743 -305 466 -391 342 128 68 -243 -349 -255 -758 -963 332 -988 -946 -30 -33 -1084 -326 -1440 1082 67 43 -276 -846 -685 -587 -310 -32 213 -355 -13 -495 -637 -507 204 -860 -369 -823 -191 -432 381 -1482 418 560 -119 -273 -88 -424 1672 264 9 762 -720 514 159 -598 103 303 388 16 -660 896 1026 313 340 -386 -119 77 -915 -1067 -911 -632 139 -250 45 -108 583 -263 -1348 165 266 -119 ]
[36 297 423 -897 -984 -95 -113 911 812 -281 -253 -1002 574 -369 339 42 -1080 -598 64 -602 698 -1105 842 113 -107 666 471 -131 810 -388 499 201 -513 -59 -589 -513 -197 584 89 -843 -369 -648 407 -439 559 448 -108 -577 -400 -30 39 -81 -232 1212 -769 -93 187 -171 -255 511 13 -8 683 -182 563 279 420 1023 -363 -422 128 -420 -86 -110 202 -248 -74 36 -114 935 155 851 -729 383 172 769 903 501 224 432 -707 384 -373 -420 382 528 385 -784 -1267 -383 -600 -569 -224 -579 282 349 987 -202 781 -954 685 -775 221 754 -181 609 205 110 328 -614 ]
[-297 67 1260 905 -214 -354 -817 -239 -203 1875 573 -116 -1226 793 179 -1034 228 -315 -5 -757 332 -10 -75 -323 463 -208 -669 822 402 573 -216 -288 -1111 270 -118 130 390 -67 25 245 67 -296 -389 1349 -389 -139 -685 -316 278 1321 898 134 -716 -340 -916 -354 -518 262 140 412 513 -124 686 -409 -672 -3 -269 -581 -1285 -618 -1396 348 326 -866 -1232 -363 241 -266 -128 -517 1182 -883 314 -50 -156 -416 660 -375 866 1061 -113 -466 381 -90 -208 -206 1143 -483 -1055 297 -306 -964 627 -285 -231 1091 -1092 337 -764 1033 441 849 108 697 -257 -328 -1007 474 714 -1137 ]
[328 -573 -185 703 -155 665 -183 10 -227 -1466 -520 709 354 -338 537 134 -272 977 475 -175 -603 240 701 1 -205 -188 -761 -855 -40 -195 65 437 -101 177 -395 -453 627 -205 -363 245 100 630 250 -330 42 900 -372 671 962 -1782 -306 -548 -488 143 1469 114 382 -392 150 567 837 597 788 -137 429 575 -768 664 1086 514 14 -703 -415 -258 -161 112 -9 38 -530 -528 -427 650 33 307 -119 678 -1214 67 -203 -882 -165 8 -378 1203 -566 -53 -537 578 624 -559 11 453 1 852 213 433 337 219 62 -523 747 318 510 16 -841 -481 -5 -11 -1236 72 ]
[-395 1285 -813 -1860 137 138 275 1509 973 -111 779 -952 -367 -27 187 216 1372 -122 -722 298 1014 -897 12 10 -210 207 -820 -1045 -892 -378 -568 815 -366 591 194 -359 857 81 -684 -144 223 133 101 -377 -300 -1336 -422 -203 -1071 -639 -795 183 645 -113 -2365 312 -202 -584 -538 -45 -714 9 -400 124 912 -269 -68 496 1018 334 -135 -7 52 338 -1264 101 -207 697 703 517 -308 -1173 -99 -1329 -297 137 154 -699 -621 -669 -750 -222 130 -90 361 142 477 -152 686 449 -1075 1013 283 195 775 -221 -613 -4 -131 -342 302 -1075 -815 -189 971 -151 23 -1505 780 -786 ]
[-390 -625 -156 167 -566 140 -117 951 322 -179 1214 -6 427 -352 346 -50 -658 148 -97 -15 -628 621 782 411 -804 165 -236 -828 282 -307 690 382 -298 145 -122 -540 1428 -543 -810 -230 -752 800 812 -785 542 -942 160 488 -664 -785 157 588 -242 657 -49 -659 758 -231 114 -600 599 514 219 549 467 93 -543 826 -104 336 666 468 -1039 609 73 -455 -190 -676 -1094 1432 561 163 488 758 285 845 308 -36 -90 -986 -1000 289 -710 787 809 -798 -1223 -593 344 352 347 641 -149 410 471 93 -63 42 526 453 -57 -256 170 670 329 513 91 -27 -937 -106 ]
[-296 -403 -1249 404 480 -432 -32 54 78 -414 -136 -1129 526 -1023 262 -1237 1008 950 -294 141 -95 372 348 58 -230 1169 -112 1374 644 298 478 -994 -205 437 -304 101 -238 -149 -539 806 75 292 -163 145 -338 413 -1020 -694 73 -849 243 81 256 548 531 -583 141 742 504 53 -949 136 46 251 -896 50 452 164 501 -303 707 105 824 410 1275 -298 -353 412 -10 102 193 384 1084 -319 -365 -36 -125 78 301 -1318 584 1078 -926 -572 -400 1079 -880 -354 -499 19 1286 -512 413 -185 -114 -556 -56 -690 440 99 -631 -634 -532 -494 501 450 -1015 490 -874 317 ]
[-711 372 3 -106 -316 400 45 768 -423 -169 475 39 -341 -637 496 -294 1366 225 161 -583 -634 -267 -289 -517 167 -1 405 -87 -2 -1829 -394 -371 151 48 -510 -451 573 700 165 -249 -148 -952 105 109 320 97 -32 612 -683 195 -76 -284 -144 -205 281 -146 706 359 -316 -90 345 469 -441 -377 -875 -607 -1152 259 741 355 467 472 228 1302 -208 331 3 731 325 -48 178 276 448 -531 731 357 448 -511 -465 -731 -84 -890 225 -106 47 1030 -510 14 521 1449 -230 -1167 579 1098 940 474 209 72 -236 647 -415 647 -148 887 -222 -676 -260 -329 446 491 ]
[-577 -274 244 885 -473 849 -977 -283 375 1055 -210 -721 -1101 -538 -136 335 -1151 -743 237 -20 -1424 64 409 -300 -258 657 -606 559 964 -379 167 520 -1263 -401 586 -125 -283 587 -294 -180 -684 52 -1184 -53 1242 -74 31 -142 -867 119 666 1065 -75 -138 -742 -1177 342 392 405 199 380 -258 765 1015 819 -346 -785 -159 146 -327 702 99 706 107 -89 -363 -855 421 -297 58 419 -36 -717 904 396 -529 -1352 382 -1296 -83 921 -87 -324 452 -691 -572 -987 -292 -482 -719 420 173 1064 197 -708 421 -125 129 -1644 455 137 -447 -128 390 64 556 -558 -99 -96 225 ]
[-613 118 853 -467 535 -999 39 141 826 -675 895 474 855 -585 -574 -125 -247 653 295 -100 1073 -25 -820 -401 170 463 1027 -835 -728 -271 431 -1149 1947 -418 -419 89 496 -262 -246 396 -644 -448 462 -814 -736 58 -26 441 101 -308 301 375 -35 -92 82 568 568 -358 -158 -309 -644 552 202 620 -463 600 638 361 143 -346 -500 -871 -406 -47 -199 52 235 191 278 932 -633 93 610 -5 -581 -889 -232 -684 592 -179 554 18 1465 -148 1652 -60 990 704 2 649 -346 -132 -346 284 48 -832 278 -125 1015 -613 -741 132 83 -242 104 -391 492 141 -724 -203 ]
[425 -4 -991 -323 901 701 833 306 -740 -429 -1198 -412 1445 -1058 545 1037 -418 18 -1345 506 230 74 234 617 -834 139 -984 -807 672 356 -226 954 -339 169 18 -369 -646 353 -412 -100 1016 1480 1352 784 -1041 313 -56 -113 282 -521 -2062 -179 -93 -228 -324 -533 -282 -276 75 243 -384 -129 164 98 1016 -741 433 -48 523 1061 102 1026 -71 518 621 715 629 -471 -594 -178 -132 243 44 -689 -197 274 -84 367 302 -391 -208 -181 -1858 -10 -447 399 -811 -108 670 914 -178 433 36 -206 -160 -412 -489 -753 282 -432 49 -257 -118 211 464 550 244 114 24 -290 ]
[-291 534 -723 -341 1015 -439 943 -81 256 -86 -271 -484 74 1089 622 565 -64 -31 -378 580 -534 230 -504 -388 -569 233 -214 442 331 182 -647 700 -618 140 315 -240 1399 -385 -31 -81 -41 -492 -1104 598 -234 -191 599 899 2 -853 359 -556 -1009 184 -634 -260 614 -1121 -348 403 61 -200 681 369 666 -678 -1377 467 -325 -374 -879 -328 -370 358 -374 -787 302 315 -382 759 -487 -230 -365 -573 722 -714 -544 299 -994 750 -498 -23 -395 -2 138 844 -17 857 671 -716 -888 992 323 -169 -564 -256 -610 -81 -425 203 1038 559 -65 330 -770 -72 -238 -369 -685 152 ]
[360 -90 -343 849 -392 -109 -22 141 164 -231 253 747 398 42 -1190 51 -102 -254 162 -484 -90 385 -1224 -705 -85 -544 -683 -478 229 1161 -516 -220 60 172 -707 506 141 -789 -350 1 -578 812 414 -25 -556 463 44 -687 -23 -635 314 19 -24 -567 446 -52 -209 -265 -574 -546 337 271 -717 466 565 -670 6 -398 -49 75 34 -311 -392 -553 354 -1 -365 -338 -61 -64 223 93 81 730 -543 30 104 -68 493 398 -557 -804 299 475 -132 237 -238 998 121 -561 5 1534 -466 610 -1078 -352 -183 353 347 -8 481 -167 132 -728 -693 -964 329 -190 -814 -362 ]
[-227 400 686 -239 233 1344 -501 240 331 -297 -616 203 232 -901 -158 -318 1881 549 -291 -1091 382 -239 1418 1222 -142 714 -201 -152 912 -614 295 7 -783 34 40 -576 689 764 -628 368 856 601 1038 703 141 -334 -823 -750 -399 416 -45 -866 307 -511 698 383 -65 -228 -457 -722 -66 4 372 -188 -285 626 501 291 1592 1464 -1298 287 678 175 -115 14 884 44 -136 -836 -217 236 884 -400 394 -261 516 -652 76 -717 -601 -764 640 146 29 291 303 470 110 1321 1093 -1230 54 -60 509 286 -509 -180 -543 120 -592 122 -228 -659 285 -803 -901 -2 133 635 ]
[858 230 -176 -616 -490 -359 645 -70 690 -135 -481 222 218 178 81 150 -849 815 42 148 -117 -420 81 -692 515 508 -951 -1508 -400 15 546 -364 24 195 120 525 847 -487 -259 -170 85 397 392 -777 -246 -474 603 199 -586 -466 -450 -115 507 -173 -11 155 142 125 -763 116 289 314 -790 -337 391 -508 246 -114 -513 -485 404 73 479 -518 10 166 83 78 327 925 706 325 -492 -114 -140 -591 76 -87 -526 543 -107 -185 102 162 596 508 -240 -679 -577 -635 206 -494 88 461 -490 43 -901 -538 206 -209 61 -447 185 1447 193 -1001 -378 -335 -191 -727 ]
[169 171 -160 -410 -172 95 -255 20 865 -808 -297 251 821 -207 233 236 -323 270 1163 471 560 673 198 -425 -373 -389 -308 -1074 -258 876 -68 -264 1644 22 303 864 -401 -249 -1316 81 480 657 1238 -694 294 382 -559 460 187 -624 3 148 699 -320 432 866 -488 -233 -367 -689 -559 436 -1240 -80 -291 661 997 -834 953 2 757 445 -1237 -100 93 739 -198 -22 744 -576 402 318 826 340 135 505 -408 -636 515 -1049 697 -147 149 391 -766 29 -471 368 -64 -772 783 125 -751 292 -243 -361 -45 391 854 648 -359 -883 279 -1222 -906 -70 488 -299 -316 368 ]
[-254 819 -129 27 604 -693 -650 671 195 269 103 -760 -486 195 -37 464 520 199 -211 337 1235 -67 -838 -16 -896 -29 -477 1114 1059 -318 9 805 105 -300 -275 221 293 -565 -737 225 1056 366 -769 560 -397 -509 -560 -32 -197 635 1545 -534 -21 -591 -1063 -271 584 -951 205 -323 -135 296 -610 91 -467 857 723 192 -967 -628 -1390 -356 -309 74 60 -768 -270 917 126 -229 353 -198 514 -110 407 -664 844 15 -403 816 903 -171 392 -425 234 352 1594 153 -482 -709 -10 105 115 -342 -1167 -451 -524 -165 -441 427 89 630 43 223 294 615 135 572 -575 462 ]
[-474 -134 -430 -71 -245 -1217 -69 707 -16 -1143 1387 482 922 -71 -259 -1210 1821 552 -60 -506 1532 278 -150 -414 497 403 1108 -45 379 405 -3 -1210 1053 -297 -675 186 174 173 -585 678 -21 -546 563 292 -341 10 -548 -330 540 -154 741 787 -366 809 14 -398 218 210 -394 -264 -1186 -426 146 415 -1049 1058 199 -749 231 137 -625 -431 419 693 -33 -163 515 4 -58 84 222 -155 1155 150 -61 283 70 -196 1019 -584 726 -473 50 -568 654 174 641 1158 -637 49 274 384 -255 -160 -497 552 -246 252 925 273 -232 732 -498 -539 849 -285 -195 83 -171 521 ]
[-310 784 -302 -476 222 373 244 580 -143 493 837 -229 487 -297 -301 -407 1042 860 -662 -476 -540 -762 -475 681 215 366 -1051 532 723 -420 -549 -851 -379 -157 -1189 -1136 98 -8 652 440 771 509 1190 951 502 92 -302 325 -364 364 244 -236 33 -282 -429 -472 -624 809 675 -148 -499 -546 195 -965 -1507 658 -446 795 801 915 50 550 421 434 -126 575 518 958 104 -792 238 69 868 94 542 -75 52 -441 429 -684 -313 124 -688 -768 1631 350 1190 -773 565 459 -437 -1206 752 -621 547 -856 333 -367 -123 1251 -1222 -814 -646 777 515 593 24 -357 382 -529 ]
[-385 47 815 -130 -108 -452 211 -1134 -556 1433 325 266 -13 412 -563 929 -223 -1086 108 -913 55 -45 -533 -129 437 -728 438 343 -188 -1227 -251 -96 450 -564 -176 -196 235 377 945 319 -482 -1547 -820 632 -396 -25 622 885 116 1440 -849 814 -950 -443 -631 211 455 -293 -290 -373 637 -363 394 -435 -462 -879 -121 108 -605 -303 -193 105 377 671 -849 -517 -100 444 69 -746 97 -629 -207 514 -379 131 701 55 289 655 -540 -774 273 -20 -69 -105 1068 58 97 -16 -844 56 287 -199 1078 333 433 603 32 471 337 1138 214 1299 29 126 36 427 619 -496 ]
[-853 -547 552 428 -103 487 -439 -734 469 996 727 424 -1569 721 -280 -72 -45 -1496 -231 -397 -769 428 -614 728 714 399 -97 507 368 -588 -131 45 1 323 -679 -14 -418 -422 607 -109 217 -830 112 258 705 189 61 254 -732 952 879 -43 -263 -16 -1101 -607 -892 217 359 43 -371 61 -611 -377 -907 -691 -743 385 856 -541 285 -27 109 -192 -360 -175 -189 206 1572 56 124 -392 -533 996 -105 267 45 -815 -696 -6 -9 -542 1059 -51 671 -1019 628 275 -129 -725 -665 -52 41 429 343 -756 39 384 -680 248 -891 -850 -408 -313 -468 -276 285 135 381 5 ]
[-96 -1303 -12 780 -625 102 -12 -67 498 -482 1230 -258 -325 -254 118 -265 806 124 12 543 -408 928 -827 1699 35 63 475 303 -240 -301 61 33 -582 200 -376 1103 182 -398 -577 -934 671 811 344 -87 684 -92 -297 -628 -798 -350 -158 -600 -249 -770 955 14 -257 872 60 155 18 -31 -331 -50 -560 -497 252 841 175 -244 1400 -243 -87 610 229 -358 -577 -744 -337 156 -29 -1010 115 -28 426 837 768 533 983 -368 -834 36 85 535 -296 -435 -618 -800 1294 -241 490 -194 -158 916 1322 707 -257 1107 -512 -151 -395 -214 307 -948 -794 50 -444 502 -636 -116 ]
[-370 -303 152 -707 487 193 -444 -376 -190 1471 -44 809 -277 -136 -26 -97 -690 -656 -392 -421 -584 234 -62 171 -396 -772 1097 385 -423 -100 -128 228 372 -278 509 -257 -252 -705 374 446 -190 171 74 -280 584 -418 -329 55 -81 -453 -72 726 42 1 -33 -58 794 -145 859 -1296 -1061 -1230 -190 -199 -919 308 -609 -639 520 724 -974 372 112 -66 -306 -693 -427 674 333 -1535 -967 941 236 564 93 -239 -179 709 145 -1291 -80 -478 224 395 -109 166 41 -562 495 414 772 -308 -20 -394 144 -365 262 413 -146 18 -114 -217 -134 -157 -8 -433 -306 -272 -75 441 ]
[186 1103 87 420 101 -275 -700 247 579 328 -428 -680 -280 59 -132 -84 -207 -161 -219 303 -335 -648 -122 689 -734 36 -814 83 -65 965 44 530 -988 -357 723 -635 152 -81 -378 -371 71 1387 306 103 234 -408 92 144 -430 941 -19 -911 -192 263 365 -293 -128 -441 213 -545 -301 511 1486 522 872 335 218 461 -3 199 -924 192 -638 -443 875 903 259 733 -480 328 -489 -70 892 -613 407 -227 78 -682 151 665 129 -550 179 116 753 -122 803 282 541 67 -500 317 -686 25 -1222 -683 -220 331 -485 357 1093 -246 397 612 -913 -207 371 209 -904 758 ]
[514 801 -1054 -757 830 -212 -173 201 -256 927 521 757 2 743 -367 1095 -1082 -1054 260 -390 -79 445 -1035 -490 -51 142 -1382 560 158 -209 -297 182 -219 -572 98 -5 135 -397 -307 -324 132 927 5 113 -609 -695 88 506 716 378 131 -274 238 658 -761 -972 210 -16 -373 -790 152 -429 -60 89 -804 -20 -549 -283 -1026 -275 -325 731 -750 -472 448 -868 22 388 -125 881 363 200 -368 -603 616 735 -319 461 -76 884 521 478 1115 170 762 11 653 520 -360 -290 -303 526 -277 -58 -1230 -291 -485 -1076 350 314 226 18 569 678 -135 532 -22 615 -236 247 ]
[-243 -597 41 181 -899 244 -273 -56 -597 -92 172 1067 -503 -337 708 193 206 1210 49 499 -259 115 116 -798 1220 664 654 -63 707 -694 429 -363 82 1034 89 33 358 72 -89 279 -895 -749 -599 -153 175 805 -248 -277 143 76 -302 -575 -802 996 -199 669 937 946 797 -244 383 -289 -854 -1058 -833 -27 -558 242 -171 54 269 -32 371 350 -388 -757 -1 -173 249 640 442 374 -820 344 -28 363 202 954 -698 127 244 -659 495 139 52 -288 -71 -75 478 -198 337 -625 726 -88 14 -49 -344 -317 106 -74 -361 1216 -239 495 341 -862 -1232 674 143 -251 ]
[424 -475 -216 17 -420 -13 370 151 678 -695 -180 -745 532 -1557 84 343 -603 -194 785 1067 1164 267 532 -608 -117 -843 -414 -1108 322 -985 1381 312 1472 93 -893 -412 -395 567 -922 -862 -284 -404 940 -202 -252 -81 1188 117 862 -330 310 648 -486 -803 315 -226 338 -648 412 398 -872 667 232 935 991 -245 300 725 665 678 -199 -134 405 221 559 678 957 441 -155 107 -523 1160 662 137 -695 -671 -370 -223 503 -928 761 447 -268 -75 21 -607 146 250 353 122 736 776 -203 360 469 464 801 294 60 -545 -136 666 470 -111 -306 375 1804 394 -1161 -38 ]
[-943 589 128 945 -776 83 -981 13 -145 1310 939 324 -249 -7 -505 69 -304 -18 -940 -334 -184 -507 -987 247 124 -624 -154 -14 -713 477 -919 294 -386 116 -505 -10 -122 -313 -350 -888 -375 139 -532 -401 646 -516 -268 -288 -268 391 277 -500 -323 591 -341 576 395 -618 87 -1200 -411 -70 -579 -332 197 -438 898 -169 -122 722 -399 477 49 -236 558 -250 -202 1234 371 -432 -777 -504 222 1241 118 298 938 -236 -164 -671 89 -1565 -231 -287 90 -318 505 -366 486 -114 -503 798 487 -91 -895 -1474 428 656 72 241 11 64 -404 202 -345 -340 296 -430 794 189 ]
[128 451 667 -1212 -537 969 -884 517 1044 612 9 477 -449 -213 75 904 -628 16 134 -221 480 -918 551 -14 -1113 278 -908 -1008 968 -57 -752 1011 -795 -1304 -66 -668 253 413 406 -437 -203 554 114 528 731 810 63 -283 259 592 -291 508 18 562 -516 814 709 -829 215 -506 -28 -329 900 315 875 449 -40 -46 347 40 -636 103 -259 -34 -1085 -47 414 1024 93 735 -819 190 24 372 -40 39 -985 210 -149 -157 -131 -468 726 650 112 -558 1041 -375 -61 -973 -732 -687 -246 -530 -24 -153 284 722 49 -188 189 -819 -8 632 15 -220 27 166 172 -86 ]
[714 367 -186 -520 -16 494 23 -162 -418 -483 -193 437 -38 -740 93 1025 -1041 -27 572 555 931 -327 840 -164 -478 601 370 174 197 -256 945 -258 412 -139 838 -529 -674 683 384 537 -224 -837 -1189 -56 -652 -453 -343 358 -854 876 -619 153 1143 -211 -209 392 451 -271 -140 -147 566 -104 -182 1318 337 306 -288 110 -646 -889 9 755 92 -546 826 176 -583 -73 -303 982 730 222 -733 -417 700 -503 -240 283 -472 963 1239 1046 -309 -207 204 -822 360 1078 -586 177 -532 978 685 -450 -337 378 -443 -486 -32 -835 68 -72 -50 -754 1051 457 -198 789 476 656 ]
[177 656 -625 -335 862 -375 795 810 929 49 533 -116 161 751 64 431 -520 -215 265 -379 -502 106 -261 -788 709 264 -208 717 4 -483 579 190 320 141 93 225 -550 754 -797 270 -145 225 -1204 -933 50 -2116 1124 999 415 -5 800 -650 269 -943 -918 -774 -523 157 65 307 1057 874 -107 1140 788 -10 -901 250 52 459 -694 -336 48 -324 -1007 218 -606 -546 95 226 1703 346 -795 252 28 -476 30 -213 -1157 829 784 1210 634 -756 -23 14 120 -334 -10 335 435 659 88 600 -1031 -179 -909 -1459 -1253 257 76 628 537 897 1344 542 894 -764 114 -160 ]
[526 -841 -1008 -49 559 -225 927 -94 -150 -310 464 555 1084 159 1089 847 -535 601 -325 -332 1056 132 -722 35 10 -275 -208 -32 940 -984 1103 193 1027 178 -707 371 -430 -568 66 745 -102 791 402 1120 -1529 832 -856 -46 1184 1358 -1710 344 -961 277 -213 481 -354 412 105 587 -17 -184 -819 114 2 6 568 826 -787 228 -15 115 -549 1518 -242 714 -17 -271 915 287 279 -281 445 65 232 1110 431 1060 652 370 156 546 35 -245 -166 502 601 -256 335 -1196 -1169 -919 -35 -52 654 162 64 182 310 -800 -278 458 630 925 -217 648 220 335 -318 -473 ]
[-695 437 -782 667 176 -353 -582 -402 -347 -287 36 -52 218 -161 -381 -644 1667 716 -799 168 -976 98 -213 -128 -120 195 -271 427 259 1346 -1300 282 -68 646 -527 -326 310 -464 105 702 836 400 453 1078 -336 742 -515 79 -629 60 -206 -395 -42 -40 321 213 -662 1061 57 -104 129 -490 -519 -838 -528 -656 77 -1155 1142 273 55 -37 817 312 135 -395 -282 147 -165 -1775 277 -303 829 491 -1 300 -389 -458 -487 -710 -508 -346 -594 -324 -281 1342 -534 142 414 88 548 -225 199 -1278 -308 -313 -423 46 -635 980 -486 -164 -538 -439 -234 -660 -998 -576 -72 54 ]
[142 -822 -389 59 547 539 804 420 234 -681 -487 -17 1141 -695 213 284 58 358 -476 -947 -552 -44 815 616 223 491 241 911 1021 -449 29 -845 -144 -165 510 500 85 -264 879 977 -34 -548 -618 -1034 443 417 -790 -863 -72 414 -311 -431 689 -331 -491 216 99 424 -995 829 142 -478 -73 273 -155 -48 -634 -490 1112 268 1170 86 524 77 -1152 450 -855 -389 623 11 -555 211 -1102 929 647 -39 -642 632 -31 276 -194 838 -292 -468 -1486 551 -1271 215 576 -281 387 1159 1083 -10 -194 -395 469 1420 344 57 939 -1266 433 -73 178 1153 -74 -343 1160 984 ]
[-863 590 37 555 779 103 968 -513 -760 -460 -458 775 -183 923 -923 651 1073 -144 -314 -755 -187 -100 -602 -334 -159 -415 249 190 -741 -45 -227 895 674 -184 382 -895 471 -855 831 974 673 -801 -643 -5 -591 -482 630 369 137 -93 505 -27 327 -62 82 3 413 -841 -272 260 811 -258 824 28 -205 -459 -1336 -43 250 1423 -83 555 -31 294 -1540 -660 389 -98 421 -1028 -861 12 -376 416 -939 -1245 -668 -85 52 533 -803 -1066 -57 309 491 -737 -483 725 995 383 -688 825 201 -120 -62 457 916 413 76 -170 123 366 -164 331 698 129 348 -381 -109 -66 ]
[622 426 218 609 69 203 810 -926 310 744 370 799 14 -259 5 269 -1962 100 -162 -258 -270 870 218 175 759 450 -1006 -72 -202 -241 741 220 -194 313 -163 1115 575 5 -787 -620 343 955 -662 -1085 285 -1145 272 168 472 -732 174 -651 -27 -482 127 289 235 -676 -176 13 1052 567 -346 104 787 -219 230 -409 -650 -77 90 864 -703 -968 -681 251 -932 -183 -109 668 598 176 -933 499 110 399 -659 46 -1012 295 -206 -12 1294 546 -265 -573 132 -375 -434 -410 323 83 570 1416 -840 -233 46 -116 700 -417 503 239 575 292 -774 291 433 -49 34 -645 ]
[19 1008 -263 -417 -618 -923 -460 -48 629 315 95 -632 -108 153 550 -476 -638 -56 722 -34 516 669 546 -625 -803 148 -340 762 -163 -29 44 1336 119 135 73 -9 899 934 -795 -65 423 76 52 -152 -204 -355 -658 141 787 -188 71 -161 167 608 -643 -63 -217 -611 -1279 259 -595 316 135 -203 612 828 223 33 -850 -1054 -207 1004 -556 -336 615 122 478 419 154 590 1545 788 1061 -664 41 5 752 547 324 175 267 1476 -1111 -712 -471 -63 -295 -1208 -1189 -42 114 -903 -63 -835 -198 446 -6 185 175 -326 990 -363 529 766 -359 464 -20 681 -324 -880 ]
[195 117 181 590 135 167 -390 106 -854 948 535 867 -1176 1159 503 -322 -1553 -162 546 -1269 -439 406 -324 239 436 -687 878 1060 -502 -831 -244 80 -120 -211 180 -969 -559 903 392 89 -601 -350 133 899 408 -739 -552 494 1228 507 -117 -93 114 806 -226 -750 -343 325 -85 141 382 -349 131 -437 -1388 909 -804 29 -249 224 -73 119 -45 -175 762 -167 764 -69 248 -426 -22 7 -544 -423 635 -204 644 791 109 515 -413 688 -795 -263 -49 -682 530 -394 -945 239 -941 -944 290 -277 765 635 328 -418 -345 -277 86 576 -158 -95 945 -176 -405 717 416 357 ]
[-49 -27 1026 227 443 232 -928 -435 374 63 738 139 292 -1451 727 -582 210 90 134 -424 468 -146 904 890 252 -622 -251 -177 16 421 457 -225 -277 713 -275 494 125 -181 -1099 -800 -784 653 1125 -336 311 115 -431 -143 192 -1168 500 136 85 -210 8 -42 -92 -237 -410 -74 -242 536 -518 -818 30 -293 1272 -664 -413 294 21 310 -520 -771 41 315 -257 -581 -41 -347 388 367 459 354 259 566 784 -1072 23 -848 -159 300 -535 -103 -258 373 318 -190 -592 515 30 -618 478 136 25 -1007 47 -629 237 455 -821 -33 -191 -506 -330 -91 667 371 488 -453 ]
[183 400 -594 -568 1377 -312 523 -394 -476 -427 217 1234 565 263 -231 780 899 -186 -147 661 -270 -35 -413 -1214 435 88 -125 623 -279 -631 -386 766 917 -502 -194 -374 -24 163 473 378 96 -1998 -1408 -214 -296 -37 2024 768 917 47 38 -90 -522 799 -532 -210 852 -281 -132 -380 561 1 850 -181 188 -938 -573 -184 22 -990 123 153 474 509 -613 -1717 -606 753 -402 432 221 734 -644 114 -885 -253 -534 70 -776 250 -272 -292 -228 -600 -149 795 -480 -102 -65 222 -253 498 611 -463 182 99 744 -784 885 449 327 1211 333 1184 309 150 245 -391 880 313 ]
[-114 84 -205 -156 -780 -466 74 465 594 167 964 527 -114 410 850 -1467 -669 508 -479 -833 -71 233 398 97 754 -261 -594 -871 -428 539 64 734 -379 718 -501 243 291 941 -119 7 367 230 1314 -366 334 -727 -177 -696 887 -462 -751 -194 -377 494 -1175 732 -668 280 385 191 -454 288 -218 -588 1286 621 -56 -125 76 408 -538 -33 224 -979 38 385 221 -671 -384 106 99 -218 151 177 -554 339 -54 64 -250 -67 -357 1242 63 -990 -60 -184 429 -156 -578 1191 300 -802 -198 -642 783 459 528 -387 -809 -613 176 309 755 -936 753 -261 -167 -151 419 -1303 ]
[923 -691 -306 755 -754 257 -272 -333 -240 -364 -814 -84 -994 4 -623 488 -167 -896 841 1109 -658 585 195 586 -925 421 601 205 910 -357 -477 459 -607 -1302 102 243 93 -85 526 -63 -208 -428 -255 -24 359 612 -36 -888 -1008 780 201 -74 488 -624 1791 657 144 52 -381 -450 415 -41 -312 270 657 -385 -601 -328 -205 -1470 1457 -283 1030 605 694 -961 -577 -433 -1056 229 508 510 -260 762 -264 226 198 -370 -330 739 -505 93 915 345 -471 -384 -301 270 620 -798 -208 862 91 -691 221 1110 1003 929 410 739 -556 602 -191 -675 -783 211 -226 8 -553 577 ]
[438 -281 166 -412 358 1124 -939 671 -831 -331 -107 530 1562 -650 -357 -74 -552 -786 -628 -469 848 -609 -414 -748 1409 404 246 -114 903 483 471 -1630 609 124 81 7 -894 -82 -23 789 -740 100 990 -13 330 953 271 -981 -758 -28 102 704 -671 856 -465 -309 -368 704 255 -323 -698 -160 -108 88 -368 469 480 -126 251 -932 365 -397 -156 101 1125 -129 280 682 -588 -565 97 970 85 255 -124 717 1029 -111 849 -803 768 -152 195 26 -116 1025 -601 499 -168 691 1243 -217 -153 191 -764 -411 -217 -678 996 163 0 -867 79 -1247 -444 -273 -394 538 113 2 ]
[90 7 -10 861 -352 -451 209 -96 644 856 1416 -755 450 -825 467 -585 934 191 -63 -939 -792 -360 -335 714 -398 167 -7 529 -404 -187 59 -396 -1114 -113 -584 38 633 -173 55 -205 -607 -115 -356 356 808 324 -804 -317 -868 -275 -707 -241 -588 -41 -1157 -670 -84 1228 -175 67 -313 189 -22 -776 -277 -264 -677 928 -84 -1168 989 1359 -50 1197 -737 56 -313 58 -206 492 833 -425 713 152 161 -229 817 -221 654 -252 -1030 -205 -632 -174 375 331 -620 -1682 500 541 -857 -642 751 300 1481 -566 -531 503 586 133 -73 -877 -1236 927 196 460 -1104 -115 134 -568 ]
[-388 375 -133 172 1043 -521 -898 -91 -170 1283 -113 114 -1214 712 -538 -717 817 -327 -201 -417 -304 137 -1277 -236 -363 -531 -1338 -365 84 17 -415 470 286 -350 -282 -563 342 -358 263 81 565 686 450 134 308 -311 895 348 511 -60 1286 503 -342 92 -600 -825 -1049 40 193 -605 -746 -327 197 -37 -528 391 66 -510 588 401 -647 60 141 880 -647 292 144 994 222 -1385 455 477 973 -21 -810 -260 -150 -637 -202 -247 191 -752 -20 -97 148 -478 -648 -522 463 377 495 -426 -1004 -171 -798 160 717 -2 -1191 869 -460 190 763 914 -68 42 328 5 -111 -477 ]
[784 -722 -660 -658 683 1022 570 -321 30 769 51 -372 879 611 50 -278 199 -109 -910 -475 -684 727 454 1093 283 925 -620 -354 -383 240 526 -890 -402 -146 702 170 383 -184 -246 429 125 442 799 393 -395 -1030 323 -155 -90 93 -907 1062 232 560 -269 -285 152 383 -709 44 -693 -1068 638 340 -143 -259 -219 -497 -258 1112 818 565 159 -94 -220 372 310 12 -345 200 -257 -835 291 139 -2 191 -185 245 482 -507 -648 315 -524 -540 -214 250 -1107 -807 -108 -134 611 -786 361 155 1278 -185 -496 -268 528 483 44 -807 -114 -651 621 516 -827 -509 472 -512 ]
[-474 27 369 -276 -574 670 927 -310 -52 6 -1607 -903 -445 536 428 350 16 -16 43 231 -109 -370 891 243 -1281 984 -235 -70 76 -1504 323 284 -501 106 20 -405 651 586 583 663 1177 -543 129 99 -1395 -43 -680 901 -484 872 -813 -655 334 -1034 320 543 436 -72 -329 828 1134 445 447 190 555 -169 -237 860 296 1076 106 303 308 223 -472 1033 849 367 378 773 -242 51 635 -440 203 -201 -1084 -913 -588 377 -578 354 464 -173 262 -586 -169 134 -40 -292 -832 -586 -359 -393 1253 436 187 25 -696 -363 -733 -112 488 467 495 -132 159 -251 -33 428 ]
[274 -958 109 -421 -157 196 -117 403 65 -242 459 -400 224 -474 217 -19 497 -1108 848 576 716 583 112 -176 318 -1288 186 452 853 -704 299 154 345 1 -652 355 -576 285 655 -602 -1231 -505 551 748 27 1777 957 410 377 -278 531 1572 -35 354 21 -855 -17 -98 -108 460 334 -29 -683 139 311 -843 735 346 -401 -187 1225 -215 -129 1358 -133 568 -168 -275 199 386 -529 29 -337 24 38 384 790 1031 412 -140 -715 916 -671 -38 -345 -490 -550 127 -157 -569 -278 652 -812 -381 42 420 -115 735 -421 332 -418 -596 -166 -301 671 1111 1177 354 311 61 ]
[-989 -276 -326 -28 -914 -505 537 8 -472 -376 -19 100 1200 -692 431 -10 236 238 -116 -1058 -560 -193 198 -150 -123 721 450 -29 186 -1031 -571 -797 -87 -523 -416 -625 439 84 -77 606 -568 -975 -1040 -344 -171 736 -773 -594 -18 -399 -1091 324 -907 616 42 500 1079 406 -103 -98 21 -181 738 -123 223 -740 -1361 -102 409 220 779 -35 1007 345 -398 469 -330 433 -117 368 263 -68 -65 258 442 -2 -124 664 256 -555 300 313 -703 59 -889 117 -972 138 767 193 -589 -76 1383 246 445 239 571 638 1108 -399 721 742 -286 937 -135 519 -981 268 -19 214 ]
[608 -490 -1109 -777 -283 -163 452 288 1066 -818 169 -340 384 6 758 -70 -102 -393 -51 1550 338 -492 196 383 -840 -384 -15 -710 -348 845 377 310 657 -289 -38 -546 10 -696 372 -244 -19 571 522 423 279 -71 884 -256 -182 -33 -539 11 55 505 743 21 101 -1267 1274 -85 -631 129 446 557 854 -816 -213 341 739 -908 233 -143 -599 139 715 517 16 -432 145 820 -662 -208 851 -246 -510 984 96 -282 616 -1055 522 522 -59 374 248 980 533 995 802 -294 -244 1028 -775 -11 229 34 494 448 692 -842 873 -383 -17 -62 -470 -30 1435 -22 -705 542 ]
[228 -141 -523 117 -608 -784 305 1007 -1023 -1093 646 759 879 84 -781 -218 997 677 -31 -338 511 -510 -738 -397 357 90 351 -570 -119 284 -474 -2180 687 290 -1211 705 -404 -388 -89 624 -497 -82 -329 297 -855 238 -1080 -187 -227 158 -203 498 1106 -732 434 -114 11 1442 -196 -100 499 -228 -1528 -329 -554 241 370 -415 208 -260 615 -326 269 748 -76 341 -669 -479 -641 -315 832 -183 305 368 259 692 181 -445 718 168 307 -353 -313 -299 307 644 -824 239 -292 609 -94 -193 448 -161 -269 296 29 -346 998 46 -827 535 204 -28 990 -501 -346 -234 373 189 ]
[382 830 -831 -113 -234 -225 -257 389 -324 707 -430 -635 -578 368 -147 -22 330 519 1 200 410 -881 805 -881 -1521 658 -920 97 1312 540 -224 226 -1041 -237 -467 -1257 953 8 626 722 361 216 292 1356 -1205 992 -409 -838 -124 -13 27 481 -534 480 -215 -307 123 -245 645 -393 116 -828 577 228 431 303 -530 150 44 -569 -947 301 193 423 -56 -490 329 837 -41 10 633 -269 1333 -661 261 -466 38 187 -42 -490 -866 -635 -402 -8 -417 577 609 -182 511 -313 -733 -467 -555 -304 -428 1280 -125 1091 19 187 625 -689 -327 307 -270 -297 -783 166 -322 -79 ]
[30 -406 -119 382 664 263 -140 155 -351 -474 -443 -498 -150 27 -540 649 -29 -19 -462 686 -466 827 -872 961 -807 -67 365 94 105 453 227 104 -337 353 -534 644 -205 -561 -117 -626 237 788 743 231 38 1029 -554 -441 -89 -1454 704 62 24 76 304 -793 -39 -707 -187 -78 -341 -1101 -1 -445 -132 387 1098 1037 -532 -473 495 -1127 -231 425 982 -699 -195 -103 -260 70 -529 523 -141 -260 -129 43 -131 1261 658 -70 -466 -439 -184 220 1248 31 -271 25 464 -439 337 892 -594 -375 -696 140 261 -124 -30 -388 -335 -770 -209 -268 -732 179 -259 -248 -792 439 ]
[-52 0 315 -128 -497 996 -237 -272 442 -1446 -104 592 365 -568 55 1093 -438 452 892 -340 628 -365 578 426 -997 307 161 -609 1009 -77 401 -20 1128 -1079 -215 -178 -773 430 -626 -58 488 1084 686 -60 387 134 -199 -426 274 416 148 1190 -59 150 798 462 -286 -30 246 -69 -62 -201 678 1196 1207 833 107 357 1222 42 419 -219 268 642 647 760 329 98 -209 412 429 196 408 655 595 20 -1036 459 454 -413 1256 -54 -767 196 -988 -385 -483 -148 447 -903 -181 -394 73 -437 220 625 474 808 878 295 -179 -415 237 -679 -379 404 481 388 -1021 859 ]
[-598 -880 921 864 281 -272 -812 -1538 349 548 800 778 5 -875 122 -11 832 117 1046 449 189 313 -1144 498 -379 -785 463 725 430 473 225 919 1187 -260 -370 -363 -184 546 611 539 -55 -217 -927 197 519 246 268 518 4 722 1073 146 -1204 476 731 -679 -216 -157 983 -719 -255 489 1613 1271 -123 63 -599 -77 -305 -787 108 150 -18 -185 434 -731 763 -211 33 559 -362 -428 139 211 205 -231 -550 -421 525 -203 807 -354 67 82 -345 387 323 712 310 -87 166 -282 180 50 126 71 -523 438 573 97 -534 558 -1030 -466 -823 626 199 338 -627 794 ]
[934 162 357 -421 -866 332 -4 -304 -879 -170 1216 940 -478 633 175 -18 246 -340 164 898 1362 -208 493 23 1041 232 -588 -903 -494 -257 -154 -1164 83 -62 93 -574 615 -653 -365 -431 -243 201 -16 390 47 -64 460 115 -463 -359 137 424 -74 -283 209 114 371 164 -933 178 583 -435 -1499 -694 -139 -299 360 -679 -756 -38 790 536 -392 -385 -870 240 35 769 -378 40 1072 -845 248 50 374 1082 1151 -353 356 -167 -184 -332 200 136 358 -790 -142 207 -352 -727 114 354 499 891 315 443 -840 473 725 516 -120 472 -304 126 327 -336 383 325 274 -745 ]
[20 -145 -244 499 -536 -545 -296 -394 614 -530 954 410 -112 179 131 690 66 1058 512 -437 630 1117 296 -800 -46 284 363 -643 -542 -126 1241 -365 423 -420 433 973 188 129 -1752 -494 119 1007 270 195 -469 -1117 -864 -442 468 -937 289 1052 243 130 -323 321 658 -745 -235 -273 312 869 578 606 701 317 513 316 -869 27 588 374 -746 1094 823 760 -283 -448 -373 862 487 -587 253 -214 -683 81 -308 128 69 541 686 -165 376 71 -91 -1041 -56 -542 -496 271 -593 -109 -625 187 -458 96 -279 -108 834 133 266 380 436 332 -226 365 270 675 -975 -270 ]
[231 369 763 71 138 -376 541 -378 -468 449 -609 853 1011 640 46 -170 353 -744 256 -411 159 80 -397 -164 1501 -833 568 1412 -935 -355 -194 1488 75 -423 745 295 -825 1275 250 44 -309 -869 -443 -268 -1020 -340 506 265 1013 688 -487 -922 -494 -369 -521 -45 111 468 -230 258 1005 1060 1249 -20 335 -835 -55 -810 -23 995 29 -98 419 -576 -616 -284 952 -595 153 206 -604 -81 -609 -219 -889 96 -442 -429 -90 970 -202 -539 134 -755 -688 131 318 915 -374 396 -1009 531 -279 197 509 -804 -544 -576 50 -402 912 1018 191 37 727 114 308 59 731 -77 ]
[-649 1129 351 1313 965 -333 -722 -392 167 1186 -253 -413 -1065 -198 -363 328 -1322 -244 876 454 -199 255 -342 182 -764 47 -934 1374 986 94 -173 1312 -106 -432 -441 152 162 474 -381 -381 535 609 -811 -49 95 -957 176 19 932 1004 679 -536 119 651 -341 -478 253 -263 442 -490 596 363 1366 383 373 631 -226 95 -1131 -541 23 543 -86 -771 -52 -1628 168 -281 -324 734 1160 -72 418 514 540 -547 -422 -89 -367 356 -262 -105 -130 -373 -113 -168 554 -1006 -408 117 -24 -636 586 -393 -503 789 160 51 405 263 205 934 299 396 -499 692 56 536 289 327 ]
[-12 910 1084 142 300 168 -117 31 632 51 -845 -1726 -518 126 -221 -159 797 -399 258 28 -566 -766 482 368 -496 439 -695 941 480 -1 144 552 -1153 -718 856 257 315 -129 558 51 13 -495 187 -478 781 -85 731 68 -1084 704 734 -259 -616 207 -846 -182 -925 -382 -216 534 -169 263 560 105 -14 -338 -49 174 -393 -376 626 -191 497 -151 -266 334 266 -65 208 109 -293 554 154 329 317 -1062 -364 -391 -1202 535 -448 19 166 -584 264 133 330 -160 -355 -388 -245 236 -290 -5 -311 -406 465 -440 -605 1069 -468 -1062 -633 567 -254 416 -390 -149 469 632 ]
[-144 -1000 230 -506 867 -381 -765 -102 614 83 -380 260 853 -989 -153 1003 476 -762 340 678 336 -663 -32 107 449 1020 120 1259 1480 -476 -731 -351 71 -15 -603 40 -15 505 12 86 -380 -1760 -784 -19 -276 1416 1291 599 -55 1141 629 12 -359 221 676 -524 -624 693 -192 -121 -219 1047 1206 324 -622 -723 490 108 -225 -620 487 -455 412 -360 -654 -30 1217 -219 -307 1130 494 255 -618 609 -859 -452 -1 -840 463 888 248 1250 159 -511 46 -185 142 -290 -267 51 97 -230 521 -332 -443 -1109 -516 -114 763 390 -708 -97 -169 871 619 818 558 975 860 119 ]
[164 -27 -649 570 -645 -1465 836 -634 565 -136 -161 -731 -590 615 552 265 -135 63 607 853 -411 -872 566 -515 -737 -652 389 314 -78 -962 -272 1149 -79 -209 -372 -369 -474 341 638 -501 852 -839 -528 401 572 544 860 505 -9 403 -657 -1167 -212 -235 -67 -1213 -68 19 792 354 335 -56 460 -638 -77 -952 -604 255 244 61 15 724 -123 965 767 -967 130 -424 551 50 107 294 -262 -113 1032 -341 -205 78 -1203 -81 -506 -277 -518 98 -401 1051 395 490 273 6 -501 -139 -750 -506 -269 1543 549 -175 -838 -490 165 745 73 1575 -257 100 727 135 -355 1140 ]
[919 -173 -200 628 -306 -461 141 440 -36 -92 -495 -147 646 452 -835 584 594 -511 620 -353 207 -678 63 -103 -359 360 371 162 190 45 239 418 -146 -585 105 94 71 238 -693 -186 786 -473 -1568 -697 -121 -140 483 57 -283 -622 243 -1276 -393 -1085 461 -368 105 572 -606 -39 324 537 234 99 -525 201 302 430 -615 1161 -148 -498 323 152 376 -279 538 540 -151 -420 203 530 -546 494 881 207 -683 -85 -1084 31 514 -247 90 -360 -207 -879 -41 561 1016 -1498 12 966 -815 196 -727 -570 91 -817 -209 -134 -35 288 -320 502 -48 552 461 -288 -105 151 ]
[-131 567 -148 -437 -164 225 724 -334 -418 -410 -955 1700 834 -573 326 1000 -363 577 -421 162 78 -419 450 -377 659 -213 -327 425 109 -160 383 -62 448 1154 653 612 -305 -236 435 20 7 -864 -734 -549 -57 1018 1269 758 -163 650 300 460 -26 -183 284 93 388 -73 366 -209 574 368 -1471 261 677 -465 35 -505 -59 646 -503 932 -498 -206 -714 1074 -700 618 549 994 40 658 -727 59 599 -616 -1303 396 -782 668 1404 102 -91 -106 -907 -146 173 993 -1084 -491 414 -546 752 857 -1340 -1017 -586 -629 224 -2 47 265 334 167 976 -420 1065 -170 738 894 ]
[1132 783 294 326 -683 469 -582 1198 -385 89 1007 -231 179 -430 -649 -174 977 225 -519 -173 -836 -1213 -162 221 -573 -361 210 833 12 81 184 689 -1211 -653 75 -532 -365 340 21 -1183 -570 971 37 -33 181 -941 -707 -998 -927 -122 61 -783 473 -287 -634 -411 -133 312 -434 -788 203 -21 608 350 693 -359 -186 739 85 268 28 -378 66 -1 1319 -135 126 717 -225 348 -162 615 187 -348 598 -105 576 28 -649 322 -311 229 -292 -889 733 -311 393 -210 962 170 -1325 1159 609 -628 278 -991 287 29 182 583 549 -1240 -706 9 -90 878 152 -273 602 177 ]
[309 879 -1027 10 -64 39 777 455 -58 -581 -546 -589 207 -228 -363 -199 60 45 -832 -2 425 -355 -471 88 -396 1166 -627 369 -113 555 -417 -579 -746 -130 127 -204 153 297 306 329 -82 -237 -966 81 -535 30 -37 176 -562 -317 -107 27 340 65 960 -563 658 -472 -296 841 116 204 263 1042 871 50 -140 222 382 -929 -738 26 195 62 532 440 -372 589 -427 700 -1395 -444 58 -817 619 -145 -46 -11 -70 -6 430 4 -769 245 -88 204 -440 817 -160 0 -771 830 559 430 -698 -256 81 703 182 -714 1324 -530 -36 -741 409 -231 126 26 -309 445 ]
[-362 -177 577 -265 -1101 -930 93 -573 872 418 -543 -264 200 406 105 -69 -837 325 -138 472 62 1433 271 604 -36 267 -104 368 -25 40 -541 227 -875 -175 30 1399 723 -644 -866 -1368 789 1136 1246 -621 509 393 -229 -710 -14 -80 -217 242 -530 525 460 51 -287 -441 863 -63 -474 443 211 25 639 -202 464 -149 -930 -236 449 438 -418 -62 11 -149 421 -776 -699 982 270 -206 362 -234 192 31 -220 429 -383 974 90 6 440 121 -428 -347 380 -988 -1106 -649 247 -659 -464 -720 -803 -292 8 340 272 561 -32 -393 304 894 -984 121 -278 1140 -955 225 ]
[46 -1435 -978 605 -152 -676 591 -74 633 -808 1456 256 -198 131 1513 -661 971 938 694 -358 -295 295 1081 -178 87 -422 779 593 -88 -865 1099 -18 685 -178 158 -132 -106 447 -893 32 50 -996 -1523 158 1105 -1053 215 1051 896 -600 908 106 -768 782 798 -717 928 -468 362 -251 155 1386 769 626 -660 -34 -1055 829 172 -48 578 771 -220 1460 702 -520 -573 470 65 415 468 -70 439 293 621 683 -302 -204 -973 -1192 415 -65 -1191 168 -715 233 -1123 -651 83 -626 -541 322 -233 871 -211 111 115 617 385 341 1088 636 -257 1434 100 384 311 118 -468 953 ]
[507 800 184 -869 -293 -492 -343 -554 947 446 442 -139 91 -415 -102 169 -844 -854 415 539 480 -946 -250 133 -739 -1553 -675 -884 -1587 211 -524 1351 76 -30 450 -405 -177 15 -157 -331 -394 -371 -96 -883 -302 -292 514 199 -220 529 -1486 770 -173 -784 -1331 757 -35 -55 -533 57 -944 -823 608 -227 1099 -835 -289 -685 -321 -323 190 95 16 -1424 -748 488 422 1037 598 312 -280 -627 252 -570 -333 -841 -664 392 618 -511 -222 -583 -56 313 -339 563 751 -268 947 -666 -165 70 204 235 1132 -205 -63 1308 103 432 750 -510 -160 277 -348 -290 171 -257 -99 -107 ]
[-1928 1166 1094 277 444 161 -571 -730 -327 806 419 24 -1091 -539 -888 517 308 229 -430 -27 190 232 -187 -74 186 268 -563 639 28 -290 -143 -1130 217 623 101 -312 1012 -1068 -208 324 181 98 538 220 344 -228 -1078 -421 -20 649 1776 263 -157 -11 239 627 564 -739 473 -117 -913 -333 -942 -375 -1030 495 826 130 -110 -98 -773 638 198 -92 -299 -66 -242 485 -168 -328 -352 46 979 86 -471 -854 199 -712 746 19 97 -1144 1036 245 1330 -771 809 -556 -971 591 717 -1016 399 -621 -848 -809 616 -78 173 711 -1757 735 91 267 -798 -613 268 30 -427 -44 ]
[-855 -150 1242 1237 394 -305 -189 -1553 -1435 -484 -44 141 -249 333 -979 -501 1163 -590 -36 -74 -70 1645 445 400 955 -363 -374 948 -558 434 -23 -953 550 464 -54 185 783 -926 41 326 -434 -39 -301 249 162 299 687 -133 470 -304 1074 609 -161 510 536 -208 -350 -578 -559 -468 95 -81 -250 -488 -622 -566 133 -282 -951 303 1099 -111 -363 -567 183 401 -262 -532 -49 -741 355 4 979 857 -616 78 922 -544 970 160 -735 -935 -866 -21 273 -361 -315 757 -868 207 460 1122 189 637 -332 103 20 -69 887 362 -8 582 -155 -34 -964 373 -100 308 429 -236 ]
[84 863 707 -204 -564 137 -697 -492 368 498 -674 -224 -337 -1113 421 -163 -449 -74 523 680 662 -695 -36 568 -357 496 -817 416 339 -216 11 239 -618 150 2 -139 1359 -117 -436 -459 -1007 124 -37 -600 -121 120 -616 -232 -1094 1419 -176 -1143 -154 162 -590 172 514 -348 -405 -1244 -804 52 -554 247 346 -520 -209 -178 -632 -149 -46 1105 104 -769 632 237 635 692 13 1569 609 309 485 20 593 -216 476 -170 -298 739 1070 -353 325 -471 -288 254 252 470 -10 -328 28 -477 826 312 -503 -572 -98 -306 177 441 -303 468 -474 390 -1014 -240 -459 978 48 389 ]
[385 401 403 -499 923 1198 615 839 -642 -64 -449 432 1378 439 33 146 -775 835 -724 -1457 -1037 -764 689 -416 72 -676 -143 136 -301 -758 376 380 -342 -19 874 -208 558 -531 994 4 250 -1 -301 -809 -321 -551 -592 794 -377 -79 -40 -568 620 -855 -574 231 948 -673 240 246 582 -420 -438 69 270 -393 -701 360 902 1544 -1123 432 -90 -113 -117 106 -213 668 12 -75 -654 808 -987 -302 569 -917 -1087 848 -1576 -8 -11 153 421 65 -477 -89 -60 -65 316 220 -279 251 628 -354 -453 -932 77 -774 -683 388 289 -486 93 908 206 91 201 -658 147 359 ]
[-153 2 706 -684 -318 158 242 -344 -386 -80 581 1095 108 989 -157 121 799 -285 309 -1302 -175 814 -133 -1036 184 -921 1066 483 -1307 -1348 68 -622 475 -683 474 630 91 -997 321 440 94 -575 -537 -197 -99 -117 -267 93 -255 -455 89 937 -351 -332 -444 743 629 -1123 31 -254 -314 -458 -1035 -167 -890 -393 -1266 -532 -231 -200 -640 -326 -518 120 -598 517 -143 325 653 -902 -706 -121 31 -141 -11 -366 -241 766 -746 125 551 101 1595 559 -330 -209 586 1215 -507 -309 -228 639 131 784 -78 -461 615 208 106 795 88 -427 -65 113 -98 97 205 -361 -78 164 ]
[-1211 754 800 248 736 73 -422 -13 253 -101 -647 503 296 -522 -765 801 -574 234 -575 -490 611 -104 81 -1106 825 404 333 -211 306 -491 120 -802 584 -968 429 47 316 -319 77 495 383 28 -148 -436 -314 -1374 -75 -348 239 -138 602 -384 1114 -374 1426 957 417 -1234 -148 225 322 761 993 269 824 1156 702 -485 640 326 -891 -107 835 -720 -145 -781 99 -438 -796 -609 -216 32 -191 561 -523 -51 231 -892 423 618 140 144 1019 247 -79 -25 666 290 -674 969 710 546 728 -216 -765 -93 532 -1024 231 413 -143 1203 676 -229 -119 -108 219 -694 54 -154 ]
[162 -12 434 1780 1061 -231 163 -1262 -666 325 117 475 -1110 695 -163 -604 -158 -544 -370 -578 -466 239 858 -400 466 -312 499 566 488 253 111 -523 -1031 -522 -120 -112 997 334 938 -92 -594 111 102 113 708 -835 645 -440 406 -118 -110 -197 945 -41 836 -486 -95 -120 43 591 -172 155 749 -685 -268 -39 -1022 -913 -299 309 -388 40 -346 -399 -377 -44 504 -806 -61 -954 370 -17 975 1307 236 272 675 -1280 -1064 -226 -1513 -969 53 -194 -363 245 260 120 127 461 445 556 185 470 -215 -279 603 534 100 219 417 950 415 95 -320 -555 319 393 494 874 ]
[235 147 237 510 -969 623 285 -112 110 -472 263 -900 -203 95 263 472 -537 -92 438 397 -464 96 -60 1097 51 488 -269 152 -54 -136 465 708 -1054 726 -235 792 -531 713 -32 -1073 264 -67 450 -615 228 492 -183 -173 183 353 -258 -613 -1163 -50 -294 406 -1186 556 133 1309 785 613 103 262 1250 4 -145 1879 -912 210 1216 -298 -522 179 238 723 -380 -772 -688 1060 670 23 -158 117 -443 -66 -533 175 -505 674 -886 776 -370 -505 294 -1129 350 -1800 222 -638 -1017 -568 -680 848 837 416 1087 438 -347 -1085 -483 -725 624 -375 -34 521 599 485 7 -527 ]
[-1331 -122 -252 -157 -80 103 154 -433 -311 -323 -253 260 488 1103 -7 551 -775 -734 -141 -830 302 41 401 -744 15 173 778 491 -518 -905 -300 -1614 -175 87 -607 -358 382 22 1016 394 -264 -1397 -914 136 175 680 151 272 -545 -53 -401 626 929 421 591 177 797 -799 431 -576 -325 -134 93 497 -612 -385 -723 996 442 -288 -194 254 -724 428 389 294 -439 183 354 -630 -61 -332 603 461 443 -127 1001 -94 591 -186 322 -61 228 341 -303 -61 -507 1346 -448 1571 721 425 -87 246 -51 216 604 543 460 -585 414 -153 1104 -754 115 -314 115 307 159 685 ]
]
