[[-758 -792 -85 94 27 -66 -1040 -19 634 -571 83 200 488 154 161 -286 42 665 -267 -596 612 -13 1046 -361 183 -250 -576 249 -104 -37 182 64 2 9 -482 454 737 -86 267 363 -317 -19 -385 -304 -67 -379 -189 -89 -170 436 38 -3 -322 530 589 152 732 628 -199 539 104 -891 -44 -42 -199 113 425 228 66 -280 576 40 -89 -151 338 -41 -599 146 445 -244 341 59 320 -194 46 -711 274 -235 -306 -224 -371 -266 -196 -172 -378 -3 631 1018 -159 -671 -466 -164 -467 -357 -304 801 -610 -145 -20 -390 399 69 391 390 488 553 -625 -236 -81 131 ]
[205 471 -494 82 -741 766 437 -701 900 569 -305 306 75 1016 17 -379 -807 94 -84 -180 -21 346 -216 255 -424 -82 -17 -281 -187 -17 220 -398 -142 671 591 -135 117 -494 94 282 326 -203 -330 -763 -838 -703 132 -364 161 -643 -201 11 -196 -45 -387 -294 254 539 375 184 85 39 -1067 -120 -444 -242 -152 726 562 -320 369 -205 -106 405 -433 -134 -229 -291 444 470 -649 391 -298 -1007 -448 -315 633 934 -146 -6 319 -126 42 338 -2 592 -278 -561 613 -153 5 305 335 503 -185 165 358 203 -730 302 -753 74 -278 -596 578 193 431 252 -345 -44 ]
[-773 -1539 295 484 -475 275 -755 53 -600 -462 -178 -736 463 -346 14 -722 335 691 326 -285 345 -378 542 -113 471 183 490 -73 150 1012 -47 548 206 -998 -425 -41 160 211 917 -192 -689 367 54 306 838 463 56 -667 429 584 -264 -35 -292 290 -80 -100 -15 -366 -420 671 -137 248 441 80 -97 -297 902 -669 -275 -117 -366 63 -116 -652 925 -242 -150 19 116 -31 -220 -365 463 -178 339 -304 3 -1119 -410 -208 -452 -763 -564 69 -130 -634 -51 -308 241 -206 -200 -464 -603 -858 -96 84 -254 173 -110 -264 724 -624 -547 -625 -409 164 -827 -555 -487 433 ]
[-462 -308 106 -108 -475 -232 -126 66 -753 297 -291 -678 -860 165 92 409 790 4 185 -152 -777 -393 -494 -517 288 304 -48 -296 672 669 21 -207 801 112 349 282 -400 626 190 -222 -523 623 23 1114 109 853 477 -223 944 668 26 130 -105 -52 959 -910 -149 -393 -8 -12 323 382 215 -564 156 200 180 -533 -101 513 -821 -188 219 -1089 734 227 498 758 -234 803 -182 -245 328 283 396 172 226 -867 110 12 -151 -57 -93 -71 333 -554 -938 -288 74 790 548 -330 -203 -60 874 -1260 205 -46 166 247 53 -342 242 -397 -239 -327 -504 -26 -744 -526 ]
[323 589 -89 122 1388 -832 -444 278 -821 -912 834 442 42 -262 -700 1210 125 -404 -233 -669 291 -426 414 -454 -130 -722 222 396 -5 -1144 363 -104 -559 13 178 95 235 562 -854 -275 138 64 -434 332 -251 -30 -384 91 -471 545 421 233 106 -289 165 -566 424 -449 683 189 179 -294 194 831 291 107 -26 -430 -488 128 212 481 212 249 267 -538 78 1108 202 243 331 305 250 -285 -303 797 -114 -405 28 659 -266 141 125 246 -186 -605 534 320 -972 83 407 -231 -383 63 547 -367 -104 187 629 -277 512 261 493 872 22 -425 411 -356 -45 -375 ]
[65 292 961 -297 648 437 -1259 -335 228 -254 -267 733 35 703 -211 363 -190 -72 369 -997 565 510 1146 -571 55 -724 -208 198 605 374 -648 -926 449 -156 105 293 -114 -230 -166 248 221 15 -77 468 -449 173 5 -6 97 731 793 -379 -293 -162 678 -410 1159 167 -9 887 1227 -905 -500 524 -22 277 353 -198 -291 -60 432 -367 388 -144 388 -565 95 431 -331 329 -273 -182 -61 271 -526 -260 926 321 -189 406 391 -204 -295 359 -673 -46 299 769 -248 -425 522 34 22 101 16 -176 300 -180 -39 63 -242 212 1132 526 1121 706 -267 -91 -630 -453 ]
[-454 -28 -747 229 -911 -270 1042 -940 -222 558 -105 -155 257 492 211 -270 58 -812 515 -36 178 12 -320 625 -788 -436 -227 1 -370 -756 595 295 -832 283 -98 -844 -622 -2 -221 -31 -125 271 -207 -499 -159 155 -220 -151 -334 -680 -438 272 -653 145 -863 681 210 262 -282 -690 -352 735 75 -437 -81 -38 359 677 572 460 300 -475 -403 -115 207 151 204 -468 728 341 -17 -203 -615 -617 -123 -225 85 976 301 -247 -217 149 -179 -309 110 -303 1 -469 1142 -120 -184 209 173 120 133 491 -272 474 -274 -576 109 58 -1095 -1109 86 740 56 -16 449 645 ]
[165 421 -970 -478 -72 -370 484 464 512 435 -39 -760 296 -204 560 -99 -151 -345 -579 1211 -163 -140 -984 803 -634 506 -907 -56 -610 -658 -119 99 526 758 -163 -225 152 -666 -393 -56 220 -685 90 45 210 -765 84 -40 -981 -778 -323 -168 551 -459 -113 672 -171 -97 117 -1003 -500 -547 715 199 -232 -34 -314 -282 638 1209 -168 36 -268 431 -331 282 -285 -859 22 -85 138 750 -209 799 79 166 -433 -73 520 95 473 59 151 456 63 -39 557 -288 410 -13 750 140 -733 -621 -45 554 -527 -297 144 -724 -233 371 -353 280 -338 350 729 -107 631 146 ]
[634 99 828 269 -317 528 -328 160 270 345 -478 435 -434 475 -369 316 -213 453 53 -307 -353 -318 -76 -935 -183 -157 -122 -191 -332 580 -193 -86 999 -326 561 1164 -220 194 73 752 416 450 725 -573 -1016 210 -193 391 248 640 -342 494 -564 -601 600 -255 37 406 365 832 478 -201 -484 89 -85 232 -388 90 -264 -578 361 95 435 50 -226 50 135 -231 -936 -238 -553 -261 -267 -466 70 236 109 722 -85 -737 -207 164 292 225 295 682 -767 31 125 758 -650 -249 651 -224 -126 -1121 -99 -508 -148 502 -437 -417 625 -424 376 -821 -940 -3 -448 -360 ]
[-433 -734 936 436 -412 867 -904 -87 -341 -194 152 340 327 -457 -154 -548 441 59 332 89 380 -23 690 -700 103 -546 111 -375 -372 -375 3 189 266 -389 13 14 -148 631 810 -85 140 -341 -72 -217 -940 279 -109 99 528 435 9 87 596 -502 -133 -306 -248 342 -13 912 -260 -205 130 320 353 -62 -138 239 -33 -681 511 20 -76 -89 721 -375 -105 -486 -367 60 -661 298 274 -1147 -100 -186 533 708 -672 -878 -211 310 -100 478 -140 75 -645 -462 166 -432 -352 -635 711 -211 73 -722 3 25 -8 -158 167 -628 156 -800 980 -863 -1238 -555 -468 733 ]
[-1164 -49 -303 480 -49 138 326 -782 -548 448 -44 729 -568 -136 242 -108 -20 -136 47 -679 -5 119 -540 -164 -21 -766 -1212 279 -182 -1416 1271 137 -994 1201 22 -87 -308 190 -47 927 332 176 -463 -981 -1394 11 333 9 -21 -684 -58 538 -236 15 -705 178 -143 783 370 -437 151 78 -478 -125 -29 792 -241 1129 479 -286 594 -269 -140 -172 339 -10 -220 160 -104 -62 -68 384 315 -686 -71 668 524 1499 324 -310 -401 1438 429 -555 554 510 -1365 -276 66 -172 -84 156 575 201 607 -1117 -841 390 168 -306 -46 315 93 -409 252 -672 -424 249 -218 -397 ]
[127 -27 -102 -801 -175 -192 1499 -104 357 239 786 -95 294 -96 253 82 399 -607 -464 589 -237 31 209 129 -107 687 -213 -9 -309 -670 205 744 -633 518 675 -1030 3 218 -119 -1119 -300 -678 -296 92 72 -352 -60 312 -320 -479 129 -119 788 616 -129 144 -658 515 -262 166 -991 -112 191 -915 555 275 -631 820 1027 420 -158 563 -278 570 -550 -133 -79 -299 789 -84 -87 -15 -235 345 -280 -884 120 -202 -46 190 -36 -478 -188 262 -49 -317 557 -30 -413 176 -2 -11 625 832 -201 289 733 822 -64 899 643 434 65 -138 437 152 127 157 1129 688 ]
[1025 535 269 -298 346 -262 203 -428 -673 -293 -208 614 366 -97 -170 286 65 -908 -13 -178 92 505 683 -369 -66 498 1299 425 106 515 -375 -233 -226 -240 805 -1045 384 16 11 -900 561 28 15 695 112 -272 -168 -1067 477 -688 531 390 415 -52 253 -81 -214 -803 -167 1140 198 108 -267 -116 675 243 -375 -213 -489 -217 -491 335 165 195 -181 -493 488 -199 396 -443 -554 -147 -706 -60 -521 234 539 -15 -865 642 688 -126 -686 820 -286 -395 917 -713 -544 228 -67 314 225 275 -85 731 1536 277 -240 924 -454 -158 134 96 331 -170 281 -51 -53 527 ]
[69 -487 170 806 -999 -464 158 351 -483 -2 -115 342 -1100 -298 -309 129 129 -684 295 -1082 -327 -384 -412 -1102 -238 21 -62 690 -34 -135 -111 330 -73 183 322 148 245 637 -245 178 -126 988 399 -226 -601 293 -30 -200 520 -272 442 639 -1047 -27 227 288 117 -48 -227 532 529 471 329 -327 -163 786 -209 -210 -452 81 166 384 -81 -178 1052 668 83 -123 106 -342 -18 -599 -360 721 89 1086 411 606 -379 -558 -19 583 425 -932 275 -364 -347 -300 -143 1131 -12 -73 -98 -33 603 -952 121 225 -73 226 -396 -644 -86 -1025 -426 -501 -50 142 -230 -409 ]
[186 -491 199 -447 10 -1169 480 798 366 557 99 -500 0 -872 501 216 327 -30 -625 921 -292 -730 -175 -1027 -186 1017 -270 182 -271 163 -794 790 286 611 237 125 685 354 -172 -230 -65 -501 -146 352 -7 -687 -168 157 -360 105 -44 79 -42 499 974 128 -424 -118 -206 391 -1103 -1393 824 -323 163 478 -741 -340 474 -14 -853 708 -200 -259 373 901 212 -229 597 -51 1170 360 434 1611 322 -288 152 -1124 -395 -68 -262 300 342 260 145 -457 1121 249 -582 946 324 642 -367 -308 315 594 -263 20 -367 431 79 -367 401 -342 -455 -692 563 535 437 174 ]
[-34 -76 -65 147 131 -437 -885 -35 318 -620 119 -13 -853 449 119 215 -260 -233 -170 -1013 -151 575 644 -26 296 227 -227 975 858 -102 479 -1182 57 -35 -505 629 1289 -1340 -273 716 0 321 22 -276 -731 -350 183 -736 465 -259 439 325 -895 165 1146 228 1084 129 -321 -66 1220 -132 -254 -550 57 -129 -26 278 -644 429 532 -908 -33 -27 449 346 -327 1097 169 -184 384 -455 -450 102 273 -77 -313 578 -486 396 -66 429 452 -361 25 476 -37 661 -20 -255 -59 39 -520 -6 -294 801 -191 -377 254 140 -125 650 444 361 300 708 337 -83 -447 -1033 ]
[-116 563 -1075 151 144 368 420 -207 -142 -709 -414 206 546 379 138 219 -7 -295 -703 -33 102 244 -513 146 -396 140 -653 256 -1248 -426 816 491 621 1023 284 -480 303 438 -273 149 404 643 490 -86 -478 -461 -182 87 -416 -812 -574 707 733 -358 -201 518 132 -157 447 -233 -276 176 -330 -51 683 371 -422 1018 237 369 -59 75 77 782 -987 -829 -4 -752 83 -874 -324 -598 -956 -432 -554 -32 163 307 637 32 90 335 -1292 -7 -484 224 -107 85 -488 168 -198 -138 462 -80 209 366 10 -462 -221 -417 270 103 25 279 406 -144 -608 -211 356 798 ]
[626 -6 55 369 599 273 -988 -128 -392 217 374 -351 -381 992 -611 690 5 300 1057 -535 73 -267 763 -359 -78 -501 381 368 257 -125 551 -155 186 -1564 -480 628 -880 -336 208 -251 -614 491 -180 437 776 1130 -759 -542 203 1352 361 635 -1132 151 465 -645 486 -209 -315 611 641 764 53 -81 397 -509 728 -695 -449 279 738 -974 345 -370 -269 -364 386 786 -637 317 -971 -179 -262 -1356 508 -290 -685 74 -195 84 -881 -436 -153 348 -60 454 -551 -407 653 -406 162 -440 -654 -393 191 -1132 98 -419 755 -351 229 21 -258 -75 -1 -154 -459 -899 -746 -396 ]
[-313 -460 79 -296 -581 27 -133 352 -313 263 -1148 -941 980 66 49 340 497 574 290 525 -29 -215 345 164 -184 -108 -333 109 -441 1408 -352 192 1190 -422 493 21 170 558 240 180 108 355 81 -585 842 649 -635 561 -313 641 -880 -563 -258 -226 -165 470 364 315 153 -262 -569 262 157 119 -428 -143 637 -324 59 -84 -820 -242 -182 -842 -117 158 516 2 611 526 1427 -1046 248 83 -31 -360 405 -1120 949 -481 -688 -442 -757 162 -328 -549 -41 462 53 531 -367 79 -110 -394 -921 763 -543 -223 -361 -492 530 -537 -439 141 -315 351 -576 -240 -139 343 ]
[-213 -204 106 -289 -1225 -480 364 892 -632 456 -19 -251 47 -43 69 -216 966 -451 -114 837 -921 -258 -105 -240 75 61 21 -360 -54 395 -600 -439 856 -87 219 -657 291 521 -140 -540 113 -360 42 -312 436 496 -352 -19 1015 90 -273 -226 643 -622 -20 -237 -351 254 484 379 -1065 542 782 -838 -106 -252 22 -175 -449 273 -287 543 195 -321 104 321 97 -62 -204 -30 -59 344 -139 -264 290 994 363 105 -379 -951 -96 -159 -98 675 813 -676 254 -1462 246 730 238 -384 -71 -536 -70 -712 139 349 300 -122 -502 -351 -279 -219 -106 -867 -710 -65 -94 -291 ]
[-90 67 27 -643 -245 929 52 -10 815 739 -182 -1129 301 450 535 233 130 730 1073 426 523 333 948 -317 -75 306 -485 -444 45 58 181 305 655 427 336 -703 -404 -464 1093 -823 -513 -1006 -890 464 475 -631 -349 -52 -725 -85 636 -854 306 463 146 -614 73 610 -218 523 -658 -685 422 155 -191 -650 -77 -409 1249 277 -77 -749 -1071 -973 353 -258 59 -538 704 1456 -385 313 958 708 -479 -1473 693 -463 -77 -392 -355 -863 -506 279 -1054 -216 -234 -208 717 -451 599 62 86 449 -670 -140 453 125 173 -239 -86 -758 53 -318 651 910 265 -210 -376 666 ]
[-600 -476 -148 147 -334 -638 -551 -845 -523 -21 -373 460 714 285 170 221 669 -116 -97 23 34 -519 -109 -388 85 -846 382 -1512 -338 659 -967 -99 980 -101 -812 -381 -1027 1472 254 168 427 2 -114 768 -502 223 344 15 123 688 -763 465 9 -232 645 -139 756 -53 868 -321 -583 -765 317 390 -37 128 455 549 201 -124 4 197 -160 -760 1023 370 334 -510 213 314 194 396 -291 -802 -126 -702 105 171 93 -488 -131 289 -714 566 -57 -384 1078 89 566 -256 -450 -68 212 -896 530 925 -189 -240 -465 -1241 -25 -431 261 -348 664 983 -141 -214 29 709 ]
[-1001 -1204 184 -754 -250 -887 -874 -94 -528 -346 540 91 255 -607 242 -225 647 -872 -134 -881 882 -562 553 16 -158 -884 -496 853 631 -386 -438 -167 1 -212 -230 -1211 -158 927 59 -47 -197 -658 -633 34 543 453 232 205 28 125 1126 -904 672 145 -326 715 489 403 302 -432 158 -222 866 731 -1047 1181 277 -484 239 117 -25 1052 -28 9 1032 283 -269 -53 473 -171 458 321 314 467 -764 428 425 -611 133 432 851 238 -279 531 197 -516 723 231 -881 -639 561 -325 -867 -455 -491 669 -59 1303 261 -227 229 204 179 693 320 1047 -305 -893 514 235 ]
[298 -328 -345 126 -705 -287 1366 -694 245 1583 780 -797 -324 423 -731 605 -120 68 189 -700 -837 -499 -509 -597 -291 -158 60 -75 282 585 923 768 131 -102 1258 -83 -621 632 807 -166 -229 592 -661 -875 -76 602 -8 -122 914 856 241 858 -513 1170 59 -671 -281 585 204 -343 154 875 -755 -645 -219 233 -180 554 816 -335 -462 -147 -198 -290 222 388 487 375 923 742 -441 -169 388 -1114 333 -595 -438 -291 344 565 178 -141 894 71 718 495 -504 -462 -406 671 -649 -1 -60 501 -785 -457 343 1003 -148 1169 268 -202 -577 -719 -517 95 253 -545 405 -206 ]
[282 27 53 611 248 -127 51 -619 281 -28 1123 489 49 129 -371 208 -11 -268 -107 246 -225 742 -485 395 407 -279 882 -699 -120 -74 -467 -145 -816 -885 -131 3 -962 429 565 -575 348 -392 -331 -286 -963 680 192 -560 800 703 -53 621 83 -640 -39 -491 67 -86 -48 -629 129 290 -715 61 342 -1053 479 355 129 158 481 -690 -501 402 573 -479 171 -141 377 915 -1022 317 -72 -1904 755 -493 -153 1613 115 -95 285 321 19 416 -276 120 305 -891 740 -146 -178 -170 364 -110 118 329 -24 -450 -143 -245 302 -28 -617 -683 81 638 102 -701 150 845 ]
[454 9 421 -114 177 -294 -468 -140 -1414 -497 58 -554 672 -1540 -172 374 1172 -853 594 278 -95 588 893 626 229 -908 -44 -162 -62 -233 564 -563 886 -492 -596 -736 133 -587 497 -527 790 91 -143 908 -19 68 485 -88 -137 -927 230 395 598 -411 247 660 87 241 -451 -944 25 -5 915 147 650 -260 145 -254 -616 690 -105 -1097 -609 -566 488 182 318 183 357 -96 474 430 -865 -119 -636 889 -585 528 141 -146 -186 766 400 -94 -483 -396 -8 158 14 -672 -718 -709 16 84 -757 1142 429 -159 1568 -1031 395 -138 32 864 869 948 11 -1082 216 -350 ]
[-276 758 -1150 235 229 41 -96 201 511 109 671 -1389 -18 74 -240 -298 -208 -117 340 1110 726 -676 256 500 -1156 300 94 499 -98 -1141 751 402 -72 -4 -452 129 474 -130 -112 -266 -358 408 -554 316 836 -222 -733 -101 34 -104 -278 639 948 201 -64 405 -225 -498 17 -209 -684 480 898 109 114 -863 -655 66 198 392 595 68 28 246 205 -177 -107 -372 143 -389 68 414 43 -456 277 -498 -861 -1098 -337 -56 722 -973 58 196 43 -120 194 -464 329 -604 354 -205 -636 -86 186 2 -62 -61 110 -644 178 -411 -380 68 -105 -635 -140 -1155 701 907 ]
[647 -424 999 -381 236 -270 -76 -941 175 735 -366 822 -538 -124 64 187 -234 -1115 666 -181 340 434 -169 289 -31 168 182 1183 -101 -690 -397 520 -1804 -1163 -143 400 -1521 -723 96 329 -644 -401 372 260 -641 119 524 -310 -533 -335 751 505 -672 239 -309 1262 -590 33 -1233 542 572 -581 275 181 -74 535 -19 -538 457 659 2 -177 187 383 216 -89 -38 -1152 -362 -633 -921 -192 -1198 152 -4 -53 261 1204 -714 -166 -66 511 -33 374 53 611 -291 -768 184 391 442 882 404 475 504 -111 339 265 -305 785 265 47 -282 -1222 -25 385 -114 210 183 323 ]
[-304 -311 389 -371 -256 254 -292 -638 -121 282 538 -475 -20 813 165 -431 -302 -149 -155 -399 337 466 -16 497 234 -624 570 -526 1497 1555 -548 -986 353 -108 -201 -672 -296 -382 -363 329 313 270 -677 262 -878 633 222 -381 675 366 41 -338 -217 -298 459 -662 1677 633 925 -1042 86 379 -1426 247 -616 -571 935 347 401 -537 -288 -1058 -570 -93 358 -497 1033 1134 874 1572 487 381 -105 -892 -728 -30 792 147 719 863 158 114 -861 603 -392 -193 92 -220 338 -754 1137 331 -164 54 671 935 -180 357 -968 -697 98 97 -330 -513 590 1300 420 -852 -722 263 ]
[140 -627 770 265 -621 965 1212 -396 -156 55 -88 1140 326 -563 197 -1632 -64 -322 138 -438 369 446 -20 258 98 310 86 -277 -226 -16 245 551 -1237 701 146 -1163 -216 -636 185 -80 -29 121 643 -418 336 -200 76 -138 18 -1316 -105 -39 -447 43 -702 252 -203 780 -1101 746 -534 392 -190 -549 198 599 679 178 339 -314 653 -231 -492 326 -141 -350 -205 -768 -241 -231 -1015 283 123 607 55 761 852 1488 -485 -846 94 413 151 -1314 -424 -195 -218 316 813 -671 -846 -8 1038 -55 202 -838 -50 771 -342 -88 -568 338 -949 -780 506 81 -1158 950 -106 495 ]
[-362 414 50 191 -141 204 -810 -90 1012 -503 72 511 334 488 161 94 66 78 327 -373 511 266 234 -6 17 -434 -635 511 -214 -1052 -9 -715 -184 -275 -851 1035 -111 -403 -515 -295 -142 -197 -136 -198 -919 -305 -408 1086 492 -39 427 -45 -24 177 116 95 178 679 -623 43 162 -460 30 -593 254 -631 48 311 -256 -159 1136 -139 513 274 -717 -10 -444 265 17 368 -104 -475 -282 -1206 -330 -291 582 952 207 -652 9 -372 -262 -299 186 -108 -171 437 402 -313 -742 -682 174 951 31 225 -200 -823 551 468 -48 -281 742 -18 1122 173 -738 -104 -208 -102 ]
[649 510 -231 -309 307 -146 148 593 -16 43 -32 -94 -503 649 -390 1097 356 -816 890 425 -97 -699 311 291 4 -95 184 671 208 -746 628 87 -246 -411 -658 267 -896 323 -855 -295 -580 152 -316 781 389 367 -752 2027 87 175 426 433 696 714 318 457 418 183 7 -951 -491 454 696 -328 304 165 -301 11 280 29 18 -466 91 -579 -289 505 785 700 455 964 1483 -685 247 335 -424 60 -1 -262 19 -240 -554 248 -591 -1144 -910 114 -161 1004 -1098 -116 304 244 478 1673 988 -89 386 -292 -251 -696 111 -258 113 441 328 -87 324 -27 -86 388 ]
[165 -587 268 -134 -224 653 -1706 314 1149 528 -357 683 -1105 152 -130 187 -666 465 -107 -901 833 -157 245 7 446 -127 -430 715 781 1317 -1239 -724 84 -759 -862 508 -260 433 219 167 -95 -290 -864 -304 682 895 -364 32 730 660 1017 -431 -902 153 597 -372 1081 888 396 202 60 506 -1039 166 -1578 410 1029 -660 403 -893 1431 48 75 -235 -402 404 -319 762 349 111 195 59 434 -716 -316 282 701 -207 776 -231 422 126 192 -297 543 526 -662 152 -317 -195 737 12 -729 167 723 -926 332 133 268 -109 -934 -183 177 765 -122 494 22 -633 -1164 -1179 ]
[1054 641 -2 92 1013 -258 1531 428 -88 -333 1069 317 -1318 486 -350 1253 298 -493 -620 796 367 -1267 35 252 -256 278 804 -260 -222 -991 1202 527 -943 -605 -75 -463 -1387 709 -512 -572 264 -451 138 -250 -429 542 -612 420 -647 70 -465 774 303 -600 532 8 -429 -203 1068 -976 -870 1091 334 216 -134 15 -980 338 300 -240 1556 318 -40 317 68 167 1 359 -488 -345 -356 772 -71 -505 436 -311 -2018 649 -130 -487 -248 152 159 -156 247 583 -256 90 -61 -90 -1033 -1039 1366 -205 309 -873 463 319 804 -215 149 379 703 891 15 -169 -237 -774 1161 770 ]
[-700 579 584 605 -158 396 -382 187 721 755 -435 528 -40 732 -395 220 -145 -398 210 -24 535 -152 -120 -898 -745 -606 -1636 73 -179 -1284 -845 -295 171 1118 57 435 350 114 -948 330 -59 95 -207 -314 -1425 435 -222 146 507 660 275 0 -246 185 21 246 194 703 -659 537 497 -1155 214 89 454 441 -71 652 248 428 1321 -140 670 -93 503 335 -491 -329 -171 -95 -92 105 -302 -25 508 -729 925 455 -304 -588 350 -388 1054 -616 325 -539 -79 865 -31 35 508 -429 327 242 606 -1185 -641 -262 175 -297 486 250 762 -548 666 -402 -138 191 837 -857 ]
[-184 -30 704 -131 1089 -971 575 -152 -597 -130 494 73 -724 467 471 706 118 527 820 -281 -170 5 123 430 303 119 542 527 1349 709 -586 -628 -659 -229 -987 80 -59 -294 -418 259 473 150 -168 210 151 815 244 441 369 -161 343 519 -603 82 -108 -20 427 -541 -645 -736 538 -717 206 -569 521 -665 457 32 -201 -338 -631 -868 -131 -1052 -325 522 1226 1489 -11 435 601 -510 45 959 547 548 -75 174 599 685 -439 343 38 -848 -435 -46 -175 -328 318 492 355 784 2 168 105 289 -262 -586 387 -304 306 -79 218 -9 -362 197 341 126 350 -546 ]
[265 653 273 76 324 256 993 -423 341 1715 -185 238 -394 505 -282 120 -54 -1057 391 585 -361 117 -280 383 54 92 -274 -347 516 -100 -107 215 -1117 -250 158 -348 -1120 -277 55 249 -466 -94 -256 -142 -179 1218 429 445 823 82 463 282 -73 835 -231 595 -115 460 -527 -673 170 -124 -454 -441 -180 394 -144 650 57 306 322 -527 352 -196 652 854 -195 -122 -242 235 96 63 -5 749 289 -435 327 860 -403 -36 427 541 1381 -1001 216 359 490 421 -333 136 535 923 1063 1365 345 -265 35 404 -1039 277 -260 314 -19 23 -231 253 739 939 678 -682 ]
[-925 -311 -361 825 -223 348 -137 -416 -269 128 255 397 -975 98 165 -853 -76 161 -70 -35 284 -235 -525 -736 187 581 -200 529 110 -450 -386 472 -654 77 -238 -450 -615 811 -43 -499 -417 736 -257 546 -525 739 264 -543 1360 -165 -320 557 -773 -184 -126 -781 -278 -201 5 -2 -445 1314 -335 -644 -184 527 -315 712 -40 -364 409 362 527 927 10 -287 113 33 -394 -15 -331 -258 -665 -400 157 -113 930 392 101 -519 377 478 -1412 228 414 103 -624 -1095 847 574 923 -212 -184 -338 1562 -1231 719 -143 -507 603 -528 -222 196 -1228 395 -768 165 52 -422 120 ]
[105 -794 -109 -240 -198 -657 -374 214 436 -383 238 -503 139 -1302 367 -452 272 -159 -545 286 379 450 607 301 -307 736 99 389 13 -250 -1080 333 584 219 -266 -33 581 580 619 -737 -336 -214 122 805 -52 -141 260 131 -408 -113 597 -322 216 -11 -34 217 409 -629 -605 -135 -283 -432 552 352 199 194 -619 224 238 18 -918 337 -602 492 436 158 235 -708 1066 -268 668 -563 -1208 964 -209 -952 -204 -914 -44 902 987 345 -551 799 -369 -30 372 -423 67 2 387 379 -501 -238 -497 2067 1060 90 96 489 222 -363 -104 -549 505 692 979 -409 137 858 ]
[-445 -904 640 1037 -349 -10 -920 -455 -268 -593 358 624 139 -147 -68 -181 -818 369 905 -1438 603 -697 -780 -697 10 -757 735 -541 209 -48 -1238 -231 -162 -283 -1425 112 -139 524 -506 765 157 -75 461 -776 31 -645 4 498 -263 409 153 -581 -1053 18 -866 -283 409 -671 272 224 667 -165 789 1115 -117 195 493 -109 -71 19 655 505 -183 314 538 1118 235 514 -1136 -514 150 -305 418 -83 1 -72 -714 575 109 147 -479 307 642 -377 433 321 -134 21 652 -177 -379 -314 33 -889 -352 -548 -1066 16 11 -426 -330 -145 -236 -888 -435 36 669 155 36 -195 ]
[924 194 -740 -71 117 -1386 -627 -133 554 -247 -108 10 -691 1561 504 864 -343 -331 -301 -133 631 -735 412 53 -1676 -259 -552 363 -289 -964 346 -1056 -369 394 21 130 117 -181 -120 719 -140 -214 -846 529 15 -119 -547 -1002 126 -178 820 171 -865 -340 974 400 617 23 245 265 188 -358 -400 432 -362 995 196 -66 115 822 759 -191 340 -335 212 260 53 449 689 555 -10 914 -317 -384 -233 442 97 935 -687 127 -32 1042 190 177 -439 376 340 552 532 236 169 482 -328 81 288 458 -595 -308 429 -662 -985 246 170 149 480 703 -1212 -498 -548 -420 ]
[66 450 -779 -251 51 -400 -460 -496 -584 -201 677 -499 544 72 190 261 -190 -433 23 -13 -473 -196 135 -54 -284 491 921 -835 -99 -465 624 361 -12 -45 -393 -49 -26 -1015 -35 -699 -295 134 202 -276 -28 -1219 -693 -951 -579 -586 -239 1037 -214 282 373 -170 123 191 768 759 -805 344 619 -156 174 -394 -235 671 -406 518 744 301 -238 124 363 -194 73 -654 -338 -801 -408 567 -491 -1474 4 -534 -1201 185 -691 -751 -473 -774 11 1232 661 85 886 -1088 1212 -404 -665 -103 -40 -787 -128 -51 -203 45 111 -683 -860 96 -468 -592 41 118 -29 -441 196 944 ]
[342 1149 308 -409 631 -49 240 567 740 212 -246 -160 -352 599 -296 1035 -576 -479 532 -125 346 300 -799 245 -836 -28 -170 -322 -257 137 36 -14 325 -465 -565 644 -1142 -225 -99 748 -774 329 1280 118 498 370 -284 895 -651 165 895 -650 111 41 110 408 -451 -1199 -578 -867 822 54 1128 1076 -71 -307 211 -1284 -218 1219 -315 -870 228 321 -527 522 178 -687 -1446 -1264 -672 -959 -619 1552 320 -488 -1849 95 916 484 629 -104 283 -478 101 777 -538 215 275 255 70 -68 52 -119 -920 -210 36 -581 1316 -151 -350 -448 452 108 -750 852 -254 35 457 229 ]
[340 223 -219 -284 -1521 -289 -714 272 373 -286 202 454 148 1017 -43 239 -225 -1081 149 -559 394 27 188 -45 -624 -1004 -1052 -299 -372 43 -740 -788 126 473 738 -294 563 114 -1159 -18 740 -424 -95 -181 -589 128 -378 356 367 45 555 -486 99 -1575 -273 137 428 442 -229 344 1378 -316 -512 -343 -213 404 449 -694 304 788 398 281 426 236 84 -558 118 -298 22 -59 -1007 542 -414 30 -528 1046 1039 1722 319 144 451 -255 446 363 -721 -817 609 -604 112 696 998 -513 -509 -73 311 -360 -334 -331 198 -833 -741 -34 146 -110 835 -78 -1003 -727 322 -2 ]
[702 1080 -240 -1121 468 -786 -297 -937 22 753 -157 234 892 434 628 163 -51 -821 -164 -188 382 203 -1043 106 -453 156 -166 134 -408 188 -1156 -14 822 421 298 253 -827 -172 -830 882 301 330 409 389 -521 137 -146 176 -377 475 15 720 295 -634 362 1027 706 247 62 237 135 -1116 -265 262 449 253 -44 -282 527 175 -231 322 -91 195 -657 -603 758 -1455 -217 94 -690 -336 -824 67 55 45 724 34 810 579 1086 541 -421 934 9 0 1346 534 93 -1004 40 735 51 -542 106 881 -387 -431 -1252 -69 -296 368 201 234 170 175 -687 241 392 1010 ]
[-324 -717 -382 208 -954 -497 -969 -301 -762 -470 -1144 285 43 649 -142 328 108 -232 -142 -1027 -97 -923 145 -132 563 -697 -41 561 66 1219 691 -600 50 -901 -536 589 -341 207 -138 339 45 763 706 222 151 206 227 -121 670 -516 -914 563 -775 -371 706 17 422 214 539 -155 344 824 -393 -258 -1496 511 696 -989 -546 -238 113 378 878 -220 227 -210 -245 593 4 -788 24 385 -606 -1161 -614 1093 453 -36 -383 -251 -277 -565 -563 540 485 -445 -3 -744 -405 906 -285 -636 -1001 -593 701 -1 -107 224 -64 -722 -470 -285 212 254 -90 7 -1495 -869 -628 -529 ]
[-1177 288 -1562 327 -134 331 -375 -238 282 396 -240 71 1180 -31 132 163 210 -245 -499 -338 -409 -294 -19 384 -305 100 -659 -1799 -262 -274 915 1048 435 1295 -476 190 63 136 -302 -1040 -126 976 -339 670 -637 -777 -121 396 -537 -206 -364 974 534 321 721 -922 1077 -400 449 -578 343 -845 -665 -223 407 282 675 912 539 505 -120 -246 -418 -701 133 -202 -35 -179 377 218 -407 477 479 -561 -546 -820 190 146 992 598 -212 -531 -229 -49 -361 -403 808 441 695 -257 -122 -339 -489 -116 1046 656 -397 -596 32 -1318 471 33 -294 214 359 1118 258 -669 -127 1155 ]
[201 515 -1479 450 -377 609 -416 340 -256 -552 -293 -344 -1089 1190 -449 290 134 -33 21 -173 -1010 -844 -625 20 186 154 804 -506 -613 55 -6 136 261 -454 212 23 -559 776 131 -842 -288 455 43 707 869 319 664 -500 275 610 -618 146 -628 -558 206 -1302 -161 -761 532 -66 343 -108 -38 -57 -602 -515 449 -1077 -766 619 181 601 226 -469 116 469 -527 10 -845 574 -1353 172 85 -289 478 344 -232 -318 36 -706 -811 -973 -264 231 107 -250 329 -708 1052 526 569 -1028 -417 -562 728 -1488 442 -740 -257 -102 -169 -91 -138 511 -799 -144 685 382 -535 -572 ]
[51 -360 943 401 -456 962 -142 -436 848 -55 -352 468 678 -70 14 -1414 -257 462 373 -41 337 124 716 633 108 416 249 -624 -258 509 -682 -43 740 -282 -286 916 48 -521 -32 364 222 -311 293 67 -1295 -676 502 215 -330 -174 -528 -683 -162 330 78 339 290 246 -586 677 361 -1178 621 475 452 -417 -223 180 162 265 623 -108 -476 471 648 958 -515 -132 -45 -435 -340 -420 -1436 468 -625 -1066 -216 319 -435 176 126 -516 -41 76 -423 258 -171 -97 1155 -887 -967 -381 871 122 -1094 1207 513 -2 -553 299 -95 -481 662 -840 1528 869 460 -224 -214 320 ]
[287 111 -308 285 225 80 -599 573 -307 -1352 403 301 -77 -47 50 -321 347 31 10 33 -358 342 165 271 25 -833 155 343 -939 -1466 341 555 32 -518 -1062 935 261 -132 -486 -406 -754 491 699 89 447 -89 -346 719 -1421 255 -612 214 -664 29 -406 234 55 603 -90 -360 -173 145 -162 158 328 -605 566 55 -569 41 605 76 -307 1140 -1375 -232 96 583 119 -495 711 328 -1160 -938 -10 771 -584 -76 -324 -275 -1480 -208 -6 -370 -406 -17 523 390 -4 -840 69 -810 -321 -198 159 201 -509 -758 782 -832 815 776 -753 334 -528 -681 299 -26 571 -69 ]
[-1380 -346 -792 523 -248 162 -1158 295 65 -1489 -512 -215 560 -1584 40 -139 338 75 -632 -114 858 -267 157 960 -16 10 -140 322 67 -89 -377 -147 342 934 -582 -285 1572 957 -502 -361 340 637 -703 121 1038 -846 765 -128 49 -459 -442 -185 704 -66 -232 218 311 -779 241 -672 -96 598 777 186 -112 431 366 215 -573 316 212 425 633 65 544 -12 -294 171 368 -842 1521 210 148 208 -313 87 -406 -1026 586 -444 832 259 166 -1033 -542 -227 232 1127 -611 -274 -260 -423 -471 -961 189 337 -6 -181 331 -1288 -261 262 242 1342 255 510 305 -448 179 144 ]
[73 -122 146 260 399 136 -737 249 -96 -1472 113 1070 664 48 -60 -174 72 -333 390 -521 1227 -201 48 320 -323 -649 754 -368 19 -1258 -118 -307 -410 -972 -840 72 -820 1099 -853 -93 -484 -10 593 1172 764 459 -480 1648 -841 406 658 -1386 193 -543 -170 675 -250 -114 -211 -678 709 440 1167 778 538 644 -14 -258 -342 184 462 259 399 848 269 320 -275 -14 -654 -251 771 -501 786 593 -160 -609 -516 869 62 227 444 -8 -129 -1381 -1222 200 220 2290 -334 -1476 -1060 -691 553 154 -706 596 -174 -486 153 -628 -86 294 408 641 983 854 -435 -59 407 1065 ]
[-74 1 949 193 277 517 -87 212 -1393 -971 -226 -26 -149 -265 -549 1030 170 -277 749 -222 147 141 -157 450 -191 -458 215 -907 687 -606 -144 -81 51 -218 -152 -45 -919 360 -293 -339 -38 -14 866 691 -814 457 656 329 -649 -463 408 234 579 -431 -200 40 -194 -346 315 -366 1075 -66 633 1179 329 560 226 -293 -607 112 -6 -177 240 -737 169 -777 308 -784 -949 394 -355 -824 -112 338 -731 441 -211 290 691 -381 -195 -733 -343 -321 -104 -1013 -955 253 64 301 38 -696 741 217 705 -967 -64 -398 910 -453 939 -409 319 -506 372 670 133 -506 186 829 ]
[450 514 321 99 -190 -233 656 469 -174 543 -505 -1 753 -525 -293 -650 -315 -409 -103 475 271 399 -460 457 26 218 257 -278 -75 842 -1210 284 85 498 60 -342 754 -706 -1430 -829 232 645 521 305 59 -109 -650 184 4 245 31 -82 -356 16 -385 343 -96 -163 -714 -142 -278 486 91 -283 312 -138 545 49 -18 -663 -405 159 429 156 -548 -275 362 -427 560 -197 792 -438 -1141 544 306 -181 215 -1011 348 1055 558 -929 -110 223 107 -764 1396 181 246 -255 -215 -223 -384 -113 -296 1154 777 -201 157 102 -45 276 -428 -319 -147 -1 1788 253 827 110 ]
[-273 74 27 588 -752 586 356 718 30 754 -751 -397 -598 18 506 -545 -29 -250 -238 341 -486 -189 -1249 -1080 -426 655 -485 14 195 -403 315 338 484 1249 -342 -366 991 -594 -534 -30 84 743 -77 347 -1019 -1212 -100 -815 -112 -1397 -887 106 -682 -55 899 -888 -177 -214 -201 -311 -488 -606 74 -167 504 -38 -372 -343 434 420 -18 -852 -531 -257 60 664 201 -62 -218 -468 -63 746 -557 956 137 265 327 192 -240 -570 -502 154 673 -581 367 -559 -820 -453 672 881 397 -328 -152 -768 1586 -961 -734 -387 90 -420 5 -468 -1033 -1342 -337 -783 -137 -98 -365 -142 ]
[-554 -157 -738 160 270 957 -931 496 1027 -329 69 854 -310 -1254 -475 -569 13 -155 -522 477 -259 930 -604 277 491 -35 -458 -87 -346 -1010 -510 523 167 348 186 -180 259 1037 598 474 31 -473 -183 78 702 74 139 706 226 378 -102 -1094 830 6 -528 219 -280 483 351 -1150 -161 416 -485 724 -7 183 -161 149 -9 -122 -155 206 -337 1319 -706 -276 -339 -412 -149 -190 643 -403 775 -72 -48 -360 -26 466 1103 -301 271 1125 219 -634 -76 895 -511 402 -712 -426 332 230 130 -189 -224 8 -269 -471 267 3 9 333 -427 708 -148 -405 557 370 -15 618 ]
[883 834 565 -130 -98 458 -2 -133 804 454 -665 1137 491 673 18 -78 -623 -892 -77 -483 198 702 443 -419 -792 -70 56 470 -406 765 -196 -285 97 157 183 414 278 664 -299 112 859 76 607 -1085 -456 27 -1186 976 -46 120 528 -324 -198 787 396 473 815 48 -761 155 944 -502 -1102 240 -65 740 -144 643 360 -921 337 -540 -475 27 -185 934 573 62 345 -617 1015 -1398 -220 679 -351 -677 526 461 -177 1121 760 274 195 -86 -373 128 1192 811 -969 -340 -697 599 741 1132 -597 1450 152 -46 -990 706 -792 297 -238 -223 81 40 143 706 223 1007 ]
[500 9 -890 -70 -368 -637 1012 -78 39 -409 351 635 -41 895 96 -287 -857 -640 198 -549 78 -526 -107 218 -356 -83 -194 747 -849 -1460 211 92 -998 355 515 -551 -517 441 -703 -311 103 -687 255 -56 -437 319 -21 469 -159 -460 -213 -629 -408 -390 -1902 -25 -456 354 -102 -393 56 46 -181 124 238 333 -439 -216 449 -276 1 1023 30 1190 -856 -149 207 -174 776 160 -641 140 -1010 -893 -388 485 275 1335 -125 349 -294 445 -661 986 -343 226 -195 -1018 149 168 496 -253 43 81 -478 92 122 343 -397 -20 92 213 123 -645 365 -277 -101 -204 722 6 ]
[-506 412 473 12 512 -601 -157 113 -486 -319 480 -93 -586 -546 303 268 574 -1197 32 133 232 575 -487 -770 -501 -376 290 -329 214 -174 1300 304 347 149 149 -108 -569 83 -472 118 -124 459 187 1249 -762 -125 -525 -634 30 210 660 126 -73 -62 2051 -386 -194 -369 -236 -472 293 -3 848 24 754 -919 -64 -217 -342 341 -128 -914 60 -316 1028 -87 335 445 -151 436 228 -116 -23 74 459 -280 -830 -65 -168 -31 -482 271 -239 -126 -83 -635 -407 589 298 -127 -447 -91 58 -226 668 253 -618 -283 804 -412 -47 -474 344 -720 349 500 -510 -411 -113 613 ]
[639 726 900 -403 -7 -675 -33 1239 25 -660 -666 845 551 861 -607 657 247 -105 -344 -255 -164 -748 587 -656 -697 -1067 851 -889 -104 -136 -700 -489 289 -303 672 196 708 603 -1557 1018 -228 772 420 345 -181 -419 -466 274 -542 390 -279 -399 181 -433 470 544 -524 -168 955 1263 146 -858 206 312 378 76 325 -661 -648 -75 -763 1008 625 -110 -548 -172 50 -13 -380 -620 259 762 -37 229 -320 916 246 -52 -804 -509 -979 -324 100 390 -583 -298 1250 981 -781 280 -127 392 166 276 111 289 -95 21 -289 107 59 -230 459 -242 662 -550 -432 583 -135 -342 ]
[-73 125 -350 762 -463 -286 815 -52 550 602 -189 98 716 -630 -432 -538 6 -181 -371 -213 -746 23 -771 286 121 -517 -362 60 99 455 -132 -441 155 460 251 589 481 -447 -512 -30 688 1133 189 -695 -289 -148 128 7 770 -330 -588 360 -544 288 -71 235 384 123 -537 -400 879 261 -624 -926 520 35 -421 450 -706 -322 431 215 392 291 -568 1254 -229 735 -78 -769 88 24 -886 -919 355 417 -495 710 411 124 249 297 1276 -476 1101 -145 -648 485 283 209 -1885 -415 28 439 -439 1201 -314 148 392 922 -513 143 -222 695 397 -302 299 -238 662 -1343 ]
[-36 -1008 -1039 732 -469 223 -79 -37 362 -400 669 -582 -645 1668 -526 391 -63 902 -737 -181 346 -503 399 -644 -446 -376 495 625 -51 -396 237 147 -433 -38 577 -584 -108 991 516 -249 -271 392 -750 169 -480 925 145 -512 860 804 503 491 -27 156 669 -515 486 261 895 -32 239 533 -1123 -282 -538 936 -615 1100 459 -1268 714 270 236 28 -240 299 -265 5 692 706 -525 98 293 -1160 442 -1384 482 -577 -164 -45 -195 -196 -1228 -133 -405 871 -142 552 -530 -340 -155 -4 -327 820 193 -86 1091 121 -811 216 395 225 338 79 387 -32 193 -580 -259 491 ]
[462 1487 66 -285 -87 83 -254 474 842 -421 -367 37 -869 726 404 -757 -1109 -378 -778 -412 76 905 -1295 34 -269 611 223 689 162 756 -520 -703 563 926 327 -475 1357 -1197 -625 887 552 538 1263 -431 -135 -1163 42 -238 621 -845 821 -817 479 -1188 184 124 -20 102 6 -426 511 297 -438 269 -518 317 -639 629 -509 -200 -90 -383 116 1316 -569 -66 -50 -915 -771 -665 -49 -288 -75 1027 102 617 -70 707 169 -75 1532 675 78 -499 -262 1230 234 456 245 296 -156 92 282 -114 -768 293 11 -772 -616 772 -1531 331 -256 -51 7 259 147 869 185 -287 ]
[-61 364 998 187 27 2095 556 1056 59 -429 -281 -173 49 -250 -1014 -901 281 694 297 1211 -57 791 597 282 214 -509 374 -283 -229 334 -174 107 -10 -309 -357 408 -406 220 630 -453 -325 108 989 6 762 451 -56 362 -616 -237 -905 -765 624 -380 -738 -491 -334 -118 -18 653 -977 1176 -459 325 193 -818 -105 -13 -408 -744 767 -98 267 359 -805 -1599 -384 -1255 -1150 -954 -574 -547 -988 80 -40 -469 -330 -7 -192 -1121 -103 -948 -922 362 50 -6 -969 -445 482 36 29 -75 1283 271 744 -1457 793 -120 2 -71 84 -255 -59 -324 633 -755 -1380 174 -525 564 ]
[89 -335 932 718 129 27 110 428 -356 417 626 730 203 -426 -430 -830 -986 102 530 -17 -277 -183 -370 307 -535 -478 835 551 248 193 -411 445 -1526 -268 325 -136 -334 385 -480 206 477 663 -677 -1397 413 -62 -961 411 456 411 282 -222 -213 216 -1163 -205 -169 -593 417 -81 -189 1076 -245 499 -474 479 821 -495 -284 -554 28 394 98 67 -291 114 746 190 -416 547 965 -211 685 -307 170 1262 1053 364 437 398 -70 405 132 -52 -361 92 -10 285 94 -271 268 532 -239 40 177 -1020 -482 252 -787 -321 -638 -16 -1155 -264 -876 -696 389 -176 -497 155 ]
[612 -484 431 -504 1012 -180 -8 -907 -732 645 -707 -404 244 -578 312 -62 77 -502 382 -172 -364 -763 -233 58 851 897 -123 253 46 909 -782 130 867 -574 -730 -186 -1151 -172 548 -96 -171 129 1134 1463 1295 417 137 446 319 195 -316 -20 -278 928 278 -49 -646 -664 -692 17 -1060 158 605 189 1064 1217 -509 -17 730 567 -1070 66 163 -75 -332 146 914 -214 -757 -315 88 -967 -313 1089 383 -1692 -712 -1066 -521 972 -145 652 -1295 1139 441 261 -7 -155 348 419 250 639 190 -170 56 467 776 370 74 1004 227 516 -373 -641 147 123 276 521 -177 146 ]
[659 -940 -106 -147 277 -276 -638 589 -128 -573 1076 -136 -424 -563 154 356 -398 654 -34 -207 -268 135 -182 -611 1277 249 -644 1255 468 -434 -209 33 -696 109 -161 -766 261 -819 203 -439 949 -652 -585 303 -157 -984 -64 -1119 -365 -1475 1135 61 -386 13 56 1320 -379 1587 12 177 1143 -881 -735 -3 34 1596 -887 -25 585 -5 566 745 -911 206 -584 288 -559 -505 465 -758 -191 354 895 874 -532 675 747 979 234 -47 -348 69 -316 -290 -343 179 60 251 -1213 -88 -392 -156 -469 627 -264 519 -317 -175 135 487 105 552 589 1167 -118 215 150 -1080 373 -228 ]
[116 101 444 -772 -46 605 1166 -2069 0 175 -93 -1048 -35 242 -295 -1063 -437 301 202 15 335 710 98 810 84 226 1346 -512 958 1811 -39 499 -481 -320 497 -267 -1048 -969 783 -96 -111 1286 694 474 779 -407 705 309 -333 -165 -945 190 -33 131 -265 -501 175 -41 160 -685 566 350 -1262 -334 -454 -188 146 350 356 -339 -860 -286 -329 392 -105 -272 1193 637 -268 -75 -284 282 -218 526 -237 -280 -461 -651 434 64 983 -902 214 -592 -525 174 -294 313 430 -285 -391 349 798 86 -837 -215 278 309 -767 556 -343 56 -328 -236 222 922 -333 -105 1055 379 ]
[432 620 -1132 274 -469 32 853 146 685 -323 595 105 -255 1005 -745 161 -472 321 -473 -510 -128 45 -269 -236 273 430 1162 103 -597 285 1019 706 -522 -191 287 479 -164 -349 -109 -481 -217 353 216 -727 492 -1303 -962 -93 -338 -262 261 120 -54 886 -156 -534 -507 693 745 394 -633 574 -647 -100 -448 -836 -501 466 15 -286 137 1122 -518 660 -755 -551 -181 195 344 -906 -305 69 146 -991 410 -992 -1215 -472 -894 368 -652 -1773 -716 476 330 589 440 -1232 -312 -230 -1095 -527 194 157 -998 211 409 361 304 921 202 -146 -42 -398 -645 61 124 118 673 529 ]
[902 -517 -172 -90 136 217 -168 952 -373 246 -1079 72 -693 216 -475 682 -258 -260 -248 -835 487 -61 -653 -567 -705 382 -218 841 55 168 355 1039 344 -24 1011 -257 -533 588 393 107 -1180 413 361 -65 590 936 131 -374 -690 292 1230 -360 -427 105 132 179 -417 -316 361 -4 600 759 -437 1045 -683 1204 165 -688 -173 622 -361 84 102 724 -450 -143 -207 -421 -164 -625 -157 -217 -563 317 -217 1003 144 -778 164 445 -240 16 -345 -97 -35 183 -1252 624 -1155 661 883 -176 -35 -306 -337 -1107 -437 425 15 492 458 17 -447 499 -1451 162 -254 -820 298 -902 ]
[-424 -1299 188 770 469 -769 373 795 -1130 -779 776 1188 162 -270 -103 -254 -192 670 318 -610 35 -407 -134 -386 520 -338 640 394 -172 -938 -177 200 -1300 -416 -88 -577 588 975 3 -106 191 -888 -553 -753 527 138 -162 -267 -95 188 -194 -417 -226 40 -1143 108 -746 -173 41 285 -167 33 673 616 197 605 30 -704 -113 -1010 4 633 -475 385 558 453 -524 280 731 -342 716 -28 1674 79 426 1165 337 41 -169 67 -375 429 149 -568 -438 -525 -40 -89 -1042 -867 -649 -209 -621 -647 -330 13 -817 439 24 -445 122 -54 -363 50 -867 -959 86 -250 138 199 ]
[-6 86 1 -522 167 -88 435 630 -448 -478 1096 -12 543 -522 358 202 685 1382 -648 348 -1156 378 -486 822 572 2 -1146 -1080 207 204 232 -149 467 1054 608 279 129 108 385 -324 430 67 144 -357 582 751 253 544 -324 -93 160 -550 920 -252 -708 -232 -289 889 -111 -1466 273 -310 -384 -63 -70 452 317 82 94 272 -198 355 -872 -520 -852 719 12 311 -159 37 213 691 748 657 139 1215 -352 -110 1499 -105 -302 467 941 -915 -306 -338 -179 231 -148 -92 -602 -264 9 403 -463 -456 -773 -481 890 -869 -127 75 340 1481 -1192 -280 -747 16 562 -699 ]
[-545 -346 -1223 364 -1241 -55 -53 -268 803 -376 839 -1079 -105 -155 185 -714 -76 608 532 -142 766 -194 -303 435 -911 -740 -431 146 23 -1230 302 55 -271 1419 -30 248 88 125 403 20 -179 523 -347 -231 -151 -565 375 213 -724 -270 -353 -447 -848 -783 -1294 28 645 424 -296 -864 -556 211 -624 811 -851 -742 -207 117 516 -638 -456 69 -858 488 -375 -499 157 -411 705 1141 313 75 190 -345 -765 563 585 719 380 -357 -280 287 -554 -228 -4 -109 -1025 -369 1459 137 168 91 49 85 227 812 -929 179 111 -497 23 -215 -1096 -786 -328 138 -76 -351 195 770 ]
[-654 887 359 -286 812 -249 167 -122 288 505 -2 254 366 -576 -37 -147 86 333 -600 716 514 690 406 -1216 -85 -61 -1044 -44 -492 321 1243 1135 -200 425 666 485 -489 299 228 919 218 324 19 -461 -685 -493 -792 -361 -832 17 -389 -80 353 214 726 149 -352 128 559 253 -698 -771 -390 430 -353 -297 -303 -5 259 -110 -61 -256 -426 -142 587 -133 -637 -284 -17 -961 393 145 917 938 -265 47 338 -315 95 -539 -66 -74 -150 -269 254 -537 488 377 -527 5 91 557 240 -197 426 -134 -646 130 34 -279 256 -480 969 446 -855 -523 -992 304 -70 311 ]
[255 635 17 -134 957 1298 -351 -124 -512 243 342 1076 584 -32 -413 -30 -164 -637 425 -49 86 -82 705 -1024 -296 -148 818 827 -1044 -365 -381 188 111 544 533 -1423 395 111 -127 -887 581 -775 -1201 -469 -144 -538 -633 -348 142 -418 231 -474 -75 249 -525 -298 157 -37 196 922 -889 -1117 300 752 291 -144 -465 200 -645 -958 137 132 -234 440 -568 165 165 -300 521 -219 -343 102 270 -856 -676 -615 878 -296 -116 180 -409 -25 -380 789 -473 578 677 -676 -221 -1029 348 -189 145 201 -721 315 1334 334 -664 598 33 360 251 549 591 -599 1387 758 395 7 ]
[393 -627 191 -31 -678 -35 -503 942 881 -311 383 -842 -487 -379 16 762 65 741 1 -989 180 -916 573 -1201 136 234 -723 764 -73 846 632 1525 1197 -779 494 658 134 241 392 -466 -242 -340 100 105 -17 436 -1056 387 23 606 954 552 -493 442 420 42 -120 1119 -721 319 904 153 -241 -910 -441 -69 -244 -519 532 -129 201 371 50 -155 -176 -422 -262 102 519 496 -444 -162 778 15 69 409 -519 115 -64 -985 -361 -459 154 -807 23 -215 -145 177 -1054 1649 -367 -337 -693 -2 41 -492 -355 -489 754 746 496 -809 -48 -236 -363 53 -819 -527 270 -89 ]
[-329 1157 -763 -180 -148 -359 1319 -445 -713 -163 405 -16 -492 1127 -111 466 -50 -195 222 -680 -356 -68 160 -108 -895 -540 -347 88 4 -1012 1086 -800 -323 989 283 -607 -356 -401 -93 -428 -31 11 -379 -92 -161 -259 -120 -146 235 -1237 136 -243 -106 1038 -554 276 -396 -317 -75 -314 488 633 -600 -365 -308 163 -184 200 -118 141 386 -20 -240 -231 -456 229 -225 664 750 -32 -349 -416 687 188 -870 721 -242 -56 568 846 604 -651 140 -575 864 -988 135 -150 -94 -472 174 -204 -35 990 -275 -282 762 622 469 826 -390 592 837 264 -259 367 -77 432 529 -414 ]
[752 284 153 85 -302 -547 -179 1181 235 120 255 -168 -494 175 -314 598 -7 486 109 1049 -200 1257 407 -961 549 441 55 -122 162 -571 -335 -901 -370 91 131 353 799 -59 -20 -211 -443 -37 -1133 41 -871 -58 -805 -194 914 954 749 99 648 139 329 -170 -342 -306 -569 -220 -40 63 -384 -188 566 -208 -697 126 21 -189 -594 -251 -627 -836 559 224 532 -174 74 458 1302 -191 694 485 782 -331 -126 425 -1200 -176 230 910 -266 313 -464 -77 643 441 -1034 -51 597 411 422 728 352 346 476 -1021 -135 350 -192 -444 434 -125 -728 -575 705 90 -97 -28 ]
[-650 -47 1037 525 49 496 -594 -53 713 700 380 1057 -548 503 -546 -741 -737 290 -375 566 121 295 181 -1463 -658 -396 -560 -245 336 -106 -1428 -571 286 230 774 193 253 -130 464 777 357 -300 43 -291 -1534 288 284 -1835 1178 262 110 271 -268 -381 846 -325 -308 118 457 987 736 -749 -304 523 -439 396 -322 27 -547 -580 868 18 574 1029 415 349 -292 -687 -460 -534 -1037 1346 177 -380 637 -215 945 672 -368 -741 1268 -238 691 238 398 601 -158 -547 83 -345 577 242 -1064 -794 220 -654 173 -357 -36 54 -841 -33 1090 -744 537 -749 386 -50 315 -309 ]
[-467 406 1277 -18 -298 479 6 -576 -366 -540 223 499 75 82 693 -774 137 -587 1083 101 358 509 371 -370 -854 -189 1707 -491 368 -476 -147 583 -422 206 242 -500 -811 699 -87 -412 -137 1029 294 814 -39 306 -53 633 109 -285 -89 -720 560 -204 -186 -110 -318 -1313 -48 -9 461 779 20 410 510 -175 -141 -10 -185 -453 -230 -105 -232 208 597 -251 811 -314 -324 372 123 -717 -61 689 -609 -481 539 556 -278 237 566 121 46 -462 -1163 -467 -403 1232 654 -959 -326 391 1124 481 19 -176 551 182 -905 -369 -516 -118 55 -857 411 165 -1085 -222 137 1811 ]
[456 -230 72 113 1019 -836 534 -13 -845 -657 459 -312 242 8 -337 920 385 639 -950 -631 -921 404 -170 -192 1143 -151 -119 -716 595 446 858 -435 626 -407 148 910 -804 -549 -179 309 152 -76 443 165 -742 26 43 -524 -1064 818 -209 130 -732 -286 963 -459 764 593 1008 -171 224 -453 -69 -139 555 -592 462 81 -774 391 107 -55 411 -377 631 -841 -486 1021 -257 713 -179 106 93 -66 171 560 -877 74 53 100 -910 -124 338 -712 410 -348 302 468 -729 500 -954 -202 -118 -604 39 -610 -1262 108 473 -498 659 306 807 190 -242 894 -556 -131 -610 -1390 ]
[169 -724 179 612 -342 35 82 81 291 234 606 875 -301 1022 -653 -524 -530 558 -1142 -1319 -121 -1198 375 -1137 73 23 200 -394 771 1059 -26 77 238 -322 363 577 404 663 318 786 92 553 -253 -327 -954 345 -506 -94 542 464 123 -209 -617 215 597 -393 622 608 1600 1145 27 29 -1358 -148 -447 574 -168 64 -178 -933 592 1368 -166 472 327 -52 -172 809 160 -584 -396 438 397 -157 -267 -12 692 80 -204 832 -21 -420 604 -123 388 376 139 58 -628 545 78 -95 -112 -142 295 -564 -60 616 -1012 301 124 -530 314 -117 332 -340 -819 -405 -339 -354 ]
[753 507 116 885 -43 1443 -201 218 895 -298 -340 -181 526 828 -898 -87 -344 989 672 177 386 221 140 -359 -93 -176 623 -104 -834 1303 -808 -97 487 -846 -757 623 -803 233 532 -381 274 895 328 -584 671 636 44 505 270 360 221 164 212 437 -556 272 323 -248 -674 136 46 -92 88 490 3 -1019 588 107 -503 -131 240 -899 -301 -58 -499 604 -43 -168 -353 -522 -592 -388 -334 -408 331 -20 -221 326 247 -925 -281 -1026 -674 -1241 -765 507 -380 191 230 -113 -751 -633 230 938 -399 -36 319 -680 55 -178 833 -935 -132 -235 32 427 230 -211 18 304 ]
[283 518 -13 710 -33 424 1021 171 -709 -203 -444 -184 119 362 -252 -378 -605 930 -639 250 -835 -446 119 -537 160 480 166 -438 -647 122 648 192 674 669 334 154 605 -506 -196 -24 927 -466 -61 -847 -1350 -1265 -67 -950 209 -671 -614 822 200 652 -269 -166 -410 87 1250 911 -424 -98 -475 -248 429 -181 -337 1461 -74 -351 405 591 169 -12 3 -337 -369 396 472 511 151 466 -257 -404 321 847 60 185 -931 -442 -464 -565 -525 599 636 -141 697 -1037 -167 172 -692 -515 374 -623 -217 -442 -132 -255 -288 308 49 -20 761 -803 205 -719 644 402 -540 -400 ]
[517 61 -471 34 -858 331 -917 282 7 488 -4 199 -707 41 -988 956 66 -289 622 -641 -248 320 -173 -992 748 -158 304 -708 453 440 -73 331 658 -583 351 -426 -124 152 420 -694 -475 -444 -509 355 -32 76 -298 -636 922 218 1332 467 1 -566 492 -1109 276 1060 606 722 15 629 -721 -428 -650 -680 95 -129 -278 -372 447 155 -200 -70 -447 -513 -334 -464 -78 721 -1493 121 89 -1398 -554 522 282 721 -162 -1237 -68 -516 257 32 546 -149 -176 -1620 48 1084 819 -325 -249 552 583 -1622 1027 -149 812 309 -542 -859 -440 -422 -356 -228 614 -130 -267 -1092 ]
[-1523 12 -1013 282 -1506 -158 -252 -470 -420 138 -748 -58 1108 -719 641 44 257 -519 203 783 44 605 662 -65 -52 154 -176 -1336 -838 -103 256 49 -180 136 -158 -859 580 1058 501 -184 -218 -20 -638 -838 -87 116 -102 -1025 293 -708 -596 -37 -394 -625 -499 -52 26 420 160 406 -879 667 259 -613 95 -394 163 1051 -602 28 13 -395 -381 -519 1148 664 -274 -684 615 -481 959 -352 236 -870 -205 -683 316 587 -447 -1786 -464 586 103 -308 309 -460 333 -509 739 178 -664 -74 435 -239 -284 740 -7 351 -122 -1026 -449 -373 -203 -671 -45 245 -559 126 -241 461 ]
[167 -963 400 -1063 211 66 -803 -531 76 -67 -276 -8 -36 157 1166 -38 -108 211 -100 -179 -343 861 100 446 1437 851 -469 983 710 337 -392 -548 244 -972 575 -173 217 -1091 425 68 124 -1381 497 164 467 -118 137 -1027 -588 -142 269 -812 -219 235 169 966 -434 890 -514 67 974 -384 -255 -199 -39 594 37 -843 880 139 -381 713 313 -159 27 -213 -834 -80 420 149 -31 -15 577 -154 -334 -914 461 -546 -81 796 -207 -101 258 1001 480 514 337 282 -1133 -415 346 523 -743 63 -402 747 -203 166 -659 954 25 772 235 544 -142 325 403 159 -489 125 ]
[-561 -235 424 -1226 -81 -997 17 350 -591 337 -175 -264 875 -422 174 -166 1015 -217 96 335 -401 1179 155 232 499 -40 -986 -78 -315 514 -1205 -310 635 703 -91 92 -565 147 20 78 -122 -279 615 400 617 324 3 940 -242 619 218 -1055 961 -438 -41 -328 216 419 -384 -192 -857 -979 519 -19 577 334 487 -665 128 1006 -1105 -557 -158 -324 -312 -1107 390 -774 -54 552 98 -293 -143 1274 -251 185 976 125 973 353 -338 329 -837 605 -444 -761 499 -72 452 256 903 235 124 -408 -616 29 -514 -159 175 -462 681 19 503 345 379 307 -1416 67 -323 486 ]
[-1032 -852 -13 411 579 1349 27 697 -215 -85 274 -1040 -52 -1321 13 -595 473 95 26 160 239 -740 -50 91 262 635 -18 273 161 -76 1251 982 337 138 -170 -41 207 -64 1036 -308 -533 -293 232 -158 981 116 -283 525 243 -532 -70 -562 622 507 -823 -343 -788 -923 -312 -290 -866 1266 151 -74 265 -648 -572 280 140 -348 -414 -470 -95 171 43 -136 -131 1153 107 -142 327 -420 1309 382 97 -1067 -1041 -1856 355 979 -637 -352 274 -342 108 139 -1885 -841 -282 -307 -241 -347 -105 397 -159 118 3 572 701 899 1096 -222 190 -278 -547 -1557 77 -134 -638 243 ]
[1133 932 -242 -440 -326 -724 -586 459 -224 671 -791 -175 668 -712 -571 558 794 -765 738 54 536 39 626 762 -632 378 -295 -78 -189 274 -600 33 692 -193 261 169 -325 -429 -735 -404 133 445 -156 181 90 199 17 -53 -361 -761 314 92 362 -553 130 1495 173 636 -692 -310 419 -419 632 689 -600 498 86 -942 -377 541 403 503 -644 -639 6 1178 390 -1041 130 -635 158 -59 -1212 737 18 544 5 684 422 -1043 493 -40 78 10 -383 -562 641 248 479 -40 -597 298 235 515 -1197 1019 225 -706 414 -871 -661 -685 -105 942 -30 1743 -16 -724 1497 81 ]
[349 1300 -188 70 -3 -112 238 -74 -92 881 -918 199 402 745 -261 510 -230 -379 1095 979 268 304 254 207 -519 -589 1113 -337 -57 -332 567 -438 -1003 -770 -550 274 -704 -768 -1632 146 46 -6 -70 408 440 -683 -1021 797 -917 143 -968 -370 -44 426 -143 553 -67 -554 520 -4 -500 769 187 83 86 -1015 -267 465 -201 53 -306 -828 77 -420 -556 584 658 707 351 164 1527 -179 415 -581 -164 -375 -61 117 -372 -197 -1126 -783 -673 -68 -39 -202 -135 279 429 -604 -242 651 201 857 248 913 71 -96 -137 -684 672 -21 76 441 -733 78 855 616 -241 412 ]
[672 455 308 -801 -830 97 460 -1125 644 437 117 -288 -640 1594 -48 -50 -476 -101 97 425 194 343 79 664 -814 -518 -260 -172 457 -64 116 -540 534 -303 -73 -402 -710 -823 183 534 -19 191 -72 597 -243 -153 226 56 475 216 -276 275 201 62 161 282 221 -786 -242 -1112 1171 353 -1168 -323 -539 -341 232 990 558 418 -519 -23 843 281 -1180 -715 842 277 -211 434 -976 -186 -1117 -28 -492 -75 -580 326 436 850 1104 -594 83 168 340 37 390 440 77 591 767 221 -34 221 -162 256 379 -361 224 966 202 526 -66 -680 355 1343 -56 -254 1256 -270 ]
[973 -428 -847 311 92 -148 -500 26 -257 -951 117 134 -181 34 -737 286 -171 432 -966 419 245 -313 66 771 -60 691 -116 525 -302 -334 391 -193 -1381 111 1028 113 279 219 772 -804 219 -279 0 -398 -512 648 587 -1050 268 -607 -454 85 -823 -935 -205 -577 -374 324 -174 -204 -142 399 -936 377 -789 133 104 -103 -289 382 1042 30 66 194 300 -333 -880 238 727 134 -634 525 -81 -1034 599 244 233 -262 306 -383 139 -461 704 86 -209 -407 -794 -11 487 834 148 -623 33 417 77 -598 241 191 -412 -121 -207 550 -593 316 -89 -54 -313 39 -46 -607 ]
[-886 71 230 -355 1083 -1048 -524 -394 -628 -754 -570 -189 17 -255 601 51 706 894 -267 -143 -115 -11 823 134 371 391 -266 720 379 407 16 -186 -437 330 -98 675 912 -874 -68 742 199 683 -523 15 -273 -596 458 -508 -350 14 -666 320 -1009 -177 164 394 616 89 63 486 -500 -1518 569 -165 -384 -756 375 -713 -842 35 -797 172 318 -1683 987 -208 -199 774 -7 -46 687 362 -521 874 464 799 767 -1462 -48 -808 -699 -403 -16 110 -42 -202 421 -253 366 858 -79 363 -188 -840 -6 262 -624 -272 71 -403 456 -126 239 899 -54 -175 -825 809 -656 -682 ]
[750 -22 495 -710 704 752 -428 -116 -621 -139 127 -631 -968 -179 696 148 207 46 -180 -135 174 -1030 11 -45 202 1215 250 -290 252 391 459 134 679 -838 -189 429 -1109 280 316 -527 -620 277 1052 804 29 1249 -126 604 587 77 -195 174 51 -596 344 -344 -845 -717 -617 -368 -86 732 617 -176 78 17 83 -1063 205 -703 -172 -221 618 -289 158 -382 470 380 -1043 106 -770 -310 49 76 315 -185 -1132 -1041 490 114 618 -185 179 360 509 172 -1145 -317 402 153 -342 -887 313 -460 318 -1409 258 -393 51 810 -262 -174 463 -680 268 -820 -903 -329 -457 707 ]
[369 980 -864 -114 384 453 144 215 230 86 -996 521 66 219 -319 960 -11 -548 31 433 -208 479 15 563 105 550 665 441 -329 293 492 -340 -763 122 879 69 -27 -209 94 -53 408 -746 -152 -736 -90 -622 -239 -1259 -362 -653 -258 -53 -253 -421 -677 -418 258 -1303 370 250 333 324 -592 773 -589 -754 647 -1280 -778 -87 -50 -585 -163 -568 -156 -340 490 -19 324 758 -585 36 321 -259 -35 418 -120 516 -20 -45 67 303 -595 169 -363 -222 -177 -1580 341 298 129 777 -247 -489 -133 410 654 -4 -246 -240 -1523 129 -410 40 -683 -477 910 486 -1427 260 ]
[-1156 -646 554 194 -237 75 -691 414 432 -989 -18 515 474 -1469 127 -1370 122 582 413 -17 -102 540 58 6 1160 -498 -21 -548 337 76 -1023 -33 491 -197 -1627 684 -184 762 707 -193 -499 20 676 1044 508 -331 652 774 480 -68 70 -797 746 352 -631 -372 436 -91 -498 -53 -177 -802 483 746 -123 -648 351 -305 -701 -571 -757 565 -168 202 1159 -448 -542 -522 -80 65 524 -377 264 951 -725 365 331 -326 -573 -619 681 -229 -544 -299 -127 -1213 278 -238 -5 -3 131 -154 -227 81 661 707 -357 111 313 -566 113 -898 -126 -571 115 413 -387 359 -524 675 ]
[410 524 210 12 1602 -392 1034 300 -933 -236 -177 761 135 -685 -263 213 241 -425 -340 6 964 775 472 -87 -580 -527 -80 744 -286 163 -516 542 -963 130 562 -894 248 661 -1056 -1061 453 -121 -337 11 239 1243 -835 -572 -1625 -498 1066 -798 -503 -622 -1355 -100 -207 -1468 -581 -234 -346 30 -432 605 659 406 288 -1047 -598 30 -711 -586 83 302 -271 -676 58 -630 402 -390 368 -615 -421 1349 -499 587 838 -238 888 970 374 443 -970 -496 -664 -864 157 -330 -636 711 1572 830 -578 66 694 336 627 -144 551 -245 695 -151 -506 379 -824 9 934 56 2 -256 ]
[-303 -74 82 -565 -678 156 -591 350 828 -234 -641 367 173 175 1209 -559 350 -835 -780 744 -74 844 271 54 -193 -280 -50 -237 -740 -190 -406 -739 336 -33 -522 -560 -81 215 197 593 483 -1112 30 -1051 -1084 -415 217 -9 -135 -564 -47 -766 856 -177 964 946 305 526 716 -479 -391 100 -159 71 -476 -146 283 697 182 -270 1013 -681 -303 408 519 37 -347 -898 627 681 1077 -106 -95 -202 -465 -1003 630 734 -50 7 -80 928 -730 629 -459 386 1324 326 -428 -1415 -48 311 346 -11 -630 1835 -411 -31 -1250 -417 -787 154 452 -414 715 901 174 404 -589 1212 ]
[914 908 -364 -222 1050 113 -512 -761 -476 523 127 375 -185 -477 -16 651 -510 273 40 388 -871 -398 -460 -477 512 814 73 -470 120 -23 -394 -761 158 74 1008 -106 115 -278 361 -607 977 -754 -1020 645 -831 -678 319 -1203 500 -453 -469 576 273 -690 551 -910 -963 691 527 317 -312 154 46 465 405 565 -633 -422 403 92 249 190 -295 8 232 10 583 -98 -132 1272 -475 999 417 -1078 -441 169 74 829 -146 -487 277 755 473 391 248 146 -174 -1098 421 439 -153 -306 34 -246 237 -888 445 -585 101 -281 -794 -354 176 -193 578 -504 143 -723 74 -18 ]
[248 353 4 -476 -679 -57 1022 -848 -48 547 207 -368 -3 364 303 42 81 173 197 -364 -693 18 -353 -175 259 758 -147 -1204 319 1073 219 -86 -386 745 1398 8 -689 -174 298 -390 -240 528 416 -297 -83 1041 514 -655 1002 763 -374 -149 -1015 316 113 -902 -561 173 -630 304 901 568 -1119 -1251 261 -213 -207 321 -483 196 -222 -295 -203 169 -328 -75 448 491 -437 526 -961 -603 173 -56 553 -472 -339 1347 452 154 -245 -228 652 -11 150 -500 -321 87 885 623 -752 -170 1001 542 -1206 -312 -290 331 -462 1349 -398 705 286 -362 -185 -89 -274 754 964 -227 ]
[-338 -90 88 180 -264 37 -1204 -103 564 -887 677 -9 -793 92 -25 363 585 -266 773 -862 530 564 327 -1360 -556 -695 -829 1238 -71 -668 -91 -465 788 217 94 -260 556 977 -13 76 201 553 -479 312 -39 908 -255 482 989 180 1325 299 -185 -116 175 763 273 631 -1062 -191 997 -29 544 -549 953 -26 -75 665 138 -106 266 -1222 50 -86 471 133 423 -422 154 -428 6 -860 -329 199 272 23 426 738 641 -1128 633 1064 -15 -1572 -987 586 -683 608 -254 257 -55 122 -61 30 -130 -506 23 -1017 279 -585 -365 -837 296 25 783 -105 -997 -259 -155 427 ]
[-699 708 -1243 843 -704 812 -663 720 1375 -259 -50 -258 -243 -342 47 -1378 -595 541 -281 10 -89 -11 -282 606 550 424 -728 -445 -239 21 -539 -520 120 746 -564 79 894 147 168 -713 -70 88 -348 -382 50 -803 19 466 1755 -329 -165 -660 1357 -209 -804 -857 -214 -362 -60 -340 -755 1021 -614 51 -445 -503 -9 209 86 -470 -53 269 -164 541 238 -282 -485 -179 55 701 -312 372 683 -362 -505 447 638 -54 -295 -130 1034 -391 -241 -263 178 72 -98 -793 140 443 1001 -661 21 596 519 -314 -15 -176 -354 -67 -259 -510 -821 -113 38 -382 60 -617 -523 642 ]
[-684 -131 -216 -136 -821 32 -951 455 -782 -815 -139 -420 833 338 -664 592 735 -608 -639 287 -298 164 875 -81 -245 -708 -237 -524 10 -125 360 -482 336 252 -63 -470 1246 -349 -261 -762 -115 123 -127 -513 -670 42 -279 -294 -309 191 197 -151 887 -624 -44 -499 830 -391 624 -474 99 112 -41 242 76 231 965 545 -793 654 -185 -106 402 -400 677 -275 7 60 323 449 760 642 114 -619 -188 125 -148 626 -328 -405 -422 -729 -802 152 -220 -686 955 377 -64 554 704 -736 -122 -383 359 273 -84 -513 573 -1428 661 202 -113 790 -112 705 -119 -502 -47 140 ]
[-977 608 -563 -35 291 -864 575 -749 145 649 291 190 185 -330 -204 -212 87 869 496 -33 1314 409 319 -123 -351 -1262 -518 -535 -149 -960 956 436 -996 1272 -317 648 -334 243 -712 729 -374 541 -985 -27 -558 154 -590 638 -589 544 -733 669 -319 529 -156 -55 -177 460 329 -690 -347 134 -379 65 107 -430 25 -1 866 -1116 -334 -132 -296 -110 -388 -691 -3 449 639 -382 586 691 138 -644 64 248 -521 -506 320 307 -250 209 -216 -179 356 -209 -612 35 134 -819 57 749 147 443 459 177 -561 623 370 -483 90 -339 207 -308 244 -823 -141 -165 283 296 ]
[-158 451 -251 -132 -457 -333 -649 -2 -1 -110 -93 -570 646 985 826 30 268 -451 -396 72 637 -491 -549 -893 -714 1011 6 -117 -564 674 699 -536 1264 1571 -128 -564 1205 -718 -966 794 -332 -90 175 -291 -984 -746 -1181 -824 809 146 -227 -282 -567 -16 1289 -250 648 -227 2 470 -1262 -607 389 -276 255 -700 127 -344 -511 -660 208 -170 44 -630 -312 136 94 295 278 331 -79 -339 239 -835 367 -725 280 -361 -284 -665 -749 485 -537 100 -116 -340 218 123 745 -60 -639 -136 348 -479 -74 768 -729 -368 -763 -1011 -1106 -524 -7 -643 547 -259 -806 573 -663 151 ]
[1010 768 374 49 1220 -106 803 426 -529 -559 -458 1994 -53 291 -1017 553 -128 398 239 -874 -553 -502 504 310 500 -808 -298 -410 -69 -84 505 -442 386 141 -335 -152 -499 145 -544 -351 411 104 679 -234 855 181 -425 817 -22 -406 -49 525 -651 167 -237 -360 50 569 -139 -390 -201 433 -172 32 -30 252 786 62 -294 -877 719 52 244 -144 -1581 454 -79 556 -214 236 292 256 53 -91 104 1150 -596 119 -8 -3 -287 -169 -238 -939 -322 51 65 1063 5 -48 -1125 -252 25 120 97 -245 420 -72 1092 -37 -381 585 339 1380 64 319 554 529 200 -1143 ]
[-235 -955 36 643 -409 929 -917 1286 378 543 -165 -413 19 -1509 -50 -331 464 171 111 1004 -1014 -63 -438 -340 590 177 -614 -1041 249 305 -600 267 1419 489 -584 647 99 278 709 -390 140 -825 42 59 -561 94 577 981 24 184 314 -513 830 442 96 -257 189 -496 -279 -947 7 -499 133 75 458 -61 -290 -66 -3 -414 -774 -591 14 -747 237 339 -172 -125 -188 548 568 -4 377 906 -595 -504 -139 -229 580 237 -351 438 930 -191 206 624 -522 -147 -478 -168 659 -47 -130 -28 408 61 -110 -486 -229 -982 101 -115 565 -187 -145 -415 942 102 -776 320 ]
[-1141 -172 -180 147 758 -121 195 -554 468 -1199 -77 633 -272 -502 -543 -853 -445 835 -570 -1160 472 -542 843 680 524 -358 543 160 473 80 717 608 -2141 716 108 -312 679 201 508 546 -487 610 -282 102 714 -700 239 -396 -291 129 -171 -1089 -381 628 -913 -652 40 -226 -232 381 -996 -121 -843 432 -953 -425 503 73 -103 -1127 5 1276 -192 37 240 -901 -838 0 573 355 -439 104 631 -213 -326 25 80 -717 -282 -426 -193 -664 -176 -717 159 -1236 -5 398 648 762 -659 562 474 759 484 -10 -77 1021 -205 481 706 -459 -775 167 -174 713 -437 583 22 -254 ]
[276 -93 764 -97 664 872 -213 868 1171 263 349 -447 415 -1051 -90 -124 -1146 921 87 32 465 608 216 11 -85 173 -507 700 -207 264 -1169 1076 206 -244 419 838 -238 -442 956 -508 -424 -305 30 -691 -485 -1228 -276 244 -1158 -111 940 -16 189 271 -1164 -196 60 219 130 1185 103 -342 -827 1274 -366 193 -127 -567 422 -448 160 533 -536 549 -312 -1270 164 -1568 -24 511 13 -330 572 867 -601 -81 645 -687 96 -168 843 -248 -602 541 -595 -116 379 -275 -267 160 982 495 -528 185 254 -445 220 -129 -198 497 -259 -327 -197 -605 -504 214 634 -167 -302 373 ]
[-560 -664 879 -489 1477 345 -575 -220 -231 540 120 -227 159 83 326 -336 434 1275 -94 326 379 -264 568 -299 703 -31 -867 193 695 -199 -919 -512 201 -242 -264 720 -382 -535 269 184 208 -359 -51 752 -154 587 -62 -367 -548 287 -556 -453 -718 20 636 -104 84 540 -753 558 317 -1441 306 180 -124 709 -130 -428 307 -443 324 210 189 -338 285 -405 8 82 -976 751 -556 657 705 946 491 -1259 378 -647 -351 -67 112 -442 -222 1138 -148 -141 -6 298 664 -488 497 282 -807 -633 318 -633 -797 140 14 -100 184 743 641 -547 1109 101 -784 -45 225 -217 ]
[210 413 -446 -252 210 -113 508 692 485 312 635 187 -794 -260 182 -42 182 -334 121 1345 251 533 -943 622 134 226 -151 433 -466 -1711 -457 379 -1052 373 -1080 -47 -758 195 -732 -870 -465 -1480 -659 -70 -310 -197 -373 360 -901 -505 125 89 699 -484 -556 357 -151 33 29 -865 -1024 267 718 -425 37 -478 -452 152 1137 646 945 -499 -563 522 533 41 -951 -977 95 85 584 -322 -497 693 703 -572 -85 377 108 -822 537 106 -390 -266 -363 -203 -31 -301 117 -981 515 147 256 558 996 -101 290 -565 158 -939 59 401 -368 94 -361 389 1106 38 692 546 ]
[493 -329 1205 161 1095 56 -202 370 -636 -1434 -58 822 710 -195 -409 525 -21 900 -620 316 597 164 655 -980 259 316 -106 676 -871 516 744 245 -240 -585 797 589 676 -471 212 345 640 446 114 -388 -1044 -334 -849 -692 -190 124 -523 847 -7 -110 640 258 -25 -307 -113 938 152 -145 -595 433 727 -3 793 -875 -475 -653 -110 -153 -172 78 -762 -1077 224 853 77 -464 -127 -133 214 -80 -172 1130 547 -287 196 -326 -733 301 -1078 -210 -982 -348 346 624 -1655 388 -400 -596 292 -427 240 -599 -430 -690 198 -307 905 -292 1032 317 -309 -895 -1261 -412 -446 594 ]
[-555 430 -820 -65 -528 914 502 841 643 401 14 -987 -230 1240 277 -551 -190 879 -322 496 -430 -270 -222 1022 -7 706 -608 269 589 366 980 -264 762 225 757 393 1478 -885 109 258 -372 321 25 -1752 -148 731 160 -162 632 229 -582 -100 586 -193 -882 -247 -225 -495 278 -382 720 889 -298 -746 -417 -1296 -65 651 -231 402 -540 -125 -74 38 -603 184 -153 1020 -428 -168 -476 5 331 -345 639 511 -301 -671 10 59 -107 -868 -310 411 299 537 -694 -954 252 319 1121 -224 -401 -110 -768 -287 -112 -100 -270 159 -317 315 -766 65 -504 -774 655 243 413 -719 ]
[-1361 -943 -132 69 -295 137 -779 -508 135 16 -798 -61 763 -597 87 -1374 0 336 -43 -86 610 421 -695 -491 39 -666 -412 -426 76 -565 -235 -153 -317 640 -349 197 475 233 903 726 -102 103 -125 464 -469 -1111 1259 597 657 -315 150 -51 600 349 -292 462 -739 149 -652 -488 22 -1017 298 473 -598 284 -307 -332 68 -1216 -988 394 648 -180 1027 857 -791 -1245 -225 -166 930 281 398 299 -188 -415 890 -398 -424 -197 1059 418 41 -71 126 515 -122 899 -109 -815 -309 57 -144 251 214 1356 -140 -366 -597 197 -574 -1004 386 -247 1118 -466 411 563 -539 -42 ]
[-1049 176 -289 34 -741 295 -34 449 220 -532 -1248 356 -242 452 102 -245 -576 375 -365 -940 1065 -520 851 414 -436 -422 -1084 197 411 -263 255 -684 -53 724 244 -182 1149 131 -1260 968 -540 476 -380 -843 634 15 -290 136 -356 116 -791 -903 -85 -140 -234 696 393 636 642 60 -309 718 47 440 -1395 305 299 -282 285 -76 599 917 506 119 77 -613 -1187 -141 96 -790 684 80 -163 -13 -330 230 462 -740 339 -103 54 -1385 -47 678 531 -364 -478 747 -67 -79 198 -644 -343 -735 -258 -390 -525 581 302 -246 499 393 205 1234 35 275 -593 -694 -80 -86 ]
[332 -355 383 -256 667 8 -649 -6 1065 95 79 184 33 748 524 -106 -851 1015 -426 -443 1200 -130 361 227 -569 182 -813 400 340 124 -791 24 -648 -189 324 46 227 -364 -346 738 52 155 453 -339 -319 409 -652 -271 -972 -469 91 -272 -1014 -499 -42 1211 542 811 73 176 961 -485 -1219 844 -1225 910 235 85 870 -214 515 622 -250 1027 -1114 -83 -326 -91 10 -1147 -335 420 -695 459 -266 -431 759 88 674 978 -241 -728 -267 611 -266 -51 128 401 607 -91 457 373 -542 -254 -311 1134 -561 66 -352 703 630 240 3 215 301 350 -491 -1049 771 627 ]
[461 671 77 -388 200 -782 -696 -575 577 379 -407 522 378 -51 448 194 -160 -527 67 -488 234 -204 -295 -1130 241 808 -21 377 -179 951 386 295 317 -585 -179 953 -533 646 37 71 45 216 522 814 34 -521 -714 409 359 1189 10 538 113 760 1720 -482 60 -104 -462 291 7 -245 -339 -63 105 451 -251 -572 -52 -950 -632 -125 551 -305 -668 -440 853 -432 -245 -462 -259 -620 -21 -470 -389 -379 203 -168 2 117 598 158 -452 328 97 386 857 1095 -682 563 -276 203 134 -42 643 37 -431 -603 -826 369 -565 -553 -288 -131 -386 -360 -1212 24 145 1507 ]
[-674 -798 -19 -306 250 -682 -531 448 -144 208 -120 305 -852 -262 967 -62 -54 572 -498 -293 20 -222 323 122 750 1164 39 -176 1149 133 -367 187 296 -734 -979 -37 218 -974 -564 -383 31 -302 -748 158 71 -251 -159 -414 -524 -357 671 208 -584 167 209 98 566 435 689 -67 109 -264 186 -724 -549 45 -289 777 -185 -541 240 305 -187 -734 536 636 -630 250 485 -91 931 42 551 405 207 -215 -373 -837 40 -201 -444 -582 -66 92 499 -107 121 434 420 -480 178 377 -962 -110 652 153 -505 -287 41 72 371 198 557 413 -506 777 965 -188 -137 -610 ]
[-847 -397 -496 1140 -289 963 -190 -721 582 -47 -510 -59 -316 1287 -454 928 -705 579 1118 -852 80 -288 248 -401 25 -713 321 -364 -800 -59 161 214 -910 7 -664 320 -100 780 105 913 -212 597 -85 -397 -209 -681 18 -78 -118 218 -447 676 -520 67 -913 97 581 -756 256 1319 179 -173 152 64 46 -1118 863 13 521 -404 643 -309 62 -821 784 -597 -550 -533 -264 -147 -482 -1174 421 -859 -324 -1137 204 502 232 -102 -1035 -403 -323 -538 -291 -26 -278 -806 592 61 170 421 622 211 952 -1000 29 -308 -587 -774 -204 -803 327 -1368 313 -292 -177 -264 -759 311 ]
]
