[[-115 -471 633 -459 346 791 491 -509 -449 483 -39 105 378 -320 -618 4 227 -230 447 -438 185 -185 356 -593 291 571 -180 -205 -202 466 -42 277 -16 90 -469 -673 332 -245 -288 229 277 638 550 -77 -169 -147 -450 -282 237 161 190 423 -709 -324 -118 -568 -469 355 400 600 -835 137 -266 -43 -53 -728 239 -293 316 651 34 -84 613 -134 -141 -473 367 -201 817 392 -26 -327 -1014 87 -26 1013 184 -99 -162 -335 -298 171 386 1104 -1081 -780 -216 -501 202 547 -285 55 575 -298 757 146 -423 275 286 -222 1033 -181 101 -631 169 -317 -8 180 489 -33 ]
[-386 294 289 345 156 112 -173 539 -55 147 244 263 395 -589 -140 498 158 1380 -750 -81 -122 214 276 -351 -953 -6 -418 810 182 -64 406 45 500 41 186 -588 -261 15 -61 -499 -227 -116 -571 -318 227 -623 -176 185 -204 -476 3 -435 -14 437 404 415 -381 -316 -465 -244 437 21 -465 -53 -156 768 781 -348 -138 395 -244 173 -484 318 -152 241 -730 905 -860 448 -206 -693 130 -411 -886 -425 -91 499 -164 -246 620 -350 460 -919 142 45 774 -78 -101 351 628 -163 -434 582 -625 -145 450 -548 -264 -186 -226 -175 332 1196 -98 44 685 1116 76 26 ]
[-999 -84 -694 -227 -88 -401 77 85 230 -284 -71 -186 476 -256 -633 -421 -483 -661 -352 163 121 327 136 1229 -674 -432 -155 -367 169 899 -336 14 -487 1077 -377 200 -232 -971 416 -402 8 -98 -773 379 377 -131 235 -130 135 -113 -316 339 551 78 178 1108 522 -225 -468 -687 810 184 713 -362 -68 -468 -2 955 519 -1084 179 -455 593 219 376 190 -530 279 -717 -634 -258 -442 1062 720 480 -880 -43 -328 142 494 119 -27 -764 -655 525 150 -22 507 -293 -518 48 250 -55 -313 109 -211 1026 -133 -140 -424 -360 -44 631 -368 -342 286 -4 -261 48 -107 ]
[-280 182 -216 -370 757 826 547 339 417 69 -1 395 906 -560 -1902 192 276 54 218 101 80 88 381 -232 -761 1 -683 -629 -312 195 174 -143 538 713 -31 -94 76 -780 269 -482 124 464 407 -435 553 662 -45 -684 748 102 -84 -519 -129 -15 -469 -160 -233 676 -103 -313 -271 577 43 -858 405 76 -130 -407 -20 -126 -552 -995 -276 350 162 595 87 729 -145 340 -529 -153 350 -45 -684 -485 30 -192 134 766 -171 -329 12 96 -874 -498 -382 -344 632 -6 197 10 224 563 692 -799 52 -232 -308 -227 799 -19 769 507 127 -460 -23 324 124 335 ]
[-657 -921 -186 -142 -58 300 930 -529 -427 53 236 468 -106 -82 -680 -65 -313 -211 169 785 -935 598 660 348 -342 281 -241 420 649 582 -415 122 -212 914 -1198 -1358 695 -170 687 -41 848 991 -495 489 -355 -364 -212 158 299 -161 -542 63 24 -129 343 -180 -533 -580 267 -88 -286 -36 -89 -248 -423 -206 864 690 553 -205 240 -548 504 -90 -960 -931 -184 -63 465 -130 335 -335 -520 552 705 517 466 -558 2 -536 -633 32 101 -80 54 -909 208 -503 -445 -98 -492 -212 -95 -399 756 -227 -765 769 389 -903 604 -479 257 -563 -158 66 1084 331 95 145 ]
[564 405 -1069 178 -177 677 158 721 226 -209 290 150 -284 75 -320 587 320 104 75 599 -437 238 -973 288 369 -213 -26 -236 771 -1087 -1070 -516 101 652 -33 231 73 102 113 711 11 63 -160 645 -604 745 118 267 277 -1027 -363 -36 45 -378 491 54 -598 -86 -378 439 -469 794 175 1164 218 614 -43 136 220 -737 -31 -71 77 651 240 366 -198 246 -451 -1023 661 802 727 637 363 -353 437 -228 168 126 -73 -414 -273 -862 234 365 -257 258 8 -274 174 87 -607 -275 -23 -204 -340 424 -755 449 -358 -57 492 114 -46 809 266 -620 -93 -623 ]
[803 -22 483 46 -923 -410 -428 -482 221 -110 -551 -803 -353 485 877 -789 -325 -78 -665 -646 475 -410 -408 427 1314 -178 702 48 -1003 411 571 -168 -1088 -444 1070 810 350 1233 -86 -184 -399 -988 256 -778 231 -45 331 390 -151 1239 -16 -245 -114 -1081 -971 -493 -79 18 -135 227 907 -247 -355 156 476 -493 -451 175 -31 227 56 728 -78 -321 409 -418 241 -549 778 -241 -72 16 -720 -152 331 321 369 542 -803 130 341 824 -568 20 263 1133 -449 143 -484 -360 -763 -490 669 51 -213 1207 86 -400 746 425 -423 606 32 -823 149 -321 -353 242 -216 293 ]
[108 614 -114 -108 263 100 573 98 -417 723 64 -397 81 -209 -315 290 -560 -277 -1020 -1034 -106 -193 412 349 48 -434 -48 966 -327 226 -89 -235 -700 384 -5 -505 -282 -16 -532 -1301 -446 -276 -375 8 26 -608 -817 -849 -119 358 86 372 65 -203 -495 256 -89 -498 -382 -1035 637 506 164 -984 250 -997 503 -43 606 -503 -9 176 84 429 -183 -345 52 461 155 -152 1 -402 -263 -192 -568 -79 387 85 -483 50 1260 386 -29 -315 -152 104 639 -507 75 0 -247 -385 -211 165 -790 260 1081 63 769 -3 -159 188 403 -466 123 608 -277 946 281 -466 ]
[-524 -290 1122 524 244 -1152 -2 258 120 -378 266 810 -371 297 1003 34 424 364 731 248 527 1067 72 -696 -80 330 57 -160 316 -619 695 -86 477 -814 347 1076 -461 -393 213 -703 218 200 379 -488 -323 -523 723 341 -229 42 30 -324 331 858 569 -232 499 -66 392 -447 -478 -662 -432 -418 -216 978 147 311 -283 834 358 -687 -64 -618 -295 216 -26 237 -172 623 -256 214 939 -1074 50 -714 -1014 66 585 10 -743 -489 32 262 871 268 -52 704 -520 -728 295 372 444 673 -232 -487 42 -44 50 41 -540 -195 -267 310 -292 -484 483 -675 -561 1570 ]
[-277 100 395 -277 361 -103 -380 -812 297 384 -602 221 143 32 106 12 -143 -444 -281 -416 179 -1083 -388 -151 572 187 18 746 -291 718 240 10 -133 -674 647 -1076 300 -109 -297 -440 114 -54 -189 -173 677 -197 -300 -249 -226 867 1357 339 -492 183 -1053 -89 503 -192 206 -425 83 -658 -901 -123 -173 -339 26 -778 -769 449 -47 717 -588 -354 -41 -363 892 13 20 568 -364 -629 -896 -448 -754 -20 288 561 -89 -450 1659 970 430 1099 -561 -164 207 -319 872 531 -617 -9 348 515 -574 793 432 -366 925 564 426 336 -129 567 205 93 -670 949 276 -437 ]
[88 1018 -535 -690 451 131 152 -517 -405 950 -297 784 371 46 -274 3 -427 -254 494 151 -998 -798 630 -373 500 -97 519 275 393 -46 -751 290 -29 -1064 -733 -34 -391 -268 359 -338 180 511 -164 319 294 336 -251 -578 45 -644 328 -107 -281 381 -700 183 599 296 941 -559 -61 443 180 -900 -806 146 62 -658 445 230 -253 -530 -726 -678 -493 327 -62 465 -220 468 -444 549 49 -929 -517 -340 -24 -146 545 -67 423 81 544 881 31 -632 258 53 789 19 -36 -141 -366 333 -314 -501 177 299 15 -97 305 125 -431 386 16 -74 -254 674 49 -765 ]
[315 -853 -778 -217 39 603 551 256 -458 -660 -134 -81 181 -175 -38 695 438 -196 463 94 -353 73 -7 129 -798 -519 -426 -735 491 -465 -219 -203 -90 150 72 351 283 126 -101 1068 -612 -76 647 -29 82 487 262 -149 -284 -341 -874 277 972 -124 416 -526 -135 1025 301 608 440 371 460 408 587 -519 -368 481 -352 -367 -201 -509 -97 604 85 322 182 109 302 -308 -137 244 811 980 944 118 -231 -172 318 940 -656 345 -59 -789 -391 -407 -220 -275 215 -481 74 -236 -107 -199 833 -678 -343 147 -306 459 160 48 -105 -880 -896 697 395 -835 384 931 ]
[-1128 -5 -16 -579 -376 -455 -895 -567 -107 149 170 -567 25 233 -580 -1082 -899 286 -88 811 -551 768 1085 700 -324 161 8 -807 -32 -99 -478 1319 418 118 -1277 -866 33 -467 1045 685 658 654 -542 425 -248 -261 -617 331 -343 -63 -947 -66 124 -678 -156 712 -82 -362 830 702 -83 302 573 -107 -419 -290 -558 563 677 -382 -252 307 1450 -255 -439 -564 -490 -470 -164 264 488 -462 -766 781 361 634 -317 -327 455 -211 -796 -501 -449 27 323 -865 -190 132 -520 253 431 -156 108 -1059 1071 -1 -264 595 -317 -1294 -38 -471 -930 342 300 -368 314 154 -289 -290 ]
[1136 574 404 427 -698 -540 20 35 108 -507 -298 -32 -620 634 785 -585 -318 6 845 516 -627 -495 895 -1037 -43 109 906 -237 -298 419 668 -124 814 -361 71 1054 -108 762 16 728 -472 -327 314 -210 67 189 337 573 -44 -88 -191 -699 54 846 -489 -167 380 -319 -86 -443 -34 -507 111 -525 -743 763 -276 -234 -97 238 353 328 -1558 -253 -203 225 -284 -565 271 -359 -183 882 75 -838 -113 -586 -262 -118 355 210 -1097 -89 423 858 926 195 -380 377 -351 412 -318 -286 -324 -367 99 -169 153 267 -494 -667 -381 581 -688 -27 251 -1215 -709 -177 181 -511 ]
[-984 -739 -85 -968 49 -708 216 -1549 -16 348 -466 10 -482 -5 505 -769 -58 -419 -145 -51 -317 158 -45 893 640 583 231 76 -33 115 -131 195 -514 -829 -56 -513 514 294 1148 372 300 951 -19 -461 349 43 283 317 -177 253 352 444 -434 -581 -1100 420 501 174 1615 958 -112 -249 -9 -199 -386 -233 74 596 -418 394 -480 375 100 -869 -237 -821 575 245 -51 238 -401 -754 38 -179 803 205 -280 449 32 199 -528 596 326 682 -77 -228 -2 -102 -446 5 -457 -395 961 456 551 339 5 -89 1195 248 -2 -187 -35 -555 -1021 51 698 85 44 848 ]
[-248 -253 72 39 1456 187 1348 -495 -44 470 -47 875 793 -159 588 1089 433 -403 -148 159 -74 -5 98 -797 -12 -75 454 852 396 -98 397 -404 -822 -710 -485 226 313 365 5 -1028 -178 317 393 -232 149 55 682 -906 263 -289 -137 688 -183 407 -360 9 155 379 182 -470 222 -287 175 -777 -845 -47 537 -166 381 532 419 -965 -156 -912 -400 0 267 494 274 333 -709 338 518 -582 -181 -159 -388 -574 -26 452 662 234 1034 570 -898 218 273 -167 182 -759 -379 -140 559 462 -685 215 82 -70 655 482 839 -177 144 -236 -630 646 67 -158 453 339 ]
[199 637 520 732 146 -131 -530 -699 823 239 144 872 -317 977 1073 -426 -565 -474 -105 990 180 -7 -271 275 625 -194 577 96 473 -529 478 350 -461 -1000 -372 744 -346 1333 810 -374 941 -267 -639 457 -1003 233 544 100 -550 528 32 -524 406 -5 -494 -727 446 -324 165 -263 381 -391 -31 804 -700 1124 -628 144 -682 -134 531 -162 -76 -448 -256 613 341 -521 -30 -45 196 729 -281 -661 3 -805 -534 -863 414 74 198 -716 -514 544 263 765 -443 923 3 -749 -495 -98 172 -82 -515 288 -571 94 -453 681 -790 -4 -1075 814 652 -257 -247 -67 -802 -123 ]
[365 -103 551 -46 -905 556 -774 -313 -243 705 -296 537 401 -301 -271 -403 -18 550 138 -1187 1006 -634 -1131 165 724 365 -88 -372 715 -49 -448 503 -479 -980 -435 -157 5 816 -290 762 12 602 210 -223 -163 563 -238 656 -567 336 449 -347 -611 -819 157 -26 -494 1059 28 1745 -90 201 -568 1679 93 67 -437 -867 -319 973 34 463 801 -245 517 731 -202 341 446 514 -57 456 -1320 -221 114 -11 693 92 383 -842 509 50 -351 595 -330 -375 -423 682 387 113 387 622 -231 -105 387 583 -329 -5 -954 565 241 165 -465 100 480 -454 -214 428 253 -413 ]
[808 671 -879 325 -811 -205 347 389 -768 362 187 402 -362 335 -427 -151 -319 971 -123 347 25 -55 -414 -292 285 -599 -204 275 585 -805 -559 -905 183 -665 -260 300 -301 396 -75 -617 30 162 419 64 615 1175 441 68 69 157 -1204 -1037 248 -272 -357 -857 -285 269 -218 -743 -2 581 4 -399 878 974 234 -515 493 -154 -300 -520 -582 -865 -444 430 -510 775 289 566 356 1688 -163 -1140 -385 -241 1186 -381 -591 28 438 -164 100 -689 687 222 17 -359 41 -1024 -105 -964 -1191 292 -280 -409 -839 472 -588 -376 355 520 -194 124 -195 -232 294 419 -694 26 ]
[157 -299 87 838 278 -104 582 396 -1098 93 439 -232 -556 -297 208 148 138 -227 257 21 627 87 -429 -225 -172 508 -26 172 -493 -76 306 -451 854 314 505 737 -650 -130 -776 408 750 -7 -252 342 -724 -177 151 -76 214 -646 -318 71 425 924 734 -274 97 114 101 439 -510 172 771 464 458 430 -30 -169 -430 -229 -91 -95 -482 227 265 395 66 -744 -226 -696 91 745 718 65 382 1133 -664 -225 -375 384 -871 -964 452 262 -271 -440 529 -422 -86 541 -461 -84 -695 262 -158 -1078 -570 -512 -333 -635 -191 -113 159 -412 189 -572 62 -708 -236 269 ]
[-14 367 -73 -302 -489 -1234 -450 166 621 542 74 -661 -60 -163 -142 -600 -327 427 -965 -974 1186 583 391 826 -129 -254 -197 729 -82 -241 85 318 -215 -611 -330 -135 -766 -502 -301 -1305 -185 -105 -53 -991 370 22 -532 -426 102 829 669 -311 221 23 779 642 510 -207 -82 -1267 286 -445 -420 -1017 266 -538 19 -497 254 148 -595 13 296 -151 -573 -65 -43 613 -739 829 455 -418 -306 -1212 -606 -603 494 186 -214 -553 1025 75 101 -1072 331 581 -53 47 -30 -94 591 215 -622 289 -831 649 761 -442 -33 66 -954 84 -280 596 362 287 -237 566 -865 279 ]
[615 49 -339 -446 -611 -241 1101 -595 -565 664 341 15 -266 270 295 -560 -333 -379 -1255 -1181 648 459 -575 924 942 202 584 316 -267 -289 -609 -1181 -788 -107 -339 1013 -273 654 -40 118 267 491 -210 55 -652 441 330 -103 263 231 -803 55 -828 -548 -109 427 -194 -306 -357 689 373 306 809 563 -183 -524 449 105 150 -311 -168 1088 707 -497 220 -251 -423 -169 415 -1069 616 638 -45 -95 804 614 747 -528 -440 657 52 -317 514 37 -86 -111 -135 434 -631 -503 -788 -354 -793 -36 -553 824 -330 -35 -459 -370 -121 168 488 -1434 -182 165 354 -55 -309 -348 ]
[-508 620 282 -230 530 595 -450 -305 -748 608 164 85 -172 407 56 -500 -849 271 56 364 -346 -1114 676 240 -148 -152 -571 83 -107 326 412 155 474 -271 -1075 -662 -1074 39 701 -103 554 739 -320 1181 -242 -325 -449 -345 -524 60 675 197 -630 96 -936 178 41 -522 20 -409 -640 599 811 -854 -415 -165 474 -39 355 -326 648 3 253 -3 -362 -107 87 399 356 703 -195 -365 -434 -390 -755 -19 341 -401 -439 -845 -22 -137 64 764 -280 212 396 144 651 541 590 88 -410 -147 -113 -150 52 488 -762 -526 -54 -265 -182 536 472 -144 -208 502 565 -838 ]
[-365 -173 -339 -657 -498 -901 475 -695 -156 634 -169 -265 147 -723 -1874 -1045 -916 234 -76 -678 -348 -181 485 164 30 836 -164 113 -364 945 -244 102 -98 714 -846 -830 176 -407 478 12 275 195 -431 -986 968 1068 -23 259 744 387 -214 -697 -291 -178 -314 993 -229 507 -95 53 -326 168 683 -645 855 253 -398 -271 448 269 -397 49 -226 -218 198 -5 -80 206 -624 -662 135 -98 -606 125 525 155 666 133 -70 11 -588 533 -5 341 692 -695 -200 -693 -427 204 -328 -339 -89 182 1300 -190 52 -423 102 -794 495 312 86 -524 418 -1131 36 880 -248 -80 ]
[302 -497 288 367 764 399 -267 -153 -437 -144 1015 385 -490 525 725 678 -42 -576 -360 -513 268 -230 314 601 -610 -585 -824 -140 496 -330 1125 137 -825 -346 -444 225 -944 -579 -45 -1030 -350 -390 -208 441 114 -431 267 -619 -564 594 42 700 352 593 1150 -779 476 246 -160 -836 40 -271 920 -220 561 -915 88 391 -333 -594 697 -525 559 471 6 435 504 -385 1161 -74 309 -310 -85 377 275 -114 -487 -409 258 -819 84 89 -554 -164 97 -321 454 -48 565 -749 405 583 -368 -760 -280 -992 81 372 -31 1117 -213 -334 -538 -606 89 681 197 23 254 613 ]
[540 510 -966 323 -6 -145 149 128 126 -96 306 -221 -1337 278 -202 881 827 -73 500 301 -884 69 -870 -489 751 12 125 -184 120 -1521 -415 247 -155 -201 -197 330 -493 -8 -47 157 -46 1219 392 -283 -294 769 138 419 343 -511 585 206 -479 109 289 88 -716 164 1351 595 -1768 548 493 -714 -44 360 33 -323 725 -6 -9 -416 151 -43 10 -285 260 -36 602 -193 500 1062 823 -533 8 685 62 100 167 -869 -944 -472 -29 211 335 427 520 -134 121 -78 265 640 507 -47 142 -1177 -351 1072 37 196 242 -332 -176 197 -162 153 411 -971 735 245 ]
[296 -994 233 370 -55 164 -278 -775 -61 1020 503 -300 -429 -181 979 -772 317 213 -550 -240 703 -894 -326 712 55 264 -503 513 33 890 206 251 200 -771 -64 -1060 -37 950 231 363 293 184 -396 335 667 -141 -110 497 -1 -19 992 535 -840 312 447 -791 1034 533 156 444 -711 -326 -534 1190 -279 241 349 -367 -252 -201 -664 1065 -255 -562 -17 166 193 18 169 264 69 -664 -1129 -682 -601 300 942 277 -617 -1103 -320 -359 692 706 -894 -755 -28 -425 255 786 148 -126 -795 259 -241 -342 -569 -555 272 741 -233 -228 -260 143 -287 -790 631 695 -816 -409 ]
[-128 -144 -592 494 136 183 -352 -1144 1250 28 -224 -51 595 37 157 285 389 -755 540 375 648 -879 -775 -218 111 -427 304 -849 442 6 64 706 -696 -668 -114 134 420 -306 -78 659 -204 -19 78 17 403 619 -104 -108 269 765 1103 834 -445 162 368 214 189 935 137 -243 75 -620 -92 292 -896 -568 -878 -911 -263 -322 -90 -318 239 -875 194 758 242 -974 544 -62 -56 555 -981 434 -166 193 471 -254 1079 -701 451 -78 20 676 -1161 -470 -389 79 1146 269 134 1078 757 3 110 -313 -416 -159 249 864 433 -561 -742 506 500 -371 -941 -937 273 -857 ]
[624 733 -14 -330 -191 1070 -335 1205 -62 432 -21 -149 650 551 -1068 -147 49 723 -436 582 -433 -678 -46 220 1041 -324 90 209 -24 33 -1000 533 -166 -8 -55 -1152 408 980 437 -442 73 404 289 868 119 47 -747 -280 317 -446 336 -849 -696 -1174 -1015 136 -669 4 -465 650 -512 1357 -659 234 -196 10 195 -441 1701 301 -362 513 517 165 -252 -820 223 683 366 670 -254 -184 -800 171 -1271 200 853 285 -407 -690 790 99 111 -99 -217 -59 -401 -276 609 357 276 352 -252 -158 275 221 -176 893 -485 -749 174 -31 607 860 457 129 -320 1018 349 -1335 ]
[187 -306 1005 509 -105 -681 420 -220 -1163 -140 -659 -629 217 291 295 302 -954 1425 -591 211 91 496 228 -1053 91 277 5 -307 267 370 391 -179 37 -91 -23 236 -96 313 -187 866 -129 -422 291 -602 -404 -245 107 -11 -597 342 -1172 274 413 -178 -237 -706 -1246 -163 28 291 835 -379 -178 -411 -196 -10 226 55 475 133 688 521 270 -132 -548 -332 -817 199 748 -224 6 298 -229 231 685 584 710 -356 -615 63 321 749 131 -367 -180 445 -355 427 -503 -444 -350 -985 -213 -354 8 835 -126 -264 -303 -799 95 -207 -259 -465 79 -280 1135 -398 225 890 ]
[541 493 238 -446 -114 -617 -1035 -102 77 -150 -305 -1249 -483 31 1064 -737 380 514 -1066 461 215 723 391 447 429 391 435 -446 -694 -204 738 736 443 -1233 333 1109 -31 943 357 92 -912 -706 444 -564 566 152 167 34 -541 60 -206 -115 87 25 -531 -224 682 -16 1196 968 1005 -632 85 333 -372 330 -567 -278 -116 214 -656 1473 -414 -424 124 -57 -358 -170 106 879 -444 -41 -282 -607 -230 -24 -565 484 -926 -48 110 70 304 -147 -236 938 -142 273 -591 -3 549 -995 -126 -632 -408 798 891 -410 -32 632 -625 -72 -1050 720 -633 -78 520 505 50 -457 ]
[650 -921 -865 -331 -480 720 -684 -204 456 -537 -318 -240 -38 236 399 -902 -645 -101 485 -222 -73 75 718 995 372 -830 -57 -100 -170 -133 140 -734 -116 216 47 -170 573 311 310 600 360 -56 635 -74 -518 48 -407 249 416 950 -209 -494 225 -1380 -572 -459 59 149 -331 -230 470 -155 -701 -673 668 -801 -194 -46 -873 -529 -43 -808 -972 172 -1014 -214 403 -646 585 730 453 470 -743 -30 513 -185 767 -41 365 -97 -211 485 -872 -1120 -236 376 -504 -301 257 -368 -450 -81 -467 501 220 1084 -1421 -55 93 -361 190 437 -209 -93 174 359 -742 -246 -1092 113 ]
[-98 805 -110 -891 279 1165 30 -477 -466 336 405 1505 156 -45 -712 229 -327 425 223 -1222 -917 -706 1299 -231 -461 352 -422 -196 680 421 -576 -63 -808 -30 -600 -844 3 -1209 440 175 -462 211 -333 679 -194 -354 -758 25 32 -161 348 12 -1044 -204 -242 -235 -622 149 -704 100 63 507 -550 -207 -558 -88 1180 24 151 653 95 -582 -217 343 72 -130 -53 387 83 -27 -229 -809 -595 -18 -46 -376 181 439 1292 -597 -35 57 -51 221 471 -795 300 -232 352 563 29 -15 376 272 664 -231 471 582 -359 79 702 5 -74 -216 278 340 -176 1008 462 -755 ]
[-3 110 -183 173 -310 247 -797 177 825 338 19 -987 -159 -620 212 -188 -817 641 -347 -571 1027 -832 77 360 -589 -954 -618 644 -555 -41 177 202 291 40 149 -115 77 962 -89 617 -97 -685 -348 -67 -39 387 -815 25 -401 548 734 36 352 -163 -543 -546 15 379 -515 -768 90 850 -396 641 1076 96 -953 23 -148 -897 -565 -169 317 687 269 691 374 -9 -714 -318 525 -260 -659 -55 -845 -96 1001 -230 -249 156 789 -218 -173 -751 -223 1313 -48 -366 662 826 308 -201 -255 659 -231 718 370 -367 -908 949 -792 462 -803 661 979 33 -903 -31 -692 -30 ]
[1093 679 -45 118 -618 16 -430 252 1101 -603 395 -405 -573 608 -284 376 -103 221 -425 63 -698 -595 471 50 -1135 -322 -324 933 -592 -47 501 280 74 -40 910 -907 766 1438 -137 -377 -835 -801 91 -925 573 725 231 -81 -136 809 19 -1152 425 204 -797 -1503 143 -288 251 -453 460 -207 -277 19 690 665 -879 60 -941 -100 -857 228 -1058 1196 60 5 591 371 -6 -141 170 -888 -49 -289 -1002 -496 -859 423 47 414 -331 4 820 -1128 515 583 34 -964 -121 540 -326 -138 355 210 81 -572 109 700 246 668 -317 635 -695 706 267 -243 -274 964 -424 1069 ]
[273 -62 39 -223 744 950 1011 120 -932 116 -152 534 462 -135 -1256 598 -318 849 -338 238 -730 196 11 -234 380 -216 -162 -83 126 702 358 -451 6 754 -328 229 188 -52 528 -364 245 317 108 169 -420 572 473 -621 281 -200 -736 55 155 43 -775 -629 -1264 594 343 580 -19 883 -181 -124 -163 172 569 -184 717 44 549 -500 -379 503 337 -224 206 837 463 -442 -471 492 460 222 15 94 527 -268 -458 469 365 479 176 220 -169 433 -87 -352 731 -949 -1338 -810 277 444 76 -386 202 74 -815 171 1038 122 572 -386 -516 338 893 814 181 967 ]
[341 -198 840 267 657 -9 -269 -139 744 266 195 -289 395 -87 26 345 72 333 -868 310 -809 595 417 -138 80 282 285 810 -589 -923 -49 121 894 47 346 -591 563 1469 157 -95 298 -412 -516 -291 -368 237 -522 -37 164 215 356 -905 -159 290 -603 -304 216 -1126 205 614 464 -596 -844 543 -27 92 -393 -824 -357 243 -1037 1388 -284 536 -761 557 158 -103 -348 318 -25 -783 -545 114 -955 -263 -272 416 433 77 504 -317 627 -313 -1006 -202 -291 32 -199 268 116 -343 -351 591 -342 907 -354 -365 -45 403 -309 -300 -337 1604 654 -464 544 739 -571 -800 ]
[304 4 731 -134 -630 273 -684 349 706 774 275 710 69 -567 620 107 616 954 377 -1512 771 -818 -484 -24 811 267 417 454 347 -316 279 322 -646 -480 508 492 433 344 269 -257 -952 -530 278 -848 509 -129 -163 412 142 -815 536 -48 -781 -459 1008 -57 -433 993 0 -136 -70 630 -142 418 264 405 -107 -677 -320 956 -557 -705 7 -121 1415 308 -441 448 -202 -524 343 -205 -839 -398 66 -185 316 736 44 -516 -161 -255 -112 468 806 373 482 -427 274 385 623 248 348 688 -682 -11 165 -344 633 1752 -439 140 179 -282 335 -260 -80 591 -475 653 ]
[170 -740 1134 302 122 629 -214 291 -280 87 14 734 220 -214 212 309 162 704 -863 -462 788 695 -1195 128 623 -237 -71 -78 977 -66 139 245 -134 -255 218 -205 47 486 15 23 -25 453 -321 58 -671 -91 -142 362 -260 -286 252 239 -91 -151 575 -453 -281 483 -9 1177 -494 -50 -1234 1811 -306 -740 750 -30 220 277 249 1059 686 231 98 268 -315 856 522 -96 -256 -649 -171 -262 -488 -54 358 92 -36 -320 959 354 -666 163 -856 -516 -839 1306 -7 -278 -181 160 -488 -758 -540 646 635 -617 -527 736 -419 -367 1109 -225 -301 46 1346 359 -43 307 ]
[-308 489 296 43 88 246 554 212 -1136 1120 79 563 -849 131 602 68 -870 -492 165 -592 615 349 -349 -402 173 691 -117 535 788 -1378 -338 -244 119 -825 -931 -581 -421 913 -246 409 287 1566 -93 507 -1477 -327 -520 -44 -377 -758 73 113 -99 -535 -204 -102 -206 -367 467 617 -951 512 349 -158 -241 663 561 419 49 135 708 -227 697 -197 -562 -252 -49 174 290 442 485 1097 -12 -1231 197 269 -241 -682 68 -21 -518 -410 -538 884 -322 -440 374 872 -780 297 11 -403 -653 -540 -93 477 -229 174 -139 -625 -216 -401 -484 -350 31 -83 -93 -589 249 88 ]
[-259 -87 -276 -558 -1307 183 667 -787 124 120 262 -293 248 368 -849 -1185 -838 -774 -639 -145 567 -371 269 1061 644 -353 -270 169 -244 417 -25 -248 -266 500 -563 -123 -170 748 172 -19 596 701 -153 142 -57 -144 -388 29 -135 1496 187 -817 -243 -520 -846 221 -415 -766 247 -853 758 658 160 -468 -78 -503 -58 -256 -822 -137 -492 724 387 -167 -310 -656 -271 -588 780 -9 685 72 -1435 164 133 97 387 78 -114 -114 632 243 129 155 -243 350 543 153 258 -154 -1532 30 143 90 220 766 -179 944 -322 -432 180 -118 -294 -10 207 -357 -72 971 443 -510 ]
[691 940 -552 -466 -1191 -230 381 -1130 276 1607 -417 -703 -13 677 825 -204 -606 442 -500 -531 180 -1381 -546 473 842 -459 87 398 759 -300 -903 451 -706 -742 -708 -292 -622 1370 -179 1216 -39 295 136 -359 -381 578 -416 -64 -834 107 626 860 -589 -973 -403 -229 -46 108 905 56 344 546 180 20 -587 43 -541 -291 -412 -367 -359 986 73 99 -275 179 -272 505 131 -221 954 -140 -819 -520 -38 -64 1101 79 -104 -499 220 147 277 223 -940 1119 -203 616 519 481 -162 -277 528 244 -323 926 81 571 325 932 -780 145 -820 -139 118 277 -88 -8 66 582 ]
[-189 258 203 -251 166 -150 -997 -360 637 -62 196 -643 366 301 -499 -269 -5 -754 -302 -882 674 58 17 987 -117 849 133 -1418 113 262 -26 79 -180 375 111 -478 -67 -988 595 97 -494 -520 -349 411 -56 -596 -270 -196 -344 814 817 372 -207 -303 69 596 105 -364 -528 793 649 -274 249 1159 -247 -619 -830 -111 427 -844 207 813 761 1033 695 221 562 -372 -143 -709 -27 -364 -166 1039 28 -1105 -394 336 704 -4 -161 -65 -515 50 -84 -937 -865 184 1 36 115 535 99 -756 686 -420 1261 32 -399 839 -856 -596 -250 -248 138 -25 -772 437 -295 -990 ]
[-194 46 127 -393 1162 1301 780 -56 84 -345 103 1270 289 -629 553 1046 488 -1322 227 11 -395 275 151 -176 157 -269 -374 306 329 673 -414 -176 -907 279 -191 587 -209 -220 -1017 -63 577 152 60 324 -815 -271 174 -316 -321 10 128 1271 -389 797 354 -818 268 377 -189 -443 -443 -476 -51 758 299 184 492 877 -942 -134 1124 -246 276 208 -235 -185 196 -362 345 -203 -28 -193 339 -175 186 80 -532 -930 137 -140 846 267 -163 942 -1060 690 426 44 64 -387 -324 376 444 -665 -281 1059 15 211 92 609 753 220 64 -552 23 1514 -98 -498 871 -162 ]
[-1404 -273 269 665 237 -593 215 -1250 -43 160 -207 664 400 -446 406 -331 -803 -1323 653 51 -72 -871 -169 -115 305 198 40 -117 751 813 34 327 -443 -152 -984 -828 -207 -182 -70 -220 458 575 -544 460 -598 -510 -408 113 -981 1276 739 830 234 1140 -166 728 227 200 -289 -917 48 -93 353 322 -451 -860 -218 13 647 -353 1192 -307 692 -440 -242 -126 252 94 271 -800 -594 463 -220 136 -137 -566 -63 -294 772 -66 330 219 14 1205 -374 -431 38 -107 23 -375 -411 301 136 -368 351 -63 1150 513 17 -100 -685 152 -351 -278 25 -264 -583 287 416 -1104 ]
[1096 455 -410 456 -562 199 -634 115 1041 -451 -97 -454 -611 -18 -661 -477 174 -356 -47 351 -316 674 136 281 -155 378 31 -281 9 201 233 395 850 478 -250 -200 -239 1048 452 1188 160 480 -197 -551 -758 -266 131 135 -191 -232 1051 -1207 489 -63 -134 105 -675 -473 595 824 35 -437 -1267 140 -762 1412 -99 -202 -798 -110 -223 509 -1056 1113 -476 0 126 4 -568 335 241 179 515 -233 298 -1323 -407 91 3 151 -1143 -331 -679 -1142 763 773 -699 877 -489 416 -158 605 -386 -131 333 -489 -75 215 -1082 -181 -988 -135 -259 1211 -276 -373 533 497 -228 86 ]
[-307 9 -275 441 -446 -459 -490 -135 -463 3 28 62 -1140 432 269 61 -577 -724 -6 -765 27 -782 -405 1628 -366 -558 -558 418 206 571 993 -48 -1038 455 134 -482 -175 -642 -146 -659 -808 -531 -691 546 62 -928 -272 153 -690 447 246 663 1320 -185 88 523 387 27 -53 -337 1251 -289 476 -675 392 -917 40 -145 -335 -938 686 -134 -531 693 355 -112 515 -303 399 -192 27 235 345 607 1153 -691 -403 269 496 -1059 1005 810 -1916 -57 1181 -118 498 32 308 -802 -483 -132 -37 96 -293 -342 1036 -156 915 636 -335 559 -776 -794 49 928 -498 13 268 750 ]
[-164 -486 -237 -178 -112 -631 -146 -12 62 148 49 622 -687 72 420 -259 -433 127 -64 406 -1584 -534 949 448 652 63 691 60 177 673 -16 86 -473 321 404 -1035 784 262 1410 103 139 138 -390 -130 435 -207 86 684 229 -556 -734 -547 617 -378 -1291 247 255 743 -54 225 869 293 -353 -627 208 344 167 288 660 -43 -227 -845 -1409 -116 -242 -979 -53 24 170 -453 -212 190 445 116 447 -524 -740 1072 428 387 -710 470 -1442 442 1069 -331 -532 -443 -568 -488 -842 -1139 467 288 1030 -226 759 -15 1386 -381 -211 745 306 -484 -381 -149 436 1390 -571 698 ]
[-444 169 -142 -675 -1092 325 -960 293 391 524 -1016 -290 914 -446 -947 -963 -186 1160 388 35 -73 -18 -338 379 311 -83 38 -669 -133 85 -19 572 1088 437 385 702 -398 -83 116 962 249 520 -411 -1326 -520 332 -262 663 -649 -345 -208 -412 28 -360 -55 1389 -188 501 211 832 421 1071 -26 153 -214 -380 -923 -582 -111 175 -424 41 -475 950 284 992 -632 881 -1018 -345 -128 -142 170 418 -5 -682 628 921 455 292 -400 10 -95 -391 -66 81 -413 646 392 236 515 73 -491 263 112 4 862 -754 -374 -851 -890 894 489 839 88 -645 -252 989 212 495 ]
[-376 574 111 308 -643 -1079 226 529 -384 -82 -613 -1131 300 -241 31 -414 -1118 -180 -1112 302 270 -163 703 724 -22 -538 137 953 -725 426 318 555 -435 -564 476 447 -46 -10 -650 -827 -339 -707 -185 -436 765 -61 -393 -359 -115 477 -540 -423 1062 158 -435 804 401 8 -221 -1113 1356 -200 358 -342 505 -923 -359 324 1421 -267 -161 -75 639 -812 -462 -711 -511 268 -291 -295 -415 -76 405 113 -295 485 -715 -335 -428 394 2080 449 292 -721 798 690 471 -17 -340 -104 120 -352 -637 98 -464 928 1490 -577 -379 -1262 -893 649 -180 -11 852 384 -524 463 439 -361 ]
[-382 1514 -491 -682 57 101 968 2 410 98 36 612 -371 -390 -655 -439 -78 -1380 -271 -637 1030 883 -288 -527 205 -247 -753 -244 576 -954 -59 -621 18 -144 360 1291 -1397 -862 -618 -348 -136 99 -92 -193 -635 131 -574 14 -308 396 980 98 159 866 -312 564 132 -273 31 -1587 -751 454 73 -67 21 122 538 340 -228 -705 -164 476 -538 -188 17 285 402 303 -1004 -1084 -66 241 945 -1048 -84 -1050 -139 -392 533 786 1203 -315 -47 -55 223 275 201 756 -334 65 -580 111 -132 68 -597 398 1618 -388 -722 247 -912 -335 8 -378 -404 252 -241 -294 968 -1060 ]
[740 170 704 -804 -447 11 -356 -197 -96 316 -784 -373 147 -552 -448 -1026 -722 -437 550 -1703 148 -227 91 -773 102 666 -41 88 -878 1144 -239 126 21 -602 446 -351 1428 1181 -636 195 -1048 -189 443 -1135 555 655 -593 -36 70 244 148 -267 -426 -95 -1281 -853 445 729 494 427 49 -388 -224 -217 684 -205 -983 243 -888 412 -295 731 -539 361 870 404 193 647 66 -59 -1086 -407 -776 -598 140 -366 346 358 -45 1007 -781 1125 47 379 -2 -492 -876 -146 -618 1013 85 174 -100 254 183 717 419 -607 671 115 405 747 89 -981 -221 -905 -278 309 -51 932 ]
[281 -643 -428 162 283 -282 -462 -269 632 -228 480 76 -839 803 1237 424 679 -1470 149 497 -149 -289 239 737 -739 -28 759 937 253 57 -117 -340 -354 -542 251 -217 247 563 456 -657 263 -765 -885 1042 61 -196 256 -695 -47 188 554 -30 555 1005 970 -1162 1355 -1136 -516 -832 814 -1287 -412 549 -509 26 419 128 -982 107 203 -190 -379 253 22 -20 748 -896 -634 387 502 -24 -446 -433 257 -806 -94 188 -418 -399 -42 103 14 -14 331 685 379 -1016 208 -373 -650 -487 -552 -13 -1183 -126 -233 -78 824 1508 -858 -170 -664 -39 -549 1119 -495 352 -1207 -385 ]
[-874 -1058 -771 119 -417 -1148 151 -402 -654 -414 -919 -436 -367 265 -297 -823 -149 -201 -443 1352 -317 -41 -481 906 -474 -241 -620 791 -286 1877 -353 793 -803 -273 -133 -1736 781 302 -7 -320 1123 600 -339 319 244 -73 -285 458 -40 400 -99 180 636 747 -40 -174 480 102 120 834 517 -762 -673 -78 -395 -297 434 151 496 -312 187 197 -297 -488 -899 -1381 381 213 -178 695 -947 -602 278 287 545 683 817 269 -960 -1062 804 827 125 -763 -202 275 -354 -507 182 -134 -333 42 -501 586 -154 586 -287 -293 581 -1395 -5 134 -241 216 -250 650 1161 -143 -322 673 ]
[-91 -49 781 610 -991 335 -39 342 -423 183 276 414 467 132 732 64 -437 1023 -45 326 116 -23 -1038 -1064 -138 -341 -350 -101 408 -832 -35 -23 507 -584 345 1173 -734 1023 -427 793 314 -85 -444 -196 -946 -361 86 705 -1051 351 -785 -870 439 54 -91 -662 -391 208 -33 171 785 899 -615 342 -154 436 -316 144 -379 155 -233 332 466 -83 289 1268 -1450 572 72 200 -161 418 178 -88 11 -686 170 713 532 -83 -200 -624 -244 -751 39 393 -262 1381 -198 -349 218 162 298 662 -7 -340 -209 -56 -665 -256 -622 209 -105 651 -175 -876 1124 45 288 860 ]
[261 4 80 253 -539 2033 -100 -126 -300 -634 -225 -212 -198 -480 -532 25 714 203 1418 -149 244 -616 -124 45 -408 419 -381 -965 -599 675 113 -284 -131 1059 535 463 271 -145 -488 934 -485 -345 331 116 -706 -802 -357 313 -765 307 -246 812 300 -1133 14 -1882 -865 242 -225 -177 -19 839 -481 1531 665 -703 300 827 -1020 501 982 -614 505 1625 1049 326 297 -73 444 -373 75 -193 -845 463 856 381 465 95 -742 -181 -761 267 -457 -221 -681 947 -159 134 161 567 -134 16 920 208 993 87 380 989 -127 556 -13 810 734 -1555 -95 557 -190 -296 1050 208 ]
[-38 -1062 1439 732 117 -186 -142 -200 365 -148 505 -367 -157 -106 1462 339 915 -16 421 789 155 -40 88 -1285 349 -210 6 -167 171 -536 1010 1221 226 -361 -165 1173 -187 333 -235 -292 80 -741 805 175 112 -289 131 202 8 -218 -425 260 250 574 1378 -393 -275 245 358 475 -849 -43 473 549 -72 -498 -582 -256 836 772 30 -548 1180 -503 681 205 -20 -731 478 -30 336 -463 -270 539 323 1060 -575 232 -305 -681 -200 -447 88 577 113 639 -7 -378 165 -73 417 245 1694 -274 604 -285 -140 201 -88 1088 -114 -622 -588 -27 135 -126 630 -732 391 465 ]
[-83 441 107 172 -879 -682 -230 481 763 155 35 -519 -741 -455 -753 -538 318 671 112 -468 -672 974 -227 431 107 1069 472 -171 -352 -690 49 222 299 765 -746 635 276 393 990 -471 34 478 348 -426 -305 319 34 322 104 137 -283 -1034 -365 -1215 68 999 -1114 -232 195 1154 -147 161 37 -394 18 -5 -60 -92 816 301 -200 -246 935 -76 732 50 -813 663 11 171 313 524 264 -344 638 -322 133 144 -501 -134 -1467 -227 -1280 -90 1451 425 -477 -7 -905 -685 1028 -568 366 280 516 -212 220 340 27 -197 -407 -185 449 104 109 -359 644 144 -117 319 ]
[-1037 210 -213 876 -296 -332 -814 -106 52 -18 2 530 848 148 343 -305 119 542 -561 89 459 97 -1021 559 486 -283 816 243 503 604 -489 -253 -944 -31 147 240 576 -575 198 -239 -549 257 -883 155 713 285 571 942 218 -692 -920 124 -213 -473 -111 527 45 -439 -1131 51 1299 -366 463 -17 -668 178 -93 -89 1035 -733 319 -435 704 -1203 867 546 -1775 1006 -58 395 -283 -372 108 561 -421 -625 234 -218 111 -341 868 -452 -544 -401 682 308 -278 703 -798 -441 234 627 42 -307 -755 384 806 -103 325 -634 459 231 455 439 438 -527 164 88 -257 -266 ]
[1300 499 451 525 -942 144 -213 820 -456 1085 620 -371 18 182 562 549 1184 837 -505 -1171 808 -501 138 -205 477 145 72 221 -21 359 33 -54 196 -19 44 -115 -1159 -221 -2101 -498 -413 -60 579 -202 240 -165 -237 -691 -258 -701 14 734 -812 370 1021 -172 -312 103 -698 -26 -484 -514 -189 4 38 -386 1105 -619 350 838 -386 851 478 64 173 -599 -441 195 365 334 714 -103 -184 -761 -895 703 98 72 -1080 -501 202 -393 506 217 -251 333 351 -227 -143 387 692 27 -669 -1034 -1161 -8 -146 -339 87 -282 319 455 692 -153 42 271 -540 1044 -49 -148 ]
[557 -713 -316 -195 -5 382 388 -958 -214 -208 -912 -11 1395 -139 -472 -198 -557 -325 763 611 -469 -748 1331 -1327 196 -35 277 -789 640 1093 160 673 -230 270 -814 -293 63 305 21 791 622 -231 530 -303 204 595 37 -106 28 -718 -1173 -525 1138 -356 -1159 -1035 -77 919 1202 -292 419 221 115 -313 -90 687 -579 440 -482 343 113 -1273 -1059 -146 -91 -54 48 -601 -66 -1 -46 534 -135 88 639 138 -761 -1050 -332 1821 -681 -158 -361 750 -369 -198 100 -92 371 -101 -1649 -895 867 -687 1107 -121 -722 -91 -400 -724 1688 611 -651 -263 -678 -824 -593 551 84 186 ]
[-22 130 546 488 676 159 -171 223 69 89 324 660 78 334 -82 632 269 -518 629 -13 -37 -359 -265 -936 454 1106 -191 -191 173 -692 -142 -541 861 -260 696 -301 495 -500 -465 62 86 171 396 523 -654 -47 -154 -784 196 -84 -84 -341 -408 290 -498 -398 260 -319 84 922 -482 -493 -539 562 315 729 -705 -1042 -96 363 -182 -76 51 93 86 366 604 -282 107 152 -180 538 625 -33 102 -236 -1284 141 926 180 -104 -409 -362 1066 -47 -688 -12 -478 368 -387 -283 46 22 843 552 -534 -62 510 -13 -191 88 187 -373 953 201 101 -694 106 -383 -76 ]
[-770 471 -533 -1032 640 678 191 -1137 -297 168 -148 -9 897 -1473 -794 -430 -41 99 -267 -635 101 816 539 -599 -399 10 -478 92 -326 -884 177 -137 1145 -333 -409 396 -335 -74 -230 528 7 -90 294 -150 -19 445 -520 -402 106 -329 110 -402 40 210 -758 308 -333 397 1026 25 -191 180 116 184 720 -390 -279 -564 -1061 -233 -897 863 -1130 -294 129 895 531 -30 -1140 894 260 -704 -271 -195 -393 618 -496 53 58 1332 691 183 776 -563 -901 -907 -299 -573 393 756 -444 -479 364 561 438 155 26 -1231 -801 171 714 -356 -435 716 -289 -389 353 79 -179 -525 ]
[227 475 263 -668 162 -482 -85 -84 -454 72 -74 350 547 -56 1020 -540 -182 -477 631 -955 -456 -39 581 515 -331 -158 406 -832 -664 109 -69 -68 -482 -669 249 1388 -299 -246 202 -429 -916 -592 122 285 -459 -673 375 -808 -22 97 -197 247 -3 203 640 1201 1100 574 819 345 930 -107 634 -827 -282 -79 56 396 -584 497 399 -378 -139 130 1014 601 -470 28 -67 343 -972 237 1269 -172 392 -578 -713 648 910 732 -1296 -175 -811 -41 446 -186 732 508 69 -651 362 159 561 1195 94 -325 227 -425 206 180 -697 33 -125 -626 -1277 -394 -762 -427 -645 452 ]
[-761 565 -690 -350 -274 981 539 -376 233 -772 378 509 476 -410 7 271 -393 -709 -561 355 194 -289 10 -84 -1120 -1164 -467 269 433 1000 -584 -22 130 507 184 -887 346 -63 -833 233 -193 559 -309 1202 -257 -641 -174 -57 52 477 -524 382 888 453 -342 407 -555 -441 -690 -973 1107 -163 -742 506 -513 -38 685 433 -701 -195 327 146 503 135 302 -563 -125 -105 -501 -27 3 10 13 261 -132 -189 -337 -265 219 1188 1017 134 -433 -256 -608 -137 172 -167 227 428 -1122 -368 589 -500 146 853 581 192 -722 -337 741 232 305 255 -1140 1505 -393 768 811 -196 ]
[-84 259 -745 -582 -556 583 577 -828 -184 705 -47 373 688 -400 -736 -113 269 680 897 194 3 -220 25 752 -717 45 -555 170 1636 175 -789 68 479 -634 -980 -330 121 -972 156 -234 138 1121 649 387 843 937 21 -217 222 -693 393 370 -434 -23 569 -77 338 1008 957 212 -754 -137 -287 -10 -79 -354 435 -40 373 -193 -549 -720 -404 -490 -663 1307 -475 1964 29 886 -571 -353 462 -714 -652 -680 845 -537 492 -532 -565 19 892 -330 -700 -1246 -215 -744 709 383 646 197 -399 203 172 -1290 -75 120 -288 239 376 -329 657 190 -381 143 148 -320 -263 667 ]
[-209 -371 535 820 231 -481 -739 -296 1438 -449 871 -154 437 -83 787 0 1283 711 -166 -580 -261 45 -131 -996 -926 452 230 534 -382 -814 665 609 572 -103 -311 -606 29 341 -315 377 -971 -775 -448 -438 151 -154 181 550 -108 -68 411 509 -794 469 1718 495 -124 -132 -463 -496 -464 -900 143 311 -823 -272 176 -719 -760 1044 77 1677 533 -316 1112 -282 -808 -129 -677 -60 859 -834 -675 73 -528 645 6 352 416 -118 -808 -803 1407 15 108 -16 -10 222 -340 938 1473 695 -47 -90 -626 -117 -505 -450 32 299 -171 -203 -423 857 -487 -622 483 -470 102 -562 ]
[-167 -822 452 351 343 -1026 221 720 -7 -548 -83 384 -225 489 670 751 -605 -174 639 184 11 656 462 -3 411 -508 303 173 -38 461 174 -741 822 1197 625 593 252 -482 -204 -507 491 -154 769 590 -785 -336 -414 -393 -411 294 -145 361 874 1033 -703 -521 332 -469 -252 -807 192 -248 -443 -817 417 -1418 -66 239 615 -995 260 -384 -88 250 -358 -412 794 -645 933 -721 -227 345 897 236 159 148 359 -663 -121 206 79 524 -555 664 145 -307 -29 -191 413 -868 -1036 -239 -599 85 -900 528 466 637 66 -577 -97 455 39 -918 589 148 -132 -749 -610 887 ]
[231 -526 -795 5 782 114 697 -127 475 56 24 -113 -13 328 579 246 -192 -1826 -281 -374 -67 -296 91 1307 -1190 -1159 -517 775 163 102 337 130 -488 -275 -893 4 -94 797 94 186 -135 557 137 645 629 672 244 -1111 -541 453 400 689 520 550 377 708 910 593 -536 285 -25 66 879 -688 -175 -653 -315 920 -78 -1204 411 -217 828 434 152 155 977 299 261 -97 43 32 928 854 225 -578 512 -1354 30 611 -16 518 -129 5 182 161 657 -489 928 -562 50 501 -553 -122 -468 -260 -235 -142 -714 612 -362 32 -726 -425 -642 1262 -765 -729 -330 665 ]
[-538 -140 581 195 39 -629 -39 179 -119 -219 -394 -496 308 -102 1068 1164 114 48 -1309 -272 655 168 39 387 -267 -11 660 158 -426 -562 979 522 -589 -1091 1204 133 -115 362 -236 -899 -530 -215 583 -1030 -80 -1568 -628 -1023 -1564 848 -331 162 275 50 -204 842 -526 77 -322 -113 1761 78 162 -503 -140 -1090 236 -295 -574 184 -266 431 399 -148 -402 -675 263 -89 714 169 -306 -422 -339 597 -276 138 -813 806 -513 137 1259 363 299 -523 -600 -283 515 -401 294 226 839 54 -251 -229 -1115 660 620 -562 851 -506 -1050 -234 27 45 288 625 -204 967 1066 267 ]
[161 711 275 -276 -143 815 -569 375 282 -594 -393 135 -701 205 -979 -167 -418 739 520 285 423 41 13 202 345 204 -243 142 -490 -411 276 872 236 -846 706 447 495 285 427 -235 826 169 -406 -404 10 428 -667 304 874 123 741 -1343 -169 -722 48 -1728 -386 -164 510 251 -355 323 -1024 -607 478 531 -109 50 -69 366 -523 -342 -326 153 -309 226 57 -300 281 819 209 -163 -672 -643 -457 459 487 130 -416 -748 -90 -67 -735 -174 102 862 -558 27 323 786 178 -2 305 115 91 213 -923 -1059 -99 5 -625 -32 303 1354 1398 -439 539 42 -491 708 ]
[-466 321 753 602 847 -152 -709 -296 136 -764 243 -528 526 78 64 -269 183 714 -435 244 1082 448 -336 192 226 163 469 209 -1274 1920 664 157 64 496 976 832 1107 -319 -219 -992 101 -1021 -954 176 -355 -332 441 -509 883 752 365 550 -914 363 -144 153 -301 -528 -630 767 890 -1475 -547 606 -194 -537 -236 -218 -158 58 187 375 225 -549 491 317 -172 -939 363 441 -965 -885 -791 743 -830 1132 -77 194 -321 -404 356 113 132 -262 -681 642 115 -633 -142 851 -206 204 631 9 -717 781 177 -990 547 -10 772 -235 854 638 953 -447 -293 187 -84 175 ]
[302 552 397 1315 -891 -402 -152 44 -1194 5 -666 -718 -269 -16 468 18 17 570 -169 535 709 -500 -338 -377 540 -148 870 -28 -121 333 313 -656 -299 -513 813 697 -120 780 -744 291 -722 -940 0 -127 687 -204 469 428 -752 89 -537 -206 400 -50 -253 58 -502 -251 -241 -135 853 -490 370 234 276 262 26 -842 96 837 -63 521 -1105 -557 -352 409 -514 -621 255 262 -102 1078 -1079 94 244 864 -188 650 -831 -160 521 758 195 -313 179 256 -80 -175 -791 166 -415 -866 -491 -901 -149 -39 366 -304 126 -446 -516 37 303 -526 -221 -727 -241 75 779 -811 ]
[1082 644 -312 153 -117 482 -66 -268 542 196 180 413 485 573 -911 -164 -680 40 -110 287 -1042 380 279 -329 986 1 957 135 160 -130 -525 227 25 525 -18 112 850 -380 288 111 -66 -275 -259 331 -159 588 -910 -366 485 -627 -744 -449 -295 -733 -1327 -388 -568 -425 10 116 380 361 -784 -694 -741 422 -13 -460 -40 226 -632 157 -633 15 226 -71 -405 -144 126 -712 298 189 -818 539 95 -114 558 -117 907 629 192 -537 -338 -72 711 178 -316 90 267 796 -798 -356 -41 -423 -259 206 -118 319 -190 -333 847 290 266 561 185 -424 -544 458 -117 -842 ]
[360 -1010 -180 -371 -412 109 -875 415 358 -521 894 92 592 462 -811 527 -1010 930 -846 -389 -773 -119 598 480 -756 -730 -1132 -28 233 -534 6 802 -371 105 -231 -1328 312 965 502 -397 -449 -387 -150 -882 617 476 52 790 -2 689 -215 -808 271 -558 501 -256 -213 897 -16 330 10 90 -187 -404 606 -440 -362 -67 274 358 -291 388 625 344 -30 -218 215 38 1005 -126 134 -955 -348 400 -289 65 151 755 1260 -809 -374 335 122 -1208 128 -484 676 -442 -33 -732 -174 620 -449 -48 294 -88 -985 362 -538 122 839 -189 -830 1043 -10 -148 432 777 -26 1220 ]
[230 -434 -278 -479 616 -135 -126 21 -159 -165 164 38 -447 379 52 115 296 -228 -24 -292 -309 410 -429 384 1089 845 284 200 -381 -344 -870 62 137 -250 -228 347 68 -921 533 -166 1158 1196 603 208 66 186 -464 -20 887 -3 684 37 -1490 13 398 86 -170 -635 558 340 -920 -355 -283 -763 164 -594 550 285 -12 34 -548 -803 745 -382 -267 -281 531 -622 709 -35 261 40 -99 -287 242 691 801 204 48 -651 -448 88 -254 542 -126 -243 242 -158 824 559 41 -92 -207 -142 172 648 -437 500 79 -95 1065 -225 704 146 578 240 101 -817 -153 57 ]
[-89 -84 964 -67 -455 350 -784 -516 -115 -118 -480 11 702 -677 980 2 -421 -182 6 -818 -299 -72 729 -851 391 -385 214 -378 99 -596 217 1037 -911 -1400 -495 1081 -603 1276 -130 475 -77 -518 -119 -899 -778 -278 186 377 -488 83 -289 -267 500 -38 372 -598 -582 996 578 593 118 240 -134 540 485 -163 53 775 680 455 840 -146 1069 -135 369 414 -683 8 -294 22 205 237 542 -549 381 -40 -510 7 454 -110 98 807 -1389 -226 185 970 -663 1200 -740 -1055 -240 -432 1044 -487 754 1414 420 -837 -721 201 -234 366 -1147 -187 -147 -20 92 -293 229 390 ]
[213 373 687 -393 -296 122 452 1097 -537 166 -241 303 492 52 -1320 -454 -206 182 253 5 -226 601 1110 779 -289 980 -96 -279 -143 997 556 -597 272 565 43 1360 -383 -829 169 -888 218 647 91 -440 427 -410 -9 -247 199 181 -329 -262 -65 410 3 -765 189 -269 359 -1382 975 -37 -433 -1394 -624 240 580 407 414 -259 503 -918 -302 423 -46 122 -778 753 654 148 -1035 138 208 -838 230 -1072 224 -332 154 -275 -449 -466 265 540 -52 346 -465 188 35 -534 -120 -237 -657 617 -5 227 1184 295 -29 -993 -126 107 500 -98 408 -981 34 618 415 746 ]
[-55 210 -884 -308 555 474 1303 -183 -364 -663 -180 339 -451 -414 -703 709 -167 -1043 314 152 -772 894 253 -644 -931 328 -52 65 180 -25 81 -118 -177 579 -693 738 159 -295 -23 -705 -270 -39 39 -75 13 489 -2 -919 1354 -664 -525 -129 719 504 169 -324 156 85 612 -129 53 -59 903 -1039 -590 314 474 854 -590 -89 121 -659 -749 250 -339 322 -283 -191 214 3 -830 -149 1436 -657 590 92 -1175 -728 100 573 -940 -17 241 -385 -141 -266 792 -30 -283 -314 -256 155 696 562 498 -1592 68 32 755 202 950 -572 744 -339 -683 479 1084 -472 214 530 ]
[1195 -483 -139 1031 -492 -121 -787 -344 175 -968 31 -1348 -604 378 1383 -197 -798 129 2 292 -43 -883 311 200 -809 -1367 -489 -157 -126 1115 1147 749 -296 -971 273 569 -683 1131 68 1286 -907 -510 202 -413 475 -453 115 714 -701 326 -207 374 1116 245 -481 -939 712 1232 291 -560 772 -49 219 -480 -418 -97 -617 182 -478 -1041 190 75 -872 -98 -184 658 -444 -31 720 -447 -239 315 -214 -176 446 -465 -69 -791 -45 -454 -223 143 -178 -583 259 315 181 708 117 125 -9 239 -218 -573 -293 -693 390 487 -334 136 -144 745 -1174 -137 -77 -40 -117 -439 776 190 ]
[525 658 57 703 -249 -501 -427 1792 -555 -517 -494 -547 -988 -245 510 1154 388 609 -365 -112 -49 -909 -1729 -1040 -25 955 -118 449 -152 232 -174 476 79 -260 1441 -58 -384 -41 -820 518 54 -1029 -890 -65 164 -30 222 1059 -328 -666 1034 -15 229 886 1077 229 -268 30 -656 913 -53 -136 -607 1699 -78 1490 -342 -228 -105 406 332 798 -485 291 1213 -69 -102 -398 -489 -341 -191 -56 320 231 -136 632 -505 978 -647 -1390 697 62 229 -222 1335 270 893 186 367 1063 603 1020 -287 276 -648 -431 256 -547 -189 928 -541 -371 -204 813 731 186 322 946 761 -537 ]
[101 -788 -517 1127 -232 -1102 411 519 657 -563 -29 -445 -950 425 501 275 193 -418 -18 -637 -231 450 -457 5 -726 431 132 1395 211 159 -151 -418 628 818 -220 -762 260 -349 -334 -692 588 1474 -672 -318 -96 -877 -33 285 -35 -655 1419 493 -494 1341 796 1262 351 -1795 -458 -679 -979 -952 -427 -795 -539 -192 674 704 -50 -1001 365 244 135 255 -223 -442 -238 401 -317 -520 419 -916 1603 -167 -269 -921 958 -324 -191 -597 -35 354 521 -675 1599 -54 923 970 -15 283 660 1531 -1570 212 -1136 129 764 489 164 -564 -331 -64 691 832 423 284 255 -129 196 98 ]
[523 -447 316 -400 -385 -336 1123 -820 -1128 344 -540 253 -136 933 -250 295 -750 -472 -176 -4 -202 399 624 -309 1120 -371 341 -607 -124 -616 -310 -476 -400 -457 632 278 -71 -637 -198 -531 202 -274 152 -344 -379 -511 -142 -108 164 669 -1638 -44 888 -925 -128 -1182 -529 -37 225 -964 41 702 -371 -720 -145 -39 -49 -262 110 751 187 -42 -47 -209 -509 -986 718 -927 616 -108 1096 549 -1286 -173 1139 1109 528 411 -94 743 442 632 231 424 -22 -616 -581 -510 -47 -1070 -1857 -902 542 109 220 256 -575 194 612 -308 153 828 -631 -1422 -197 313 -27 317 -447 1024 ]
[-162 -286 758 -917 73 1070 -555 69 398 -197 -229 -241 1291 -31 -388 188 555 999 971 124 156 -230 1537 -732 -1126 -388 -618 -278 -83 445 842 63 1485 -505 -51 -198 -128 -885 -378 406 376 86 744 -666 993 -83 251 -586 -52 374 14 -210 -533 400 303 -283 -445 507 405 -251 -239 -438 -65 -920 750 -725 -316 -42 -243 288 -258 -782 -294 1 -494 -288 -142 195 -294 1463 233 -884 -420 239 -808 502 75 -56 -103 84 45 750 1327 -531 -443 122 -79 -1019 793 461 655 350 350 -61 598 150 -579 -635 -444 -730 659 241 -23 -2 11 280 -174 807 227 1631 ]
[-576 -466 -24 123 348 19 30 26 639 -330 480 -542 108 -878 -77 179 709 -351 883 -232 546 98 -1138 130 -144 15 749 -361 -633 23 -359 -70 -130 981 -366 111 611 119 -345 1212 -359 804 387 2 -55 190 210 381 581 -578 160 1064 -698 262 615 1863 -37 534 -570 1337 -457 13 1219 732 307 -200 -670 -851 -470 -191 235 301 663 -337 637 211 -619 -1394 414 -14 725 512 -611 945 -42 1385 -395 -735 50 -697 -526 -426 -297 873 -1165 -285 713 81 192 1072 841 1263 84 -288 333 687 -602 0 174 -13 1014 -304 159 -545 506 -406 -897 -1272 24 -1216 ]
[-406 -109 380 736 -364 -995 -582 -871 524 260 -264 -469 -159 88 1615 -157 -421 -600 408 136 -423 -953 578 -86 -132 -505 887 -786 -367 83 -144 246 14 -997 367 269 609 325 344 1163 -811 104 -60 81 776 -114 -431 502 -152 -719 -122 631 -282 234 -724 659 630 -5 185 388 824 -702 -202 18 -1659 -314 -365 38 100 -93 -282 -177 345 -1369 440 258 -737 -211 -384 -256 -1156 -211 -72 -175 358 -789 -522 277 697 337 -568 -329 -149 1069 309 251 99 489 -375 360 615 -34 502 525 -318 188 900 -19 395 94 -501 426 -331 129 28 -376 -728 -685 48 -849 ]
[11 372 -1409 -76 -127 503 -672 -562 1733 -438 443 152 14 -343 194 -203 208 1813 -701 2 497 -378 -510 264 362 -106 -373 65 192 521 790 -870 -659 244 182 468 -203 -801 619 -439 -33 -389 -592 -390 -326 1059 1221 224 877 353 1024 637 -1002 -67 -56 616 -205 127 -854 143 182 -459 561 1200 10 536 471 -323 -265 366 414 -19 -708 430 628 351 -96 179 -865 -655 330 -468 564 -417 -417 193 740 132 -711 -735 595 -1 609 -1196 -50 1622 -117 768 625 258 329 717 830 663 -14 331 465 -965 -804 746 98 -228 1087 521 -200 716 132 394 -42 -46 ]
[564 -1013 295 477 -91 -120 184 -280 -518 571 423 619 -580 867 376 -191 -147 -6 605 524 -35 -766 -961 -299 397 -61 -319 403 195 -654 18 -571 697 -328 -514 -674 495 -652 -554 772 949 294 -115 1168 -342 674 -207 707 74 -308 -691 211 402 -304 939 -420 163 -175 -453 157 -1271 -433 -401 1531 7 -868 -163 -365 -28 -130 388 293 655 -458 204 237 461 195 44 -712 233 788 -325 536 449 521 826 -365 447 -291 419 -12 -176 1007 52 -827 -1194 319 459 -453 -915 -404 -628 -372 55 478 -583 91 -400 87 158 1033 -403 -631 689 448 -556 -598 -667 446 ]
[-513 268 -806 755 417 236 406 277 -985 253 314 -315 19 -358 -1081 301 311 -149 -390 19 -123 -371 -372 227 108 148 153 548 488 -576 -537 -404 -653 50 -686 -151 -381 472 237 -293 65 378 -404 307 529 732 857 276 -93 -691 -1004 -633 -21 -327 -69 182 -718 -291 -797 354 105 1119 1303 -77 461 486 286 -508 1966 -153 476 -726 206 -85 14 223 -553 465 -142 -71 738 1100 -201 557 376 -10 -10 -517 -605 -251 237 -430 125 -147 778 250 28 -896 -585 -666 450 -201 -1111 -612 510 -1199 -181 294 -291 -478 562 -226 84 -134 -148 27 -87 163 714 -1150 ]
[-665 -213 -266 141 -65 -188 636 55 360 -281 891 573 -1226 -121 -534 -420 521 -125 1103 510 195 92 236 908 -462 334 -576 -381 270 -200 110 -533 269 826 -502 472 133 -971 600 -323 19 559 509 771 1046 1374 657 245 396 190 311 117 -419 495 -129 735 599 133 -303 -489 -888 -257 661 -428 822 175 395 378 -93 567 -532 -982 136 -949 365 588 864 25 -66 -355 -163 357 494 75 497 -1016 -294 -529 71 -394 -1084 -212 242 946 1056 158 624 -787 -141 -649 696 213 248 396 608 -675 -316 823 -97 491 687 -203 142 -33 -34 184 -598 -770 504 -926 ]
[-621 -163 258 225 -1033 -1010 390 -243 -1353 -3 342 136 -618 -36 792 -486 -151 170 332 -606 1366 -497 -884 -213 -435 731 -80 215 1065 280 -366 216 -496 -414 -375 284 -699 -327 -918 531 -214 -12 206 540 27 309 7 857 -44 47 147 104 429 745 1151 330 -2 190 -788 54 288 -249 744 264 353 -219 512 437 -25 953 432 -483 422 -81 610 603 -519 99 -438 -263 -414 -61 313 -254 850 344 19 604 458 -829 -883 111 -131 -79 307 332 206 -164 -722 881 -237 290 646 -403 281 81 574 33 -87 -624 -392 -493 -215 -1123 -150 -246 -199 -1018 329 608 ]
[-60 -766 -829 -280 -183 244 638 -186 796 0 -211 -469 367 -102 99 1142 1180 -507 -391 -417 -34 -172 10 -311 -222 -665 -329 151 -190 -572 -603 -131 -1070 194 -136 -701 260 536 -696 998 -1442 -308 95 -415 -252 577 -1087 39 -246 23 -357 800 253 -111 357 -499 -151 262 -393 73 242 141 -502 324 -49 -1459 130 -526 1011 155 -142 1035 318 423 55 -463 742 -300 -74 -131 1046 -238 -724 473 -324 128 919 441 571 -37 1246 440 264 -65 -882 -268 -442 -577 195 -188 -745 -680 84 -655 683 721 633 242 323 330 586 1105 -1049 -89 -416 705 -600 -257 751 -1697 ]
[498 -840 -976 427 -638 -45 -426 -75 800 -840 700 -279 -750 -194 -197 -785 358 -194 -860 -294 -394 -68 404 764 -739 -306 -72 -429 -518 760 128 -357 -222 1557 -1292 -740 62 336 359 63 93 210 -457 -10 345 509 224 1151 132 359 -231 -178 389 -74 376 619 -229 -381 -1314 -89 80 -607 390 -191 35 -1186 727 223 -61 -359 -221 276 395 492 260 -191 -587 -622 757 -704 473 159 238 490 397 -151 943 -267 -434 -159 -986 119 -1451 -567 506 -171 93 474 -550 -287 253 -54 -1006 -744 -238 346 -706 463 -841 -340 452 156 756 -44 -331 -11 556 -23 -282 -1086 ]
[-437 -822 308 -238 479 -522 -656 554 119 -930 -606 162 -207 187 1340 771 1116 -257 784 -201 287 250 -512 -458 -145 -445 -76 236 -1065 -510 727 133 487 -1168 493 309 166 -759 -431 -72 -418 75 535 -182 355 -555 -321 -121 -815 436 832 641 433 316 -60 -782 648 628 -56 -432 -389 -686 -1056 -847 -285 -198 -352 496 -116 248 331 15 437 -361 -102 -815 664 -67 754 1459 -605 -616 383 -136 -440 950 271 -190 -102 631 76 625 147 422 100 12 -58 65 456 -69 608 569 61 502 -305 261 174 -170 -197 36 289 577 -760 210 -306 526 10 -979 518 1628 ]
[-325 187 -565 246 214 -698 167 871 -104 -379 -178 -438 -423 635 -291 652 -264 -248 924 43 184 -1037 -450 -77 -934 -408 -159 331 148 -1074 150 238 806 -554 631 -994 251 -135 299 184 -537 67 14 49 366 -397 -1147 20 -180 307 230 -152 1536 -174 -533 157 529 -33 8 -1087 646 22 702 -777 190 -360 -659 -963 -518 -620 -371 -314 -728 135 -303 -217 309 495 156 -109 -221 236 352 -40 -492 -308 -1096 272 820 542 786 -99 -403 10 -323 -395 140 -209 489 222 129 144 -180 1029 185 83 899 369 709 418 -684 -240 -610 461 235 529 -635 -42 812 730 ]
[855 -664 57 -177 -859 282 204 620 490 -425 251 47 -227 -514 -882 -63 816 54 811 -977 282 466 -453 -915 809 -143 -496 -69 -647 364 -20 -530 164 121 82 866 1255 -321 -797 -450 -517 -73 1046 -869 505 949 310 337 405 571 552 -720 -737 89 288 -1292 596 771 -551 235 -528 -313 -463 327 904 -109 -811 -475 351 595 -308 -46 2 -288 302 666 -601 -18 1368 633 -327 222 -841 -390 -556 742 398 -234 -157 -512 -667 71 364 557 18 -229 -531 253 -193 -458 476 976 111 391 423 -625 -165 406 300 -32 1064 588 -15 -284 577 -815 341 -241 -9 577 ]
[-873 -478 -557 -1104 64 -154 -136 560 -353 -356 -23 363 -124 -483 533 638 542 62 -253 -311 -636 438 -329 452 -301 354 -754 941 186 260 -1308 -928 -105 399 72 -203 -655 -1155 27 2 121 301 -281 481 71 461 414 265 32 -859 938 390 -879 1234 495 -1 532 -708 -707 -81 -1054 53 360 431 -65 553 954 749 386 -191 177 181 661 252 436 -386 -559 937 -1212 180 333 -933 1359 -562 -358 219 1004 109 -637 -908 168 215 982 -805 428 935 833 -181 -145 -174 700 332 -762 680 -676 565 403 14 -906 209 298 -359 315 73 -581 753 897 -813 -627 -549 ]
[-304 -873 72 -377 -96 -80 159 232 -32 -190 314 258 -69 -223 686 -41 -74 364 -525 324 91 61 467 391 -799 1 -587 664 -152 -1070 974 69 -460 -1285 -742 -848 34 641 529 -593 -74 371 298 -603 506 -367 -164 -306 -418 606 -732 -432 543 -819 83 179 -264 570 76 -190 205 -91 125 -492 384 -48 -92 246 437 346 -207 -1054 1140 -331 -903 -945 540 816 152 782 -206 -760 -107 -273 863 -244 -384 -101 -320 240 115 317 538 -1188 312 341 -322 -1157 -453 -408 1203 -70 -322 -152 278 200 -579 345 131 -321 -1089 -299 -132 91 -115 1208 337 835 585 851 ]
[-802 -758 493 -151 1304 77 -303 -1240 -32 36 231 840 -282 -653 75 408 958 -200 206 66 75 703 -270 -508 -609 616 -745 -460 260 -297 344 285 167 -378 -114 -603 98 -95 363 316 277 -554 522 232 90 137 406 -313 -862 241 593 821 -44 179 19 -470 -60 301 458 517 -307 -1031 -243 522 553 205 497 -74 -1569 1178 -572 454 -249 -369 23 366 1114 -380 -242 903 -298 -723 -521 239 700 935 -164 296 -109 586 -607 -234 280 -27 -571 -558 318 -745 -510 285 141 -245 1170 -21 168 -116 -1155 66 487 1122 717 -687 -698 3 -808 27 772 -767 8 286 ]
[-1083 -937 204 361 -747 -502 -926 -650 -185 -521 234 57 97 -871 286 -1314 -1068 791 -347 254 684 215 385 1011 -1537 418 -804 500 424 519 1132 80 459 -515 -635 -144 -269 -194 241 182 433 142 -716 -67 958 -474 -181 237 -891 642 -588 -751 1108 -410 878 114 313 333 -472 -1136 1119 -778 460 -48 683 -419 -38 392 -1685 202 289 -128 259 -340 -317 869 -1197 930 -487 963 135 -1253 -681 -118 344 -279 58 -268 -430 -454 -35 276 -429 -1266 165 196 164 400 -528 629 1343 385 -887 -386 352 336 143 -587 -302 -783 -1024 -171 568 660 339 -180 314 554 149 597 ]
[122 -254 -757 -8 19 883 575 -95 -748 890 334 -200 -384 -544 -271 -226 472 -641 485 714 -743 -937 -675 774 267 -12 -263 372 174 354 -1140 87 60 19 242 -1002 864 893 -96 489 -223 209 -209 1214 1083 702 -206 200 336 -1069 92 246 411 90 -383 -289 217 568 277 949 -372 579 -299 1718 -55 58 97 -66 552 183 -701 137 224 -587 416 146 640 599 -561 200 -800 -196 -626 362 371 504 270 259 -443 -145 210 196 421 153 33 -468 552 -1472 287 317 -473 -277 -85 452 401 -868 -520 -66 15 1189 338 134 -32 -458 -519 447 605 623 -343 -602 ]
[315 300 -130 -1525 188 1329 -167 -234 -365 625 -39 696 915 -590 -1650 -690 437 545 659 -580 -513 519 556 177 280 150 -118 -1117 64 209 -1218 -69 -578 -82 17 241 780 -443 593 1187 -459 -13 228 -268 -716 1153 188 -229 631 -23 -399 -4 -611 -702 290 -1012 -689 1406 178 1311 236 672 -414 836 356 -91 147 -268 -30 962 -619 -143 96 482 444 324 -159 813 -416 -65 -338 74 -682 705 354 83 833 578 384 1046 -746 264 10 -634 -498 -274 -1428 -830 -254 -24 -52 -665 297 217 898 259 -783 -655 -506 498 244 -215 206 -715 -845 -329 545 2 -984 13 ]
[708 790 549 -140 -766 60 -244 346 -431 -219 387 718 57 -135 704 535 338 104 612 -332 228 600 347 -647 -317 1012 821 -223 1013 -354 -598 641 -43 -532 -313 1146 212 -93 -509 610 -830 -60 70 -130 -959 49 25 52 -525 -1065 -837 29 405 572 1696 -370 -254 -119 408 495 671 -278 -432 1673 -1147 -81 152 367 -40 811 354 -248 666 672 321 617 -908 173 130 -340 249 368 725 -115 900 -382 -1254 -88 803 -362 -315 -125 372 -453 673 -244 -154 1193 -432 76 365 162 -418 -865 24 503 1174 748 -1392 302 -189 -55 -575 -545 -239 400 121 18 68 438 ]
[-532 70 -802 438 -498 234 671 -166 194 -604 -686 1081 56 -539 -1034 -338 -253 -1013 991 -1 -154 20 -359 624 -708 -353 -824 -341 315 1111 -850 -813 -1176 465 730 -8 1039 27 523 -626 778 -38 142 92 267 99 68 7 55 1165 -291 -976 -179 -406 -396 -649 -112 738 -1118 -314 1356 19 -692 70 275 -229 804 762 -335 -539 88 -1668 -677 -444 -538 531 -355 6 504 296 -705 914 -156 -318 478 -1124 608 -250 -209 285 254 161 -554 -442 409 -496 134 -933 -96 -970 19 -544 -229 1217 352 -572 -606 -176 1199 -151 557 218 1175 -846 -90 225 75 82 -676 -409 ]
[-184 -326 282 -393 -610 -405 579 147 -764 -541 -504 189 -662 269 669 427 -229 -153 128 -1213 390 75 -1055 78 -217 -680 -369 655 -318 390 407 -685 -278 -361 571 486 -82 -87 -808 506 -1072 -154 583 -341 179 -140 558 -159 -494 783 852 -4 -49 470 687 255 -683 -35 -587 -704 41 -511 75 -431 108 -181 530 613 -1096 588 255 555 422 -221 62 -639 -205 82 349 163 -215 -510 52 -450 145 257 91 419 -87 624 505 1617 133 250 993 859 696 824 -142 -276 -136 -67 -115 -2 -803 292 -39 -556 -79 393 -11 52 223 -1428 -358 603 187 -948 -35 1577 ]
[-923 -411 204 502 285 -702 -345 -24 -622 -517 -69 369 313 -377 1179 394 -656 833 339 1126 -649 343 457 -646 -591 -140 645 684 143 -461 94 434 611 -980 226 696 137 289 -270 161 -195 -894 -869 -649 510 -229 805 270 -422 -457 -1470 -333 1294 444 740 563 46 254 -87 -594 342 84 -329 -226 990 437 -763 457 -271 1110 -465 -598 -81 -1401 -248 546 -745 -43 -940 536 -832 -279 51 -7 226 535 -1086 534 447 701 -106 105 420 -696 374 274 443 -376 -918 86 297 -950 -293 -419 280 167 -465 -884 716 -402 -658 678 168 317 -83 -513 4 -190 -266 530 ]
[503 400 174 -561 300 659 53 408 263 -265 -280 591 793 -1 570 584 219 -115 736 -703 -596 -349 -356 -1548 439 -10 368 115 -316 -175 -810 114 -1131 -995 219 513 897 632 -878 598 -689 -501 906 -296 -97 200 -143 -507 179 -535 -393 16 -979 106 -58 -130 343 884 -537 558 120 330 312 36 -151 -366 -24 -243 357 550 -205 207 120 -619 383 -253 -176 -265 652 -71 -186 -47 5 264 -482 868 -289 -521 -156 6 89 225 666 124 238 -447 371 -229 22 -34 770 852 231 261 -579 217 -1163 -166 768 177 935 388 -329 -501 171 218 -713 -590 -654 -955 ]
[107 -43 -328 732 -394 -213 579 -793 -578 -456 -20 -298 -49 -167 639 -606 562 -240 43 -732 1209 119 -1037 769 450 487 -166 -58 20 1113 1 -222 -944 435 -289 -335 609 319 -493 -413 -55 -163 773 644 -373 535 -115 410 -66 831 233 1258 -521 -381 -350 -518 -632 585 -177 965 301 -639 459 754 278 -115 703 557 -198 109 934 130 26 -446 574 -454 -197 -119 1621 187 -371 4 -859 105 255 936 547 -490 -957 -34 -872 -141 -605 153 -890 997 97 -745 -945 180 -404 -448 1242 -814 178 734 476 839 341 640 837 -498 532 -1427 -892 179 -193 -452 370 -83 ]
[-216 766 -371 1 43 -779 -8 87 548 -434 110 -217 -680 984 443 326 21 -601 102 1371 -28 -733 37 39 -287 -1131 287 264 -826 -479 897 -289 235 -832 635 966 -390 110 393 -843 628 124 3 436 1241 1127 1487 -190 929 282 378 -375 -111 796 -726 24 1008 -904 260 -943 -82 -979 266 -729 542 603 -136 394 47 -169 411 -527 -379 -771 -297 68 921 -745 -389 495 -166 542 890 -567 -462 -152 -611 -289 -826 519 307 140 -14 757 509 761 -30 377 593 -306 185 -138 425 109 -307 183 -539 -315 -572 496 400 105 -168 1016 517 536 -517 -643 854 382 ]
[241 1139 -259 123 -616 173 388 -717 384 76 -499 426 -1071 162 -266 -965 -370 -519 -364 509 -1432 419 -42 966 -577 529 513 672 -389 469 398 -22 -373 -46 38 380 776 805 863 -682 -169 286 -970 -507 -99 -161 388 544 -273 738 346 -875 -357 289 256 202 -28 -675 -116 -835 740 -334 182 -736 -1293 1076 826 916 -1139 43 256 -194 -1011 -199 -186 -27 -800 128 361 -505 -287 637 -424 -652 93 -1025 592 236 -266 -387 -471 -114 311 -211 880 702 955 440 -519 127 -129 -760 -373 466 -829 195 22 -444 681 -175 -751 156 154 197 -114 -726 57 1009 -528 -485 ]
[599 -1709 -321 296 -256 -55 -424 -394 -172 -426 -287 -839 -745 -456 1406 -454 149 80 573 674 -495 -519 571 42 -109 163 -209 541 778 933 53 32 635 -323 318 -1044 493 256 -82 914 554 645 919 -50 904 -239 394 670 227 -627 72 466 -539 338 -206 -981 1020 -33 1217 138 -1113 -566 -190 -123 131 -56 525 456 -763 -305 154 -354 -1301 -748 -520 -929 201 86 121 452 795 113 -46 -332 480 643 337 -194 -858 -1023 -612 24 1150 -34 237 215 392 -844 -27 820 -69 113 -400 56 115 232 -1338 283 994 -957 492 -50 -144 79 -981 -357 54 -73 -351 -289 ]
[153 258 1536 -2 134 -120 -156 1907 -187 768 -296 148 367 -738 -360 -298 269 474 290 67 279 560 -30 -768 867 716 -264 -349 52 377 -816 -12 1426 114 780 529 -348 -188 21 515 134 -265 583 -198 127 143 -143 200 330 -1302 246 -337 -144 436 321 373 228 426 -627 392 -936 436 -627 703 463 1673 17 -660 1318 722 252 850 -163 -30 537 17 34 883 -798 85 115 279 331 -570 -305 -619 407 508 211 -649 -11 -786 56 931 754 71 -309 -135 -338 142 689 308 -135 690 721 129 445 -31 -911 -677 -187 579 211 513 290 -823 -108 146 124 -605 ]
[-334 -169 -345 -879 -714 263 -38 -831 878 -216 158 1 -583 -574 -154 -676 41 -1062 1231 312 -372 231 72 -122 418 -116 -204 -340 -224 -135 -226 -71 -449 545 -408 17 166 -635 11 -145 834 555 -881 382 -305 508 -583 231 727 422 772 82 -623 120 269 7 548 -268 593 -385 -1274 -377 -83 -703 869 241 35 301 -310 -151 202 -19 251 -109 -155 218 -103 -1110 -13 604 601 234 -314 -466 417 649 761 -190 26 -368 -1321 -141 -1553 377 -314 135 482 -538 -457 168 -416 130 1313 -93 991 502 -1190 -810 248 -268 426 -100 240 -77 -253 -651 -439 -214 226 100 ]
[-673 80 -343 -86 262 -886 679 -459 -498 297 -403 -429 94 66 96 893 -1068 -83 -742 457 -1018 -482 210 -87 -714 106 379 695 384 353 -485 472 -873 231 50 -831 18 771 15 754 -214 -238 -1596 -359 -296 -156 -88 78 192 -359 156 433 183 287 271 607 -71 -358 -347 23 1059 -161 151 336 -1354 827 90 209 -810 26 313 652 -542 242 -523 -200 -136 -256 -940 -1136 385 -295 -393 211 720 340 -240 619 392 96 -38 411 767 -140 -381 -307 528 -403 -133 533 -358 -596 -149 95 -354 112 313 -583 734 -307 -423 -322 -468 358 19 215 842 60 771 -353 ]
[-92 264 1830 932 393 463 461 846 -263 1028 82 -27 1032 -27 -247 -149 -219 1147 -465 510 858 179 1071 -1062 331 66 369 -22 -770 985 1200 -196 -111 243 290 913 -420 607 -303 -482 628 -657 -469 -750 367 -306 662 291 256 -301 -655 -111 522 238 288 -737 -339 24 -587 -617 99 113 -384 -434 -501 1438 -155 349 1617 780 386 -634 -71 -240 106 226 -397 56 -258 -317 -365 81 -464 -749 -774 379 52 -311 -309 326 -224 -708 475 653 -181 1097 8 -332 -800 -462 -985 -902 683 136 -221 -200 287 -857 -281 -901 -72 292 -291 -148 523 -990 -452 637 -254 899 ]
[-20 -752 546 817 694 78 802 979 801 -658 -213 106 1212 -113 -16 737 763 -385 853 -94 1069 1100 507 -234 -761 -164 -748 -1139 556 304 933 360 21 -39 -499 1254 -92 -487 -728 -199 -657 287 1238 -926 161 62 53 -354 601 411 278 134 -190 1084 1564 -205 -67 708 -1108 149 -186 -603 162 -455 -568 572 103 107 56 177 602 -1181 650 65 -711 142 -53 81 524 -24 -646 2 297 256 -147 -634 128 -996 852 -183 -692 -461 509 -190 -661 558 -197 440 -5 -362 1211 1141 -139 -379 405 -326 -115 -109 -987 -133 142 -367 -259 539 172 -416 -150 -1132 1014 458 ]
[-296 -1000 -1017 252 -1211 -1194 482 -404 -609 239 -645 -778 -227 -222 464 -187 -695 -327 507 -409 503 -239 536 763 -470 -340 100 -295 -334 670 -758 645 -6 -137 -1161 -339 390 -414 -374 77 761 1253 388 -177 -24 352 -364 329 44 460 -417 455 824 -367 531 3 948 339 405 -196 -246 115 -167 -555 -373 -762 -898 788 568 -183 -72 -1320 1282 -523 -863 -132 -135 -482 1188 451 524 690 -448 51 295 1301 143 -704 69 91 -1129 -290 -32 241 -204 -1057 53 196 525 98 426 380 -522 -164 63 -568 -740 738 76 -821 188 514 -482 -837 332 -487 -409 -452 -662 1032 ]
[681 33 -485 176 483 5 699 91 -1034 756 -63 192 -846 86 427 514 -305 -863 905 -325 -423 37 -328 -705 288 16 -338 994 500 215 -940 303 -841 -35 -635 167 144 816 -578 -50 383 -217 -48 774 -692 457 -137 -327 150 -178 204 279 -21 309 484 -1258 606 -54 670 533 -1090 -294 978 18 594 532 24 800 478 118 877 -162 487 80 -578 217 461 -1109 466 322 176 1220 -707 -660 328 1697 574 -1174 -461 -1228 -908 -531 -162 694 -262 -66 1204 -618 -472 -187 -120 216 241 -291 40 -353 -1484 599 582 -356 766 -139 -1287 -1383 -43 10 -242 -1162 -19 -370 ]
[-930 -523 50 -204 -87 68 -924 -623 -109 25 -191 443 740 -570 436 637 510 825 174 112 -168 -323 -363 -177 233 -897 539 746 -94 1725 -269 272 -1069 411 436 -248 78 -884 517 -389 321 -93 -1228 241 447 -1227 679 655 228 -717 260 664 -561 -12 2 8 -674 23 -640 167 511 400 -696 1080 -892 293 682 270 902 -58 641 -805 856 -351 436 -214 -893 371 -181 90 -159 -915 -156 477 -421 639 568 218 -850 -1243 475 -230 -125 -708 381 444 220 510 104 60 323 1161 916 400 -1142 -80 -96 -179 694 99 406 -305 1092 -538 75 1 1058 1417 -282 320 ]
[763 1542 -876 -302 -1073 -361 -206 269 -121 774 -171 -1750 320 431 -264 287 -619 21 -1402 -900 -340 -23 -75 106 124 429 143 354 -282 135 -1656 203 -326 -111 360 -517 -678 -7 -1407 96 -66 -320 -550 -455 -612 -22 -882 -517 126 -566 -54 72 92 -224 840 -6 -264 -699 -368 329 1191 209 437 389 112 268 -181 342 131 -338 -477 1190 460 799 172 -611 -403 -73 -831 -296 1166 -612 132 153 -198 1191 456 52 -740 663 266 -608 284 -1480 155 -724 673 -169 -54 848 558 114 -632 17 -288 128 -82 -305 -270 -902 -533 499 -231 442 892 -8 59 581 -224 -430 ]
]
