[[-114 521 -52 212 -745 510 461 -235 -259 -149 -255 358 90 -207 89 568 1015 -905 -162 370 319 674 55 -259 -411 -641 151 -28 111 -132 596 -210 -186 207 180 171 -299 -231 720 -68 204 -741 -205 234 234 -277 509 648 167 326 99 113 164 -550 229 930 43 88 -319 -229 464 -565 -34 167 39 146 27 -248 530 -506 1481 -647 524 -633 -647 -60 149 -533 415 -429 17 -494 47 -44 54 8 120 -386 155 -240 138 -363 -185 140 100 -783 37 85 178 304 -308 96 399 453 142 523 -406 172 602 353 442 -608 -64 -259 -51 262 -564 -573 -200 601 ]
[-555 351 -348 649 -445 57 862 -352 105 123 307 101 -116 -137 -139 -558 36 -623 47 -29 564 -141 194 22 -18 -454 -325 271 244 -178 101 759 344 83 551 450 -255 -1028 -324 95 667 -350 -581 407 47 -226 126 12 289 -81 -405 156 26 -283 203 -639 269 119 683 -125 15 721 -87 218 -6 -154 -127 -547 197 312 891 -357 437 -1141 -686 -857 -27 -375 1347 565 -426 291 -465 -98 -126 53 -363 -188 -281 -612 -29 -129 415 340 64 -195 -447 -146 126 1197 -150 -958 474 33 -265 -222 523 -325 567 -92 488 783 44 -584 1008 -287 530 -282 -29 -288 ]
[-1169 -636 -516 347 35 -84 1243 -191 -472 -574 368 -717 -263 -6 -516 -415 -378 -76 180 566 -575 209 -306 -881 528 264 -846 211 -196 -429 207 -262 16 -258 386 49 206 95 -160 -591 222 134 -607 36 114 -471 -890 -234 288 209 219 -80 192 369 -193 -1331 210 203 164 -337 262 497 -43 474 -706 150 355 151 345 267 -635 -306 88 -309 -409 -652 433 -778 345 -122 276 -195 -739 448 571 131 155 83 -273 -317 660 861 -22 117 -419 614 -121 522 -747 588 19 -232 -1218 316 -534 202 246 166 456 151 142 -106 -337 274 432 95 474 622 -246 -449 ]
[81 640 -115 -163 98 114 -82 -168 -742 -80 -327 -54 410 164 -510 -70 345 -823 -303 -292 852 -75 -328 269 -308 -1090 631 -266 752 -156 125 148 414 -600 450 0 -384 344 -383 -362 -382 -596 -189 611 -311 61 140 152 -332 -861 -704 445 -118 -117 522 270 -398 163 -365 -186 11 276 -36 -665 245 -421 -511 -24 313 540 -490 277 -833 418 -4 -67 -1046 525 255 -164 -704 194 -535 594 -103 221 515 138 952 6 -392 158 299 -406 -195 468 287 565 260 436 134 -238 -51 -862 165 -209 65 663 27 -504 -1133 143 -458 -524 382 -772 -338 -78 144 -260 ]
[-199 -857 -61 432 184 15 270 -952 258 -228 343 386 -563 -372 -474 -850 -509 507 -512 207 -79 660 179 -89 -416 791 -1229 637 -786 10 -439 450 -321 282 495 395 298 -429 -34 -367 170 391 -164 -135 435 841 -465 -519 120 358 703 60 478 660 -764 -365 -80 424 489 -264 241 332 -692 482 -826 477 1143 -114 823 349 334 -635 347 -364 -412 -524 698 -1004 408 575 -50 -872 72 149 1177 402 85 -215 -183 -1044 262 748 232 -155 400 -99 -242 -145 -177 121 138 185 -481 699 124 94 747 -562 -195 668 179 -100 559 1027 -93 803 -16 -95 -24 205 ]
[328 575 -453 -883 -42 328 -18 262 -65 -108 -622 149 572 56 152 124 -280 227 -35 -500 -372 -1068 -457 20 943 -1512 1051 -228 679 -588 214 -70 -103 -340 128 -353 -20 -349 -131 -491 -290 616 -79 3 130 -492 -84 49 -389 -752 -276 -576 -769 490 -143 142 -60 -781 70 361 -283 -7 125 -421 -108 -190 -427 111 -603 881 -491 19 253 347 -95 940 34 776 -412 30 -380 -94 -216 78 -830 -199 470 478 231 477 -106 116 448 -142 -339 360 -60 -123 -136 -600 501 107 88 178 552 -367 -1157 -698 257 -753 -94 621 261 -311 -119 -537 -559 711 197 -200 ]
[164 93 50 -427 382 329 50 -816 274 277 -307 726 309 503 -788 -223 287 233 -304 -713 -249 -327 141 -78 -102 -376 134 210 142 -588 -321 191 -235 104 376 -250 -426 478 -766 -708 -825 234 4 461 -411 -76 -562 -189 -443 -955 -84 -738 -1284 340 326 -429 85 -128 -544 -555 -387 698 -541 -190 -348 -127 186 36 12 638 -1364 391 -238 92 -770 564 347 170 39 369 -206 499 -1291 80 129 575 982 453 -463 -461 265 -288 659 23 -54 706 763 650 -600 350 197 -147 -510 -94 -353 -157 -192 442 883 -753 -772 402 733 -256 446 4 -151 -107 380 -889 ]
[-172 169 -394 391 -341 197 950 -10 -535 157 -172 261 -193 133 364 78 863 -676 -73 227 -601 -200 -442 -1344 20 -678 -17 -712 940 -60 494 -347 273 -440 -10 121 -62 -125 -863 -504 714 -437 -152 1141 -305 -490 -345 -356 388 376 421 -458 -646 -177 -84 -579 5 615 231 -578 -314 166 76 744 -500 -70 186 -395 -161 -188 -433 -487 234 -250 -1017 -7 -259 -476 944 55 -188 -91 -974 709 239 -322 462 275 -371 -215 326 342 249 173 52 -51 413 689 -220 1653 -529 301 -464 -845 806 -112 -547 92 864 66 8 581 -1340 -198 1055 -514 420 336 -27 -417 ]
[-8 752 -477 -422 -66 -93 262 341 532 -249 196 -158 712 -595 369 187 -435 -536 286 267 662 -120 -140 -173 709 -795 -117 -32 629 -7 -392 870 681 -95 -125 28 -239 -672 -790 830 328 -310 262 -211 -646 -865 135 691 208 -913 -815 996 -228 -283 30 -616 966 44 653 211 -320 261 631 -492 -45 -198 -217 -248 -322 879 -220 897 -558 -568 624 -908 -325 361 -19 -135 49 930 118 -147 -323 -276 -1069 238 213 138 -755 889 -15 -505 -374 421 328 49 435 -148 714 -1242 527 286 -782 -131 101 186 662 -276 -471 292 512 -435 403 -806 49 -36 -88 -488 ]
[92 408 3 -154 164 67 -329 759 596 142 897 132 -1 -33 758 -125 -213 209 -64 -402 -482 75 252 -737 249 -818 -720 -68 66 -241 -3 313 28 -394 -593 195 214 -471 -887 558 968 454 79 277 289 322 312 -222 230 -699 570 392 -54 31 -263 251 -127 112 915 652 -133 -187 -207 17 -670 268 383 -333 -70 -106 -695 586 -442 -2 26 -151 -436 -398 603 -88 -489 595 1197 -65 457 -769 58 21 148 -664 -220 1283 -520 -546 516 10 772 500 81 522 -85 -228 341 -397 922 -206 -29 13 -6 -201 249 364 -668 1300 441 -308 107 -379 330 -628 ]
[849 -323 629 -318 -7 108 -1130 -254 1030 504 -532 1266 -132 335 561 -232 39 437 -233 -663 -316 -806 350 -495 123 596 -892 137 -255 1216 99 -266 -425 182 -234 -556 89 123 -94 399 56 669 139 7 520 150 -239 -1137 -179 -83 137 -1514 -771 330 -154 415 -483 -59 -338 -253 -327 206 -15 -211 669 -595 -184 -1142 -498 -1183 -80 -337 851 166 -846 170 128 95 -121 647 -420 199 -298 -134 131 179 -269 -50 -1200 871 -429 -1050 336 297 817 -885 512 -565 91 296 -807 162 55 -452 109 -266 -89 -758 -259 -557 795 393 -517 -16 -513 71 125 -671 910 146 ]
[-163 -115 -166 615 -113 -29 160 712 -179 896 32 -702 -786 203 699 96 681 -352 -247 298 -620 -302 182 144 -13 -592 1192 -45 447 -940 -265 -37 -935 495 102 201 330 -80 532 -470 168 -504 10 477 -572 -177 492 481 -770 422 1038 -499 76 -545 743 614 203 183 110 458 -32 -1239 621 99 9 782 -831 -449 -382 -1138 421 -460 579 173 -335 741 136 610 1016 -390 194 41 257 292 -679 -342 207 -52 -110 343 518 -390 -642 1013 601 -782 -284 -252 -227 512 -162 256 890 137 892 441 -590 -69 -265 -128 501 -16 -406 -35 461 229 -262 -856 174 387 ]
[235 -237 92 185 -11 261 -228 -54 687 -394 -367 411 600 -118 -131 264 558 310 306 -849 -103 565 -305 401 146 1042 141 -278 -71 -39 441 500 -364 1186 -522 -247 -700 136 -337 475 124 588 715 29 -588 -320 726 -468 626 659 -263 -199 -574 -1024 267 -284 628 -286 63 473 -529 701 -124 565 291 342 329 866 -264 583 396 200 -164 -288 169 274 545 -197 -89 573 781 726 215 -1029 -906 -299 970 364 -979 -899 144 -314 -25 445 -676 -492 -185 -477 -721 10 -135 456 519 22 -1086 494 -711 -240 1303 -132 -21 160 990 -253 70 -47 616 467 -517 161 ]
[661 -516 -289 -628 -621 917 -76 -1293 923 305 -490 1184 276 -814 69 88 362 505 -838 -422 201 673 -477 133 161 -134 -575 1087 123 -293 -469 860 -714 102 576 -662 -348 -382 125 -121 -467 -275 749 -705 -527 -32 90 306 -388 -94 -443 -300 -295 -305 -911 211 869 867 -740 375 -34 425 208 -851 594 725 231 -684 234 594 423 -870 725 -75 -23 -94 895 411 -264 228 215 -389 193 -422 -37 48 -157 172 -250 -221 -259 -13 774 -821 -627 -709 98 -1204 -300 -1244 220 584 313 1562 -937 381 -446 -518 255 -55 -702 -436 1025 588 -443 520 -1436 -498 54 775 ]
[-249 -770 -214 12 942 78 577 498 307 -903 -86 27 728 -303 -769 -532 -427 520 570 163 -110 483 531 -304 338 607 -600 292 -553 584 346 -350 -356 290 -238 -19 683 210 317 -176 260 995 -914 -300 1395 -300 -263 -290 124 494 -78 741 -594 139 304 -935 237 -498 -77 -60 180 245 -134 125 -626 -662 275 266 -112 186 -368 -328 -320 -27 628 -3 479 -370 -347 153 470 331 -679 -173 205 492 -619 -68 -998 -193 328 570 268 465 -150 -303 432 -159 -99 -230 -62 -1088 -385 196 -1309 -136 -15 -396 190 -556 961 444 284 -103 -699 -31 467 643 350 -272 ]
[1008 820 541 -1190 -222 -345 -661 -46 352 466 -376 263 417 391 338 224 -273 -95 71 32 346 -603 95 6 -1114 425 360 66 500 190 -821 415 384 -390 168 13 98 439 -888 265 -744 -223 836 -379 -1184 -411 -312 -275 -448 -388 181 -922 -718 886 -647 153 66 677 -168 -630 -248 161 192 -823 -382 165 -559 -864 -407 -460 -1111 171 -167 454 -424 229 277 956 -869 141 -628 -55 -1020 -48 -54 155 -644 469 79 594 -743 -219 1024 84 -138 243 193 129 745 -1196 -155 648 -722 218 37 -808 317 80 240 11 -486 -116 649 -181 -30 641 -227 -44 497 -708 ]
[-333 1038 -452 -378 490 390 161 409 823 -1077 -451 -395 1314 494 985 312 226 -398 728 -477 -511 -602 -246 -616 355 -69 -1143 241 -592 -260 717 584 -529 256 -236 -706 188 -185 100 581 -10 824 -102 -797 391 -903 -390 -253 1275 -674 -205 -434 -468 -41 -213 -451 224 -327 478 -177 -293 642 -232 -75 -10 -500 -356 -231 -483 -359 335 541 505 -290 -825 -453 728 -568 -454 -62 317 686 -118 -1025 -724 -159 614 482 -993 180 -439 320 -327 2 346 473 -179 -162 -257 -769 -181 -137 -923 732 -529 396 23 -840 1274 -603 1263 134 399 16 -440 427 200 78 129 -587 ]
[-459 129 -570 522 39 202 423 -870 -787 28 -281 -681 545 494 -224 -100 1244 -493 209 11 114 -9 -70 -2 -1464 140 -144 149 212 -646 -170 342 121 -152 487 80 294 406 111 -349 -570 -1105 98 170 -332 -256 -464 -83 189 1006 -90 236 -498 -197 280 -662 7 -203 -868 -440 -126 1138 -376 232 122 72 -990 681 -46 -362 -292 -552 263 243 -649 -932 153 -147 449 75 550 652 -894 136 -1293 869 135 277 -590 -196 -8 -848 864 626 -804 790 -465 151 -370 605 -515 294 -961 55 -1056 -157 468 -124 663 -351 -206 -186 646 -447 13 468 556 -427 -384 234 ]
[-730 -750 -270 986 617 -706 989 -134 -869 -433 -211 -832 -468 407 68 278 -210 235 734 554 169 -698 247 181 322 138 730 305 -158 60 -59 -674 450 487 -210 -286 653 923 827 -632 -453 -353 -1016 794 -227 -346 -988 640 0 -242 -354 -536 198 -189 669 -1064 407 285 -401 -883 341 -124 -24 682 602 -417 -10 -316 -702 -271 -222 253 282 -555 -813 23 565 -239 -93 -114 832 121 -1252 -146 652 -389 56 -414 -464 1222 782 -651 -227 963 412 460 -48 -178 -525 1002 114 -12 -714 118 75 67 526 123 -58 -28 618 203 -430 -854 968 -26 357 -26 -504 -394 ]
[47 -486 -468 548 1025 -678 185 71 -235 -922 -1059 -473 475 -710 541 -253 -921 497 220 520 114 -788 -612 349 -9 171 474 -541 302 982 -254 -42 522 420 -864 345 264 64 -648 287 -385 47 179 -51 -485 267 406 215 424 381 -18 1323 -613 15 -41 -929 532 237 603 -267 -611 -152 535 988 174 -433 605 307 40 970 445 702 -1089 139 852 61 397 -5 -423 171 152 54 65 -99 48 -528 78 263 239 355 -232 630 305 -209 241 -705 -120 -262 -161 -199 743 33 -329 -745 446 -261 281 -526 129 184 164 1045 246 -266 395 -539 -53 1002 9 60 ]
[338 269 -200 -219 575 -215 12 -141 -943 -323 -479 -267 102 196 2 441 494 609 -67 108 153 302 -234 893 -1653 171 244 508 400 83 618 126 524 346 -108 419 557 107 529 543 -178 99 63 398 497 795 606 63 273 783 364 -25 -425 -351 -387 945 -14 782 458 -111 2 -903 -539 101 241 42 927 -474 -193 -36 1160 -94 -162 580 -526 1108 655 -680 -955 6 -146 -469 427 -147 291 -325 998 -404 654 106 -205 -17 242 -81 819 -774 -7 -288 255 -521 -337 1017 -135 -188 979 -137 -88 -97 -45 150 119 16 -20 -56 157 992 -359 155 -144 367 ]
[-214 -675 -174 -452 -628 176 364 -96 -720 1703 491 195 -570 -81 65 619 682 270 -14 1166 -1347 -142 364 -633 213 874 -721 213 -47 262 -471 -824 -203 -32 -72 188 478 101 627 -380 284 -70 174 321 -84 -319 -810 -321 204 1418 646 -210 141 139 -285 10 708 -489 -148 -132 34 -1254 60 107 -67 430 689 -97 -637 -1350 -695 146 926 496 -549 577 610 -432 158 -961 577 326 -303 756 65 1026 -524 -246 -904 450 452 -867 -554 420 -25 -215 309 396 -479 343 -64 -229 172 21 -517 955 -816 714 362 529 -142 -420 -81 -675 -404 487 440 -640 82 -285 ]
[-1659 -9 -310 397 -449 293 687 -325 -160 -322 367 -159 -40 -103 -25 -170 -63 -484 -119 508 -285 269 56 -1108 201 284 -718 -150 -281 93 833 -91 -516 -655 65 -7 -129 -428 886 353 828 -1177 -979 -834 1332 -438 -229 435 578 921 -299 427 103 -355 299 -761 195 286 -292 -484 -333 963 105 466 528 -806 -198 58 999 -406 757 -1255 931 -68 475 -695 -102 -319 128 -803 -199 -213 -67 473 223 261 -359 355 -622 284 133 327 7 -374 -184 -51 -422 -226 -207 88 -316 -282 -691 235 -546 504 556 -64 -354 -85 468 -275 -1086 62 -249 98 174 -205 291 1233 ]
[-200 64 1 -1326 -197 -60 1190 186 -799 -97 -144 720 902 1 -1572 177 470 279 493 463 -601 149 225 361 42 22 889 299 477 -389 210 -1081 937 -544 243 -394 -235 144 231 -624 -565 411 -367 -64 -325 -551 -142 595 448 620 -123 231 -751 212 71 -129 194 -467 80 -304 459 -835 -79 -282 -723 -82 645 921 -729 549 -863 -62 -683 -117 105 973 637 384 -871 -490 408 -425 -1589 18 17 238 107 -499 278 -175 1463 -746 197 404 -811 715 -120 805 -253 -618 381 142 -333 147 -615 -253 -1262 316 284 75 -626 -115 321 -708 54 370 -485 2198 -254 -759 ]
[516 66 -272 -475 259 717 -503 632 104 153 -1632 -380 1024 -568 -385 -613 -843 379 -424 -565 966 19 -684 1178 234 -522 -187 21 116 643 172 -601 -208 -307 1296 351 20 115 195 -636 -438 1662 -250 -408 861 711 954 -1142 -667 -195 -1183 311 329 423 -132 789 -734 -890 -304 574 534 20 -513 -361 373 -453 -342 48 548 963 151 207 -507 1162 365 906 -124 144 -22 245 -857 -89 427 192 -737 698 296 -131 685 -88 -1204 -250 365 -816 -340 -1041 -175 170 164 -1103 -149 -1140 169 -1087 -231 -443 -185 8 -428 -640 -351 1024 25 -436 -882 -602 -553 923 1003 333 ]
[-233 -515 612 602 36 118 1021 -491 -217 -50 1184 112 -1282 -67 -784 -580 -45 410 784 98 -417 892 161 -459 1024 222 -259 -272 -778 75 760 -308 213 -766 -434 154 -101 -965 -793 91 1360 590 273 -296 369 45 105 -537 626 1047 90 554 347 -494 -284 -1059 -116 351 1060 257 349 403 424 388 -737 271 265 1135 98 607 62 -239 -281 -607 464 -418 -208 -488 355 552 503 -70 534 -326 87 -600 -858 122 -112 -1512 1387 1136 278 -147 -932 191 -772 -272 -402 624 -298 -376 295 -102 218 -249 258 -247 -323 749 228 184 -703 400 528 -658 1550 1068 -623 -334 ]
[-671 -384 466 -571 -397 -193 -139 -1802 -144 377 174 1487 -472 98 -236 -16 152 -1 -387 -174 -752 -920 519 -836 -108 -682 -667 280 260 -211 346 -153 474 -892 -475 -240 -489 -591 -637 346 -53 -430 203 -247 414 -150 -422 509 -512 97 562 -872 -1309 531 -44 -595 0 -193 120 -1015 -343 151 446 356 144 -212 690 156 689 -344 -123 20 476 -1223 -1510 -120 371 -314 -155 -198 -127 -29 -87 862 262 132 238 -508 341 188 553 -6 581 271 516 -112 519 639 -414 791 566 -70 -677 632 824 -75 -86 101 487 188 -239 -606 -126 505 57 596 -84 -188 282 137 ]
[546 -62 265 99 931 -154 -907 -387 320 -37 -921 391 -69 -461 285 -130 -933 324 -379 -219 845 141 456 192 -671 -265 550 290 180 481 463 73 100 42 -525 729 439 -392 582 571 295 -393 280 -53 1293 791 367 -302 -725 527 -82 255 64 322 -306 -95 -248 149 346 -42 72 -23 -148 6 671 -918 202 -375 410 311 268 -194 455 161 656 628 -386 -256 -676 -330 -308 -160 635 341 180 701 -99 -237 581 548 -1184 494 672 -499 434 -1324 743 -375 523 -588 -177 143 235 -154 676 -99 128 -723 -386 16 -393 -286 -299 -149 -1056 59 162 -259 -45 982 ]
[42 1292 373 744 -1 901 426 -37 451 -878 163 -1201 -343 78 -595 -386 259 -928 -238 248 1024 1347 -255 662 92 -893 277 -553 -434 -907 -43 706 -759 645 1681 429 -533 -468 -303 -633 -279 854 -161 178 -157 66 834 -218 -32 -980 -129 -72 275 -287 522 1185 -574 -365 166 -197 276 -86 -359 35 -986 961 -579 -138 949 579 749 71 -556 -411 -612 -889 -685 -168 1159 734 21 -669 342 -302 -266 -103 92 407 252 -1577 -299 606 -213 -129 -282 240 -572 510 591 318 -567 -1215 263 508 395 -243 1029 -213 116 491 -124 -386 1077 540 534 131 228 -1234 61 444 ]
[982 -485 24 -574 481 -246 181 1162 83 -75 -311 91 606 183 1194 -238 -1124 392 320 -65 -630 -1436 439 -270 128 -88 508 261 -690 1149 320 -849 317 40 -1670 106 316 281 -462 -326 -129 1079 -225 102 440 139 -398 -607 407 478 168 -79 -193 857 -808 -727 -299 -602 904 -317 111 -809 53 -105 -257 9 360 -878 -600 -545 -613 344 -528 163 385 723 427 187 -358 270 -205 -317 -243 -873 279 -92 -58 -170 -75 775 230 -213 922 464 386 -632 810 -244 -107 -735 -30 344 -360 81 1148 -580 -244 -864 -192 -236 989 903 -233 144 -700 57 149 740 67 -850 ]
[663 481 673 -1285 -245 -98 -948 -437 521 205 -671 806 102 -964 -372 185 -1159 418 5 411 319 -227 -70 6 353 158 188 -136 306 404 -713 -580 1335 -825 247 292 -501 -482 -389 409 -699 869 761 -604 -484 452 373 -738 17 29 -408 264 -114 619 -1041 393 -337 -427 422 67 503 -149 -30 -168 -34 -1214 -34 -185 -773 498 -740 867 -229 157 562 106 -942 219 -1078 146 -237 -1097 418 309 -115 469 -1048 -234 253 547 -1394 -416 294 -916 -463 160 -274 496 298 -1132 -399 -290 -359 -400 -243 -884 -154 -303 -618 748 -1377 89 -109 -494 -1141 -158 -66 807 194 253 ]
[663 76 360 7 -748 145 -269 377 883 361 -651 1221 475 -94 624 496 680 71 282 -410 715 56 -236 466 -700 1670 -913 -178 138 1442 397 356 -255 142 651 82 -310 203 6 -437 937 1185 600 -534 453 188 -110 -892 450 208 -347 -770 721 212 -654 190 -281 -19 247 -378 219 640 -620 -67 450 185 234 -869 330 107 972 -529 734 -887 -1074 57 48 -341 630 822 -344 -252 -294 -631 480 -156 -184 -294 -10 -287 -953 -449 502 -105 351 -1058 -132 -833 1273 -230 -315 -81 560 -3 301 -249 -14 -401 471 189 995 281 -134 -72 96 228 525 612 727 -185 ]
[532 -2 70 -196 -697 59 -580 -136 -1044 625 196 380 542 -44 378 402 512 -1252 0 -792 364 -1081 -688 -172 569 -19 -409 -312 354 916 -4 266 309 -486 -208 -1145 -419 -571 -547 -111 -189 -54 502 234 -61 -571 -156 -280 519 -555 -1179 -336 602 151 -345 -740 -99 -174 -380 -105 -714 586 1064 -597 1232 -34 -233 132 -508 -476 675 149 577 -318 -19 -548 -1148 826 371 339 -483 901 -997 146 -752 105 74 173 -248 892 -436 -1003 281 -24 -106 832 -486 -238 1121 128 431 -355 695 -838 -366 -272 108 272 106 -5 -363 683 -376 -950 -491 -606 -75 -204 376 -546 ]
[24 -121 829 -411 559 -576 -1552 507 569 -494 -5 194 -780 416 -1041 -1189 -1161 -169 299 -624 34 -245 324 288 -28 2 -152 621 -136 -508 159 -71 -411 -562 265 167 454 365 13 524 -92 245 -3 -864 307 295 161 -728 -1407 -923 468 186 -52 638 396 656 -906 -332 449 1074 887 395 -18 -1192 -81 -749 -1090 -18 -123 131 -174 -65 -851 511 599 -134 -172 515 -787 143 -1152 -526 1230 445 -642 465 -354 -416 1410 41 -418 522 -133 -285 -38 -338 -230 -112 -151 158 -301 -156 171 2 -257 -934 379 -49 -605 -859 253 -607 -342 -33 -549 -337 -39 74 395 -184 ]
[446 572 252 -640 -1204 150 684 81 169 -261 -223 393 681 -448 50 11 245 -709 -241 854 595 125 386 863 -1249 -439 411 -858 66 504 -10 -183 848 -503 -187 1444 -228 -537 -545 563 -110 -466 4 -369 -117 -401 1292 937 -55 1194 -62 932 -730 160 139 1067 -12 -869 -113 -249 -454 -866 -139 178 -921 45 -428 623 610 302 515 -439 -1054 64 1051 -10 185 670 107 271 -15 -478 282 -5 -558 22 -1144 -161 408 -568 341 -552 547 586 -630 -195 -585 409 348 -1461 120 -535 109 -127 25 -561 -228 0 -284 783 126 187 1159 -119 -808 -88 -314 546 -403 623 ]
[-665 224 -347 -328 -621 558 88 1069 437 -24 497 -51 1236 -305 602 599 -88 -196 270 -251 489 -281 352 579 -404 -495 356 -75 480 -768 -587 454 -287 -631 -226 470 -334 704 -374 -472 215 -187 -335 -60 -305 -325 195 1264 -604 -544 -956 980 -783 47 768 -271 747 -1895 -428 213 -483 916 -993 525 50 267 -256 752 495 1437 -929 154 -1154 33 545 -45 -84 828 317 -347 -482 656 504 -86 -749 -83 -19 514 727 -236 -208 -130 473 -343 -735 411 559 216 -424 32 996 -540 146 260 91 -386 4 824 422 -1005 -584 62 1095 41 269 -894 -133 -478 -188 111 ]
[-733 1016 -858 -515 -139 -132 572 767 -430 597 -761 -403 891 -464 379 229 -273 -780 145 31 583 -334 -113 805 -966 210 245 946 797 -515 418 449 -23 -348 66 309 -90 -693 -128 -20 159 -797 261 -236 -295 -483 309 328 289 254 -613 1062 -49 -215 -143 -1062 804 379 950 178 -395 -133 44 -484 672 296 -416 -658 -384 551 1120 54 355 160 920 726 883 669 450 -215 -400 426 -327 -371 -967 63 -143 274 69 4 -811 -316 749 -355 -375 -284 -361 -76 562 -1001 90 -710 734 -403 -423 -71 3 388 713 -130 -547 939 -173 -1347 -173 200 24 159 610 -384 ]
[-363 109 -857 -332 -683 274 1209 289 -178 157 -72 77 125 -427 412 -59 18 199 -917 413 -259 587 -189 -318 967 442 160 -395 233 693 -4 -66 -273 182 645 -375 -1047 -523 -380 -384 902 240 -252 394 45 36 -725 -214 869 525 -11 350 980 249 -938 -365 -30 69 929 -265 -397 -722 -3 501 -823 873 1277 135 890 556 699 -547 698 -124 218 503 221 -92 180 37 249 -883 -723 401 967 -108 104 -142 175 -354 24 397 -112 -163 105 -163 4 32 361 -313 500 430 338 -125 481 739 -580 -193 -356 640 -497 345 -848 596 144 -21 238 946 129 808 ]
[221 1071 247 -34 -134 125 -491 -892 -660 825 447 158 91 414 173 758 1318 94 336 -806 698 659 639 247 -747 -825 385 -166 -108 -141 119 570 -64 55 -247 -496 548 -315 -273 75 159 -264 297 522 325 582 478 -195 -17 -151 541 -101 409 70 9 677 -146 4 -490 44 -155 -293 190 78 -57 768 127 548 -15 -1348 255 285 538 -196 -1361 857 466 -677 201 -233 379 1194 466 -29 -368 -18 91 -320 -111 -581 -657 -102 184 557 130 -242 141 403 714 426 -186 12 1146 -341 118 624 -387 472 733 631 -208 16 350 380 -285 554 1094 -1079 158 -558 ]
[-311 -423 523 495 137 -469 -556 -1083 548 -494 -201 312 268 -633 339 -19 148 -431 231 980 -552 261 -140 -103 -380 1443 -646 468 -532 -164 -965 889 -519 395 -213 -535 393 418 173 70 -915 -176 931 -1011 -1106 -152 -75 314 373 178 239 229 -396 415 143 -435 980 686 -396 -1090 -745 220 564 1054 172 464 537 -17 421 -817 232 277 -806 -341 -611 -1135 721 -304 -337 -348 565 -496 -73 186 303 432 23 495 -433 297 -33 287 2 -301 173 -521 -36 41 -360 -32 659 741 -1038 657 -169 947 834 -311 807 608 -553 -1416 1117 834 -372 1160 -398 -339 -325 230 ]
[-333 289 -359 185 36 -509 43 19 662 -999 605 -133 590 -60 -136 -1041 -699 -724 13 -219 45 244 -402 -36 -698 -449 -511 -786 58 -803 -404 1304 575 -631 -60 137 497 -362 -1108 280 195 38 -194 -277 -423 379 531 22 -257 -390 801 151 -284 688 18 -668 117 86 575 -142 -570 912 -134 700 -1908 -19 350 761 862 529 -534 -187 -1269 -386 -351 -761 163 -460 28 189 -240 492 224 935 -140 -137 493 676 634 -1226 94 1942 -250 216 221 698 -52 734 22 269 995 337 -759 193 769 -76 231 -738 616 -43 308 404 734 1400 705 -40 119 915 -1139 -693 ]
[323 789 150 -1748 -367 759 -541 -112 -307 -346 446 576 -249 337 -1048 95 -322 2 -539 -1146 -256 252 -804 102 1002 -149 -248 -203 -304 104 409 -446 -630 475 199 -1254 -1516 357 -606 393 -569 794 -67 187 -261 -623 -407 -607 406 -939 -702 -662 -906 6 -141 750 -57 -722 -331 -72 -313 -390 291 -612 140 516 1298 238 514 720 31 253 -333 934 216 883 309 409 -1326 -147 -789 186 -364 -263 7 1 1491 733 214 -278 897 -431 -139 -664 -1098 565 501 308 -480 -452 773 636 586 200 213 520 -484 401 661 -183 -1121 -434 605 -83 343 -186 -809 -398 401 71 ]
[211 238 75 178 -196 401 179 -63 -402 -902 -558 267 356 -486 -625 -603 -398 -1319 -375 259 890 546 393 -1153 1081 -1235 688 -576 144 125 1423 -145 88 -7 32 405 27 -630 233 -521 956 121 -1150 423 922 -631 389 -831 -251 302 -261 -23 105 -311 315 273 -874 533 340 -113 1098 910 -30 -401 -1265 -908 -597 -313 919 132 544 -1015 -416 -434 -576 -290 -732 -430 686 70 -948 -1298 -754 720 264 -61 -74 275 -130 -906 85 2107 281 376 -381 -1146 -260 -329 -680 823 -657 -121 -613 69 -204 752 -432 -345 546 -327 1173 -123 -664 -825 149 -1080 -52 1075 -372 -323 ]
[-627 -232 1190 -434 -565 -28 94 932 -172 -339 1075 396 -760 495 -493 374 -738 -583 549 -376 -699 97 20 -82 534 1003 221 -30 -639 67 495 -691 322 -634 -971 -163 -1058 -112 -1 -61 85 234 -6 261 140 156 431 65 346 32 -374 304 832 -851 301 -515 -94 -1156 768 66 -192 -344 162 -271 181 -308 421 367 -377 190 -316 741 -403 -376 1566 115 -1376 777 -298 -546 -78 139 565 -895 218 23 181 -321 331 -176 557 -643 -936 -363 -205 965 194 503 449 -113 -441 -862 698 -238 163 -548 10 1135 -732 553 -531 -52 -1057 -400 -162 -391 1015 -258 -554 -355 ]
[147 331 -571 252 -316 -654 -109 1371 700 588 1 -1577 -432 -162 1450 675 -785 271 222 291 252 -191 -418 -112 -255 385 -433 302 -237 41 -710 -510 -216 301 -627 224 574 827 -468 431 -182 -1141 627 -943 -861 -437 -187 564 -475 -194 590 103 761 531 -240 -251 510 684 -196 458 438 -381 378 17 422 943 -388 -765 86 -722 -616 620 -574 -24 660 -196 1329 -378 407 -456 580 881 1513 -701 168 -1313 -1001 -22 369 936 33 -69 -360 -483 -764 32 488 212 -524 -888 -272 23 459 768 146 249 710 910 -302 108 397 -611 -60 859 702 53 163 -130 -215 -245 ]
[624 -339 -189 460 758 479 627 -775 348 -140 -862 -375 479 -80 130 -347 -539 987 411 29 -1104 -535 -832 738 1090 190 -412 548 -836 26 349 5 -913 -529 -649 -213 242 -87 -49 -468 -741 165 464 -1419 -239 899 -228 -40 694 -137 21 476 29 700 -839 -553 428 431 70 259 -260 -257 439 -794 648 719 444 118 -190 652 -683 985 -491 -54 545 406 829 284 -181 -225 549 -620 1192 -701 -598 -57 479 234 185 -133 495 912 106 -1217 -904 -614 -195 -609 -445 -1250 601 -195 -783 1057 61 872 -217 -1183 280 300 -150 -290 369 719 -714 281 -214 905 -642 -529 ]
[163 409 -674 -190 194 844 395 -707 -1589 546 -331 -396 365 183 91 -234 -445 52 -288 -556 385 -350 -715 -141 -783 -1616 -493 352 -56 40 727 -421 618 -1338 -341 335 137 -717 -132 -469 96 289 -951 335 1124 749 259 -678 230 152 -302 -124 83 313 -946 -152 -706 513 141 -222 710 215 13 -611 -45 -681 -47 -624 156 -132 -357 -187 634 563 -309 423 -931 -318 827 49 -1260 -999 14 144 176 35 731 -324 442 72 -211 71 1009 -330 -164 -146 235 335 291 -271 -141 -26 -574 -887 1224 -366 -62 -584 -254 206 -640 899 -849 -150 -744 -368 -411 287 89 -261 ]
[-338 -8 -963 -167 209 555 281 -300 272 -817 -436 -156 143 -284 -48 410 225 1177 -343 -374 -343 484 -799 -608 303 -386 -958 -86 13 -130 222 -913 -547 6 -119 -392 -525 362 48 80 -54 477 -504 -851 912 1 -833 1171 -92 -561 667 833 -1217 101 -682 -40 -103 22 -1091 370 121 564 72 644 -664 -20 877 597 772 1120 315 148 517 -183 763 486 349 -278 -936 -168 -29 -1194 491 -139 430 -425 641 -154 139 -170 -129 529 -96 -1239 -295 170 713 162 -171 -766 979 36 -605 772 -251 435 -814 950 623 183 791 -179 53 175 -274 -3 -1231 639 978 239 ]
[-820 217 -363 394 -1063 -227 463 -579 -681 347 812 -863 -331 82 -586 -860 -316 -833 -1149 -58 -121 327 -438 -411 303 49 -625 51 -146 -445 119 26 -110 -209 798 534 -691 -530 -85 402 238 -1401 -24 702 399 -371 -102 -150 -289 -204 -666 174 514 119 140 -558 118 -355 -356 186 -729 1066 94 364 89 961 206 -49 1315 194 112 -175 524 -172 110 -1354 -788 -239 985 -385 -344 1053 -7 637 -101 778 373 647 -38 -431 36 248 -226 -559 -773 724 603 1200 -318 1000 -70 -593 -381 -12 -224 249 468 1005 345 -600 -770 -630 -799 604 976 -192 74 -1052 292 519 ]
[-446 -123 -490 331 170 -118 -1222 -405 -828 207 -341 -336 256 -520 287 -68 433 783 -649 -473 423 -143 -49 705 -560 4 206 84 206 -1307 377 838 -753 631 248 166 176 -303 942 -196 263 1050 126 451 823 729 358 -484 -185 -59 968 -480 231 170 413 1103 -544 -526 529 754 -145 177 -1046 193 356 857 -219 -182 -213 8 289 106 1545 10 -1473 574 -647 40 1139 289 243 -240 1282 589 -482 -564 1893 171 -298 1 -942 786 -642 518 711 287 -599 -140 226 153 83 358 122 684 763 734 -619 -1056 -460 -17 -191 -127 -24 865 -758 912 -296 -1538 1345 1176 ]
[301 -88 -874 -216 206 208 -188 -746 -93 -123 -198 257 372 -47 -842 -473 457 33 148 -319 -294 -796 -659 531 601 -589 -544 343 381 -455 -213 1075 -569 -263 838 318 -327 172 -436 -564 -605 849 -321 -114 253 40 -271 -336 -1007 -951 -476 658 -1393 -617 204 -88 595 -742 -684 449 -203 521 303 -818 -24 -409 -421 -516 -227 888 288 770 -816 20 -508 -361 -163 149 530 795 -75 404 582 326 -1374 1293 451 167 -162 -701 -807 412 784 -167 -546 -472 98 -294 -25 1045 264 -1507 -110 358 -276 -294 -442 84 1988 -1222 -101 1026 538 -587 318 -434 -84 -656 741 -315 ]
[498 68 -374 -204 924 642 -65 -1308 -379 -536 -1971 253 246 56 253 997 1030 -410 -873 441 386 -140 83 -422 -641 -1265 657 -204 9 112 -226 -265 -619 805 340 134 100 673 173 -312 -688 -692 488 -152 717 -618 45 781 -406 -530 -421 -47 -760 -153 911 562 39 -117 -509 -1146 -279 -24 -717 571 309 -827 -187 718 599 408 132 -331 175 664 -890 322 200 -623 -664 -188 636 -238 -376 908 402 237 174 374 396 989 -678 177 243 -174 887 106 597 149 -471 -426 262 -55 -269 60 369 25 353 54 -262 -860 -582 -803 1062 -231 -974 -459 -251 -423 158 1554 ]
[820 -122 -162 -221 1148 -64 -347 1045 795 -607 -1541 -841 1092 160 1146 -41 -138 469 -323 398 236 -458 -318 627 557 1022 463 517 -333 501 -727 122 -787 1442 742 -980 -320 544 610 -594 -1020 372 738 -424 -1136 -909 -228 -213 195 -1159 -433 -143 763 209 -35 208 -283 -914 -271 453 -111 -381 77 -828 307 366 -735 -69 -585 318 -168 700 152 399 361 -105 -66 1362 -137 88 444 382 -1351 -899 38 403 51 519 163 1043 -954 -959 -734 -49 465 -464 -180 -544 714 -1401 -287 481 -288 90 -476 532 -326 -523 -442 -595 -289 -477 800 -580 -841 -409 -408 140 292 -26 ]
[691 402 -76 -279 -357 54 412 -1864 -246 -931 -686 380 -106 -17 176 -202 -380 758 22 -86 434 -500 87 445 242 -866 -611 936 -518 449 -156 657 672 -527 -53 78 1006 -883 -291 667 -599 -27 62 -639 967 378 -701 333 -84 -961 -612 109 -69 585 -1555 143 264 784 -863 175 -105 453 471 -562 15 -549 404 -822 -369 332 774 30 152 -436 4 -709 734 -307 -1061 599 130 -998 404 120 68 199 -984 -587 339 487 -812 493 932 -833 -609 -630 -155 -1001 530 -933 -50 54 -307 917 -79 -425 456 -1208 259 878 584 67 505 160 -274 435 -142 205 -94 -371 ]
[608 -564 -110 -547 -679 508 446 1412 1076 306 409 145 419 -574 283 448 -223 297 662 36 -64 243 410 -89 881 -738 364 -454 -119 -735 786 687 -185 -82 -356 539 -92 -423 -159 285 401 1433 -175 -139 220 -621 906 1263 -512 81 -402 -342 -724 -542 103 570 552 -90 161 -43 -293 -839 -68 431 -521 253 179 445 246 689 28 129 -557 -346 1 1505 846 1 -401 203 675 -197 839 -726 -381 -547 -207 -181 145 -607 632 647 362 59 279 -318 -112 3 -40 -1627 245 -873 197 1257 23 -356 -661 1156 144 86 145 750 1076 90 -597 272 -293 303 -396 -64 ]
[966 -765 -109 510 48 434 -176 163 -447 -227 381 -51 -292 -23 730 1157 -712 862 55 -116 -642 -741 -370 -267 1188 -266 -188 -300 215 91 -386 499 -826 -135 -328 56 233 59 -574 -434 -169 378 -271 950 -471 746 -754 -168 68 -935 345 -361 810 491 -832 382 10 -183 193 736 -413 -588 -477 186 21 952 1356 251 -234 509 -1019 497 408 81 -113 74 93 266 -299 -49 -337 -289 847 0 443 -262 801 73 516 -543 279 1213 -604 -683 -261 45 55 -462 169 627 488 1008 -539 179 940 177 -353 -538 348 879 228 -124 448 609 251 -509 197 -572 -835 -288 ]
[0 -56 525 -647 244 565 -13 -682 -274 -350 83 381 -37 7 -306 176 232 -49 26 571 -519 545 796 -213 -873 524 -655 786 -962 -31 -367 -167 -283 564 -100 775 -506 260 518 909 -336 -226 156 -988 596 -80 495 913 279 228 690 573 -523 -830 180 964 694 422 97 -1169 216 -815 -103 -125 -574 457 1353 491 517 83 1118 379 -5 -181 -351 708 1022 -539 -936 -825 93 26 169 -807 588 561 146 -403 -212 -367 287 502 -405 -502 436 -327 -44 542 491 -1121 -27 -917 -20 1342 -158 140 1026 857 260 193 208 -237 745 71 -229 1680 -770 -1019 868 574 ]
[-527 -183 584 -506 -537 253 -897 -292 -1049 -572 -913 -1 299 18 -16 -167 396 -1231 344 157 619 -548 -106 -611 -563 -451 63 -507 117 974 368 -840 -89 -950 -35 -279 527 1065 682 -203 -261 522 506 233 -427 -758 180 -307 -641 505 -100 590 0 -243 458 867 -390 -580 -1057 92 640 -761 39 -304 -334 -713 -1529 710 300 -1636 579 201 -393 994 -75 -366 -107 857 -151 -336 -352 717 -37 612 -844 307 -157 -116 -263 518 -198 -261 -201 964 -510 -516 -842 -55 -118 -670 -13 532 -966 -1121 185 -162 -103 521 817 265 443 29 -819 -430 -1049 -592 -572 -738 698 425 ]
[-575 -128 147 -665 -368 520 642 -542 -957 -645 258 267 -534 358 -688 -186 202 -654 -403 -766 -73 198 -235 -63 -764 -670 812 220 42 -1182 312 11 -865 227 490 639 -641 -144 -667 -744 -242 -46 -623 -188 754 -547 603 -132 -764 332 315 -200 -1083 31 -194 -450 124 -750 35 240 -236 754 115 198 -584 103 680 -108 975 647 104 -1029 -636 25 -358 1076 -102 20 185 103 -1413 -565 -145 469 -127 723 1952 -248 668 -905 236 65 1285 766 -529 -519 -315 255 -606 -30 -670 64 -295 524 221 -82 -234 984 1086 -249 -490 -44 560 -276 81 375 -47 -135 210 502 ]
[185 109 -114 -171 -67 73 -827 -342 744 -317 -1460 505 244 342 268 463 -658 -105 -24 -854 89 -1164 121 231 -417 178 -6 -352 -222 438 265 -150 144 710 22 -26 -12 -712 1011 624 -749 -520 413 -586 790 409 -49 554 -708 71 -313 -461 57 -386 -448 256 -167 -801 2 -395 201 266 -144 461 1063 -1133 170 452 411 61 1728 182 798 -563 -160 96 591 -376 -1327 -46 659 -352 1055 -54 -627 417 193 -440 522 421 -358 -883 -304 34 482 -153 -400 -728 416 -630 249 77 172 1004 488 -678 552 -327 -22 218 627 -204 761 -543 56 650 -824 42 -260 1090 ]
[-257 298 -11 -172 -1371 -445 571 1187 -147 -644 -642 -860 498 -461 -112 223 -45 -786 -123 482 1009 574 -798 363 432 371 861 -124 792 387 594 -63 64 -56 -215 253 -412 310 637 -370 67 -702 564 289 -1079 -864 346 640 -460 -172 -377 494 1565 193 428 512 -23 -284 -259 874 552 -686 274 -529 -214 302 -537 402 812 329 485 657 -587 -739 521 -403 -190 1031 248 -825 393 206 234 252 310 -337 -110 98 1308 335 95 252 -639 108 -637 -426 -421 187 55 -1098 220 -11 480 -27 -801 1286 -1069 1045 240 572 -384 -931 -522 -693 -33 -919 7 812 -715 -697 ]
[-940 444 -130 -415 -1722 38 946 -161 -1036 162 342 -390 -840 137 270 193 170 -498 64 831 -14 142 -299 -1255 669 -711 -667 691 172 -384 343 -1144 783 -479 515 -279 2 -205 127 433 365 -754 -337 214 152 -813 -701 -21 -93 382 35 -789 392 923 -666 587 -120 177 -750 376 170 -1084 388 -160 13 717 -54 -504 -475 -1258 316 -635 943 91 -323 221 892 -241 -244 -331 -654 -232 -283 537 538 -228 -174 -330 194 1118 788 -1118 -253 -673 -1270 208 -373 455 -521 656 -322 623 -227 -47 -15 77 -629 414 105 699 18 -658 -1474 -148 -265 204 -314 22 -51 465 ]
[-336 995 -171 -401 197 -734 90 232 299 35 -495 -27 465 593 360 184 86 512 -60 624 -516 142 810 -50 426 481 187 -535 -522 -423 776 -6 203 997 -820 -263 158 -267 616 995 -457 -502 -507 -831 1002 -216 -143 1067 -232 -42 -74 -203 -1301 -216 322 401 347 449 -855 -536 -431 -402 1172 103 301 -837 140 -732 -248 -568 1196 -292 423 82 670 1048 1155 -29 -1535 -361 623 -794 -567 249 -261 252 -282 42 -353 1365 -256 -588 -411 321 564 -1171 903 -118 177 -754 388 -267 419 316 -713 967 -859 308 493 335 1074 -252 187 -823 -1026 468 -438 648 146 154 ]
[-82 515 -673 50 518 773 11 788 -79 -197 -235 -1066 1591 -100 -229 135 -56 -28 386 -910 1315 39 569 650 -572 -413 849 297 -88 -665 207 367 -50 440 -336 -2 412 419 329 -285 -130 1177 -1042 300 683 437 901 -596 -350 -573 -632 42 -3 -191 902 -6 -212 -722 -12 171 637 959 -788 -447 50 -432 -887 125 -126 -79 -551 151 -538 22 -791 1100 -435 -397 470 -34 -221 187 -218 -70 -710 -61 1053 75 -10 -141 -826 301 -74 474 88 121 440 -103 -438 -421 103 -647 518 -300 -667 398 -173 338 195 -1260 -176 619 476 -450 -286 -590 406 189 131 -966 ]
[114 337 294 480 103 -109 729 442 319 830 394 414 -726 267 244 315 931 -1563 -397 14 -352 342 256 -341 -1 -172 -413 -509 564 -809 373 614 1098 302 -92 367 -1261 -1419 -652 168 791 -920 403 1121 -969 -608 119 534 48 -310 55 -457 -80 -1549 460 -410 -191 176 705 -126 190 -817 517 212 -51 -644 -60 -104 -497 -165 420 665 -335 -778 -68 -289 -1374 -131 1434 71 491 43 -601 514 140 104 313 88 330 -791 568 -376 -1441 629 770 -521 129 717 449 1320 -391 -299 596 -734 558 712 -355 1209 937 1128 -949 -198 -393 -1286 423 -936 185 -82 -1022 -1208 ]
[-505 325 705 225 -27 -74 434 554 -259 -206 1510 -988 -363 -216 -728 -415 -565 -363 953 222 -158 392 938 -777 614 -364 494 532 -907 -749 63 76 34 -1044 52 81 -200 -748 -91 -153 161 -335 -869 -813 393 168 159 -107 37 268 402 162 343 100 -30 -428 -476 -70 402 341 800 128 654 -842 -675 98 -817 359 10 -1009 -118 -527 -291 -845 63 -125 -462 194 433 247 -603 -567 -468 -286 87 -41 -1172 32 154 -509 1021 101 456 278 -418 -234 -1052 354 96 -9 -633 -444 -351 519 -132 -572 740 -180 -865 153 245 -197 -655 615 -493 27 841 146 -543 -271 ]
[135 -83 27 -133 570 -333 -444 -91 912 14 -253 613 1265 -56 119 -252 -297 758 337 -250 -481 -409 712 119 -1082 1140 -951 -147 171 -337 -427 -243 -177 -527 -540 682 881 645 133 874 -311 -621 -500 -192 178 241 -440 -116 -138 419 -74 -191 -699 656 27 -509 199 -150 -732 -479 -595 912 -821 461 336 -734 393 247 -117 10 -1379 462 64 -18 -139 -95 584 2 -611 -501 487 409 216 178 -507 401 -76 89 -1036 -76 226 49 59 177 176 528 596 768 -249 -17 -175 -154 -1385 90 -562 -403 84 -717 419 -417 -34 -82 -187 735 81 1174 -474 -58 446 -349 ]
[144 -88 -3 10 -945 -359 -102 587 -1049 1401 495 232 287 -215 1110 838 403 141 -204 -276 387 -1109 563 182 454 -1274 1306 -1608 640 1197 333 -1038 1031 -699 -17 245 -7 168 -209 -597 552 177 -643 1302 1637 -467 -223 -3 4 134 -1470 -172 473 723 -49 17 -715 -1630 -873 -286 -150 -123 -554 1066 489 72 -5 281 65 42 -478 200 209 -487 -232 571 -823 -183 920 293 25 1502 -497 -3 -151 -297 240 -684 -183 351 -401 -1182 480 686 -430 663 749 448 291 1050 -185 -498 206 -1022 1042 -868 -181 348 -295 -450 382 846 -491 -133 332 -647 307 131 424 239 ]
[-118 -547 -279 42 363 428 -729 37 -130 -640 171 26 309 -493 716 506 -134 772 -617 -701 -178 -157 -1151 -712 235 -505 -412 -532 -322 -42 1126 -307 -611 -291 225 -229 -357 221 116 -442 -222 596 -388 -764 481 1144 651 -61 149 -934 247 -515 72 168 -724 391 -658 51 -511 307 -109 973 -277 745 833 -102 756 -518 134 693 364 -681 634 570 -182 659 -231 -515 -747 190 -652 -543 1143 71 356 -798 1081 825 75 574 -717 1042 159 -1443 267 -277 -233 252 -111 -139 -156 805 -891 -191 1162 -14 -493 64 -307 -449 -404 878 -1000 958 -899 -484 -885 103 1190 1007 ]
[433 284 157 -1159 -397 -968 -640 647 -885 424 -622 6 491 159 -140 -9 -658 -313 37 247 363 -1057 97 1410 -19 139 1942 -647 802 -133 247 339 751 690 -577 460 -441 97 -215 224 -623 132 -136 100 -1283 -277 667 -585 -124 685 -458 -753 48 -85 556 406 -67 -314 354 -724 -691 -536 649 -668 353 -78 -222 -42 298 427 -895 366 -1399 1088 -268 1097 159 987 -491 -631 -268 64 -351 412 -527 133 1114 102 607 617 351 368 407 1113 -206 -5 -559 62 -501 -749 330 451 265 -827 -159 1013 -956 118 90 164 -1108 -31 970 -749 -119 446 288 1104 -309 -505 ]
[-165 442 -375 -277 -349 822 755 445 -217 1022 -71 -254 235 30 168 -421 -235 -213 -538 110 -609 783 89 314 152 -706 482 332 -376 -906 442 351 -541 -5 -17 654 455 -785 314 -200 235 -457 -252 -127 297 52 780 308 352 365 -249 578 745 -754 -726 447 537 1015 875 631 431 -443 -277 -212 -819 -14 141 -215 190 649 1304 -517 93 616 1097 1395 1323 -44 -219 -150 318 -1193 390 -419 -236 4 -69 91 564 -808 -448 362 -203 -423 170 -449 -371 -175 -512 -1200 -486 322 747 555 -49 -213 -90 -538 -593 198 -103 834 -370 -365 72 331 -675 478 -355 16 ]
[892 -12 576 -277 -432 747 -305 -635 1040 1930 781 556 49 755 609 -544 310 84 -213 -334 53 233 -372 444 -63 1188 -1493 -94 -611 1016 -259 1179 -285 -73 9 -675 -47 -325 -1151 497 650 -38 517 -286 -478 371 68 -959 671 483 -807 -311 -64 -218 -383 -448 1062 515 798 -717 -1158 1089 -811 -552 246 817 395 -709 96 55 -237 811 -294 283 -325 -328 1128 148 476 323 448 535 646 -716 -285 224 -620 199 -946 -685 -1067 -369 -9 -662 -487 663 185 -640 271 446 -78 -978 802 321 -759 229 1081 624 402 774 -222 447 1025 -257 332 257 1042 -1201 -145 -269 ]
[342 380 -511 70 555 -392 543 -170 189 18 -222 41 26 169 259 216 1014 -77 256 -111 1044 1544 -212 1163 21 -1533 429 -158 228 -177 978 -96 1299 -502 -256 -344 -14 307 71 1058 427 -75 -430 413 10 -679 928 901 802 -469 -1577 714 339 -1776 289 -84 224 1268 -525 378 -322 -562 -41 5 882 -632 -465 631 -902 560 -395 660 -612 -72 723 -86 -415 -31 -386 449 1723 1041 624 -413 -150 -547 144 -653 522 39 -827 -285 -285 -137 -283 566 456 579 336 69 -146 -451 561 -905 -97 -60 -472 49 -284 -13 -1107 -41 -1086 -204 -559 -560 240 545 -1258 162 ]
[-754 -129 227 -556 -924 274 -529 -2076 -1291 776 -863 359 440 -315 -746 -136 352 102 -731 -330 717 933 250 251 -1351 -605 655 413 401 9 251 -1057 825 -346 -110 -112 -711 183 498 -417 148 -759 314 -174 -508 1316 966 -331 -135 1040 -469 -729 70 -618 -95 399 -119 473 -407 -211 1034 471 -451 -227 249 698 235 -139 960 -215 60 -710 -140 558 -638 180 176 -685 -91 -329 -679 58 -308 772 35 -56 994 -369 23 -1 -247 154 1039 -261 -407 -1130 389 47 -794 264 -65 863 29 -555 225 303 -698 627 304 -521 -1340 -317 160 132 341 265 -593 -159 74 952 ]
[341 -26 62 355 42 290 87 292 292 -682 708 152 380 -121 -1012 -455 -358 -980 41 -106 267 875 -342 -1541 307 146 -910 -245 105 386 275 162 20 -604 -497 429 -621 755 -441 -172 740 -612 -266 702 460 -353 -469 -314 -310 28 -791 542 54 227 115 -794 151 693 -865 -136 814 1587 -264 -186 -252 -1261 128 -235 687 1060 -27 -815 -196 3 920 -1730 -685 -738 -115 270 -851 137 -508 321 507 605 -274 1065 13 -32 211 665 982 -715 -593 294 988 25 -262 680 -512 103 59 -410 -1488 -578 40 200 698 -1047 -21 -38 -628 -352 160 -831 57 -209 -526 -549 ]
[546 21 939 468 -251 75 -9 -1470 -23 -722 515 616 -1309 -114 -625 697 202 -649 -20 549 1402 624 64 600 -87 -627 777 -576 -225 803 669 -175 984 721 -113 491 -348 659 404 913 -630 420 702 355 78 257 203 725 -128 -651 -755 274 816 -6 -106 1086 -569 530 -363 -479 410 -921 -347 286 415 -229 453 44 687 222 1436 992 -455 -813 76 88 -529 -497 -1099 502 564 -479 894 -178 784 199 -200 -692 926 -73 -392 -123 146 -359 403 729 -83 205 356 -325 320 -308 379 111 -86 64 674 741 145 795 -580 -575 226 -411 -632 78 -501 -458 -624 241 ]
[22 -804 244 823 32 -570 -801 -976 172 1163 -31 863 -440 210 -1080 -697 -703 -14 -182 -585 796 -289 1480 864 -1322 727 700 -268 250 653 -1158 -449 282 411 -74 723 -515 209 188 447 71 -526 -1362 509 -220 720 -63 407 -551 12 149 658 -735 14 763 -130 3 -72 -310 -405 149 237 -308 1103 357 -117 406 347 88 -337 327 -493 508 -665 -62 62 664 542 581 419 -390 -448 -373 -109 90 310 -414 -1123 -663 -289 154 -1332 643 1109 -40 -725 -105 25 445 1553 771 -397 472 -597 -193 -1127 947 -166 592 524 395 905 517 -650 593 461 -206 -583 1168 391 ]
[-941 -375 -611 850 28 942 783 35 204 430 -668 -542 -479 -762 1 822 492 52 -26 -202 -910 1141 257 330 290 206 -178 641 247 -1962 147 -198 -769 171 561 66 -253 -707 976 -805 -106 637 -364 45 1023 -198 487 489 -651 178 -16 -200 -590 -570 255 -156 187 -241 -942 287 283 -508 47 867 96 -233 -69 -72 -496 266 1003 -1114 1379 -347 335 1740 197 -6 870 13 655 -143 -468 12 -812 -162 1134 347 -856 -14 395 -644 -489 -311 -688 -441 -52 -198 -451 -795 -361 -514 642 112 -478 529 -691 -252 76 -184 -160 286 -175 -413 -408 488 -918 36 -242 354 ]
[172 -321 51 -51 205 -448 -1 71 -143 -215 64 -988 -252 335 -1073 -125 -842 -82 202 300 325 45 -593 697 634 965 -161 20 -266 -862 -854 460 -822 923 920 -256 -17 286 -430 -1654 -572 765 -67 287 -753 157 -78 -837 -780 -1367 260 -1250 628 1333 82 -375 -101 -358 331 299 6 956 -49 -3 -495 1518 501 264 -35 1133 -551 -545 -134 159 -398 94 207 -107 561 799 -843 -918 -932 -49 580 -231 683 764 625 -709 -149 760 245 29 -335 496 -616 -271 -428 175 625 -183 477 -70 -603 -149 -365 415 353 -362 -179 -132 2094 -569 613 -406 192 342 -445 -1082 ]
[-929 523 7 -275 -297 -276 30 615 -733 547 406 -905 -463 762 962 244 -260 79 762 -117 -747 -1248 958 -255 188 496 -367 -399 -789 -371 327 89 -133 -279 -600 -102 -396 -158 -737 211 298 887 -353 -49 63 -571 -902 -246 -292 66 295 -1034 -80 204 145 -961 -455 -857 402 -1008 20 251 468 322 -934 -796 -814 -204 390 -947 771 661 782 -306 -1111 440 320 -171 293 186 7 295 -1094 110 -876 -117 -139 205 -351 448 665 255 -6 1225 422 436 -340 51 -252 -394 287 -11 -478 165 941 75 421 213 181 190 1160 739 -46 -349 675 626 783 -107 246 -764 ]
[-637 -468 -445 323 -347 63 941 -571 49 2044 510 -201 -1209 777 -798 -681 182 276 -425 -77 -353 -113 -233 -273 375 262 -948 229 -746 -463 -560 487 410 -493 1066 -27 -603 -318 -468 -37 -330 305 237 -56 -608 1341 -318 -450 93 -129 -211 -1328 391 -501 448 -298 3 1016 57 -354 -177 298 -98 -90 271 -197 213 -782 122 -542 -11 -129 19 224 -861 -245 125 -916 688 1021 -252 716 131 620 377 602 699 452 -847 -334 823 -529 -466 -68 957 1182 76 164 -835 1199 -236 -892 -350 -596 185 132 757 1184 -533 -623 -1064 1240 -882 179 697 -8 246 -63 570 -560 ]
[959 128 -148 681 859 -374 -1056 -217 -1089 -181 -1057 -260 812 -193 953 569 344 -93 657 118 598 236 -422 -89 -187 -176 -274 -697 48 806 -87 -321 161 23 -677 -291 101 167 -116 374 -761 -1613 1064 -469 -132 -301 679 954 -398 123 -69 1326 -84 -551 -265 -49 107 547 -903 -1068 10 211 1616 261 430 -82 -645 1147 414 96 199 747 -79 200 340 -489 -797 23 -269 -288 781 529 390 -811 -673 -406 -1030 -302 -10 719 -94 298 -21 101 -182 -79 528 432 912 -491 664 -170 -509 -68 258 -79 437 699 -215 141 -470 -455 11 15 -547 -299 -891 360 -405 862 ]
[-207 -496 65 -137 -638 -579 95 367 537 18 363 -301 -801 637 202 331 157 -292 908 741 -299 39 -286 -194 623 596 -229 -23 405 436 17 -110 118 502 707 -323 -206 293 -135 721 403 998 -82 -298 -1062 -1359 1 -363 426 -353 197 -1686 -267 -451 26 21 458 920 655 -57 -40 -544 903 412 260 451 -979 -1499 -1304 -1101 100 -792 485 27 -1088 -817 603 51 -258 678 751 22 -568 -290 302 -702 -1202 -416 -677 933 -163 -414 97 1023 54 389 -712 -419 -144 581 -1013 754 -66 -191 -26 -1115 237 -954 -314 -349 154 78 -336 154 1223 247 516 67 476 743 ]
[-972 592 -759 -795 81 504 619 648 -690 11 -310 -793 -23 -187 53 827 -99 -327 -350 61 496 658 -128 151 3 -1333 -191 1615 52 -999 502 390 -205 -525 542 213 309 -16 768 -965 378 405 -545 -185 1522 -123 -330 512 -575 -606 -225 -546 605 27 142 114 -129 309 -600 -609 815 -702 618 -548 -61 -55 -261 -833 284 -291 441 -812 720 790 -442 587 -107 -853 -252 -866 -271 -999 183 98 602 4 -310 294 1062 596 -329 1322 496 -493 570 -430 317 -192 7 -1275 568 -455 -162 706 645 722 -30 694 -455 -156 -294 -665 -233 218 -982 764 -427 600 433 -40 ]
[432 -841 -210 -55 -664 -514 175 -591 178 125 -524 609 -913 351 -1021 -643 -316 -214 -41 20 -260 246 -159 363 604 527 207 854 -845 42 28 -271 21 1256 -109 -764 4 -186 341 169 -666 638 -151 301 -736 -367 -396 -420 -480 -288 107 -1183 -203 275 -73 58 364 638 -95 456 -98 -446 825 -571 74 298 332 -1604 -1042 -1009 -102 -628 302 138 79 12 981 -5 -552 288 106 -610 -541 -52 413 396 358 -374 -289 344 847 -914 248 589 -13 -219 691 -587 -755 353 -475 729 325 891 -958 220 -939 -511 563 -67 -330 -275 431 -643 473 607 -246 -105 -255 114 ]
[124 -569 453 1 -75 473 -679 -753 -763 352 606 20 -560 444 107 467 -509 532 268 246 -33 -749 1209 -574 483 -177 173 -457 -356 -7 -799 -171 -286 474 -893 158 305 109 229 -8 166 73 -83 490 727 152 -185 -314 -665 441 109 155 12 -301 398 -8 -93 -809 -98 402 132 119 -249 334 4 221 97 1293 324 -156 268 92 64 386 -391 -1 220 25 -288 23 183 165 692 413 -229 -32 -130 -155 -440 -195 -130 201 -24 779 51 -169 -674 -811 -366 63 -186 -353 801 -227 -718 -87 507 238 -50 -5 1021 316 748 -294 -117 -518 676 -1244 300 125 ]
[-418 -1398 627 216 105 159 -603 -1357 -243 792 -408 477 -937 -523 121 -306 -683 -7 -1153 -225 -233 -475 277 -1247 -78 178 -362 -359 -346 161 -1218 -818 465 -391 339 -59 -598 993 -717 -770 -866 2 439 323 -667 24 -906 -816 -1262 121 121 -309 364 321 297 -766 -656 365 -968 -984 523 214 726 452 130 -136 396 523 1368 -694 -1467 157 59 695 -82 -245 -280 130 -177 154 -486 -46 -763 795 926 833 218 153 333 -16 12 159 -119 37 114 -411 857 750 -869 151 532 233 -1009 -1051 -255 587 407 1120 -287 663 -1223 -594 -714 834 -539 -351 -31 117 269 -172 ]
[-418 153 -219 599 196 -692 -501 1118 -269 -348 -390 -1008 -101 268 135 -840 -230 -1699 389 552 493 -967 -372 -440 -826 256 -769 -284 -74 281 -522 -579 55 -604 671 -205 192 803 -231 -415 -769 -614 -516 -461 -1156 -20 -631 -799 85 -152 614 248 445 952 523 -241 -937 32 22 -763 264 -2 -107 315 188 -36 -1144 -140 547 -1190 -74 -198 -344 455 -651 -1379 488 110 524 -419 -391 -225 -470 912 -87 860 267 111 368 266 299 -396 -311 562 598 1272 -1092 840 192 939 -353 217 -1327 -1193 144 66 1285 248 -55 756 43 155 -767 -117 327 391 -18 223 787 -311 ]
[-578 -439 -538 960 645 697 1152 -462 877 812 -159 -227 -572 -96 -394 -104 1870 490 -636 -70 -1412 1144 566 -160 -29 -120 227 313 -467 -1797 -335 -58 -1240 464 1968 362 -65 -107 760 -1114 -389 -186 309 -148 108 720 -230 682 -528 72 286 807 -401 -293 233 361 -517 226 -1162 443 681 145 -147 954 -494 269 -224 521 707 621 -320 -1083 792 111 89 438 -221 -211 625 -190 934 -99 -885 436 -242 768 624 415 -406 -1185 1156 -379 -410 -178 -599 378 365 62 -1144 281 -17 321 -257 8 -855 758 -206 -442 -344 -701 66 -645 477 723 402 681 -1019 48 58 692 ]
[-422 1153 -989 -935 1005 -68 899 429 -17 -575 -1385 -110 544 160 -182 236 362 726 -401 -572 -683 14 -378 209 -96 -385 -14 443 675 -1152 -248 -26 408 3 684 -682 -343 26 -458 -128 -828 -314 73 3 -216 83 -896 1131 -112 -1534 216 291 -516 314 -114 -289 -196 264 -452 -83 212 -486 78 -241 -480 -963 265 85 -264 1188 -162 763 -180 271 307 811 132 -85 -1173 -453 570 -476 -852 385 -64 -179 529 -11 670 799 34 514 -1006 -677 421 690 855 476 48 -1036 982 -135 -540 246 -178 527 -897 458 -221 -315 -465 -733 -28 488 -259 70 -880 1451 276 -629 ]
[164 407 -1013 275 -100 -70 436 -859 -565 128 1018 -353 -13 -202 -317 -923 188 989 288 88 -891 -761 79 663 -179 -825 169 127 -494 -470 -247 839 1007 -1654 23 -129 575 -1472 -220 -265 -464 -36 -1354 -461 1144 773 -51 -60 -334 418 -16 1393 -1011 197 -68 -269 63 -565 235 32 -269 1126 -50 -21 -627 -905 -389 580 -446 595 355 20 -426 68 263 -41 -183 66 9 879 47 -825 503 -3 -466 -53 -675 265 408 -399 169 -506 741 -653 -331 778 -537 42 123 85 257 -628 133 -149 227 -828 42 -346 -991 -216 65 1614 -101 126 252 -745 131 651 -461 -484 ]
[-261 -503 25 -577 50 13 499 1128 -447 -424 498 -205 -54 580 -59 -55 -1035 1265 503 27 -756 -5 -152 -320 371 -24 -1206 562 -923 2 409 -879 -155 -734 -23 488 393 164 285 -676 94 1329 -678 -1324 1711 102 -558 -133 -474 -122 -62 471 1272 912 -1099 -446 -569 -218 -798 181 1304 56 218 -895 -155 -260 321 182 838 506 -336 -393 60 586 993 365 42 -54 -460 -820 -755 51 484 -756 1159 562 -93 -692 1078 -41 690 387 435 -621 -699 302 518 217 589 -1816 -158 174 -55 -78 -412 -648 27 198 -597 182 1488 469 -295 892 -696 513 -1107 1267 638 -1254 ]
[546 -976 773 -370 -118 -701 -181 -83 250 6 809 719 -691 -417 80 68 -783 22 447 229 -201 -730 280 250 25 503 153 768 85 -11 -902 -130 825 -647 -444 101 45 -12 178 198 343 -69 508 -400 -822 947 -485 476 -460 156 788 -184 1507 302 -998 -134 87 581 890 478 790 -139 27 -277 -325 645 515 -230 -824 220 -263 -409 194 -430 202 -247 -216 361 -563 -354 -474 -997 499 136 774 -33 -459 -283 990 227 141 720 49 -522 480 475 -560 -873 1 430 556 868 313 965 794 -408 -413 -776 -954 164 370 -319 -408 482 515 399 -188 638 -61 -577 ]
[-458 179 164 -325 -588 898 498 -423 -408 305 283 106 587 -77 -892 472 712 269 -47 -273 228 796 -222 -599 494 51 922 -339 1036 -145 276 201 26 276 322 -86 -893 389 -78 -477 260 439 -173 0 -555 -378 -333 380 1012 -262 -892 192 26 -139 -258 -220 812 327 -453 351 -170 1527 -708 -296 -155 -505 329 224 428 1220 -893 227 -85 -661 -15 603 -425 788 -35 -150 -554 -230 -1380 -152 672 -650 593 257 -229 -241 -498 505 384 -678 -1190 667 -64 -23 -211 -185 424 157 -543 46 -1690 2 -170 452 863 67 -487 107 -3 -714 1000 151 -345 381 697 -715 ]
[843 239 302 -1004 439 792 615 -736 -619 -509 -388 1105 266 822 -815 -41 328 136 -485 -47 187 114 -384 449 -1184 -1230 780 -25 -115 582 694 11 388 -519 177 -607 -572 1133 -317 -118 -1201 62 -391 -50 301 24 26 736 273 -877 -830 274 -822 -611 -518 590 125 856 -716 -1112 351 121 -508 -1197 -10 -805 243 -710 240 465 631 -137 -356 347 -395 217 14 155 -1599 254 67 -1016 -814 -287 363 286 343 59 1030 99 -2 -176 874 -537 -2 249 774 -24 124 -700 577 403 -692 931 284 -841 324 319 -1 -155 392 -19 637 -415 230 656 -1563 45 239 -435 ]
[-210 -469 -271 -38 -387 54 -168 -40 47 -497 1449 125 -857 -1002 5 -108 -18 528 -197 484 -278 971 -447 -937 671 -746 -545 621 722 -1422 -301 399 -710 45 232 -614 288 -1050 226 -311 372 -69 117 -159 902 -177 329 251 -842 -66 1027 -6 -134 1129 -589 43 295 -957 274 948 -54 -592 219 232 -404 1271 762 118 563 622 817 -533 686 -743 -541 -312 8 -564 -53 -434 306 -516 1228 521 73 -92 43 -338 732 -273 2 837 30 -635 499 22 803 135 274 428 -56 263 546 1794 549 -5 -822 -163 83 150 -157 -806 571 1475 -50 575 -610 -1090 -69 951 ]
[-482 392 -360 -162 -1018 105 1107 438 -219 442 1120 198 -470 -92 129 252 -228 -147 641 715 -613 -347 77 -928 136 134 -537 612 233 524 -178 42 1030 -867 -335 721 -258 -238 -234 1375 443 -702 -880 244 -533 -585 -463 225 1223 862 -210 755 -75 -180 -754 -653 867 1093 55 25 192 -57 -30 -108 92 -1264 177 -742 -162 -534 223 -48 361 -351 437 -324 71 -847 -508 -511 -870 -79 -828 -149 240 323 -700 -677 -225 346 176 -947 557 51 -260 -589 -45 262 -511 -277 -264 418 102 -415 -1631 -186 44 328 532 128 386 436 -545 -1136 505 -57 63 625 -343 -1387 ]
[-80 188 512 511 -34 -495 -484 426 589 590 -235 -206 618 819 1068 12 -64 582 -81 42 -4 -346 235 136 -891 1179 -5 470 263 734 138 433 -121 946 129 819 -425 389 101 1008 880 436 286 -51 -479 -411 852 -251 183 -483 -158 -474 136 -137 659 384 170 733 159 155 -444 -58 -541 112 436 -612 -506 -980 336 -503 -390 1050 479 247 -276 227 -141 358 340 -323 -937 1340 -448 -495 1018 -276 737 214 -504 823 -1181 -651 -119 73 808 -970 490 161 643 -11 -386 362 -31 -1593 -627 -15 408 17 656 -789 692 575 -510 -277 211 414 -54 -395 1435 -435 ]
[-790 -568 35 1602 -507 -648 867 564 -172 114 1344 -1028 -1923 -334 -248 551 550 -109 51 1006 -1044 81 -589 -78 243 747 243 397 -136 -470 325 -476 -614 -296 56 -586 96 -158 242 -692 17 -793 -172 435 -785 -22 -561 766 399 394 501 -659 699 -196 447 -742 29 981 183 147 88 -1027 209 900 337 1032 -89 2 -371 -571 1675 -237 495 -1183 1 -637 269 -642 495 443 855 -766 102 -57 316 -1038 -212 -45 -365 -175 1307 -962 22 207 943 549 -643 -287 -596 1044 -479 840 192 39 731 147 693 46 -808 622 1156 -152 -1005 6 997 287 620 -120 -922 295 ]
[212 117 -12 -251 296 -94 940 -529 -88 -324 524 456 -407 -173 -29 214 -205 -115 -301 307 -280 214 -100 -540 292 -116 -281 618 -103 -677 -487 513 -386 -194 -64 276 -372 -1162 -232 7 854 -195 185 -435 249 112 -98 578 278 -100 763 -209 328 -174 -788 -385 610 880 1896 -170 163 -610 -314 -160 -765 -109 644 -147 -48 446 205 -195 591 -564 -667 125 114 -349 -322 -26 225 -1126 849 188 1187 -495 560 206 288 -81 481 1634 -661 -305 1371 466 -538 -514 -49 -423 380 96 -562 1838 1896 -80 220 -101 -10 331 88 -121 -797 776 -282 -29 -149 226 319 405 ]
[-136 -74 -224 -355 -642 -596 868 360 -140 235 -377 505 769 -632 -316 40 667 -212 553 348 -496 -14 42 -400 -911 445 501 -155 342 567 269 -1263 1446 -159 -48 734 -822 346 -507 -912 -36 -405 -54 -22 -286 222 23 270 117 1099 193 467 17 620 -143 -551 -223 10 -667 -1079 548 -144 643 997 -780 -78 466 115 377 -60 -501 -50 -766 -842 13 752 129 -843 547 365 56 -481 -1040 -219 789 -228 -469 -282 -311 57 227 -817 879 515 -671 -518 286 1629 216 -44 -40 -439 -280 -564 0 -534 -752 530 743 50 -738 858 -1045 117 -192 695 -374 2264 804 -483 ]
[43 -314 42 -187 -444 -415 -175 1114 47 117 707 -855 589 -498 -91 -286 -462 -761 -448 86 366 599 -502 -630 87 -869 584 -338 732 -25 49 619 -129 -260 -631 463 -301 -43 -778 381 15 -1196 -373 431 -410 -141 1299 582 -629 -241 251 -266 14 168 207 -234 710 865 -511 393 -103 -428 1685 -850 -293 498 -175 -1058 800 -727 477 -245 -869 -665 426 -355 -163 96 316 -521 -546 607 23 262 196 2 -348 -191 69 -121 -803 756 295 344 353 -1258 709 461 732 202 -389 -553 300 420 -405 -543 -188 799 599 -392 -195 444 113 350 252 207 -541 -425 410 -440 ]
[646 592 122 321 -42 -23 67 -501 174 202 352 329 801 118 106 223 228 186 172 189 982 -700 -281 417 -172 -276 -1167 -678 162 701 -894 355 1506 0 -613 -97 702 315 -824 822 -531 -250 -460 484 -87 -51 -429 9 233 -1293 -544 -156 -304 308 168 -281 303 -744 -134 -130 -207 1245 -653 -236 388 -1248 360 -476 -947 610 -1015 1488 -769 -255 -125 -1208 -313 -820 -177 787 412 670 -104 110 17 338 -465 -62 145 893 -1124 -640 -578 -486 252 1528 1064 547 -111 706 442 -1045 360 -222 -684 -651 292 530 506 19 -79 623 781 -1023 238 -1366 587 -548 -661 -980 ]
[702 -760 326 -55 -469 136 -699 106 266 -141 252 442 -264 -280 102 811 -361 272 -455 366 -617 135 -27 -337 1138 909 43 -1273 -167 504 -1166 -831 -239 255 -453 -408 254 489 -312 -163 -506 612 -289 17 -625 472 104 -269 -560 163 636 -245 352 -210 -477 394 425 -423 -940 180 -331 -280 627 919 -453 -139 319 614 -621 -588 -712 -521 -63 255 1266 370 -193 225 -623 -232 408 -333 9 720 54 197 -348 74 -648 304 -859 -113 -1195 -66 -564 -231 40 123 93 352 258 602 580 -426 -314 173 -784 -33 -40 724 412 274 -175 82 -446 -320 23 431 -136 241 ]
[-320 787 -188 167 149 -183 295 -212 1060 -396 -435 272 923 811 -191 -451 1047 -226 70 -1263 307 -616 -574 519 -812 227 -107 -835 779 141 19 815 -185 -414 1011 -302 -412 -455 -922 -547 207 612 69 410 314 1237 204 -390 87 -240 1059 -317 -1230 558 -368 -599 -784 -1119 -39 -412 -1180 978 249 740 -530 -320 -89 621 150 506 104 -337 88 -535 -848 81 -429 -169 737 683 34 382 -663 55 -817 -58 1286 251 -117 -759 -188 -597 327 31 -231 441 -444 183 616 736 18 142 47 -1004 1246 -817 -444 -581 745 -159 601 1423 146 324 886 236 919 347 1041 -155 ]
[-1589 697 -527 -423 -843 -400 -157 485 -335 -635 265 -952 -102 541 -759 -1008 -830 -334 -321 184 -122 -31 130 262 -757 -972 1500 458 -213 -1377 931 -708 405 495 546 755 -468 -376 1320 -107 -113 -270 -467 -588 490 -504 723 389 -510 -51 528 -110 309 289 621 802 -730 -1315 902 457 834 764 -585 53 -1013 761 -653 5 1483 256 612 -752 -29 -292 74 -611 383 -189 416 -120 -842 -542 146 -498 -155 195 365 -185 1045 -614 -214 -597 495 118 -409 123 4 1349 -478 398 19 124 698 711 373 -473 -348 -149 82 -1216 192 -391 573 104 932 436 -476 841 237 361 ]
[-247 1222 -516 -691 153 607 1105 680 200 -164 49 257 456 354 445 178 511 -495 750 193 -1138 -552 -270 -1012 422 -874 518 -805 539 135 277 -491 -327 -136 -868 -64 -473 -17 -179 -524 99 -952 -292 77 -171 -18 -730 547 1698 750 399 1939 -329 -530 -45 -198 -21 -713 527 -454 -815 -660 223 551 -495 20 572 515 -53 -368 -559 -121 -613 263 704 451 -391 580 314 -571 90 160 -124 -213 -389 -12 -917 862 234 -427 259 473 446 -420 -591 68 -258 422 24 512 396 -604 214 19 1244 21 -435 -830 13 49 -140 535 -733 -56 630 -388 684 465 -327 -184 ]
[-847 -880 -725 404 776 -49 453 649 -993 -325 685 -1416 -366 -64 -653 212 -791 -196 483 -197 377 166 175 -37 648 -170 369 325 316 -662 853 307 -849 -194 -98 -27 210 379 269 -898 555 -176 -779 646 606 -1405 -708 133 -781 -1123 -583 396 448 -120 660 -1655 -61 -359 165 665 415 802 410 -456 482 423 -450 167 146 948 -1614 25 -424 127 219 -714 -542 589 849 123 26 583 -156 -147 245 -803 -423 736 456 -368 1200 1737 743 73 -1189 -30 222 -422 -988 333 199 -734 -193 -89 -165 -119 347 212 -63 -976 -675 -572 -108 -95 710 -1447 853 -175 -441 -821 ]
[-612 241 503 109 585 319 457 -742 -952 167 1113 -834 -766 209 -538 200 -503 1293 765 286 717 496 542 443 939 -139 233 329 -746 165 -62 -945 435 -344 683 -226 222 668 228 -738 -272 -51 -848 -61 338 621 -785 -249 533 -842 -873 446 1088 226 -674 22 40 543 -749 -107 1144 396 -451 -1009 1262 -49 307 -630 -327 442 -1485 1016 -372 333 -749 645 -167 -432 -306 -256 -227 -81 0 -164 1357 -86 13 -605 309 75 -307 -157 -55 -894 -689 764 -54 104 -670 259 -429 -973 -447 392 -743 413 775 1109 -1268 -95 -887 -592 -1168 39 979 18 58 -753 309 -1029 ]
[28 293 -188 338 551 536 153 600 -545 954 848 -439 -1171 402 -422 -557 -54 81 -407 -412 -631 68 251 -183 -936 8 -253 579 -53 -346 -235 256 -497 422 137 254 218 -844 187 -319 680 -212 -412 13 966 813 -374 101 -69 392 533 -380 950 111 -260 -475 -428 433 672 -502 -82 -277 63 111 -297 -79 933 243 595 -715 567 -134 689 -191 239 174 -358 -437 687 -107 -385 -69 176 -320 315 334 -108 -657 -354 -470 555 325 63 205 1359 48 1 -76 1180 -127 -354 -773 398 269 1158 -233 1405 396 -781 52 -72 616 -162 293 225 1032 871 -258 536 -295 ]
[-1077 381 -315 -391 159 -658 393 1096 251 -1079 617 -1102 1273 242 63 42 -345 195 148 26 -144 -6 504 641 -172 413 -21 -237 778 364 85 493 383 1178 -566 459 -97 171 -272 1294 709 -94 -443 -73 394 -235 767 -106 154 156 400 208 -797 -440 924 36 373 -1141 673 -5 -731 553 687 223 -649 951 333 240 48 -59 -481 -182 -1430 66 607 -1016 -53 257 44 -85 232 931 559 -433 -462 -853 -996 224 -272 -89 106 1206 170 1139 -416 -399 761 257 -209 734 33 -1098 12 -100 -1226 -233 -86 -584 237 -1193 430 -209 1036 983 472 262 994 426 218 300 ]
[239 203 488 507 71 287 463 -347 -210 -1255 -878 -442 -578 -81 -790 338 565 -255 459 841 -137 -125 91 384 800 -699 1404 -201 -120 -708 91 -506 -797 556 96 -45 -249 1175 490 -1019 -1146 113 155 -119 6 -425 159 1004 -791 -1167 -51 -54 -1177 -117 1233 412 -121 -383 -1347 -474 840 -597 191 165 331 -653 -323 511 734 543 1149 -266 -896 -810 -255 618 -132 177 98 -190 410 -814 -1145 601 -491 258 551 178 1160 362 719 -401 230 196 -347 -796 -201 -17 -286 -386 94 -56 164 378 596 110 27 253 792 138 981 -754 676 -703 350 -409 -607 64 -548 -178 ]
[776 232 464 -1744 -122 -456 -1545 -53 -590 227 -956 1336 811 -98 818 439 -506 -120 -474 -687 484 -740 912 -566 174 -826 669 -443 838 737 18 -513 551 -632 -929 -2 316 -197 -645 -108 334 89 561 1209 764 249 -258 -1038 -1115 -64 -117 -99 278 906 -462 280 -1065 -1085 34 -52 -382 -46 -396 -449 -434 -1042 -331 313 -502 1 -1197 903 61 985 218 634 -983 653 -521 -203 -523 347 501 869 48 40 137 -77 -477 563 -997 693 431 356 140 600 607 440 68 -661 165 307 -261 -1403 428 -62 -1204 100 -167 -64 -495 488 -731 -209 -1206 -282 -573 100 871 -238 ]
[-270 284 147 -499 -182 -624 814 298 -730 781 61 465 -228 -21 -1010 56 110 843 270 -225 -462 -471 53 -175 -488 713 754 588 961 -713 234 293 476 -490 609 726 462 -586 -918 -958 -298 316 327 1030 -231 -421 228 -431 -796 113 182 -660 -693 -54 -138 -796 431 665 -583 444 -742 -150 249 -216 -141 101 -220 -431 -1725 -2 -1327 -101 239 -19 473 1147 -289 957 960 1018 -141 473 -1274 -160 201 -74 -286 1019 -895 -389 856 -152 886 743 -1245 -106 -362 172 543 196 -810 -157 -282 -697 131 -1137 -826 373 411 -3 -615 1064 -697 -630 780 145 261 934 626 -1726 ]
[-500 585 686 189 112 -53 296 -542 34 654 637 -271 -942 715 -805 186 281 -854 624 -962 884 105 1146 221 -171 -333 610 1415 -614 -778 177 463 -1301 -237 466 194 -390 30 456 -400 333 -691 -827 -192 771 -376 -522 331 -307 -960 -10 -22 358 -363 337 -424 -180 472 -72 -440 753 762 351 -993 -38 -485 -476 -637 764 -1195 -50 85 642 -1308 -723 552 -569 352 861 -686 -679 -329 -433 -779 607 338 103 -315 744 -459 311 -375 317 149 4 -428 61 57 -486 246 -503 -375 -397 1328 266 -163 1200 747 351 -463 381 -877 -645 -742 485 340 701 -1335 551 -519 ]
[-91 13 851 -253 -336 71 -611 502 -574 -114 94 235 -424 -193 -579 -377 -602 -663 -406 198 119 -689 119 645 716 -955 512 -206 -1039 860 298 -1689 -359 56 287 257 -545 742 689 -1490 -782 571 -345 -748 324 648 458 -565 -522 -963 -200 33 918 737 223 1504 -1197 -900 -256 -122 1297 -1303 -184 -789 120 129 -241 213 958 393 736 61 -1365 676 369 548 192 -150 191 -563 -653 -274 514 119 951 -302 411 -67 1186 157 309 -346 -42 -748 195 -379 -555 767 -20 -569 404 -680 885 -663 849 68 381 168 -703 -368 -338 644 27 155 -251 -316 -1085 157 1298 242 ]
[-444 -492 386 -95 155 -329 -260 34 1073 162 -99 1059 413 240 -365 -350 -996 519 319 -1209 -8 -581 1190 -71 568 -436 1223 -27 -32 189 -257 -392 411 50 -374 13 -8 422 509 -189 -410 -482 -530 -251 210 814 133 705 -482 -326 -523 138 -779 174 1026 -266 18 -756 -981 -38 129 321 -251 229 49 -1232 -221 120 -485 -43 -716 4 -560 -357 591 735 105 388 -249 39 -233 1060 157 -367 279 -142 -725 -202 -800 656 1182 -839 281 306 265 134 439 -206 -955 252 180 -401 170 -341 -63 -1106 284 276 -422 -1324 -123 1042 -94 342 548 -487 -657 500 192 -235 ]
[-323 -256 -978 95 793 387 233 -504 -864 -854 -665 330 142 -579 -548 -709 264 265 137 -583 418 -312 -466 -361 71 -1352 -560 373 292 -425 520 25 -136 -288 251 -669 485 162 -596 -374 -390 658 -78 748 -313 -467 -818 -798 139 -242 197 464 -1256 49 -252 -685 -219 3 399 443 566 111 117 94 -332 -337 -455 177 -71 236 -506 -48 -377 182 -1137 -545 -307 -507 67 611 130 -191 -897 1000 -527 -54 563 -67 372 -644 39 842 538 570 -151 -553 -34 390 -740 479 138 700 -936 -123 -427 251 -427 -840 794 -8 -280 255 -128 -99 8 -776 0 -215 -8 42 ]
[-571 1211 530 -510 -437 -92 -1019 -307 447 -160 415 649 458 -882 -29 258 -665 -253 48 -142 1333 469 558 -45 -313 287 207 -208 -589 380 58 473 -30 -994 -716 55 -520 -568 -222 569 279 -356 280 -696 173 570 755 584 -99 44 -63 1765 656 -15 28 172 -149 -612 -423 763 -60 764 143 -338 -234 -1073 -317 552 934 -112 124 821 -826 -716 799 -514 -965 239 90 -568 -346 113 1216 242 -102 302 -372 64 899 -10 -981 170 -11 -699 -356 -321 187 318 295 -723 -289 -145 363 70 -401 778 -148 878 -281 401 -709 -1025 -696 68 -1113 -652 203 -181 76 92 ]
[1429 589 214 -818 -1038 630 -833 -11 31 199 28 1457 248 -260 1317 134 691 67 -403 253 -391 -324 -264 -813 -166 -1221 -135 278 329 423 36 -338 374 -284 -197 185 -251 799 219 -343 200 -446 -218 442 -14 97 648 -599 191 -378 -290 98 269 -445 -163 1974 -194 -76 -383 -156 764 -74 -1088 -645 546 98 -403 -1001 -74 -20 -285 14 -333 219 -1299 -490 -686 -71 847 159 -800 -311 896 -486 246 -158 91 -194 407 -38 -960 -305 152 -572 -552 -913 606 108 65 943 -761 520 642 -202 780 19 -327 -197 138 -566 502 -409 -251 735 22 -579 -1188 -1152 -292 35 ]
]
