[[121 211 -570 236 328 797 475 -47 -212 -371 126 12 174 66 -61 321 141 528 760 212 111 370 -31 -228 -31 295 -293 -503 258 69 35 -898 883 -102 -152 334 -495 249 220 748 -961 -166 67 -197 318 -323 -87 -723 434 236 57 150 357 -630 -334 -59 -884 283 39 -106 -620 -284 202 -773 278 149 -5 -356 502 -295 -119 -398 734 -1035 112 -124 -177 -71 68 -1051 0 825 616 352 -272 293 615 319 -338 706 -849 297 542 -581 310 -942 -748 -752 -386 677 81 -141 -395 -132 -245 -206 -67 -346 41 -1014 -259 -693 -588 149 -400 -703 -388 506 -645 -140 ]
[61 689 -546 74 684 188 895 -446 100 122 201 -347 106 791 799 -416 -630 409 155 -530 97 614 -748 12 261 301 -253 -882 -193 3 266 -298 -100 157 268 628 -254 190 -30 521 309 -474 -471 83 522 -217 11 802 312 188 -487 -497 26 310 36 -746 -371 168 -1467 -635 -50 87 180 -604 37 388 -496 -499 127 -779 -33 285 -376 -162 -870 206 -663 341 -219 -1077 403 128 356 -98 -256 434 548 949 -353 519 -287 883 173 -497 153 -913 -444 -598 -673 640 -395 -322 -816 -373 -667 184 -700 13 755 -317 461 -495 -633 -359 -572 -117 -245 796 246 413 ]
[310 -104 217 -69 298 -287 328 -962 629 54 265 -59 -122 723 1046 143 -386 159 854 -297 113 282 -901 -356 1052 119 82 -1156 -363 448 -567 -748 -716 -191 122 -680 -578 -762 -469 469 208 -943 -673 844 912 -356 -389 -111 195 72 150 -347 213 543 246 -383 -262 -89 -877 73 296 1057 -708 -8 551 110 151 -232 -196 -343 -496 393 -849 -341 -299 111 -1023 426 186 -94 293 -376 11 -236 -454 461 204 270 -243 -91 193 39 99 265 -105 169 -74 336 64 -929 136 91 -769 361 -76 94 -156 -66 -81 430 -110 159 803 -705 -181 695 663 -454 -162 234 ]
[-579 -123 276 509 -147 342 -272 -455 -44 587 -522 448 107 -199 679 362 461 -627 854 743 493 273 456 140 639 -86 83 -341 -952 212 157 182 -977 -448 -115 -320 100 -525 -83 -112 294 272 -630 115 -2 262 -356 -789 -474 -225 -1133 184 -291 -109 842 458 451 -888 -533 410 290 748 -904 -6 792 -516 939 -332 -638 528 110 155 -291 -15 1043 465 -193 364 768 482 289 -209 -694 -365 381 391 -298 -805 -514 -179 407 71 -122 439 -154 727 -370 499 496 -232 -205 667 465 222 613 -123 196 -79 -141 766 669 320 208 171 136 251 152 488 18 453 ]
[203 -552 63 -280 100 -721 365 -685 110 408 -496 -851 -486 565 604 -208 316 -651 16 -286 -41 -22 -194 198 19 493 907 -25 45 248 -65 227 -830 -18 567 -670 -852 -223 -152 -330 461 56 -640 793 -895 721 -251 91 -200 712 301 -310 -570 201 482 449 158 231 201 132 581 288 -149 342 582 -778 1093 -339 -822 292 932 478 -380 151 162 324 -239 96 -57 673 753 -411 -445 -549 474 1167 37 -116 -473 284 404 185 -123 276 105 808 -373 824 -219 -185 -258 -96 242 -853 347 -140 -481 -505 -576 244 -280 -203 111 -205 162 1450 867 223 567 101 ]
[-289 115 -4 -33 267 280 -694 826 -565 -240 101 255 -91 98 -738 252 748 221 478 -235 -77 -306 177 -159 -263 -406 -371 622 -759 -280 279 -185 788 -262 -13 -712 979 407 475 263 -1046 186 467 -681 343 -160 38 -309 391 -237 530 -177 312 -180 -1044 -101 75 498 448 -362 -811 -706 515 28 -628 167 189 437 449 1153 -146 -763 872 -96 -96 -659 286 -647 -350 -1310 82 321 314 -176 -381 -1065 90 -215 33 239 -240 373 -59 -914 225 244 59 -771 908 530 -124 892 68 -126 262 32 -146 710 748 -799 -1081 -155 -789 773 159 -1294 -190 669 -781 -1145 ]
[135 205 93 238 901 -128 -607 601 -453 258 51 32 -192 497 -386 202 151 -439 30 -409 624 -479 -159 151 132 -854 -580 340 -432 17 681 834 -763 -702 19 81 1634 -258 -91 -462 359 29 -251 -851 134 -35 651 -199 143 -169 -239 748 -51 445 -302 154 872 -635 531 -97 -231 -63 -462 390 -298 178 -180 343 40 491 -616 -1031 -173 1237 200 -69 44 -896 256 -640 -319 -220 -378 -10 70 -399 -929 337 713 -1268 112 -678 421 -471 -342 939 278 -164 1396 -292 97 579 41 -608 185 292 679 598 -43 89 -356 407 249 686 374 87 -295 -361 487 -163 ]
[262 513 -452 81 212 96 -567 623 -118 63 505 6 220 427 -175 -309 -64 601 -252 -195 306 -930 -624 117 18 -376 -17 95 290 -426 578 -209 -173 -227 428 -76 723 115 -307 -217 -957 -158 809 26 -217 -806 -155 -68 699 -61 518 207 215 107 -1171 -51 -24 -260 -120 -305 -633 -461 290 -285 -765 870 -827 199 479 -428 -831 -1170 -482 589 163 -297 -14 -322 -36 -1617 -476 756 91 -498 -761 -862 221 1191 49 28 -580 -680 1090 -527 241 0 -582 -1465 -765 262 144 252 -518 465 -429 540 -240 286 -253 -72 -150 246 540 480 -338 -69 -1183 598 145 -321 ]
[-296 -43 898 485 -227 235 -1178 171 -229 655 -234 70 646 409 89 891 948 -664 -92 32 -9 -581 114 -112 148 -915 235 788 -357 -514 39 -14 -651 -598 -687 -788 1166 -1171 -692 -1107 468 -159 -161 623 -474 -15 -61 -1086 60 -11 71 595 -110 -14 219 591 443 -1255 -210 97 -266 -302 -697 485 143 -185 770 373 -550 -38 303 -33 -474 591 723 -17 -381 -375 7 352 -237 151 -1175 -680 55 320 -26 -504 216 216 144 -856 506 -223 -537 354 -282 -320 759 -166 -184 771 89 5 -215 722 589 -353 -847 617 -39 -20 1508 455 337 384 -366 481 -76 -652 ]
[657 3 -162 571 759 537 -339 -102 417 875 -176 255 -437 616 93 732 562 -289 659 -201 436 -107 598 76 -1047 -373 232 -295 -179 -323 457 -345 -150 -259 -241 118 -757 -710 -268 223 -660 -26 -1101 521 -151 -247 -769 -1023 411 343 -418 1298 486 -1185 806 1080 -12 -265 10 -8 301 240 -547 -311 616 -693 829 -531 -51 -1112 354 -186 -418 -680 598 523 -351 -412 562 -433 283 724 -237 -511 -934 949 264 593 -392 -102 -565 -157 1203 263 137 -723 -1211 267 167 21 2 159 315 -391 371 121 -102 -491 -1080 132 -199 -531 940 272 86 -24 -188 1032 -202 521 ]
[-549 1482 -973 875 1019 646 193 -584 -899 484 -44 362 -136 -593 936 -357 -53 -44 840 39 355 858 -577 -114 638 35 -832 -995 -30 372 -4 -178 -751 -125 -103 969 872 16 492 343 -319 -677 126 -572 -282 -283 -449 46 -407 54 -566 -254 -486 187 -782 -193 530 -411 -692 -334 -619 767 -690 -538 -433 584 -331 -252 94 -424 -634 -1108 -205 855 481 316 49 124 373 -1288 -200 982 -436 -314 16 456 59 1333 137 19 -347 -123 242 -656 777 -29 -1150 -1300 -652 682 -741 -151 158 -215 -141 -174 489 188 918 -123 1233 319 -1151 403 -452 -145 -1084 -14 534 205 ]
[-444 -257 -302 -1420 -541 -896 574 -432 81 -140 680 -470 515 667 233 -195 -1142 276 -376 650 223 -646 -1376 -12 1075 574 527 -731 524 137 -192 -149 -247 24 729 -439 -461 -239 -212 -240 -394 146 40 757 144 -396 361 -175 517 737 826 -107 56 746 -169 -543 -730 235 -545 -199 355 -215 -149 -139 245 -48 -531 -601 372 -832 147 -211 -120 -383 -250 -486 -149 136 -700 367 -326 -50 490 104 83 330 685 -625 -151 -261 -640 -230 442 -298 405 956 -781 -614 -1340 -250 131 -406 -486 -88 -382 -147 -416 -905 -226 -169 -472 -362 -33 141 -1261 989 42 221 289 69 ]
[82 997 462 801 937 -35 -659 632 -2 679 472 327 -67 -813 57 291 861 101 799 -447 -332 339 130 273 161 -330 -26 311 -979 47 -755 -296 268 300 -413 -728 701 -55 -145 -168 468 -69 -120 309 -736 467 -502 476 -197 -171 493 -293 -51 -61 619 82 424 189 -13 -459 -325 137 -240 847 -57 -257 70 198 -645 1239 -184 616 128 407 516 67 57 102 243 52 -40 -547 -259 -613 362 183 -370 233 -226 -365 555 -63 -1019 -288 -472 168 822 -132 815 -657 281 502 723 -307 176 -485 53 541 570 591 -212 442 -663 158 1171 -446 318 -61 -8 -1013 ]
[-1038 -539 414 -322 -965 209 -523 -68 -472 372 -665 -679 -1 386 -898 263 477 -1368 -353 195 -514 -389 356 -255 -702 -505 411 475 -25 38 -336 628 907 0 -761 -668 566 -338 898 -451 -285 613 300 -636 -164 444 -180 450 -351 124 226 -822 -65 123 -198 104 46 288 -20 -561 223 -39 933 159 -686 -728 354 107 -19 204 1203 -787 259 -212 -164 -184 912 -599 -1223 337 1248 515 -16 206 403 -415 466 -1428 -61 -14 497 492 -605 69 -61 402 113 312 422 724 -997 -91 448 -563 -411 -3 -105 414 163 -427 -358 -350 -311 548 -63 -45 -17 97 -281 -371 ]
[785 -312 6 551 559 167 183 634 -598 -353 117 231 186 16 -244 349 533 312 657 -155 -303 -952 10 -1068 105 -102 -819 271 -30 -29 -653 -803 285 -386 279 -1443 56 555 -74 314 -98 -277 358 332 -40 -141 259 -374 590 -494 1037 635 -286 325 139 -24 -339 212 1139 245 -779 -231 -41 284 444 574 -281 505 -385 1797 -240 345 336 -277 842 -308 -833 -680 -73 -565 -93 -278 476 -76 127 70 -325 563 -43 476 673 170 -77 -593 -548 -267 220 -555 503 -434 748 410 531 -8 -493 -138 -268 98 29 -679 -1414 534 154 66 592 -360 -135 -341 -527 -1262 ]
[-250 520 11 310 -4 -169 -243 40 209 1362 532 600 -5 -356 -636 387 -506 -779 11 414 433 -492 417 -735 -271 -243 -329 9 154 -695 179 907 -238 751 90 145 27 -530 674 21 -320 466 325 -477 -236 -525 -1011 -216 35 -311 -287 278 367 -14 -40 427 317 -59 137 -344 36 611 16 65 -658 226 -1257 -58 295 -842 -237 -1171 -1095 93 -67 117 -114 -617 -11 984 -35 219 -87 -636 -109 -431 348 566 517 -194 -80 -371 476 1002 579 -464 -257 -5 -474 -427 -383 160 1478 553 -151 -468 191 320 -100 802 602 1094 255 125 -491 -491 -870 573 854 180 ]
[-1205 -672 -131 -659 -625 316 -294 -331 -447 -239 -211 -17 249 401 129 -238 -481 -221 214 429 431 442 -320 38 906 -450 197 -351 -870 91 192 147 209 -685 -448 -33 887 -127 294 219 518 415 -114 734 931 725 -133 63 -437 -353 -1127 -423 -29 1214 384 -513 479 25 -317 -191 1310 339 62 251 -150 -343 613 -281 -173 823 -246 0 -279 88 63 78 571 -60 -182 -270 785 -608 98 -161 -48 -935 -524 -1535 127 -1051 527 712 -508 -155 -567 1260 178 1110 1224 -1060 -249 204 -191 421 220 -357 -116 557 303 270 -74 -83 -621 -532 346 239 465 -935 166 485 ]
[210 972 -572 928 -197 236 -405 160 -9 224 -609 613 -184 -327 68 11 857 -299 1105 772 677 -210 620 -238 317 -286 -486 -192 -3 -68 37 -89 480 -134 113 493 -355 -139 -174 554 -382 16 282 -187 375 -717 -131 3 482 14 -910 -216 159 89 326 811 -501 -1011 605 428 -787 1033 127 -889 735 879 -401 -198 64 84 -70 -99 83 -577 1274 7 -417 276 904 -581 154 540 442 210 -117 105 -323 86 -1014 676 -103 -166 824 624 -339 -1061 -401 -761 -1073 374 356 441 430 746 263 -176 -275 -146 -808 225 365 1124 1000 249 -111 -744 -646 984 -437 172 ]
[-240 232 -116 -666 -506 -321 -70 325 19 -322 116 185 891 187 -723 -203 187 -215 -791 586 128 -855 -541 181 311 -924 390 312 469 -438 285 146 795 -121 -240 490 1494 -759 -476 -543 292 614 933 1051 -250 75 661 322 328 237 331 508 83 800 -158 550 -409 -837 576 37 584 -1179 608 217 199 97 -808 -5 -172 -937 -229 -7 297 849 711 293 1026 63 48 392 -789 710 196 -127 542 -136 54 -612 258 -806 278 -1587 651 -117 -958 -81 -644 -1140 -1163 -210 395 -945 94 -273 -882 -487 454 -197 -914 489 56 59 887 78 -231 721 -868 -1041 203 -693 ]
[1432 367 -290 99 326 -314 -1033 -182 453 949 385 -296 -754 149 294 -359 142 175 110 -575 -657 -491 -780 -169 -238 97 -403 -749 381 482 -950 -331 -145 803 -239 -279 -641 28 119 473 -324 -1224 -291 619 103 -333 -854 1696 614 -200 962 10 232 596 194 -68 -213 769 -696 -690 554 1461 62 880 20 1082 -988 457 -251 -640 -771 232 -1647 147 583 -402 -558 133 -182 -274 48 -563 601 -264 -236 -176 128 1475 -750 -225 909 -339 -73 143 -232 -1046 422 -281 -694 -640 221 -10 325 604 -411 727 -1170 462 -357 847 -122 1502 630 -461 724 -246 99 209 264 -17 ]
[-21 -70 -403 163 -326 530 192 -128 -1002 -250 -77 -413 238 151 455 -200 609 860 662 515 -128 -143 93 -81 171 873 163 -153 -356 154 -33 -86 -544 -551 152 -1019 -84 1033 332 880 -36 482 471 741 -72 750 -288 428 -662 -403 -234 -113 -363 303 -109 -493 -742 997 -567 133 356 300 140 55 298 -152 565 470 -727 1334 133 843 -558 -552 1125 460 -246 864 511 -388 4 -600 775 -192 1210 -161 -552 -358 -1099 725 907 781 -195 -536 -640 486 -127 258 -162 558 55 338 -73 248 -87 -402 -1161 284 1189 43 -257 746 -1474 -36 126 26 -270 222 -417 171 ]
[9 468 -21 357 -656 -550 -433 266 -388 -98 -1011 1238 616 -322 -241 204 394 501 18 361 -254 -426 1339 -220 -237 -122 -671 590 -887 -372 292 7 -41 -323 86 -371 144 296 -249 434 139 700 633 195 928 -184 867 -549 -141 -979 -844 472 -184 28 70 352 13 -1419 37 149 220 -487 -7 -551 -74 336 399 334 -206 680 309 1128 804 -621 461 561 -3 570 422 -9 -723 -221 -143 828 193 61 -1102 -969 -545 516 654 -40 357 288 -541 -269 421 -572 -390 535 222 414 113 593 -565 116 -545 400 584 157 27 720 522 211 -581 -680 -397 804 -1318 477 ]
[352 -300 253 -558 -747 -662 -243 -1225 419 -263 -573 -356 -47 625 291 228 522 639 -755 -163 -215 596 286 -59 -292 153 769 301 475 -1525 656 -153 428 533 -192 849 -683 -206 -331 126 -132 -590 440 748 397 457 36 193 277 279 -134 -332 886 657 -1014 -140 -536 205 -412 -260 207 -605 610 -539 38 512 489 576 -178 -1171 973 938 -773 190 -1123 277 -623 866 177 1018 -389 -70 -277 -451 -383 328 558 421 -253 1390 143 -92 1083 -451 205 -2040 -702 247 -739 797 -238 160 -321 114 300 -312 -718 -117 -482 1098 470 342 378 -1296 -1117 114 482 568 72 -110 ]
[264 -775 -7 -40 -383 184 -648 -115 -96 441 502 78 -136 -413 196 163 -350 480 -282 1477 138 -712 -603 336 278 120 -154 -295 546 -400 -163 -358 -771 -291 -642 -56 -209 -70 -308 -1091 -58 -131 371 315 -1085 561 -57 -494 322 145 1030 1536 -2 48 377 -295 302 -248 -273 -153 8 -346 -772 488 351 -463 -393 -415 -79 -702 395 -112 -450 199 72 -1367 -76 113 -884 1107 -973 158 -367 -664 381 391 237 404 62 -555 82 -830 278 -712 153 187 13 -441 -287 -345 348 -14 352 -378 -53 85 737 -651 -895 1257 595 100 425 230 -27 612 -576 133 886 -251 ]
[487 190 -892 423 1186 361 862 -627 324 867 -250 -401 588 -53 435 -33 781 405 274 6 422 -135 394 255 -154 647 146 -624 -56 -662 337 -515 471 236 590 611 -792 399 306 -20 -180 354 -522 1106 -117 -25 31 -185 669 -217 -491 402 -483 29 725 762 8 -608 -64 50 730 -99 42 -263 765 341 -91 -559 -785 211 -62 174 -379 270 1218 1668 -31 383 948 -479 442 411 416 -427 660 1619 14 554 -798 78 477 -92 682 -474 -170 -671 -1817 267 -294 48 -21 -573 268 -194 -272 -306 -543 -113 -278 -256 376 310 -419 -914 -292 581 -348 368 71 400 ]
[-293 -87 181 834 11 600 267 364 195 488 634 -490 632 -884 86 610 373 -429 531 952 -78 -443 97 241 724 713 53 -383 -59 453 -650 415 734 551 14 82 -183 9 467 -456 -455 -100 -59 -1234 -483 243 129 -601 128 480 31 -764 -371 -465 528 -176 -176 -227 -387 557 -745 207 66 53 612 313 -703 -635 -437 630 -221 -1315 668 -43 961 -74 749 206 622 -144 568 -249 107 883 526 227 1024 -736 108 319 -58 83 -756 7 126 464 -429 -327 140 -333 281 269 370 369 114 -227 836 -457 89 -1219 478 170 -965 -92 79 -200 253 178 -191 -338 ]
[-371 605 129 -469 20 -198 281 -477 371 492 -39 770 -500 -8 -353 -378 -1411 -702 -442 -492 396 440 -321 -558 486 -823 -675 -163 418 382 -278 -45 61 -701 -121 1106 152 -926 225 -92 698 102 -991 -388 679 -1314 3 931 372 -183 -873 289 -153 318 1051 -106 430 -72 397 -26 273 1310 -1228 360 -345 195 -705 -249 749 -676 135 491 -388 1118 -316 520 -333 -939 -426 576 374 -211 103 234 -561 180 -471 129 1018 -1776 -78 199 -277 824 149 468 547 672 85 -1255 28 -1417 626 36 -100 -180 979 -66 260 -151 414 416 310 306 -34 138 64 -1279 979 1193 ]
[471 -716 -213 1075 154 584 1054 -183 -41 37 -239 52 614 -145 -382 744 -356 135 606 429 371 1383 851 313 166 386 678 -66 387 37 242 -264 -226 -62 -218 -449 -644 -96 -307 735 1139 1062 306 468 6 1360 -698 -393 -575 -277 -489 377 581 -93 1350 496 -855 -485 -143 -824 221 390 130 -387 328 -809 577 -88 -650 839 -524 493 -374 -1631 604 613 -1085 29 521 766 196 -436 -189 225 562 463 -1008 39 -521 101 -60 214 388 20 -772 -540 1000 1186 696 -616 490 431 -20 -161 -302 -485 -528 -298 -473 887 181 -103 54 -554 -4 757 165 47 271 242 ]
[-254 -570 610 -1214 -856 -246 149 -305 691 753 402 -399 606 696 -237 -436 -189 221 323 486 448 -431 -576 -481 409 481 555 -655 -227 179 209 129 -282 -140 163 -807 -38 112 469 -6 609 940 308 895 -342 -99 -592 306 248 -61 135 -571 -387 734 -76 -754 -663 662 -441 38 467 -706 319 367 269 -158 -44 -220 -475 724 637 405 -336 -136 -481 220 -6 18 -1014 1468 666 -460 766 -428 1071 -47 454 -1168 -1049 -110 394 653 -259 513 -703 891 362 444 -968 -534 40 -774 8 -346 -542 -551 -437 238 694 625 -161 593 -771 -285 110 918 -271 5 1296 -120 ]
[880 536 -543 682 163 -12 12 -582 261 15 -709 39 13 1130 206 -597 -633 -228 1105 -1222 247 194 -815 -615 822 83 -706 6 -109 714 169 118 -590 -653 586 98 764 -551 -474 1035 692 -1208 514 -322 1606 -185 163 221 624 -160 -431 -819 42 973 -795 -498 10 -941 135 -330 -6 781 -705 2 -377 1450 250 40 -274 478 -702 -648 -393 701 -375 -894 -681 -497 -280 -1154 582 -825 -82 414 -645 -819 -465 694 179 1223 246 96 721 -250 -303 431 775 -781 158 -842 -144 2 -836 653 -181 1109 86 204 457 -990 268 1051 776 -166 51 -439 -211 154 457 312 ]
[293 1029 21 1624 613 994 162 1 225 821 564 352 -169 -386 432 656 -450 314 -110 -381 -368 73 -168 362 -215 451 -629 251 100 -261 35 114 -147 434 -540 998 732 222 -444 242 -99 -885 -380 -1123 117 59 445 248 103 -315 -509 722 608 -1184 240 -554 305 182 -982 -241 -444 -5 -658 196 -194 214 -534 -434 -3 -1221 -654 421 -503 875 -276 265 -219 67 203 -42 -455 -103 -578 -532 -379 203 532 1974 685 -58 -571 273 -300 -1024 232 -826 -176 -785 308 203 369 -574 320 -270 81 214 650 -343 1095 -485 970 -309 -1036 394 -272 -1184 -757 1111 548 203 ]
[-230 23 630 -65 -181 58 386 -614 -206 -247 236 15 74 -277 918 283 -446 54 -187 857 121 668 -787 18 1502 446 -616 -328 -188 138 -24 -311 -1227 -337 -248 527 385 12 354 4 553 -595 -936 -546 -34 414 -376 -576 -801 -215 -579 224 -313 599 585 -1180 87 167 -600 494 -208 1357 -1024 177 787 -295 -52 59 210 451 -148 237 -749 1197 -94 113 -844 199 1001 787 -681 -771 -791 34 72 -115 603 448 298 -452 309 192 -424 608 578 275 263 434 273 -715 -143 760 425 428 519 -499 386 -76 -152 367 1410 750 -620 -493 228 90 768 -932 503 512 ]
[36 -465 -453 -635 832 -157 -312 422 -205 234 1087 -1560 587 -59 -272 298 -763 -156 -787 -789 -20 -181 -203 720 -172 452 1030 1019 403 -192 455 1679 -505 548 878 -222 391 129 -72 -331 761 -78 -466 484 -992 585 46 180 -307 814 366 311 -62 261 -419 -146 388 734 -9 -605 875 -181 -60 1011 -707 273 -503 350 -149 -528 -627 -916 -708 698 374 -530 1078 299 -85 212 -282 -858 -140 151 855 -280 -458 -10 1557 -20 -197 -905 -35 -1114 226 947 -152 342 925 -318 -227 305 279 448 290 585 185 -340 -93 -652 -610 -270 -525 -21 300 270 -329 139 354 3 ]
[-378 74 138 504 1437 1210 857 910 -267 -842 703 -662 1122 327 -32 818 75 1107 -698 -231 -179 -759 -225 505 -566 -173 -121 433 -138 -502 325 -316 127 -265 131 -401 1052 1324 -298 -174 -3 478 -799 -431 486 -341 1108 217 531 -422 307 1556 259 181 946 -820 45 313 -237 -821 -646 -80 143 -12 175 -435 -199 224 595 768 -315 874 -515 197 268 464 -620 -260 -212 -732 -626 308 110 267 -100 -276 -701 625 -150 -991 -523 386 -20 -1830 -309 -408 -460 -84 1440 1092 482 390 -168 -105 -150 261 -184 191 615 -823 -836 -273 -297 355 -332 -860 -803 116 -931 -906 ]
[-43 433 -331 -227 921 -157 931 247 294 408 11 -75 -166 -152 337 -969 -172 41 -246 -488 298 -400 -395 69 69 -618 -257 -55 -1118 -960 87 194 627 430 244 1163 494 677 -438 -538 605 99 -473 92 212 609 755 1116 -146 -691 -824 -53 114 184 899 -410 741 128 -300 -9 786 -799 -444 -84 314 57 -1052 -119 -652 791 51 70 -113 1413 43 446 597 52 632 -456 -58 -556 869 -851 33 -805 -274 584 -18 -1418 770 304 -720 -639 -756 -209 -831 363 1005 -457 195 -406 721 -656 637 -754 -344 862 461 160 856 20 -1172 -35 173 -595 334 -683 883 585 ]
[569 -440 385 179 -1094 -430 -1761 401 418 505 46 1251 -1139 -773 -311 -142 362 338 -620 -186 -46 267 625 248 -789 -419 -925 599 -168 -564 -78 -76 -278 -174 -418 30 120 -272 11 -500 774 -200 -369 -593 1048 -158 335 665 333 -675 39 259 88 130 -265 25 429 -149 -635 321 -102 96 -383 57 -85 380 240 554 -59 190 258 1408 653 -384 -608 -691 -342 189 -405 -22 -470 -161 -23 -91 -762 -12 -505 -362 257 -576 44 408 -362 -361 -485 -150 736 -124 709 -201 696 159 292 -94 491 628 223 268 1072 612 -180 319 466 347 95 -662 -48 756 -140 390 ]
[130 312 531 -680 644 455 -536 363 369 716 916 -385 -6 83 21 163 -591 811 -260 -437 223 -67 -1032 506 293 -1273 -127 -290 -283 -871 87 -1020 956 -401 -218 700 258 -495 238 -1525 -154 -167 -693 72 -370 -467 -328 490 1042 484 207 796 36 -59 -53 -838 -20 -354 -1556 -1444 -635 -978 -344 -32 -272 -113 -1292 -348 257 -599 182 -286 43 667 -976 -248 100 -32 -679 -1139 -56 1157 214 -309 -575 119 638 561 797 -1453 -790 -461 17 -1028 -242 -710 -724 -763 392 -169 179 -1278 -582 -544 -1000 -29 894 410 120 22 724 -1080 25 -195 -556 474 -190 -119 450 56 ]
[1633 -564 226 -137 528 -228 691 -1101 248 26 -555 -296 -1023 1090 651 91 -542 86 -48 -1106 117 -712 -360 -152 -139 338 -39 -200 585 -114 421 98 -1706 -948 556 -865 -459 404 -405 930 380 -371 -221 376 -13 10 49 145 -676 -191 432 941 133 -429 -590 -517 51 -52 207 660 -286 336 -196 -625 360 -575 217 228 -121 57 19 308 -444 484 -876 221 -829 -67 380 755 -307 259 -546 -82 -494 781 -234 1575 257 -152 303 -495 690 621 -462 -8 -297 301 -44 183 -116 -348 -370 -784 740 368 -496 -85 -163 229 253 -58 1230 -21 -672 1456 -13 -893 279 502 ]
[-892 64 -772 -595 612 3 694 54 -709 -774 127 -1002 413 636 409 -1102 -716 -653 -652 -212 181 14 -661 351 -636 -97 233 -40 -189 -216 -119 430 -578 316 382 301 368 -70 -128 -793 352 -142 -274 781 -581 -194 654 757 -225 363 -408 146 -681 994 728 130 292 -327 -89 -576 1067 -200 42 480 -187 -231 -247 -126 -270 -548 581 698 -1109 399 442 647 -215 -184 -113 -485 216 109 490 -335 1189 302 -663 250 -700 111 329 -128 -221 -402 80 17 -515 -74 -475 523 -944 -635 -210 -430 -486 20 -255 212 -118 230 -328 -502 265 -453 136 589 -273 -358 246 91 ]
[-1487 416 -749 873 -554 688 139 -655 -627 -51 914 153 -179 -165 572 -283 -94 -123 66 70 238 324 -626 -442 708 -408 -351 66 -247 -1062 -241 -695 -658 -693 -346 -344 684 -612 370 -43 530 47 458 -226 563 -827 -1227 564 -770 -409 -620 -1851 -34 874 -172 -688 -175 406 -1002 -231 -582 1306 -320 -775 -1072 256 171 747 558 626 -168 321 -946 -99 -21 353 -1578 -17 14 -1196 134 318 273 -774 -241 -797 306 104 -394 466 -260 982 -333 120 380 600 -271 -1 -222 -135 -867 1114 -576 574 -119 252 -188 474 1309 225 671 452 -293 -4 -341 -514 -342 -415 -126 631 ]
[-350 645 -698 24 -123 448 -563 547 -912 375 -631 -135 -745 49 492 -1380 46 -484 348 -32 436 -492 -762 -91 125 -126 -1000 -79 -1025 -68 0 516 69 -799 -337 602 1571 155 606 -609 609 -668 303 347 216 129 -418 1036 -909 -237 -883 -575 -1082 799 -194 -1085 986 -375 -3 -214 275 517 -483 225 -271 36 -274 399 -418 1192 300 -616 -86 1304 41 -302 321 -636 -461 -574 418 -175 -88 -512 267 -1196 -155 -536 -193 96 841 585 -120 -42 -359 1399 67 62 55 -404 -1200 73 -304 11 710 683 387 417 262 49 566 895 -878 230 517 -228 -61 -502 1080 809 ]
[-529 448 -838 820 373 -86 -381 633 -990 104 202 553 -146 684 -757 -462 -1122 -1044 601 -158 398 -65 301 41 -966 -898 -951 -451 -666 -58 185 702 -524 -357 389 35 447 -284 625 -264 693 949 534 -775 -180 524 -637 -143 48 205 -1172 202 -150 598 707 -113 581 -593 -561 -1168 247 -851 304 -453 -1253 -553 535 -1148 -89 33 81 -907 -264 -801 -104 -724 -180 -1042 -736 -1636 821 40 -174 -113 -259 -90 -345 -329 -156 51 -250 1450 558 392 269 516 -293 -454 -24 -119 -548 348 -103 -409 -915 246 28 310 711 -166 -68 -565 -111 148 120 -223 -548 1236 512 88 ]
[423 495 747 405 1301 -1648 946 -658 1325 960 532 -243 -751 -49 503 -427 -29 -547 376 -1346 -308 572 -336 347 950 232 817 -803 -1330 400 -717 274 -479 1316 1309 -876 -723 -1188 -3 -221 825 172 -686 -847 -126 671 -965 770 -31 70 591 -1747 -75 79 239 560 406 359 -1117 -505 368 700 -133 304 -670 -527 433 -405 -540 420 12 -766 -291 283 -566 381 -194 653 908 -638 717 -488 -267 -472 199 561 698 280 -148 -1091 902 82 -451 914 559 979 76 344 757 -511 -104 566 121 -448 22 -1011 -239 982 634 955 81 504 -494 -362 -432 706 1326 40 -77 -343 ]
[-864 1503 309 26 -796 -640 191 -26 1055 106 778 987 577 -748 816 -55 -22 299 504 934 505 -52 -110 854 488 491 215 -253 -277 -197 -497 -717 92 271 598 -75 -608 -772 -743 -221 -850 206 -618 331 689 -753 -449 -562 193 -48 -73 -869 348 -939 831 349 143 -757 -676 1101 -30 1034 -353 -212 713 -268 -669 -1039 -161 -315 -52 118 555 -557 845 123 263 837 1311 -545 -594 -69 30 -745 -1066 62 674 -341 -582 52 -669 -357 -252 766 580 409 -868 -921 -753 -931 954 584 490 965 558 -554 -212 -961 223 -267 970 -171 305 569 -284 -625 138 1121 -884 836 ]
[-391 -540 -372 998 322 738 716 -439 -63 -791 76 208 48 -453 379 189 291 77 241 746 -170 264 1075 -130 -1276 -7 538 -364 753 -391 -193 -574 -694 -596 290 -886 -1063 -304 315 -906 -662 533 267 -537 -368 -232 -981 -192 -530 -137 720 -199 -186 -722 301 1137 784 402 324 -202 -434 927 -468 -504 249 -744 1014 315 -499 243 726 162 -616 -675 321 779 -855 318 369 46 -212 584 -292 -852 -259 570 45 593 161 804 454 -86 -41 356 1234 212 -424 890 342 569 -149 901 686 285 259 -431 201 -161 41 299 50 -175 415 218 -116 517 205 -744 -598 770 ]
[-490 -400 -1232 -840 978 50 149 -407 568 -23 135 -53 198 261 662 -7 -62 529 995 136 -257 825 -22 105 1338 370 138 -1311 -1602 291 291 -1044 757 302 190 241 -592 88 611 1028 -308 131 -836 962 1255 -394 -380 347 424 224 -505 -591 354 440 -141 -55 -45 102 -867 -1460 435 -32 326 -300 376 576 129 -729 90 99 -1676 311 376 -717 357 352 121 637 -328 -721 536 -30 653 -122 440 -289 -67 -1161 -793 -1014 -30 462 243 -826 85 109 -307 17 144 -794 -225 18 -293 746 -152 286 -158 693 -111 162 -868 -365 -854 -686 -436 -265 1141 602 -344 -88 ]
[31 -676 118 4 86 -127 592 992 128 -702 150 599 -978 273 478 -313 -1212 605 -209 375 142 -1120 -861 -856 -210 -390 -879 -619 -101 598 585 355 -440 -610 188 -588 345 1390 -148 409 -76 -336 -350 -436 925 -674 938 38 96 -415 -148 737 -499 278 196 -1263 992 696 266 224 -572 130 125 -567 2 -69 -389 -11 884 352 -797 -123 118 -516 -1658 -752 -607 -161 -1220 -287 -584 -439 114 299 -1509 -1057 -310 370 934 -951 -421 905 -543 752 577 684 925 680 473 -131 777 246 -141 408 -39 80 317 208 1 -434 -771 85 181 214 357 -194 -60 -606 -267 416 ]
[-286 459 329 -152 269 218 -195 -437 -397 -200 685 -426 266 166 593 -118 -24 567 -114 -1192 40 1010 -598 135 435 317 -15 84 -379 -1267 -691 -477 689 486 117 562 182 -635 245 -220 71 -510 200 -267 275 669 -410 0 339 485 673 -713 507 498 -679 -955 -403 415 -710 -781 -278 -182 -213 569 -84 -313 160 47 -11 87 799 116 19 394 -1196 -710 -797 -251 318 -39 96 -140 183 -183 139 185 1350 -589 124 881 -190 371 36 -1151 82 -389 -487 -192 588 -123 -892 -294 -191 -294 437 -267 840 -237 967 -110 312 -99 -705 -811 -1308 -660 1056 -124 182 -1426 ]
[424 -572 1064 -521 -702 547 -630 -766 -80 -564 537 66 -212 -561 -521 251 -380 -97 -727 -586 -906 -996 159 -530 -1060 -45 -875 835 756 -218 -1017 -222 -341 549 -494 -455 -917 260 1211 194 -710 -401 944 -1555 18 -297 -990 247 -402 -953 462 479 545 -788 -407 -433 80 633 542 -303 -94 827 -41 742 -1038 55 -361 1200 600 296 98 -532 -1164 366 247 -935 -83 -838 -264 1028 -320 19 -70 510 11 -1184 -27 500 -54 82 582 -66 -203 899 159 -877 525 515 296 185 -567 -268 498 1272 -102 401 245 962 604 881 1106 1166 896 -566 70 -1265 222 -1169 -409 3 ]
[621 -559 -56 435 -376 29 78 1230 -364 -342 466 -765 -488 -158 -586 -996 -1245 -548 -444 1035 670 -379 -80 513 806 -228 -52 -73 1026 -397 -200 791 691 330 -199 1184 -292 223 -155 -906 69 -10 840 -750 -692 673 212 660 -92 333 -147 273 57 1147 243 -209 -533 178 880 253 -628 -122 853 -585 371 63 -1757 -804 -254 952 -401 -405 -445 -345 -138 -402 -247 -678 541 -269 157 -502 183 216 -109 -1081 -466 1139 387 -477 -423 -89 -45 496 -695 -361 928 184 -48 -934 971 -123 170 168 148 -710 -229 169 -1518 129 115 61 188 -473 87 1139 127 -611 1869 429 ]
[-124 623 69 -575 851 549 278 -322 -297 -17 1290 161 979 31 624 405 -555 620 645 142 -39 936 -913 -288 432 622 -382 -606 -290 -63 -1 -347 -791 356 -320 382 -4 203 588 523 398 -338 -415 508 -315 411 301 -1287 153 491 -6 1104 153 132 1 -394 -165 -569 -886 -646 -86 -814 -302 199 648 -577 183 -1099 60 -1183 -218 409 217 -768 -558 -517 -481 152 -194 935 -1309 284 138 -265 1273 1896 690 -331 9 603 -890 -569 458 20 -318 -1017 -845 -515 364 380 -417 -607 -24 -515 -90 -452 734 -320 834 729 381 -827 -280 -828 12 -223 -485 209 68 -506 ]
[-28 183 -109 -410 -41 -64 -648 198 -90 -22 -714 -1311 162 563 -33 -685 328 -1168 -391 -398 969 -741 130 1103 -157 -508 171 216 158 622 745 1519 -205 233 626 40 -88 -125 -97 -322 -311 -98 -43 -470 -799 -131 439 35 -73 364 -384 -43 -43 227 -300 323 51 -610 199 298 239 1041 713 -350 1162 167 -756 -141 331 238 -107 -1496 116 259 737 -705 786 -326 561 -627 793 -295 -583 656 141 -308 -378 78 -443 582 223 -398 -23 -240 136 -263 6 -719 -601 1099 -140 435 394 -247 219 432 -833 -36 -1302 -345 271 -63 795 1128 259 146 -473 1161 133 458 ]
[93 111 -661 -137 1130 161 802 611 213 -976 448 -386 308 921 -85 -227 545 79 81 -1334 459 -69 -257 -314 -887 -479 -339 156 -28 -626 978 -427 -264 -491 1267 102 -136 145 -53 -935 524 338 -455 -98 317 -531 639 -68 1057 329 -170 167 -197 259 -112 731 480 -32 106 -230 -411 -1319 500 -271 561 -342 220 -318 -184 -323 1 358 116 -52 -624 106 -764 -530 -676 -1364 628 1024 168 -1360 -98 537 294 249 1 1070 -456 600 816 -541 -181 -346 -1039 -508 -71 842 -589 -180 -1112 -834 -449 997 416 151 214 -639 -725 -1643 709 -309 -229 -232 -48 676 461 -171 ]
[-384 -8 -1417 340 -296 -337 687 -987 -213 -254 -321 454 -89 -498 680 -1160 -52 -1011 145 -277 -288 509 58 -141 1152 721 317 198 -352 -321 346 -843 -25 -259 898 167 67 -61 648 732 -502 79 748 343 23 -240 -104 118 -242 312 -633 -1397 -509 510 -917 202 -22 75 -566 27 -684 -401 170 -1546 31 502 1107 -680 -129 1144 -705 449 642 214 639 1014 174 112 453 -1615 759 375 -467 -825 -811 370 878 274 -8 1609 -55 1344 -118 -238 828 567 -1449 -1276 -1419 203 -554 54 191 404 441 -350 -463 440 1195 -914 199 -574 -1123 -296 -853 282 236 472 -131 311 ]
[-685 187 764 -388 316 -174 -168 -893 214 274 -11 -284 1124 236 1016 926 526 -267 1018 -434 -460 12 297 -745 974 751 -348 -86 -1295 363 -147 -269 -547 635 504 -870 -181 -554 299 37 -108 -173 -987 459 764 -600 -38 -1195 -393 -444 36 -331 -392 -171 -834 241 459 -33 -1712 151 431 -174 -599 287 824 -173 742 -25 -205 733 -450 360 -31 -357 -59 165 -474 696 8 956 -371 -928 -769 -236 819 250 1003 -1327 112 932 836 -5 -509 58 297 61 -101 -523 812 355 -704 589 -180 539 -583 513 -361 75 760 41 72 -500 -491 -97 -317 -613 783 915 -712 240 ]
[-319 621 74 788 -439 -154 -961 59 -1079 793 -412 -1184 -973 -98 393 521 1109 -259 -1335 -478 -584 -96 -1027 187 419 -396 551 1197 392 -555 372 559 -366 -284 -450 -584 1052 66 33 -1103 765 -150 309 -557 -1043 1546 178 1015 -348 497 -121 -1204 -734 1326 -439 66 695 316 -277 -693 -363 521 713 104 -992 224 933 1101 -777 252 544 -396 -771 1471 437 -487 127 163 -177 -1358 170 143 -1318 -160 -31 -78 -382 537 34 556 23 -228 -178 -660 142 344 -533 -267 125 735 -419 1087 165 -332 -394 -1 -158 339 -359 132 431 899 -306 -149 -117 682 33 464 163 -565 ]
[722 -244 39 -137 35 -855 615 352 540 134 296 -264 217 632 -497 -1017 -737 415 -868 -593 -720 64 -217 291 -1272 -413 874 -305 -104 -407 -171 -38 821 620 -496 297 -379 352 -793 18 -35 -77 -72 468 143 1484 871 808 468 -205 525 384 611 313 700 -831 -1093 1075 -666 -1028 2000 -823 300 124 -352 -1167 -902 -41 -686 -737 828 223 -39 -457 -588 501 303 367 -333 -226 -18 -1174 841 105 79 35 601 137 102 -345 938 117 25 -717 -458 -626 362 562 12 -114 312 -1112 266 -1323 -1333 -700 -804 477 161 -309 -166 -203 -1397 -117 -70 -277 537 45 382 886 ]
[-381 159 319 558 -282 598 -1369 536 -531 415 166 202 342 490 -37 440 -37 293 884 139 -238 -594 153 -124 262 -786 296 -430 -232 -102 -753 -659 752 -135 -897 -679 -202 418 -868 61 -1088 47 583 179 -138 -622 -254 -153 856 161 -253 -387 676 -229 353 384 -272 304 328 -396 -690 -505 446 -327 -416 -40 750 -624 172 501 1026 858 -28 -1191 51 -262 -809 55 -132 -707 655 184 866 221 -734 112 221 -423 -917 150 -783 483 -249 -232 -926 -108 26 -689 -425 306 643 463 -131 284 76 -76 -1255 153 409 -461 -791 -344 283 436 -455 -589 -259 819 -189 -346 ]
[-660 -343 -21 385 242 1 -146 -332 720 -910 -371 -366 -669 104 1157 -652 76 -602 458 394 342 -273 -63 793 267 -902 -190 -368 -652 -293 136 208 -421 -719 -1 280 363 412 -80 -484 696 365 -135 -1447 1219 -202 957 1315 -243 -383 -670 -1063 166 -3 -59 -437 1015 -890 -549 -212 -734 233 594 -822 160 -196 -431 -170 -345 711 -716 -471 -286 67 -505 -227 -126 968 -140 -495 688 190 137 -80 381 -851 -1219 -447 -315 -857 449 171 -918 571 -108 552 692 1195 1160 387 -435 174 -1217 132 -54 365 1088 1084 59 620 980 -411 1245 -431 -24 423 1223 -568 -761 379 ]
[122 1279 -1483 680 471 -6 138 -441 97 509 97 -925 -356 -416 445 -118 230 408 400 -554 -561 814 256 524 -20 1057 50 392 326 211 266 -506 772 332 -84 1277 -1136 162 -198 -5 578 -491 -542 635 -280 839 448 35 174 991 -647 -565 -91 -535 549 132 -277 163 105 -605 961 -147 200 112 292 578 232 -570 -316 -1468 90 1410 678 -756 -164 14 567 700 -258 -574 150 -518 -100 -391 624 899 302 478 -271 1241 -433 4 274 -1172 157 -783 -77 -488 -617 100 -307 -186 104 -369 -421 622 -49 -696 -231 -920 237 -1006 -1137 -150 413 -1219 229 1895 427 1547 ]
[-749 613 1177 -314 -475 -573 -1193 5 752 82 770 -91 1257 389 -68 822 -433 -6 704 225 -895 -232 -506 -432 -156 -189 298 -1255 -668 513 -1439 -545 -16 1015 -678 -1516 514 -429 -156 -341 -1242 -1580 266 -82 -93 -163 -551 -570 88 274 948 -1062 586 917 -697 -921 -163 124 -1032 -825 -8 -317 -184 61 -396 940 25 -242 -1090 39 -53 -253 -534 288 229 -141 181 479 -376 359 -468 -644 -323 49 -974 -385 540 -61 -717 114 -7 -542 -436 -112 430 -218 5 -1554 -547 -1031 42 530 693 1048 -895 -350 -643 1019 140 266 -359 809 224 -489 405 79 300 -165 -21 -1793 ]
[442 582 266 208 -25 295 -989 1573 164 512 541 603 762 -476 -972 -290 -571 519 -859 -494 -298 -371 569 -83 -977 -951 650 790 562 -787 -310 835 1235 617 74 158 -134 62 -685 -277 523 913 274 105 -714 -216 -240 213 483 246 8 138 17 -457 734 367 -13 255 1333 -176 -55 -771 60 241 -914 327 -139 -20 139 -50 1158 266 126 -413 -118 -777 908 -148 159 -53 -342 -113 891 1103 -735 -283 -445 -498 1043 127 -667 -445 -504 530 -406 60 561 -40 46 -189 605 -409 1111 918 157 -200 -42 -720 -192 -998 -248 181 857 652 445 -308 -1012 -152 -120 -176 ]
[298 -245 385 571 327 874 195 -105 554 153 370 800 -1062 659 -684 96 224 -546 423 -872 -293 -522 -85 -536 -543 -754 -627 -631 418 508 -803 -204 341 -217 -128 -894 -391 -695 530 149 -985 -472 273 -405 1112 -785 -268 229 600 -482 1207 719 262 -115 -632 787 -552 253 309 -48 114 943 -428 -19 642 -1071 -505 -66 -71 -209 225 -360 220 -372 -166 -200 -474 -855 -709 816 833 433 -72 -131 -693 288 418 162 493 -490 438 -688 -113 117 -192 -324 -290 -463 362 269 -259 -1558 481 -1152 -233 274 -120 220 -83 -214 -424 -345 536 498 -734 -158 180 -522 319 -683 ]
[-109 -26 -24 -741 -747 -1253 -673 -262 -564 492 -1667 -653 -436 -90 -364 -402 168 400 -118 801 331 753 266 975 451 -232 491 169 -84 355 213 -262 -442 -556 13 84 -224 42 -367 -666 -186 612 108 58 -1356 334 -429 922 -816 -112 94 -976 -4 -171 106 151 838 -92 -68 -150 -214 276 -59 -445 -468 -420 494 165 38 444 623 320 106 860 27 -141 224 873 -111 -275 287 93 -69 -70 477 -133 -906 -27 -1019 -676 479 296 -308 -152 412 1368 974 368 -875 59 -207 559 17 -99 778 -310 -309 234 -330 456 390 394 -159 1080 -132 1504 42 203 762 623 ]
[126 245 -42 757 545 1250 980 305 9 886 401 212 695 877 230 984 -808 -186 321 326 11 -936 -15 -779 600 791 498 289 -276 -395 1230 344 161 -705 -106 -630 143 288 -85 495 565 948 -70 61 -707 475 474 -1305 182 644 -643 1308 -455 -671 829 -283 -643 -2 898 -471 -170 -1105 -823 -767 591 -752 607 -998 -448 102 612 401 418 -625 -441 -109 476 -1121 -635 1001 169 -355 -613 385 -250 756 361 -25 450 209 -805 474 750 80 -510 569 197 -87 -153 -4 355 -539 890 -500 -834 -719 137 -754 -357 -572 -406 -660 -873 600 -209 -172 -649 1137 1034 316 ]
[-585 -253 -270 -519 -575 53 -98 -747 -319 -52 87 -484 -300 190 -239 746 -346 -830 1206 1009 29 -614 438 -890 -963 -147 542 -54 632 -530 -672 -960 1145 113 -316 -53 -1309 -224 454 -15 -1616 -357 471 977 -297 -73 -1555 -615 -154 1349 466 -500 630 -192 -166 -86 -591 -38 687 -465 -238 371 170 -621 -257 -360 -155 -6 582 -370 1430 -628 -296 -765 182 -324 128 -597 -744 1088 116 691 -118 50 -1341 -104 783 -377 -428 732 -889 -156 939 598 487 -1052 -1222 290 -1212 -527 -775 -124 421 354 331 -266 -624 -472 -987 -191 390 80 954 -419 -392 -408 407 -527 -150 43 ]
[411 -279 -431 -220 -303 -248 278 -454 -88 738 503 101 191 -149 -1336 175 9 -457 233 812 123 -166 688 -381 -755 -25 634 184 1315 -270 -188 -235 747 -563 33 -259 -800 -847 -16 -733 -770 347 921 -245 -469 -376 -493 -105 828 538 1651 -131 212 -607 -149 649 -80 -68 1645 -440 -279 282 -466 67 -376 -14 -850 237 -74 -826 1223 -684 523 -2 -231 -424 500 -614 -850 751 598 249 189 -369 40 995 277 202 1117 755 313 -767 683 -322 447 557 182 463 -235 -78 -213 -154 462 -463 -381 -159 720 -531 -300 -264 -466 312 450 821 -234 252 -266 -270 512 -81 ]
[378 1493 440 -263 -592 -378 -1835 329 -672 152 52 -908 1092 682 118 965 416 632 45 284 -152 157 -1066 459 429 -115 -288 -266 319 -109 -375 -161 1030 318 -645 -93 1276 454 75 -202 -278 -1266 138 -765 642 499 602 162 484 15 335 -888 955 764 -1250 -819 -228 -681 -700 -1016 -714 170 1078 -132 98 698 -1162 -94 -81 -468 -114 -793 295 219 -341 -659 235 680 118 -1013 -640 643 157 417 25 443 417 273 -394 -85 -444 -643 705 -541 -501 -1073 -229 -1356 -205 510 210 678 -698 696 -1165 -78 -621 503 345 -311 -189 413 283 -290 -262 -297 -373 497 -1060 -781 ]
[-465 968 1034 -963 -286 -419 -581 181 509 -95 1175 -564 834 322 -362 454 43 192 172 -145 1 198 -474 -97 12 -317 536 178 174 -717 -1040 311 373 466 -743 -110 -87 -926 -579 -488 -47 -585 -410 829 230 -1123 40 -183 -161 271 263 -295 708 483 557 -673 -192 619 27 457 95 538 -926 361 -43 -424 -818 542 484 -568 585 419 -749 -106 -636 -1032 -287 44 -143 1668 -293 -1256 935 360 423 -454 -152 -1352 -84 401 -334 -350 -792 112 -260 511 907 868 341 -897 -40 229 -638 815 435 528 502 -457 -145 -306 -141 511 566 -333 91 -701 780 -900 122 -310 ]
[-1752 -195 663 76 -1418 1385 1094 -277 -216 -945 227 553 545 -973 189 -82 359 76 -857 895 -680 347 99 306 205 -36 -251 599 298 532 -398 -615 92 -87 -1252 277 1185 -500 -177 262 -497 -544 224 -657 184 -827 -124 -253 -974 -187 0 -642 22 -1253 135 75 -770 -224 -612 591 -605 47 -4 70 -45 52 590 339 604 -435 -362 556 973 -138 524 738 -475 25 72 511 -316 820 -645 113 -54 -499 1115 -692 -250 194 -449 241 -763 400 585 27 419 -562 -342 619 -377 49 -733 350 -523 629 388 -530 129 17 705 -1194 59 424 118 -634 -183 -267 -754 -253 ]
[244 -818 -767 -197 469 607 935 -1172 -397 1 -150 -745 -685 1756 344 700 32 -624 89 576 550 -90 -710 3 -693 80 -540 -295 791 -697 275 -748 -315 -98 -574 -225 454 -1147 68 45 -90 -560 -439 1178 889 397 -521 22 49 238 755 564 566 450 -346 744 -534 275 -112 -525 1277 373 381 -391 718 -538 506 52 129 -1354 56 383 -1013 -248 -460 173 -1232 -1010 -260 -422 31 1116 428 -1413 116 462 914 1533 -363 227 -60 -126 1026 -1371 29 -1234 -1367 -195 -83 177 98 432 -194 -1384 -643 -512 -1324 -405 -289 189 -393 -1089 623 -51 -388 627 -1003 215 224 381 ]
[-79 -254 -651 -11 -79 108 -688 -627 -509 1086 -19 -688 -290 -160 -125 -437 227 -31 170 -316 308 -415 -535 17 -645 -78 388 -1091 -217 -72 159 565 -1226 -52 513 -121 284 143 182 -933 -1122 -103 -152 -605 -950 -58 -444 -242 152 -485 159 476 -620 1010 -474 -401 823 4 -397 -444 1262 527 -1022 752 -775 -417 618 605 -226 108 954 -953 -1204 1124 614 996 615 -571 -293 -713 268 523 -408 -712 317 -288 -111 305 -561 -946 712 -652 202 -375 297 1577 -1000 164 126 658 -1063 295 -143 -1007 210 423 -402 1062 522 804 385 1200 -937 538 -361 442 -907 -561 1088 1353 ]
[165 235 36 -98 1100 -379 1108 101 -120 -1469 -102 -721 -725 72 682 -970 212 269 -95 -739 -94 857 -363 363 -148 -9 -320 416 445 535 820 -58 -127 725 1013 530 -247 293 408 444 662 -343 -251 -1392 -180 654 266 803 32 599 83 -776 -276 -347 -1187 1023 259 1046 1719 158 -732 -344 1080 -175 370 -231 3 -238 573 -788 -386 188 965 -57 -1515 -1090 343 532 -21 -863 269 1095 366 -123 731 167 135 1745 476 269 -604 371 -450 -510 735 -553 520 -936 -582 1240 359 -474 259 -677 -434 -621 650 119 224 -1112 -342 -1250 -335 249 -295 -473 32 185 251 -828 ]
[-349 -778 623 -1373 -658 391 -681 31 462 -54 -344 823 175 361 312 49 -762 622 342 525 4 -77 -48 448 -33 27 -227 -1029 -1311 294 314 -371 233 707 120 -351 215 837 -8 -311 -943 228 112 33 955 220 102 -179 216 -650 -407 89 537 -1230 -436 -177 736 -173 -1353 -208 1103 -1175 438 -17 -194 120 228 -618 -430 -119 -301 -232 186 -396 -704 -449 600 605 340 -672 326 255 282 -209 -752 -1004 361 -1008 -866 -1030 -75 566 -411 -464 -178 138 -172 -249 426 284 459 49 -359 720 297 -152 -1023 543 952 297 1 -964 -453 153 -492 -767 200 1034 -264 151 ]
[77 -328 68 107 -646 655 505 -840 -927 -68 -760 -97 499 907 168 46 -33 -242 374 996 901 -460 -433 -354 466 109 -338 -92 1002 -142 719 279 -525 -887 145 1193 119 45 -114 355 72 588 500 -983 359 -119 197 -384 419 318 -864 1126 -168 418 448 -771 -1405 -661 599 59 -816 243 -1062 -606 981 264 179 186 334 496 847 -219 -498 -118 421 -409 -1454 -604 3 979 -242 -137 296 1029 784 -385 -479 -327 -851 526 -891 440 1350 -186 -433 -309 -899 427 -583 845 225 364 -793 -536 180 475 154 -1553 -207 -341 995 1244 -189 289 -1157 -145 -122 215 717 133 ]
[488 54 -184 -1109 -209 -721 -293 -399 -180 -365 -648 -364 80 349 -230 961 -662 506 -587 130 -633 -506 497 105 99 -305 -173 234 -443 -318 -622 135 50 -660 52 -103 -1232 421 261 -493 231 -318 -680 296 -83 -278 1081 -87 -212 415 -662 610 399 -123 652 -425 -296 250 -105 -237 335 249 -1537 -269 229 215 -2 -30 179 -111 1195 1679 -120 861 -400 662 -95 327 -73 771 -315 -991 328 1103 58 1267 -1182 -409 445 -553 -184 139 -166 -41 -89 216 -109 689 -371 -238 102 -70 38 392 -70 141 -1018 175 73 -681 -469 7 -20 -80 -354 207 947 -433 -628 1508 ]
[-216 539 741 175 -90 447 -133 -71 635 -120 236 493 634 6 -1207 1295 -294 -403 727 -698 -154 576 -899 -469 155 -1180 -125 -709 1034 1037 -649 -374 576 -143 -302 -81 575 -1246 -270 -401 -779 -504 -456 -747 1283 -1237 24 -334 1034 450 441 445 560 370 270 163 -709 -231 69 -506 -616 882 -994 -198 380 -180 -253 603 281 -257 -536 -457 136 -679 159 -184 -599 -1062 -462 875 -159 673 140 521 -1339 -235 548 -136 1139 -265 -1324 -1052 382 -370 -374 -729 -626 -872 244 18 120 -669 -695 -364 103 599 479 -634 -142 -193 -338 -75 867 549 -774 -345 50 -526 643 -488 ]
[467 -368 -586 -415 757 695 139 -201 -137 378 16 -516 544 47 365 946 -659 367 1101 1019 384 68 -896 -137 417 684 -251 -1566 371 522 272 -123 45 -457 -759 479 26 554 47 162 155 -215 -494 297 153 1113 786 -272 215 857 -323 826 539 -385 459 -636 -341 77 -825 -574 -103 -1581 -453 32 1074 650 -432 -390 -613 -460 -298 -623 168 -978 281 -664 495 339 -766 290 -362 -55 877 377 312 672 -343 -176 270 -596 -938 -194 96 -1084 -429 -269 -889 -168 748 -311 261 24 -359 -965 -525 -93 201 -847 32 -493 252 -1196 -1146 -304 114 789 223 -259 263 199 ]
[-391 655 881 -184 435 671 726 -76 -244 468 692 747 240 -591 -526 456 -979 624 -645 -16 -377 336 96 217 -178 -480 -461 233 -479 -1013 169 -227 818 207 -1556 781 873 -231 959 -40 305 240 948 92 -75 543 -818 -194 -348 355 258 731 -250 -786 494 -613 235 -172 -584 -1154 -427 -627 79 142 -1314 -796 -521 -54 147 -239 931 -471 422 -26 -1558 -133 387 -949 -478 451 -486 355 -583 511 -444 -284 -418 359 724 -304 -750 -254 -273 -225 -289 -1092 486 -354 322 109 -487 -509 412 -554 -899 -732 617 934 1189 417 1559 115 -668 -324 -346 -449 -275 -880 59 -616 ]
[-234 -252 431 -731 -575 -830 -847 692 527 -633 494 103 -565 -737 335 -580 -20 -149 -256 355 65 -329 -170 758 -516 -149 147 -261 -1113 -369 -340 641 -217 65 241 -617 643 86 22 -247 -83 -293 -382 -427 643 -230 66 681 -14 -219 368 -276 -81 197 -202 -387 528 918 -389 604 182 702 29 374 474 -269 93 353 -582 -40 135 637 54 -26 14 -376 479 849 471 -63 -317 -98 57 -523 -499 -758 -388 4 -250 626 316 369 -1157 77 592 657 481 52 -680 -44 147 424 549 238 1177 -256 444 390 730 -35 -482 -17 255 724 281 -1047 654 704 -958 -310 ]
[639 -144 -238 808 -188 -124 189 -372 -39 192 -1192 414 22 453 575 647 -132 -829 155 214 -179 332 60 -546 -472 458 -260 -2 241 -154 600 -585 20 709 -493 723 38 -194 -92 288 -1258 -1448 -144 -222 523 93 244 -1086 645 -50 -671 647 192 -214 -70 483 103 -1306 -692 -564 -150 216 185 -175 234 783 300 182 -207 -1123 -146 -337 -455 165 -195 652 -1053 -778 520 244 -321 368 -597 -35 -1104 72 1278 1777 -388 1291 -199 -304 1152 -167 646 -2432 -583 -921 -1373 269 -112 115 230 66 -364 -52 -546 -203 -577 234 910 504 890 -730 -393 -656 -296 912 -130 -176 ]
[-1201 1182 -397 532 -963 -271 -950 -131 121 -566 -274 -116 -53 278 376 -364 34 60 -58 -1027 727 -17 -182 -136 1606 -678 484 581 159 207 -122 111 -109 -1051 415 -642 640 547 -1156 144 118 76 669 190 -45 -874 881 -286 98 -248 -830 -1262 790 727 -1053 -734 -276 -110 234 534 -78 708 34 -473 -493 455 325 -140 1091 372 -934 -453 54 705 74 16 147 334 -351 -374 378 -387 -153 -684 -328 -1335 -397 -800 -10 -315 -103 -186 -288 -30 -122 1207 469 -152 181 -252 -345 1065 -1043 842 770 636 -720 543 -391 232 -409 -186 243 403 167 -231 -289 136 -145 722 ]
[206 50 114 680 579 -209 -247 -409 853 -44 -230 1015 -905 -410 89 183 701 -311 874 -582 -350 137 753 -1181 -42 -491 -221 122 -1347 -225 -595 -691 380 995 210 -110 369 -463 -524 -89 803 -567 405 203 615 -81 -332 424 187 -557 734 13 444 469 -193 460 207 -97 769 -225 -57 -8 -548 -142 -451 435 -196 52 -219 402 -338 461 -294 -39 -778 -840 -79 -287 -473 902 202 103 -425 -1028 -315 -648 -520 426 148 -432 771 -80 -91 -489 -183 -1418 334 210 1229 -575 484 -192 293 -246 274 -143 708 805 -436 1628 -809 657 730 -409 292 -1366 625 -477 -369 -1888 ]
[-311 -448 -187 -105 -196 398 646 25 -105 -408 320 -116 -593 1065 243 -961 297 -243 -802 359 214 165 123 1340 -614 118 531 -165 -186 302 1422 598 -617 -957 -457 622 713 -297 772 653 -32 944 -65 263 -334 639 -1128 410 -539 431 -1056 221 -160 -728 126 408 97 290 -143 165 410 -62 762 141 -17 -1078 940 -471 -50 -220 -584 -436 -402 299 489 441 1170 -452 1089 -903 58 -350 -113 -441 -586 -254 653 -136 -295 -312 32 709 514 519 183 832 -312 -46 -142 0 -56 365 151 -316 377 119 -526 1 -427 289 339 -533 -466 376 485 249 -18 298 256 370 ]
[-709 304 -588 -674 434 -157 543 -803 -332 33 541 -395 -528 -277 450 -1025 -94 245 53 1385 30 377 -779 289 726 19 -332 -1301 -220 -516 -635 -140 535 181 -1244 734 -533 -24 438 -43 -808 -294 594 725 131 207 -87 1048 161 -96 -396 -765 -471 1159 859 -626 548 358 -377 -235 722 452 187 437 -190 443 -750 -426 190 -467 390 -261 -1170 94 100 -568 202 710 -409 -57 -144 -312 584 -557 404 -226 -244 92 -969 -507 1000 224 -748 330 755 -479 -126 256 -805 -197 -586 342 107 234 -275 -894 -695 470 -146 836 1352 761 -435 -927 554 78 -74 -782 127 100 ]
[-203 -51 -72 -3 236 83 -662 1122 -805 259 -250 55 634 510 208 -380 -2 87 381 67 675 -854 190 -461 -345 -353 -700 -359 -1123 253 -136 284 -1326 -500 232 -508 626 296 150 86 -326 90 29 590 571 -238 -318 -923 -394 -547 -792 -286 -381 1017 -119 -115 1063 -1089 210 -272 129 615 -177 -238 -163 892 240 42 -368 1195 -1011 -379 -989 546 284 940 -385 -743 726 -1360 475 -4 604 -256 -34 -695 -864 -633 -365 -583 -31 133 419 853 -912 1531 -450 1233 613 -1251 -160 715 -45 1014 442 546 -204 1386 365 64 -249 1207 1015 -373 318 277 -97 -391 342 -23 ]
[983 388 -1141 385 385 427 686 300 -681 -525 -75 -948 511 -197 -317 527 93 -641 438 427 795 389 189 561 184 1687 -8 1014 1337 -12 -128 524 183 429 243 599 29 677 610 788 95 -609 385 -246 -716 836 331 -1002 -305 558 -74 457 -221 -392 -403 748 -1138 -409 2204 364 -260 308 259 -649 808 734 -111 38 -526 622 -780 -646 494 -223 1317 168 -78 -712 1363 43 -421 452 290 379 458 653 -632 597 -240 1067 -1479 -463 1212 -686 -270 -207 -466 -211 -596 -96 358 -134 299 -21 399 -409 -407 -788 -971 -967 -289 414 -115 -467 66 -27 -662 363 416 -479 ]
[-89 -456 -336 703 -641 400 -538 285 -369 -268 -646 405 148 317 -108 721 -263 -270 996 763 -297 -246 872 -266 -338 452 244 560 -310 -100 231 54 -679 -62 631 -1646 -970 723 843 836 -889 769 425 -273 549 213 -1165 -1071 -774 -1002 -82 -106 164 -350 -826 389 511 -520 663 -280 222 828 703 -113 -585 -578 306 -262 -4 582 -483 -76 -1050 -993 -424 53 233 -256 -351 179 486 536 -434 -692 -324 -1040 -337 514 -249 943 -88 334 137 1242 31 103 584 426 184 -71 -479 1005 470 1224 656 108 -900 804 222 385 -271 163 759 270 172 -256 -973 1121 -567 578 ]
[-19 1172 488 -600 176 -649 212 -841 893 234 723 -456 955 391 390 900 -183 315 -146 -702 33 13 -409 19 600 725 512 -585 789 755 -439 458 -79 530 193 -9 -544 -673 -670 -190 547 53 -896 308 974 -805 1110 186 892 617 221 167 315 1099 579 -22 -437 -273 -647 -479 301 1584 347 195 1225 296 -673 -66 37 -767 -358 1204 -12 -523 -274 453 -864 109 -361 1703 -402 -1053 -361 531 647 1450 187 -622 -2 130 -34 -707 64 -396 -317 -845 284 45 142 149 604 -211 -140 -663 -657 212 -409 -1209 93 258 -483 165 417 -271 -414 -72 683 253 -54 317 ]
[-362 543 -40 14 835 -451 879 -336 390 -24 208 107 -261 383 -841 676 -586 -889 1128 -284 978 -52 714 -413 -234 -841 286 -294 -65 506 475 856 993 40 646 860 -441 -572 -494 417 60 976 -541 -852 258 -906 397 -256 268 841 -643 681 490 -352 405 951 -556 230 1204 -203 384 -392 -526 -1161 753 -392 355 -523 282 -93 869 8 982 -848 33 429 674 14 370 559 -185 94 320 1011 -70 -29 -808 -239 -99 -1155 -784 -414 319 257 -6 -113 -707 -144 -43 830 643 -272 519 -1051 190 -1058 -446 -7 173 -505 -841 -503 -246 999 -173 -893 16 -221 -167 217 ]
[-727 1310 -535 -269 779 431 3 224 -737 -76 404 -295 -41 -531 151 -667 866 590 198 -263 -54 319 -253 514 -258 -748 -22 317 -329 -138 -179 399 519 1136 148 1296 706 120 495 452 -596 -603 -428 -331 -66 -460 -571 1246 -552 197 -95 -492 119 70 -1544 181 -649 293 -747 40 -119 306 484 -476 -273 580 -1020 520 433 -572 -122 -204 88 692 512 652 212 1116 798 -1365 -302 1311 714 295 95 -605 -28 405 98 -117 -254 -447 84 -9 -136 -950 -837 -1216 -368 1570 -548 -111 -589 107 -142 -304 -714 503 893 14 697 55 -833 428 -337 -370 -1234 -175 -342 14 ]
[-268 -802 344 -567 -484 -1372 -353 -413 -758 245 -107 -710 420 374 -188 1024 -212 -817 -272 -165 -25 -589 -440 -449 939 -626 1354 981 112 -740 -83 379 308 579 131 -1468 634 -508 -543 -1 307 -479 194 1178 130 894 82 -87 100 539 936 18 311 1644 -506 668 -1142 227 -259 -1261 538 334 48 297 -462 -167 -25 1114 -40 279 -188 -252 -643 -149 109 86 -880 50 -283 1382 -150 -650 -101 83 561 -46 135 -741 867 -721 286 -559 315 -631 -492 554 502 490 76 -336 691 -58 398 33 -1605 -642 -985 121 -645 851 -1009 586 231 -402 -839 696 787 -412 -136 -962 ]
[-635 209 111 364 -882 947 -1440 -1397 -160 568 -387 335 38 -335 1099 407 -37 160 -87 57 -818 486 72 121 1205 -242 80 -665 66 -70 -51 -1432 576 301 -679 435 -798 -23 88 57 -810 4 -586 -98 -349 -224 -511 51 379 -64 -885 174 460 -195 -520 93 -428 -55 -1357 -745 154 0 36 -272 241 664 1267 -622 332 -695 -417 1188 -259 -355 546 25 -592 947 431 -508 -255 376 -636 175 -514 195 923 444 -424 -395 -339 156 76 79 525 -1416 -588 -1100 -410 651 523 -429 154 1332 -746 -174 -908 -494 -173 443 900 -494 11 -75 -331 -225 -217 1328 -95 538 ]
[208 -398 181 -128 483 453 -1481 152 -51 716 -180 432 90 -19 -164 -426 596 235 -299 -1071 -81 239 22 408 -62 -601 -31 241 21 -87 -221 -225 -790 -640 -132 102 768 -178 1 -561 -321 89 -173 708 -35 -108 -785 -69 255 -616 98 716 -122 -217 -154 389 949 153 -288 -320 647 119 -938 864 -263 -257 1311 19 -695 540 -285 38 -900 928 672 401 -28 -361 28 -546 427 -128 -68 -763 -626 6 -67 -575 324 -135 278 396 -115 -742 43 1190 -456 864 1269 -387 -582 227 -121 -183 1051 1132 -106 -116 363 47 105 -119 -28 473 355 161 -180 60 392 261 ]
[-262 924 -338 294 212 835 -875 -79 -363 -179 -176 297 154 -561 479 -581 -214 258 545 -113 169 285 -343 711 211 -125 -32 -235 -315 504 784 808 -604 -495 -113 163 1952 879 88 533 -32 -319 687 354 -299 509 -478 1353 -365 -132 -865 246 -523 486 -660 -795 519 181 -459 -1351 289 228 330 518 -585 441 290 551 -344 1177 -431 -287 -125 752 1198 159 890 165 -560 82 -533 -59 -1210 -612 75 -750 -685 175 -229 282 -99 119 -146 -1179 -15 248 -221 -505 -841 753 -770 -97 -591 -412 108 362 -483 437 1136 943 1146 907 -1481 39 455 -321 -577 201 565 -381 ]
[-232 -686 258 -11 1017 1123 1000 191 -688 566 -387 -832 442 1072 193 215 -699 -790 98 -187 243 177 -40 -332 196 -26 -189 -37 -591 -185 779 -431 2 -530 -248 -142 -716 -98 -256 130 -252 -383 -1523 180 -739 147 -51 -1127 117 -95 -884 454 -232 -570 1442 310 -114 127 -295 734 101 -436 -348 64 601 213 363 -800 -178 415 395 500 -100 -99 220 229 -1152 -1157 517 -772 843 -572 211 -512 17 799 772 1039 -126 1023 -337 1258 -35 -73 -197 -585 -756 918 1037 -348 -173 647 -456 -295 485 668 -857 -650 -485 -1392 -513 -1429 -154 -36 597 67 94 963 660 -226 ]
[-323 910 -334 463 -698 783 140 -437 -544 576 -750 -224 876 -23 -860 1215 294 -380 -464 -63 -819 768 989 -145 -892 526 208 793 -7 -105 -299 163 576 -259 -1298 719 994 220 822 1033 -37 548 591 -119 807 169 1 209 -800 -228 -1084 -405 198 -266 81 -468 -303 -245 -1267 -838 50 -371 547 -608 -1083 45 760 -92 -259 -815 -212 389 -471 566 -172 1328 1228 -72 -229 296 1047 414 -236 639 -55 -141 237 -331 140 1062 52 1135 -110 117 -95 -501 -433 -231 -263 218 -786 -891 197 703 -542 70 282 540 1005 -1089 1103 42 -757 -630 -91 -76 -515 -192 -465 19 ]
[451 -416 1072 -1067 242 -445 961 249 824 -652 -107 219 561 606 -678 189 -642 -124 -444 -441 -140 -24 -7 -210 -1158 411 346 495 113 859 823 998 -387 757 731 525 -153 431 89 -7 -417 -373 -554 -1175 523 -424 1463 -639 515 264 -209 658 -147 -367 -538 144 543 -191 1257 525 392 -1067 -589 435 540 80 105 -116 -473 -1020 -257 -295 399 903 -703 753 600 -26 336 1271 -368 -761 200 944 251 487 -636 -49 908 -375 -287 -584 82 422 -33 245 143 472 325 248 662 -1256 146 -188 381 -348 728 17 345 -458 -186 243 89 -435 456 291 321 -358 791 564 ]
[73 -896 1389 -585 -1064 -171 -734 -999 1000 -610 -816 -466 520 550 34 773 410 -177 654 181 -3 -6 -445 -2 1509 28 190 -157 -813 895 590 -564 -93 -332 164 -898 369 -624 -748 23 182 -23 245 -189 74 603 -246 -999 549 -436 -219 -703 136 527 -691 795 38 -870 628 -82 678 -222 447 949 625 123 2380 361 -263 526 83 772 303 302 -46 -334 271 650 -78 843 60 -455 -316 201 953 -423 449 -1072 -830 965 761 -729 -612 576 -277 394 1188 40 -25 90 342 828 -864 -76 -413 97 -438 293 -895 661 417 89 1298 -579 744 -299 493 176 -142 -521 ]
[295 -322 508 647 -476 -19 -1278 743 -371 392 62 460 -9 446 285 -6 197 -383 -521 898 463 -790 -52 435 583 506 -622 164 -723 -1013 1164 785 -996 -816 -284 -1100 2230 -460 253 -344 867 212 48 72 -294 -123 504 -79 -100 -614 -654 478 -339 588 -542 -594 -33 -284 -1187 928 -774 -1218 -15 14 485 421 174 641 -207 114 65 713 45 -48 205 -380 -692 694 565 146 -910 -327 11 -53 1028 429 467 -436 -455 510 869 226 255 -412 -373 626 182 -1404 -934 855 90 1168 32 10 82 309 378 16 752 175 -294 703 101 703 -550 -85 -1483 1618 -327 -684 ]
[0 -298 671 309 -235 1089 -839 -317 -701 -1282 -856 -610 797 457 368 1034 455 -388 865 551 -492 10 -386 -198 1012 -530 -359 -176 310 449 -1041 -977 816 -880 -1386 137 -36 346 -257 920 77 -813 -288 -835 502 -77 386 -682 -139 -196 -1196 192 343 -242 494 -576 -1057 -46 240 328 -515 938 -509 -349 1063 -382 701 121 178 274 451 127 -523 4 1141 -687 -703 420 708 144 168 -115 38 1426 415 347 -17 -745 -382 -117 244 154 115 162 -1334 -623 552 118 270 674 335 60 -519 721 131 520 -189 -477 -1317 -926 556 142 442 125 84 -641 526 -798 -1108 760 ]
[-70 159 -56 228 -576 276 -583 -452 1225 602 168 516 -501 -588 -290 201 -208 -588 -50 605 -351 424 324 -223 -1020 188 -204 -9 -35 44 -73 -704 -287 206 -854 -79 602 -746 -130 262 159 -446 -449 -70 490 -566 -387 247 -688 -893 141 242 62 -611 -71 -99 4 -417 -146 34 557 732 -657 -385 262 320 -601 813 -319 -1179 -396 378 -387 867 538 745 589 150 116 1546 -760 543 -234 -401 -235 -472 152 226 -496 -1303 455 -1124 311 262 -14 -713 -395 -642 -803 -608 230 -421 1782 72 394 -542 335 423 -72 478 399 1063 48 412 -348 -593 -641 -400 400 640 ]
[592 382 -96 379 1557 -134 -22 -263 -215 1353 -543 600 -130 931 339 502 -132 -705 995 48 305 -91 -422 -135 -146 -411 -872 -1065 -610 541 -304 505 -290 63 -107 -304 83 106 14 986 -333 -701 -1283 127 797 191 -79 859 1005 370 -94 745 757 328 978 -455 46 -215 -998 -508 -255 -137 -416 -229 715 24 -39 -240 -601 -78 -425 -644 143 -321 653 39 -389 -433 19 -390 342 57 376 182 -949 1303 237 505 -155 -527 -211 797 262 -1081 -52 -805 -1552 -355 698 306 128 786 65 -1145 978 70 -760 -312 845 167 -633 251 -458 135 -640 114 -157 1424 307 -672 ]
[-417 93 366 344 -552 -562 -1496 640 628 942 -140 575 -203 -791 -94 -495 1370 -478 -283 341 -622 -1658 969 560 -792 -862 437 638 -996 -1098 -205 -117 517 -236 79 -468 577 -130 553 -976 136 1191 -36 515 -400 225 -1120 1088 454 76 303 1 -498 511 623 -72 315 -1059 131 -62 -20 -290 1270 314 -900 39 90 -99 -848 1558 1033 229 630 339 918 388 993 -293 191 -349 165 421 -487 -347 -456 -398 -235 -1142 -976 -354 777 -116 -75 677 -738 174 -319 -219 53 -494 -363 907 982 100 588 100 139 503 223 574 295 1031 1078 227 259 27 -176 225 -507 -1187 ]
[283 1174 -297 -85 769 -905 -308 507 804 1031 448 521 209 -157 42 -386 -559 -425 -880 -235 -46 -404 224 1113 -675 -15 -64 -1159 265 935 -240 211 290 602 -433 90 -643 384 -19 -602 977 78 -1030 -95 -34 -887 77 1085 315 583 -648 -438 -291 -5 1487 -93 416 -644 -133 -590 496 676 817 -872 240 282 -588 -683 422 -379 119 889 836 -769 16 413 615 -75 -186 109 334 86 -596 762 -823 1541 223 -58 -480 -1285 -77 597 137 555 -280 114 -82 -651 -1474 -65 383 393 163 -148 -557 704 -1100 -263 -455 456 -138 -351 167 584 348 608 -154 1048 471 1471 ]
[165 -463 -111 497 14 138 -512 798 564 471 119 382 -391 -725 -488 270 515 -73 -620 324 339 -714 618 -31 -543 -720 154 336 -54 -588 -89 428 384 -250 -55 -1118 -568 -182 -637 -860 708 845 306 110 -274 -537 -348 978 1006 -569 533 103 -256 714 838 604 -234 -391 -60 -508 -38 721 426 228 30 226 -381 200 327 63 589 205 -150 -596 129 -661 -305 127 -949 309 286 732 -206 207 -547 290 240 -282 -120 347 622 -113 -459 670 -79 -506 1067 234 -770 362 359 736 164 854 -739 511 -486 -54 -1252 1271 -335 394 2080 108 174 42 -910 1001 -694 -412 ]
[262 -358 1129 92 -960 -596 406 -377 761 269 -248 -1098 400 -777 713 -213 93 515 -392 274 123 -484 -427 315 1842 802 951 -17 -178 111 -785 -657 62 417 205 -154 -640 582 -803 -1093 -237 -168 558 -442 -1227 51 295 -71 -162 -297 -46 -1718 -221 -1027 280 -658 23 -30 66 1073 -900 155 -329 -275 -10 368 -721 -62 -61 1131 -64 -135 -828 905 -700 724 129 468 887 616 707 -423 -110 -223 -34 -242 575 358 -616 -271 267 585 -1324 461 182 892 1420 1064 8 -816 845 -37 -346 787 838 -380 156 493 -15 154 503 250 -51 -242 -140 642 828 -500 565 177 ]
[375 1191 31 -80 1594 847 590 141 231 42 728 158 533 -217 711 -107 402 1246 935 -688 212 1340 -3 -330 255 678 247 -468 -802 -186 230 -83 601 608 -470 668 -14 -260 -488 1170 -99 -344 -139 1112 194 -247 -386 -362 -147 -37 -590 -163 -389 -336 38 42 151 996 232 334 205 -517 -294 530 32 819 298 314 -367 -8 214 391 -118 326 -334 301 257 11 838 -340 -500 -613 511 -149 414 238 -459 341 -718 1199 -36 -163 -355 -167 -148 -815 99 30 -82 175 -15 16 -153 653 189 -827 76 580 930 -17 307 540 -954 -787 715 -799 -699 -478 -201 -340 ]
[-42 -316 320 -1145 333 -163 203 258 144 -167 163 -67 -49 612 91 78 -161 923 -619 -769 -342 -826 152 -283 -460 648 -688 803 -277 -418 -235 -400 6 -321 1074 -1016 -1242 197 559 -136 -901 170 -1112 -170 686 -621 -29 -409 713 -300 795 693 -468 -1342 -89 271 -82 462 -434 115 161 -275 -90 305 -290 516 -196 464 22 217 316 -45 177 -652 -489 -754 97 -192 8 -1294 -74 -139 427 67 -1082 -302 386 -89 566 -4 -136 527 546 -147 759 -61 -301 419 1386 431 -465 556 -157 691 -381 526 -930 -232 497 -866 -966 -961 318 77 -567 -738 454 1140 -1328 65 ]
[-706 -1342 112 -295 -446 376 89 -79 -257 905 -128 -435 586 392 -412 416 -392 -38 -178 640 271 146 1083 338 -449 630 1073 1002 -233 -323 560 1115 -525 256 295 -933 -757 -184 -190 -528 -467 516 -271 380 228 603 -74 -1026 37 207 343 206 -61 -484 -340 544 422 -248 -346 -716 638 -377 90 322 -226 -1231 529 -789 -359 336 619 200 544 -1280 -854 -590 -383 559 -785 983 -87 -238 -204 -458 713 250 -3 -1082 646 1601 -606 -204 322 -503 591 473 -336 866 1151 419 -759 555 114 473 446 454 -199 -669 41 49 -560 -508 64 222 -821 259 -111 2213 -186 63 ]
[-712 478 -253 -290 -183 149 -280 69 19 -1023 -118 -100 -234 -195 1004 -404 -111 271 -160 -293 70 87 303 86 -396 282 362 -224 761 -309 -186 2 133 -800 -203 -103 275 924 -366 435 591 51 123 531 -391 -681 406 1556 -378 183 -396 -1176 -754 365 542 -575 420 588 564 412 -280 458 528 -112 -612 713 897 629 225 390 746 1386 89 -18 -343 216 -389 584 -218 -4 10 -261 220 -217 -441 -188 -405 -136 -708 -158 172 799 -248 576 -314 177 1260 464 -751 65 95 276 255 468 184 55 -293 179 122 723 -113 220 -224 -487 670 -538 611 -719 -128 609 ]
[367 441 -178 649 465 508 324 1158 -720 -527 601 -1082 547 658 -760 23 200 -488 -308 -429 -213 -1545 545 -206 -398 180 180 1139 -25 -429 430 557 412 216 967 363 628 -78 26 -121 390 700 737 -601 -586 -616 137 79 164 535 120 368 149 63 -595 570 -1200 297 23 261 -1086 -737 666 -547 -531 192 -699 295 558 -355 168 72 57 -59 61 73 -237 -155 912 -1391 1 622 545 882 339 -785 90 739 287 962 -289 -305 1244 306 -339 -1016 -409 -1230 -488 748 174 94 -262 568 -528 -114 465 565 -97 -1282 -812 -11 628 82 -543 -684 -938 26 -640 -763 ]
[189 -488 -314 230 366 60 39 94 673 293 566 67 -1265 -952 -680 40 -562 -222 -556 -644 -300 4 83 286 -13 -665 184 -73 315 -54 -432 -37 774 -583 -87 190 -429 -286 242 -464 -59 373 -509 -639 -801 -11 403 617 347 1025 882 722 -28 -579 -135 -297 -74 -124 565 -434 -374 -29 -389 221 -360 -678 -632 -698 230 39 160 -346 1323 95 25 118 1017 22 -384 179 -101 866 375 471 -3 513 12 125 1338 -1771 -254 -1220 -609 -221 -150 205 -136 -436 632 -575 370 -1353 185 -1289 553 -638 1567 213 -76 34 -532 -910 -446 422 253 1190 152 -1216 68 46 ]
[-598 -1377 429 -249 82 1395 -460 54 260 242 -47 -203 804 179 -452 691 249 397 548 555 334 392 715 544 -172 -600 1189 -259 -272 -322 -26 -1152 1268 -170 -842 -247 -225 -347 -451 -1046 -620 455 49 168 -734 -90 -247 -1206 321 98 46 -402 141 -991 962 -90 -422 -139 -37 60 -31 -1322 -443 -433 449 -323 1177 -193 354 878 1569 -173 741 -763 -440 35 19 -235 0 -263 1001 521 989 619 -2 -143 1170 -1307 -804 -577 -756 732 -377 -1171 -362 501 -135 136 899 363 184 637 -134 -746 153 -282 -154 -514 -246 -658 -377 -1314 -511 329 250 294 32 -409 -147 -234 ]
[313 -409 -615 -917 81 187 381 -264 -571 650 -134 -320 -1010 -425 -1122 -75 -969 -1038 -1143 470 22 377 -224 -131 -139 482 -512 617 1147 -347 251 252 793 390 -798 1459 -404 153 910 537 -1105 -234 22 -701 -137 -379 558 -214 -288 303 321 860 55 -567 138 -21 170 1031 1235 56 206 315 -402 -331 -170 -23 -429 -203 967 -1139 34 -945 394 443 -720 -914 593 -1735 -600 657 -238 -469 636 984 53 61 297 1305 823 -274 -561 -515 -292 71 1311 -884 -127 358 500 193 -588 -361 1815 -439 821 -647 38 203 -896 -1185 -92 -130 -835 672 176 -436 -173 -403 466 580 ]
[-510 -1197 143 -350 -1759 -28 -739 -45 706 -548 46 -1021 -28 60 92 470 9 130 -501 530 -563 -799 -537 448 672 -111 1238 474 243 -1020 -346 -567 775 -10 -462 -836 374 -366 -271 -676 20 -52 262 1066 -304 43 -387 633 -241 140 594 -363 328 91 119 -198 -90 312 -439 -50 137 -135 1008 624 86 -456 -286 434 -397 49 115 656 -644 0 391 -143 -338 1028 130 1205 -197 -244 520 -859 658 -802 638 -869 -77 -1059 878 -1143 -124 -180 -980 -139 178 -348 -97 -1025 615 -366 312 349 104 -572 169 237 -974 963 -267 94 303 -768 70 702 500 -1057 -430 172 ]
[132 -226 -235 65 1015 -420 276 464 211 -538 180 257 110 -33 529 364 281 472 -736 -60 -1067 -153 64 -3 -454 378 321 141 -130 25 121 191 -994 834 372 -443 630 882 -346 -551 -122 -715 -675 455 -69 -444 922 888 124 -61 842 128 -419 1264 -23 169 880 -156 -16 -268 50 -139 347 449 -260 601 -628 797 -482 25 -846 1474 -1063 1621 -216 1250 -131 255 15 516 -88 -282 -309 -737 122 183 -212 1231 529 -301 969 -488 -531 -1082 302 -48 195 -187 -20 281 -31 -110 769 34 321 249 -520 629 -14 365 -838 611 115 -648 323 571 -99 -482 472 -941 ]
[-654 -45 -385 -431 -982 -1291 225 -431 -156 -355 -758 323 -13 -203 162 -656 -139 -165 -901 566 -401 85 -221 -397 1232 382 560 267 -436 -1027 -749 226 -122 784 454 -372 559 -369 -332 -582 -233 -441 1580 1090 774 -30 605 166 -78 -508 786 -1669 226 1245 -870 -12 323 -635 125 109 -62 -306 283 278 -876 1146 -949 989 -483 86 -328 103 -1006 748 -930 116 -410 213 256 909 236 -446 -199 -1345 75 -717 -156 -303 795 1057 515 -752 134 -406 607 493 -644 274 -246 -454 -781 471 232 1020 940 340 -515 259 -66 576 -211 889 227 -575 -1387 553 759 201 -444 -775 ]
[-575 -413 398 -842 -647 -1157 1020 -33 -1579 -531 -180 -572 -310 264 -379 235 -764 -476 -269 900 454 -141 -934 -795 559 -111 -1055 180 761 -92 -514 536 -409 269 758 216 -17 -170 205 -482 641 217 -539 -343 251 225 -171 -871 -478 645 -126 283 -585 1141 59 -599 -727 163 692 587 -190 162 -174 70 265 63 -292 204 148 500 1020 -667 -281 -556 177 -362 -1164 -733 736 258 -298 -111 360 511 350 -153 -274 -62 228 -282 -333 2 103 458 588 48 -810 88 151 -243 34 103 565 -456 -132 -1203 22 -833 -467 -451 -45 -29 170 -171 -477 935 320 -20 240 64 ]
[1082 -233 -266 -77 840 141 723 372 -64 -378 -371 -329 -212 851 282 -622 -1035 377 -664 -778 230 415 256 363 -607 -234 59 278 581 -739 1059 -276 294 -1386 804 243 -201 -111 -781 -233 1110 402 -485 1433 -869 506 649 1190 315 435 -487 969 -502 -172 1285 -371 169 -336 -150 -440 160 -822 -4 630 740 229 -420 -319 -1088 -504 802 1654 -256 520 100 763 -779 -43 223 -300 -201 -961 234 -587 604 1233 -811 1078 280 529 730 -611 -73 -658 -599 -1280 27 234 147 -330 220 -235 339 -898 130 -65 -113 -708 -326 -200 65 -674 431 -264 639 801 -289 -18 670 287 ]
]
