[[96 643 -73 -328 664 450 -678 -82 166 193 -338 -103 -60 362 -120 -191 -136 42 -169 224 -604 182 -241 223 575 -500 -238 -1117 597 -30 -577 533 -502 -34 -389 -476 624 319 861 1106 -171 -33 38 3 618 -739 -601 66 -160 -181 -156 -429 157 -250 223 383 -134 -333 10 -101 640 30 605 175 -369 73 -490 -168 -340 420 339 185 -131 -117 -108 -71 -101 -173 1107 -396 1076 9 314 81 231 -421 -16 77 661 382 -368 698 -457 -428 211 -816 86 146 902 -377 -299 -342 -502 -591 51 479 -240 -170 -198 1072 -395 -152 55 -155 -49 545 -290 65 265 -399 ]
[-195 -676 -1 112 -48 536 276 -340 -407 686 -310 2 490 -627 -458 -91 794 -612 -265 -325 327 -30 -165 337 -177 -146 705 -18 -285 -209 588 -373 -255 346 266 465 -632 157 -379 65 636 520 634 -660 -305 -73 367 -637 279 -807 -704 168 -42 -229 -370 -345 280 -889 -304 -140 -16 42 -473 -332 25 83 -348 43 -39 323 -1361 -506 -289 463 670 405 635 309 -987 452 -1082 267 -497 -295 -687 -29 -64 -187 -441 -94 775 -48 -3 124 280 170 -565 9 -242 795 772 -4 -109 220 -178 320 717 -123 -60 -447 20 91 70 -151 439 -546 843 270 17 -145 ]
[-285 -44 -386 -401 -273 637 187 -130 -77 -1247 647 -300 702 -998 -15 611 -378 157 -523 408 50 256 61 392 -263 -46 724 -226 988 78 330 195 -237 337 -47 160 -227 -314 -218 -202 524 -1034 159 -19 -304 181 353 -134 8 -64 -402 -436 260 -383 -51 168 99 -1002 -217 -938 -139 -177 -220 -393 -105 44 395 -275 18 152 -489 -534 274 726 19 25 -98 -161 -505 227 -941 514 -15 379 -25 89 -400 -453 -647 -1055 768 -799 -339 36 98 -23 849 -370 -105 -23 322 -247 -496 -383 39 -94 136 -379 57 -385 190 -960 224 -360 -557 214 505 -158 142 213 ]
[-241 -9 -485 -697 -1115 810 -363 63 -436 -490 -227 -992 101 -625 -57 313 604 470 -198 -67 379 -214 -383 -55 -339 -439 210 -476 200 352 459 375 52 1036 435 360 -701 378 -695 -772 998 -189 42 -139 -526 87 209 432 602 -297 149 -105 -24 -409 -88 385 85 -899 306 -916 -460 -505 -63 -533 -113 247 762 -288 -39 -105 -626 -158 703 -205 -84 4 584 204 -942 -398 -655 -66 -884 548 199 214 -204 695 52 -293 455 -576 92 124 17 627 570 575 191 125 280 697 386 -827 496 -281 109 -224 290 -450 372 153 -107 -173 -333 322 38 763 781 31 ]
[442 -288 -145 354 383 -360 579 -84 -93 -516 493 190 312 129 316 646 241 -13 45 314 -473 597 985 91 -736 569 157 733 160 316 652 -466 72 631 -1004 -46 175 -119 368 618 239 450 -19 353 719 -327 327 241 171 -14 394 790 -113 -171 -473 -228 387 760 -441 -66 -421 171 19 118 11 625 -866 212 -394 300 -200 -658 -189 127 -89 -600 -131 170 -345 303 -104 725 -677 354 -192 608 16 -113 -247 -698 596 224 -136 778 -40 -352 58 -811 -702 245 334 -226 189 -142 506 -462 384 767 112 494 569 -508 440 506 -234 -364 -448 -851 -188 -27 ]
[972 -379 -235 203 -501 -755 127 -175 -342 16 -160 487 -499 14 -491 544 -220 -353 926 286 -13 180 64 -454 -279 331 -409 922 -990 286 291 -376 639 229 -833 247 -119 742 -402 -964 207 822 -1017 253 402 519 425 258 -120 744 -79 250 -217 653 -520 250 -68 856 77 -421 -91 -644 -1096 370 875 -134 -217 353 -501 -507 939 48 -291 -311 -63 -467 488 455 -288 353 -31 192 -180 379 -556 536 505 -162 -84 387 -91 864 82 840 -333 -51 139 -153 -81 345 -299 -364 896 514 -392 -879 -162 303 -384 160 857 362 -549 607 70 -406 -334 -457 -588 -841 ]
[256 -170 96 411 195 172 433 301 -857 190 690 973 -265 -202 -587 425 -372 -339 -509 232 721 159 77 -288 121 255 142 -34 63 -109 -1146 218 130 -773 129 387 366 789 -197 -637 -774 -851 -231 104 110 731 770 -605 -309 952 -765 -479 278 48 74 -41 -58 400 387 -801 -255 -63 -884 735 888 -880 -28 153 123 -130 876 1073 -542 -378 -826 71 -571 353 127 821 615 -583 1008 -550 469 -392 416 -577 -391 -469 199 -250 7 -478 -357 547 846 -234 -191 19 179 -909 -12 15 -1074 -26 22 -308 81 26 -200 -430 -260 -120 80 616 -77 -405 -150 137 ]
[906 55 -349 78 313 714 680 -159 -552 -517 468 1232 842 -522 -649 -35 272 -400 -995 394 -513 668 381 180 -278 341 -78 -989 455 -4 68 299 -55 303 -497 221 788 461 -136 1139 -162 -301 160 -582 389 -353 650 -411 -603 -411 -515 -582 521 -111 301 -23 543 -165 -702 -754 -416 716 -398 544 -389 -428 -38 128 -739 207 -201 -184 -585 882 191 250 -670 1148 -156 758 214 73 362 -196 -480 470 -400 -871 545 -817 857 66 -1179 -340 -534 221 719 103 -472 492 243 -536 -489 -286 -227 94 -475 -274 408 106 -249 -715 -61 -491 75 -409 37 -21 347 -167 ]
[-57 408 -124 403 -835 -81 140 479 -109 -44 596 779 625 -9 -479 -650 -75 -309 -311 -668 77 813 355 300 383 129 -339 -167 -343 -719 298 -54 -220 -350 708 -11 98 -298 -213 80 -25 41 151 -973 -1790 923 862 -910 -332 -600 -607 70 800 -433 164 -197 -341 74 36 175 -606 330 -382 -538 140 -825 171 30 -173 -57 -262 -503 331 615 444 478 -677 -171 -892 301 -31 204 116 -240 263 39 -432 -528 159 -962 6 -470 -189 253 -274 -56 -506 -341 -322 -11 387 424 182 74 486 132 12 -59 -231 -945 -376 -67 -108 476 -157 -286 209 223 -537 418 ]
[266 65 -124 -268 69 442 -463 405 108 446 276 222 99 -262 -227 -344 817 -142 -3 -207 -524 580 61 624 -28 -1273 -81 -363 -184 -373 897 -294 -374 -222 -629 404 -32 141 100 548 511 -366 -314 -849 -699 -1 413 -459 -475 -122 -863 -677 264 190 641 -408 -361 -357 -137 599 152 442 -533 448 6 -163 695 222 -189 -56 -724 -715 56 339 936 102 168 287 -556 -42 -509 936 536 173 366 -79 -458 -512 84 -217 -251 -76 -707 31 -364 74 -724 -309 -567 -62 916 808 -561 489 197 -259 407 -386 -43 -100 -810 -501 194 -225 -313 -462 835 334 25 829 ]
[-221 1072 415 80 62 155 -1188 130 -456 857 -640 -661 -934 564 -781 -445 24 -197 761 -135 559 142 -670 -421 866 -1238 -132 -837 -79 -228 57 280 -375 -516 203 53 38 -49 433 -455 235 800 -590 -683 -753 -112 -38 -596 96 -99 -744 -798 496 -539 161 -228 -477 -115 870 -455 -96 103 -498 374 519 -694 546 429 -66 -578 937 500 -97 -605 -117 -337 183 -1334 67 -359 1109 13 13 288 271 -1218 -214 -290 354 1308 -407 596 90 120 636 591 -457 364 652 -576 -29 825 12 176 -221 -99 34 -317 -588 818 -208 455 -9 290 70 475 -519 722 846 -363 ]
[666 69 -78 -52 180 -274 -541 211 114 -124 226 -68 34 -153 -608 11 -34 331 140 397 431 950 268 -202 -192 244 -236 565 -358 -650 689 -59 159 -438 -365 -115 384 -456 593 -578 -232 230 -224 -811 -588 864 1048 -87 -499 280 -166 -705 786 495 584 -799 -373 20 52 -235 108 842 -405 436 530 -797 351 422 -121 -19 562 -323 -640 728 529 -354 -72 -782 -261 -97 -650 1176 105 -8 -63 -878 -583 -1360 -15 -59 20 478 -434 90 -382 193 -55 -504 -692 -77 497 -18 -44 403 -31 -248 228 258 -84 426 -601 33 616 956 -507 -504 498 200 -235 -184 ]
[660 20 485 -109 814 -1496 -158 128 -988 821 138 -665 -924 645 -156 323 329 -37 840 372 112 -109 -271 -620 184 -893 -519 -335 -253 -157 254 271 180 -299 -644 53 -36 26 499 -250 691 764 -612 208 959 -645 702 -44 -181 -145 17 -175 -166 1181 170 354 94 873 234 271 378 -279 -198 850 242 174 5 329 -282 205 714 483 420 -310 355 -1083 450 -550 -93 -59 286 272 725 534 205 -754 107 132 -8 952 -172 1356 -469 85 343 649 -31 24 -321 -422 -866 486 -87 153 25 -420 135 187 -164 998 -345 340 -388 238 -88 -674 -224 180 605 -245 ]
[-865 46 493 15 511 -504 314 -378 -347 -920 -391 -989 233 -298 29 418 18 -304 -420 -340 -545 -488 -417 904 221 -122 454 -1078 55 300 98 -536 -788 173 -264 -276 -357 -193 733 709 1054 591 -13 -359 263 -944 -28 -310 519 -95 22 326 -130 -793 -907 199 539 -389 569 -573 405 -858 893 -46 -383 591 -972 -845 -571 791 -180 -446 417 108 -340 -480 611 -304 166 -232 424 -146 -886 226 -62 -1078 295 135 -203 -8 493 955 -67 401 891 -681 -275 -417 619 144 -1032 -571 372 -968 231 616 59 214 109 932 425 199 14 425 -11 -88 -606 -270 175 -701 ]
[-1073 11 888 642 540 -313 173 84 655 -287 224 121 -615 -57 787 -1097 -408 -172 576 -583 14 -823 -701 460 152 413 191 121 -443 -209 -375 -800 -629 -590 -84 -439 -431 -872 -398 66 -307 408 286 -373 -1045 -121 -814 103 566 192 490 168 -364 -199 -365 -489 -524 327 256 971 26 -118 92 147 -168 -346 478 -351 537 -374 664 -192 28 -758 -384 686 126 -255 271 -203 597 -504 -425 -73 392 -157 381 22 -589 67 -1145 -743 923 428 626 363 -179 535 651 -281 -536 683 10 774 -511 336 229 -506 315 -46 73 245 -270 -622 1 -859 -903 -214 -41 397 ]
[31 -102 -21 -337 761 721 -208 9 262 716 359 95 215 -70 -76 -64 -667 -362 -274 237 377 524 480 -235 -597 167 845 292 235 -494 167 -380 -81 -446 447 148 177 -934 106 109 -1025 -190 1324 522 -600 882 -130 450 -396 -723 177 -678 -246 302 536 -871 -432 -705 -1044 79 -292 709 -109 -52 369 -392 297 -89 268 169 -785 -332 -510 250 432 163 258 -338 -95 -133 -975 249 -344 -101 -88 405 248 -602 -555 492 -310 -629 -29 -135 252 228 -33 245 -832 159 87 51 -852 790 -470 146 593 -544 -140 224 -301 -411 972 -854 -462 -736 308 -72 -89 451 ]
[-199 -59 -397 220 -17 -38 -424 -54 232 -750 1176 275 597 -627 710 -66 47 588 47 692 335 252 333 705 516 1100 366 489 219 -380 142 878 -475 837 -183 -522 -236 -656 292 -479 483 -122 1198 112 -92 47 217 311 61 -388 -409 1016 94 398 36 692 42 -214 -761 436 925 -178 -215 -858 -252 168 -1227 -45 -170 921 -246 -671 -140 394 178 348 129 -742 19 -5 -817 1469 -1 -56 -128 -263 -669 -293 -1375 -925 -419 160 680 654 295 -933 753 -315 443 -455 873 -349 -84 -187 482 485 730 94 -385 -766 -66 -295 322 242 195 -757 1363 77 -1213 -855 ]
[560 438 -548 338 -379 -1139 679 61 -341 514 39 988 73 757 174 242 -96 206 -130 -541 -629 186 -21 -22 345 448 -803 21 -350 130 -293 -570 130 882 670 132 176 -26 -22 7 -278 136 90 503 89 -143 278 111 -102 -830 131 980 -222 717 -12 406 451 1356 -1278 563 65 -322 -64 -365 -3 85 -458 44 -253 132 -300 -336 337 -94 -157 -404 -302 265 229 556 605 -262 824 483 -24 1038 -4 414 -27 -187 -466 38 -147 -7 259 -958 -80 96 390 -203 -635 224 507 649 492 -267 -115 -3 -59 -569 572 687 -569 749 759 -385 32 -271 -745 -1232 ]
[-175 402 190 145 -586 -394 -977 -583 951 -1250 298 -53 342 299 -37 -192 -745 176 259 146 -346 413 554 62 242 484 -275 792 -258 -38 899 145 -20 15 -1091 -512 82 514 828 -214 269 151 166 -594 -943 361 -12 425 193 747 649 733 424 -171 -143 -422 -279 525 458 190 559 117 516 -566 -321 21 -30 -99 -234 -283 644 -700 64 606 595 117 -890 -416 171 -561 -134 809 -974 -37 -35 -527 -859 -437 547 -376 -253 308 -38 773 -500 -939 -115 179 -512 -411 232 147 -72 -877 236 -708 -460 366 151 -3 -27 50 -389 207 -889 -243 -282 -121 -271 193 ]
[-949 -484 1080 1018 1217 -396 204 -640 -437 937 -57 53 8 564 -529 261 -91 -1626 -25 -557 1493 -586 -135 -196 129 268 159 -400 -893 -30 -477 -270 -595 -885 711 422 -420 499 271 -538 -627 455 514 -421 -26 -94 103 -604 212 221 264 385 -836 -185 -768 -356 -85 377 304 -490 -21 -550 153 -328 368 -519 -365 -85 -149 871 -8 593 -801 -484 -237 -69 345 35 50 629 -15 -783 -528 -486 73 -339 707 -17 -1154 406 96 -173 1019 -120 475 125 -297 475 177 -202 -64 -624 -184 147 -1250 754 835 -526 147 665 -111 422 -1123 -528 -324 -633 -409 -512 252 -218 ]
[-335 903 84 304 -413 -282 -555 122 683 -704 23 -224 443 1050 -189 -170 -245 -163 237 617 297 482 1098 -869 -145 822 -939 774 -78 341 962 433 -108 15 295 -387 447 -257 606 186 -147 -226 -471 -691 -129 101 298 -117 -109 505 288 555 229 -106 923 -460 -186 842 321 518 -879 803 277 -348 -307 -281 303 907 437 -297 341 -281 -410 -21 -100 -929 -971 -1158 -17 129 577 408 -477 36 483 -297 -822 -224 526 -241 202 67 709 48 -644 621 -975 44 -1165 -1022 878 534 195 -398 1085 -252 -161 747 358 484 3 94 170 155 -519 908 -430 355 129 266 ]
[-60 7 -432 -304 -1509 480 236 -150 -179 95 -786 178 1 217 -87 -172 127 64 -186 199 -678 -961 -1000 -514 615 386 -615 -651 -334 337 -793 -505 399 812 794 111 -534 166 -1201 -171 -230 -314 -1152 142 640 -110 -876 76 -393 608 -373 -405 -259 191 -236 547 913 140 -152 -1108 -309 150 -188 78 -543 -571 886 26 425 -679 29 344 -71 -127 -572 858 57 647 552 176 149 -1469 736 -267 -558 371 283 299 859 759 -98 -116 722 -264 -148 687 -280 954 367 610 -339 247 693 224 112 -668 -1386 -419 136 -346 996 668 -435 -493 1357 122 -79 511 -66 -1219 ]
[71 -381 -198 -59 3 1127 -353 -256 -289 546 265 344 256 -41 73 -376 -367 -56 -75 747 -562 180 -93 1 598 -94 725 -56 399 -335 -609 196 720 372 -168 282 71 302 -795 761 -238 -535 -50 89 399 267 -513 512 -582 111 -977 -224 -376 143 33 956 110 -241 -552 -400 31 -21 -1626 873 228 -416 26 139 140 -591 394 -346 343 -38 -221 785 352 385 505 489 -203 -705 1451 214 165 640 259 -117 -19 469 -324 -195 -350 -345 -413 96 309 30 -5 458 555 -160 -420 352 -218 -746 -598 -415 -659 -356 290 -876 703 -624 566 -334 628 -335 -219 -362 ]
[-152 -986 236 297 830 463 731 -128 556 349 298 -394 760 -248 -61 -868 74 -241 60 -122 449 -409 478 -217 -968 528 689 1305 213 -742 626 893 466 -347 794 -95 173 -1133 -727 966 267 227 877 -544 460 292 -284 -23 362 -498 -310 369 -669 304 312 -77 -88 -575 -325 1676 -590 666 -822 19 -279 634 175 340 672 -163 -408 -958 -611 79 310 400 -234 772 -210 494 -635 49 437 -556 -907 320 -118 355 -445 -42 269 -407 244 -305 -360 627 -661 -448 -78 825 842 203 -858 701 -216 529 479 195 29 -845 -641 -568 325 -817 450 -508 913 641 -182 328 ]
[-255 -356 700 784 515 -918 614 504 758 -617 402 -437 -173 -550 982 -912 68 126 827 -496 153 -289 322 890 249 203 -471 -15 -4 -184 -758 -3 -161 -1305 -462 -592 105 -656 -267 213 -640 -187 -420 -323 413 -611 -55 -588 -51 202 1054 -371 461 -429 281 2 -707 116 378 887 436 -357 903 -506 -776 181 430 -253 38 -264 475 672 425 -382 67 290 100 -559 -49 -360 143 126 -178 -665 451 -38 484 15 -580 -791 -275 -618 -290 -136 -57 -402 298 -810 385 -621 -347 943 -124 281 776 642 343 259 107 30 -479 330 -848 302 -648 346 -385 -1024 128 1301 ]
[-1088 -377 8 235 518 267 998 53 678 -1103 -423 -220 369 434 605 224 266 5 -627 541 271 -484 -44 658 -452 846 -158 23 435 426 -15 61 -606 337 668 -602 195 -577 -243 786 -32 195 94 41 555 -88 -138 291 330 701 1209 348 -432 -117 -464 163 770 -314 -151 -496 -831 -229 1105 301 -499 -78 -239 -482 393 315 226 -623 -7 -3 -1226 -23 -104 678 -218 856 56 -504 48 303 512 -22 199 369 -848 -1428 286 -946 938 -268 -70 330 90 -311 649 450 -586 -631 262 49 16 835 492 -233 381 288 114 -842 -198 -369 -292 350 -585 -347 -254 -64 ]
[-406 -835 392 180 1160 215 -24 -528 429 -337 -808 -971 -40 161 332 -123 595 -121 78 167 -725 -604 -192 435 -62 -263 138 -139 425 260 173 159 95 -711 -974 -69 -418 -257 -267 547 253 429 -1069 -471 1527 -780 -231 -606 -260 725 39 481 23 134 -422 91 1045 -254 907 21 206 205 737 1170 -404 114 -467 237 635 -450 -162 -19 388 317 -255 -141 401 -182 2 357 -266 -101 947 -125 158 -583 217 -613 139 209 716 404 271 -259 -182 556 -1101 -1186 -669 1033 130 -243 -98 365 292 -282 35 415 -522 116 -395 -942 706 -158 -255 -215 392 -881 246 903 ]
[1063 217 -375 19 322 209 825 657 174 -1397 516 366 246 -1185 -127 696 22 250 143 802 169 -577 882 -427 -796 491 -416 296 276 634 26 1831 -39 -301 -809 346 363 106 -543 -1116 -669 -1072 -1098 -369 1506 -108 794 4 -517 824 -276 -307 -114 621 1361 80 331 708 -8 86 -291 366 -440 682 -53 20 419 760 -204 -963 126 694 -889 354 -270 -681 -410 166 105 278 355 1023 179 -550 -169 -292 -229 -489 -778 -37 541 -226 189 -766 -818 1017 611 -83 -995 -309 397 34 -456 -213 -139 -382 28 195 492 -342 -191 -444 405 -682 -797 1156 780 635 140 293 ]
[420 445 2 -249 -574 355 -741 -284 -87 186 530 621 -252 1239 -1084 190 27 -271 551 442 -21 757 94 -316 431 -672 -214 -115 336 -293 636 -18 -547 182 -744 -526 294 130 958 725 480 -229 -132 170 -145 -358 -721 -576 -724 403 -908 -692 191 42 17 502 38 -189 -304 -220 -14 631 -458 312 39 -679 663 503 -807 -67 1053 -517 -481 187 331 526 -934 -95 -169 695 -30 682 843 279 -649 -407 -1136 -703 49 -358 -109 113 87 790 -690 -504 -284 -229 359 -697 -164 -467 -214 -9 -355 -251 -364 -684 -709 605 -87 -1180 -790 -494 267 -419 -131 -10 -347 -61 ]
[-142 -150 25 510 -17 -605 575 443 -383 566 -543 14 29 408 -247 -99 217 -65 -777 -140 123 -464 -350 -267 466 28 -272 -715 109 -343 -285 644 -207 -953 576 415 -7 -646 -73 118 -456 730 -533 -772 338 939 853 -1204 420 -38 -689 801 -100 -328 -467 -198 387 728 315 86 -521 218 -126 856 250 -810 -862 -56 300 519 172 -181 230 210 -799 -165 -507 -638 386 488 906 -492 699 -542 257 -1286 367 -586 288 216 329 640 552 -450 236 227 -1327 -393 116 417 -450 -652 72 -408 -486 528 -258 341 -413 296 -377 279 120 161 319 768 28 430 -95 -530 ]
[27 546 -601 125 -73 42 1101 502 -165 -748 -642 696 599 -945 -676 762 351 -10 -938 -678 -373 23 -157 682 -627 -252 579 -790 90 158 282 -282 -581 325 -268 785 136 -589 -383 -387 -452 -452 -423 -814 68 153 885 -495 -221 265 -1060 -329 -97 -431 657 -403 891 145 -570 -67 -913 904 -1269 619 306 -258 -32 21 -666 -286 -760 -216 -1155 181 -326 -56 573 217 249 2 633 158 -380 -209 -757 337 -34 -757 11 514 629 -30 -309 -145 -212 241 -607 -944 19 130 13 -510 345 558 -274 -53 -266 -160 20 -817 302 -42 583 -91 586 349 1013 331 -113 -743 ]
[168 417 -82 685 27 -178 522 25 660 -1566 -281 -24 415 86 972 -595 -289 -12 -143 -474 -327 -44 283 501 -454 722 -283 -311 47 841 675 -133 288 -605 79 330 495 -1090 -451 -142 -17 338 -738 179 27 -364 -455 -327 170 -455 398 684 345 -774 -849 -320 177 1109 290 668 -1015 202 1278 -699 -719 133 -549 8 -293 338 468 -38 133 561 -291 15 -569 -37 454 -150 187 16 -565 190 -111 475 -54 -333 588 -905 374 -117 94 807 277 54 291 -132 133 413 -162 213 -19 -82 166 560 -329 590 348 -363 75 369 -407 481 -987 -365 -1378 -672 460 329 ]
[420 -332 443 436 -50 -59 614 -369 -715 -302 -111 927 471 -509 -49 674 -702 -1182 668 595 -120 656 650 -129 215 869 1466 645 42 -23 455 -874 -103 603 -747 450 -257 -219 -890 -120 -130 -430 488 344 974 -315 -106 -757 -179 -781 -1060 -448 -117 -346 133 395 380 363 -1229 -80 -299 126 -1784 129 262 44 -170 469 -333 -399 -509 -33 -415 494 574 561 717 -401 -39 746 -997 -237 -411 50 -709 753 264 -423 -921 -234 852 -680 -668 24 218 -204 315 -303 -579 -34 154 -445 -482 30 -690 -498 7 34 -287 -228 1087 -402 -250 -433 -57 -438 163 -455 -59 -603 ]
[98 -62 806 51 108 533 -208 -369 884 -594 -15 286 78 -896 325 -666 64 -83 326 -310 -799 -56 -175 517 302 -947 700 105 392 -249 871 -416 -22 -227 -656 -197 186 -487 -42 476 416 -812 -385 -894 -1100 -1074 -999 -520 -266 -688 -974 -1592 480 -662 365 35 -488 -519 4 538 300 558 -513 176 -660 -34 1384 171 -525 -867 456 -457 65 1231 891 1037 -486 -365 -94 304 -855 410 805 -301 -263 377 -518 -190 -28 -615 -303 -1553 -1010 -807 186 -232 72 844 549 -36 -374 507 -1586 186 -766 -55 -446 -264 370 -617 -123 -719 -27 -639 -745 -675 -180 349 283 908 ]
[-427 821 204 283 -16 -43 271 279 -13 -731 -284 -66 335 -756 539 -6 -983 -350 50 -1069 -261 -288 105 658 523 -1087 153 -559 262 -76 36 -101 -487 -373 1018 -97 -344 -343 180 -117 -327 -734 124 21 -984 98 -885 -405 240 -495 354 -533 -232 -1590 304 -257 -478 -376 -16 -189 534 -689 852 -1073 -674 555 1078 -507 24 -341 -1219 -148 620 390 332 232 -365 -90 425 -826 -16 -508 -700 132 -472 -193 -785 735 -72 171 255 -843 -288 -266 -285 -1026 22 -211 335 -1072 -409 586 -358 -343 248 -36 -713 -183 -88 -892 217 170 -537 -628 196 1010 608 515 386 677 ]
[679 -248 -272 528 727 28 389 386 -466 612 -457 -328 6 801 224 -613 942 473 -414 -269 716 671 15 -37 -300 483 -701 -531 -224 -110 275 610 -147 -317 913 -471 497 -300 627 85 5 1257 533 591 501 -433 563 -351 315 -1147 138 1253 177 394 229 -121 137 261 -357 413 -238 854 926 -150 -335 -267 -841 562 -303 1118 164 178 -197 -519 -159 263 41 -295 -439 118 594 141 242 167 -72 -651 -869 -100 287 -454 96 837 806 584 -150 20 -448 -493 366 402 -332 -4 358 332 565 784 756 626 -809 306 -853 141 -582 466 257 -693 -222 -264 -131 80 ]
[-225 -597 345 703 448 301 44 -42 193 532 674 380 -228 -566 93 -416 407 156 -257 -559 125 -811 -556 605 481 662 422 332 -208 -206 -866 -781 217 -654 605 -7 -312 -475 -442 -482 -656 460 221 -1143 -1135 1082 263 179 -223 587 -69 -63 -44 -716 -674 -933 426 -156 177 -388 323 -350 -250 927 338 -708 7 -548 317 -795 846 -414 -290 -19 -811 42 -125 -404 -423 738 40 -246 461 -1055 37 -380 343 -1045 -541 298 412 -266 725 -125 462 -190 259 -49 -44 837 -51 -182 225 803 -443 242 652 -356 170 -746 308 468 729 533 339 -555 -39 -451 -473 -220 ]
[-4 733 244 526 -784 583 -449 -318 366 74 -329 345 619 1185 -455 -225 806 103 19 206 653 382 67 -558 502 335 -299 -426 63 1181 79 48 175 17 700 -17 749 -344 688 426 267 77 -187 610 39 -1299 -343 -331 -1020 -798 -601 668 390 -877 473 309 560 -110 -408 -163 -802 785 -63 -528 -547 -129 -366 533 -698 120 522 514 -822 -142 96 387 -423 -858 133 687 423 -320 75 -239 -355 539 -366 -171 810 274 1016 -212 375 -73 -363 183 129 419 302 -561 264 16 149 -234 354 587 -262 149 -533 56 764 306 -473 472 594 537 -741 -182 343 -473 ]
[70 81 404 -541 -766 -40 -1376 657 943 221 -748 -291 -448 494 69 -631 -605 102 1116 -511 53 147 -33 -64 691 274 193 1705 -701 230 814 -103 339 -941 -60 25 -321 155 -524 -1105 -347 206 -656 -87 -1176 1838 278 657 -42 28 441 590 -293 90 116 -255 -394 845 302 1324 -8 -551 -186 562 1066 -291 295 -269 581 -1593 557 -480 460 106 450 81 101 -664 234 -419 -569 122 -386 208 557 -156 -186 65 467 499 -707 -413 -78 133 -548 -452 -625 -228 -261 -300 202 472 75 148 -425 -462 -29 362 -440 -569 324 601 257 445 -1028 613 -230 646 -656 272 ]
[-279 -528 557 85 154 -379 876 694 -887 406 966 -351 -482 -464 1172 -359 396 846 361 -249 1062 -1005 -248 -937 -428 -74 202 762 505 -424 -216 70 350 14 91 -55 -651 -78 -455 -273 85 427 -749 223 473 370 162 848 781 293 912 81 -618 -151 -1102 -535 16 1148 874 -188 -660 431 330 -1 -122 612 775 -33 1080 12 502 364 419 436 -90 210 -861 258 -492 -1022 -167 -251 -153 -257 -246 -202 -526 1134 218 44 363 -307 837 700 528 1481 801 125 -656 402 685 740 -573 -525 -403 -118 -205 217 828 3 -141 -331 661 -393 487 -243 -1004 328 1172 1131 ]
[-298 258 216 -53 233 161 -106 -13 1091 38 981 -995 45 382 327 391 -242 1380 74 11 -281 57 -14 -386 228 -553 15 649 1077 -699 -637 549 -125 -269 559 -308 233 -970 975 302 -504 -1699 1 -607 -337 -313 -330 235 300 -52 -1014 -600 56 267 1032 238 -1285 -247 -123 585 418 790 -778 292 -212 348 763 536 417 -92 838 -567 539 -499 -407 94 -1054 -1548 946 220 736 361 1330 131 604 -996 -858 -304 -455 -173 -626 -1069 5 -864 324 -335 -387 -34 964 -1418 -156 199 -1395 194 686 -472 139 -40 82 190 -451 -471 636 164 -571 917 448 -302 -72 221 ]
[255 -356 -182 -494 761 858 -260 43 -583 -200 -751 -913 156 181 -583 428 988 85 -699 436 658 518 398 214 -191 402 947 -506 215 -36 457 933 -230 964 -222 638 387 -430 131 573 -155 302 81 -43 1689 -204 -99 586 142 305 517 -25 -609 -222 105 396 1128 130 -682 -283 -34 333 -19 790 -19 62 314 -207 -625 403 -288 -515 -759 -65 -231 138 583 738 419 -492 -366 161 -421 9 -374 -75 143 -595 -381 404 -120 -245 -336 -288 -401 -541 230 -616 741 -109 421 -101 -257 -363 -486 673 -138 -338 -522 962 -412 -342 96 -366 265 -240 369 277 550 -696 ]
[-97 664 45 -248 209 84 -425 -732 461 47 -1919 438 -733 770 -1331 -241 -225 216 787 -68 -67 -488 -1431 -1178 128 -969 -701 6 -496 232 314 821 292 1011 -466 227 465 978 85 5 501 1150 -843 -766 164 -1139 -724 117 98 -397 386 -218 288 878 461 17 -185 -144 537 254 960 317 -383 203 60 -342 781 913 -219 -1282 748 10 -427 731 1086 148 -53 984 373 -229 988 -139 571 767 -347 -490 -65 490 921 1330 -207 123 -753 -1162 204 281 160 1787 796 492 -244 440 -755 481 -1214 -495 -570 -699 -404 328 -284 17 -368 100 266 878 -203 894 915 -553 ]
[-790 916 670 -270 266 -831 -10 377 -402 -574 -83 -1191 211 345 -218 129 -1275 -772 861 291 243 -917 -199 42 -6 -550 -141 -381 -592 403 188 -133 107 25 369 -71 119 -231 347 -593 309 -108 -117 -906 -647 -92 57 444 -410 -45 632 -673 -772 102 253 419 -311 375 679 -431 -427 -871 340 -768 36 -13 1 95 -800 -47 531 -47 564 391 -63 -625 1445 -979 333 -139 63 175 -901 641 130 -1226 -328 676 -594 734 427 969 55 -9 -390 741 348 514 -801 -1431 -471 -10 386 -531 845 -190 -128 210 484 296 578 1258 -81 297 -856 498 -497 299 359 -740 ]
[-1295 -219 1106 831 729 -378 213 -574 378 -403 -123 223 -523 -73 -67 -95 -956 -908 602 61 834 -819 18 -394 -251 1257 1049 744 -66 504 -406 -148 541 -52 -469 706 36 -392 -1019 -208 -798 181 1160 325 291 -22 -209 -149 622 -239 271 284 -500 -256 -496 -105 -387 -115 547 12 -187 120 -913 298 307 137 -24 287 366 -224 423 651 72 -1376 -744 80 482 -198 134 313 851 -1274 -945 69 -103 352 572 -367 -442 571 200 -273 -29 -151 759 692 325 333 -48 -640 310 -497 594 1085 -478 71 -372 27 -219 -189 689 199 -363 -360 260 -294 -677 -1158 136 433 ]
[204 -254 -693 -147 -462 -744 623 662 -1175 142 -327 -689 -839 226 240 105 -372 1045 -169 -1589 -151 -354 -311 175 -1088 -282 -257 431 9 124 -746 -446 678 -66 -98 523 -746 225 -423 -586 -63 268 -259 819 380 407 160 442 895 -89 949 1438 -369 311 -180 564 -150 952 185 1275 60 -1176 -479 -465 671 -40 -384 -136 160 -215 -345 269 728 -1256 -682 -815 649 -43 228 -672 446 -825 -487 639 500 585 1340 530 379 501 109 101 -38 348 -496 50 186 -682 -230 439 -643 117 1069 -493 365 -174 -197 614 -114 -9 419 845 277 778 341 1119 150 -609 353 7 ]
[18 -723 672 -576 285 672 -368 -228 465 -594 98 178 -145 -1157 579 -602 674 476 -308 -111 220 -267 -980 -766 -92 312 -47 533 -388 440 -340 157 355 -77 776 -471 -357 734 -632 -209 389 -1199 -917 -431 -164 -124 146 443 269 448 -104 -506 339 534 1044 -107 -965 -1007 781 322 649 190 -370 692 33 391 562 -284 1056 -465 140 891 116 -413 -69 79 142 940 -99 -572 236 -923 398 -25 552 235 -119 983 1132 -210 -8 -850 -173 -894 -454 1399 868 776 89 11 608 231 -278 -187 -466 253 -79 321 1154 -95 -781 -256 491 -483 -222 999 -207 723 615 950 ]
[-438 470 -348 -790 39 69 -304 -569 655 -364 -255 -1153 56 393 132 940 -527 825 258 -385 644 -224 103 -788 -663 -1033 179 -359 1068 -32 -36 1333 57 -512 377 -498 48 -1217 213 -29 -897 -445 117 287 422 373 -625 329 252 -141 1622 -467 -298 9 -76 663 -8 -584 314 -252 -394 -90 1681 -346 -350 486 -6 -657 0 250 -43 79 1538 740 -298 -897 -108 -491 171 -740 -395 139 -380 877 -344 65 -231 423 -306 189 -229 -466 -49 51 -233 -27 -145 -1102 115 -458 -959 -773 286 -898 401 403 -528 -242 -457 -228 -1256 -1017 1220 263 -1020 365 34 -29 939 614 ]
[-534 505 -262 -584 424 -868 -483 -54 1096 911 254 38 195 928 28 -1480 -642 494 32 -527 -769 28 -239 608 142 428 -447 772 96 -775 192 -360 -183 155 -744 -924 751 373 845 929 -37 454 884 -968 -573 434 662 1023 51 373 966 661 463 1423 354 -216 10 633 -648 1861 564 531 358 -249 -30 -167 -562 -187 968 -466 913 -720 16 240 76 -455 -293 -508 389 -567 884 590 551 -165 646 0 -1183 326 679 -196 -929 420 -569 -266 104 -1008 -879 212 -133 166 530 1121 -30 373 411 425 525 27 925 286 -941 688 -289 584 -296 82 188 249 -980 -549 ]
[263 -30 -173 -114 541 -820 7 -273 -802 170 -346 -371 131 984 1025 698 1046 1107 -432 -313 -75 -18 101 -490 -315 341 -656 678 -471 374 273 -284 892 1384 1080 244 -128 -290 506 -771 596 840 -211 580 531 -255 28 1178 -369 61 749 906 -388 970 170 438 1086 1195 -242 55 111 168 653 115 -188 722 -624 399 469 449 -175 212 -122 129 -640 -796 91 -162 192 -491 -281 -371 347 90 -96 1080 -608 1094 756 635 406 273 797 315 488 710 548 709 -620 182 -268 319 -205 293 841 -522 -91 316 266 -513 331 451 342 93 324 -797 359 71 17 -632 ]
[-665 -735 619 50 593 -391 -123 -621 0 232 -644 -849 -50 -14 106 -280 24 -134 1049 -125 475 -609 -947 -145 371 169 687 650 215 444 -72 -1420 -117 -20 604 -628 -273 -524 55 -250 233 -690 -114 -387 899 -382 -158 -267 601 224 -78 -519 -384 -341 431 -75 -56 -1146 -396 -301 -274 -32 -631 -203 101 621 794 -174 1078 -980 681 530 -425 -816 -831 206 700 -847 459 367 -37 -800 384 -194 -343 157 -310 630 -102 -49 200 -929 377 -560 -318 67 110 -722 935 -789 -1 9 -26 758 -184 95 312 167 603 -349 1118 647 -584 -160 985 934 10 -402 148 -996 ]
[-159 735 -677 571 -70 1113 236 276 -429 -306 1035 -339 573 -104 558 338 -112 201 -548 566 -244 407 249 -284 -143 -36 -284 -339 295 604 -299 -142 -81 554 681 -134 132 111 731 275 213 -1160 -546 281 -45 -67 -473 700 235 756 -774 305 -798 -449 -71 -85 -213 975 -66 -627 -305 87 -281 -501 -80 163 130 472 -127 711 743 -185 -611 -285 -877 -671 -332 -217 243 80 1133 435 292 694 903 868 345 432 -288 -183 -938 -192 1844 582 645 206 363 504 -20 -75 927 89 -562 -879 164 -522 151 115 205 582 343 -831 946 239 -684 -57 -1019 19 324 -653 ]
[-789 -770 -23 407 -1112 110 -393 -202 -1 743 -628 395 250 583 -555 -774 665 -342 22 40 222 789 78 178 430 47 308 628 141 -419 256 -487 96 5 -409 205 -589 820 -173 386 -89 -394 526 -190 -763 309 28 -1158 570 341 -871 516 495 -635 -401 -435 -243 -455 369 743 -288 1070 -213 -163 945 -580 -821 375 737 -169 -692 35 -415 -151 364 1122 -275 55 -722 978 -750 256 -50 -328 -135 319 -7 -257 433 -812 -225 -605 278 179 -1062 -50 -1205 -1096 -290 -227 1376 -604 226 19 -141 128 22 382 -231 -833 -168 -539 -13 202 363 218 528 -426 -300 864 ]
[-805 -458 494 652 386 -871 31 83 283 -779 194 88 565 -721 1274 -9 574 -38 358 912 232 -25 296 199 632 1369 -553 -89 43 469 -637 757 -129 100 -871 40 -28 267 -298 321 -163 98 -603 -97 1496 -376 865 390 -217 723 230 624 -59 741 124 954 14 884 -24 43 303 -400 -204 688 -507 533 -820 96 277 686 823 235 290 -403 -442 -538 601 -890 430 -114 652 -326 -356 -313 360 796 460 480 83 -115 -275 542 304 -263 292 -383 205 -324 77 -925 260 -147 26 -557 366 570 -376 426 -274 454 771 -119 -1184 -150 -185 275 -764 -509 -353 -121 ]
[590 980 -341 -42 -923 1373 -558 664 -691 -217 -429 43 212 -274 -232 201 346 10 351 73 -420 657 -116 842 909 -331 731 -374 790 -124 -363 295 -1714 1333 -355 -216 -145 391 300 -113 602 596 493 189 290 -16 70 148 498 -499 -588 242 529 -1966 -546 -202 295 9 -424 -1307 -209 87 -535 -793 332 624 -497 -262 -290 122 -818 -414 -357 -505 63 1228 73 -49 348 -261 777 628 -1035 -48 -47 -960 -401 125 360 -554 565 -165 33 475 480 -926 125 -299 1584 -235 1074 635 -633 -1268 -104 -288 462 -200 -1023 564 1236 210 -483 0 -51 989 -751 212 127 -632 ]
[-399 -1328 959 -551 279 -313 230 -352 482 853 783 -552 -77 -107 211 -84 205 -643 521 73 -1 -358 -217 366 56 -1360 -208 -32 -567 -875 -218 -509 -601 -1429 235 -825 -686 -768 450 656 652 -731 -61 -222 287 -812 -807 -1347 -687 329 -341 -1218 95 1038 112 124 -1193 -1661 456 251 1208 -218 43 -327 -416 629 342 422 49 1192 -622 -271 874 359 1140 488 471 173 -355 238 -1017 584 1181 -564 -82 -741 734 37 -1107 -176 -827 236 279 -333 720 -348 -1424 -576 -27 275 -290 -582 -151 681 -63 512 502 -266 -576 612 -678 -501 -361 -197 252 -380 416 -310 -1168 953 ]
[-537 -570 -374 -1191 474 1069 -805 -1079 540 338 -242 -534 417 -187 -186 620 -431 -268 49 -564 -67 -531 -654 -46 -590 -659 468 302 1043 -739 -122 1361 -79 144 286 -1011 -535 -30 75 -947 -39 -475 892 -163 -133 -177 -1208 437 230 114 -112 -727 -239 149 187 551 221 -1654 647 -346 596 -92 473 -1308 -235 207 -712 524 882 361 -621 303 -335 419 501 593 51 75 590 118 -1212 63 333 -533 -1288 529 -410 815 194 335 517 -108 451 -807 -496 -354 -6 408 860 328 -131 -1201 -850 -635 -344 229 52 -124 -84 -1152 -333 -369 -109 -1254 -447 191 1132 909 -403 -70 ]
[190 615 -104 -876 755 -548 778 283 582 -1029 -1300 -55 152 -581 -95 1341 -1009 127 182 256 -1195 -338 -1218 664 -374 -533 472 180 239 773 -405 -678 95 -105 -588 103 173 -123 104 -297 37 -37 -923 616 76 97 -336 531 -538 266 514 -214 -386 49 -387 247 251 -978 -40 -526 1033 -407 661 264 616 593 -302 -570 -168 -523 -221 -168 437 930 290 -319 1233 72 465 -141 55 304 180 782 168 173 498 -697 -104 522 694 -202 -389 -466 553 -709 53 -754 567 376 -1863 -1591 -375 1148 -847 -138 98 -548 -944 -291 86 -315 707 379 -1049 457 411 -1179 -312 446 ]
[-97 541 -50 264 -429 -379 476 370 -1049 656 506 701 -128 731 -466 536 105 -521 -276 -244 537 439 498 -121 -61 -883 -206 -979 -441 183 292 511 241 226 522 1118 -67 -657 -219 -769 -121 246 -111 29 -1110 -33 661 -232 -586 -573 -243 791 -121 -37 -65 647 -277 497 -146 -697 -754 185 -1194 22 781 -944 643 1626 -716 285 -51 69 785 -158 211 236 166 -610 -1045 564 303 208 225 564 325 665 -873 -755 -503 355 -239 -355 -44 264 337 817 -634 579 -791 -941 141 170 497 1144 216 -456 -496 -600 -1010 -384 261 -76 -306 -358 48 -703 311 -253 -114 463 ]
[307 -1262 -1066 26 172 416 341 258 -249 335 -666 -523 -237 -532 -249 -360 1435 197 350 -628 -687 -252 253 593 -785 -629 -41 449 -761 -108 -46 -354 449 881 -1052 -70 -754 364 -394 -198 128 891 -555 -871 585 -113 -492 444 -297 793 1125 603 -340 -307 -181 17 914 -28 91 564 392 -408 -337 285 -253 377 -360 33 -421 -1015 -704 -367 -76 75 761 -51 1401 768 -474 -296 -682 299 -959 -651 -340 794 814 639 113 803 400 304 341 357 -304 88 -730 -768 -605 1049 534 345 1006 701 1016 -758 326 656 -401 -1294 591 439 945 32 1059 -36 1179 -432 -251 926 ]
[-622 181 -225 -94 349 -128 -219 -4 523 -663 261 250 22 450 458 -314 23 462 294 1137 -410 22 -486 -87 878 1268 -131 -253 256 -333 -551 7 -205 854 569 -896 -87 -1032 -75 -422 -517 -646 -12 -463 -413 -620 -593 194 -521 394 815 -16 -12 -30 576 -168 485 -460 -408 -27 661 636 184 458 -277 -932 934 657 571 -775 711 89 -147 312 -483 317 -484 -729 200 229 131 193 1445 -105 897 94 -923 -964 -764 -358 -521 -967 1381 -949 395 -86 330 300 -78 -329 -559 -227 -291 1094 381 -494 -91 -526 -128 -1239 97 -453 617 -411 26 -841 693 -531 -551 277 ]
[260 -266 -674 -32 303 434 564 274 641 -652 -291 712 281 -947 547 -733 -439 -147 700 1229 -591 -66 -1244 147 299 323 -246 -520 493 -311 -1211 404 -468 84 -410 -469 -223 -324 -339 333 -73 35 -326 223 157 -948 -870 135 -226 -348 360 -23 -312 261 -22 -216 -768 -1032 -840 -400 660 268 -214 -237 -483 355 77 313 228 -12 -113 204 -582 353 523 1490 341 603 758 -28 179 725 79 -79 -488 462 302 -558 125 -197 -367 -340 448 -516 -268 -53 627 275 1033 -312 186 -347 -595 985 -628 -214 -319 -355 -502 -485 716 138 -497 -677 703 359 634 -541 -55 136 ]
[492 77 -453 59 976 424 37 330 348 816 -360 732 -409 150 409 38 472 472 -140 -692 235 -249 -1103 -220 -183 -477 -157 -422 241 -94 -337 77 -308 388 -476 557 393 1282 558 -38 -736 -390 959 312 465 -697 -250 -271 585 -1563 -551 535 189 197 386 -654 -761 68 -717 303 498 1037 740 -398 -509 126 -496 269 -152 518 -293 396 -207 -6 132 859 -37 200 456 -516 573 459 518 -157 195 -518 -993 725 157 -789 47 -226 -191 -885 -654 -994 370 652 562 -101 992 141 -645 40 -404 321 1130 59 407 -24 -757 216 -363 232 -27 1238 520 -184 360 451 ]
[420 -670 -160 694 335 227 610 -478 -370 -1504 588 8 378 -1026 -241 385 -781 -208 -504 307 -37 322 620 -254 -638 306 879 400 483 186 722 391 848 351 -691 639 3 216 -436 -253 608 -427 9 96 -262 335 -367 -365 531 349 -764 720 -515 -922 -916 307 -296 102 632 32 -264 -337 -1000 634 276 528 -342 645 -937 -60 694 -1166 158 -54 -442 12 -317 189 -61 789 197 483 -441 123 -661 256 -554 -408 -178 -510 1055 379 -297 979 -84 -712 631 -644 -150 -262 262 -1298 338 277 -65 -921 -355 978 -943 -712 714 -1033 -135 135 494 -284 -148 -965 -198 852 ]
[-262 -353 -273 24 -91 563 -939 -451 847 426 364 -267 610 860 104 703 213 -191 -302 1524 715 933 1164 -264 -222 -119 -100 84 360 181 316 689 -129 443 250 -237 674 1072 871 526 -115 -327 730 369 153 211 -106 486 90 760 431 560 -317 -219 438 -231 -394 -1044 -317 -893 -579 376 334 -127 -72 591 -227 432 -526 609 -215 -817 -546 -568 -303 -134 -494 -46 -11 251 -151 1082 -715 -317 384 -165 -424 431 -202 -582 -61 297 586 238 -1117 -972 161 -822 -818 -361 1364 -1212 197 -591 646 -433 762 491 -79 491 -27 -655 -61 -101 105 1116 291 -269 -763 -361 ]
[574 191 -476 -199 -1299 -281 145 -4 727 -789 -601 429 -224 -180 -962 -281 -328 -332 -26 93 78 58 -749 -743 -254 451 -545 -244 -527 -38 280 160 -344 221 -1206 -42 -583 486 -634 -749 -145 324 -223 36 -740 667 673 557 42 -282 487 1018 492 879 290 12 -79 212 5 87 -15 -29 1 -442 -173 -980 161 -370 -274 -120 260 94 630 120 1342 656 423 183 -780 -203 -39 66 -983 862 125 0 249 -382 573 230 8 5 -127 226 -951 48 -180 1079 241 -318 -1108 657 652 -465 115 -290 -120 147 -12 -107 -401 410 -940 121 -946 -475 -698 283 531 103 ]
[415 -393 67 372 290 -458 146 -156 -48 908 -475 440 -294 -236 -251 -130 1240 -412 38 -135 -1228 669 -370 40 536 -617 -552 -1136 -103 90 89 -500 -582 290 -1354 -395 -382 703 172 1228 259 748 -951 -1399 -135 -697 567 -854 364 -821 402 888 -381 -197 -707 -120 211 649 27 681 985 -86 802 967 -178 -254 -646 778 -663 541 -338 -727 491 1057 676 -361 -237 179 -531 701 481 1034 304 196 594 319 -145 -375 231 -531 -208 878 -491 -38 885 -1131 -783 301 -394 195 -76 -425 -525 -248 235 -494 122 219 -299 676 -468 -482 -306 350 -346 -985 -417 -364 272 217 ]
[-102 188 -478 -682 -1492 -200 46 -574 448 -504 247 -106 62 -512 -347 426 286 967 349 -490 209 -862 -344 -391 -375 -817 -347 -32 -612 851 242 344 635 366 239 138 170 56 -1010 -1064 411 -879 -698 500 -84 -92 249 565 -603 1278 794 -11 -113 995 736 1023 849 -633 -286 -421 -469 5 -132 -930 -61 418 1638 213 -71 -847 391 550 -429 -146 -287 89 266 1247 -366 -360 -748 388 637 -97 -1255 1588 -639 877 -272 489 -1126 -227 -431 696 -588 289 660 452 513 330 -245 509 423 1304 -31 -567 -636 -1047 -39 -1316 42 132 -941 -449 1220 -510 1116 570 -491 -992 ]
[-67 338 193 667 -134 19 414 -490 -754 -468 -11 -605 -357 -716 354 208 -706 131 40 -379 9 -480 52 358 -440 -287 639 623 -389 591 -195 -1445 1316 283 85 326 -115 -699 -69 -1347 -228 194 -455 469 427 699 -234 415 110 837 -325 -490 -356 -607 -425 42 441 865 115 -1187 -639 33 -900 -326 485 409 -441 375 -185 -1297 512 252 9 11 -1483 -161 709 -516 433 -82 216 -237 -224 -157 -1174 389 766 -96 -460 1023 -258 265 193 1074 414 745 571 -326 -448 644 -324 137 861 500 413 -1177 -673 292 -32 -565 1023 441 1188 634 703 30 -67 -577 -159 -1355 ]
[-572 533 477 545 -669 -265 -72 253 -88 -499 1005 179 -346 281 1198 97 -185 445 1236 450 149 330 1082 140 -165 -564 592 862 455 -56 291 1 312 653 -524 -398 234 -863 -365 210 155 310 -60 499 -745 -131 -592 560 -102 367 696 -255 642 -1073 -547 -158 31 476 300 -816 -763 -87 -273 143 -303 511 525 725 156 -966 967 -658 1324 80 -24 -139 -380 -871 -1245 428 -220 288 -306 323 -358 51 -617 308 -387 -577 -60 -649 123 1001 -441 149 278 -1198 -1092 -359 -24 602 736 128 1163 -678 -196 278 -861 -960 891 -1315 780 251 372 -406 -1266 -762 -201 1552 ]
[-157 527 -789 -353 -901 598 -134 -317 -317 -859 -267 346 250 -421 -806 239 -558 -497 -24 524 706 187 -564 470 -83 535 602 7 9 403 380 -1051 -918 492 331 -250 -368 169 -5 -438 365 130 410 -150 -738 646 603 213 227 -171 -201 -224 467 -417 -252 -1001 -232 -1248 -42 -675 -319 -730 74 -1105 484 -647 -503 -242 417 59 -626 -551 -551 787 251 -61 31 -428 -852 -125 -417 229 -801 477 -325 -221 -53 -1250 60 -551 556 583 425 679 -63 91 713 528 -161 -210 -70 -711 442 25 -109 915 173 -717 82 232 802 302 161 -228 341 134 253 -734 -152 -638 ]
[-239 -576 143 264 369 -8 479 -654 553 217 -527 -275 121 443 457 181 48 505 233 -370 142 -39 -4 -126 -24 1408 182 332 -798 176 -237 -1007 501 471 960 406 -523 -725 -289 10 -1090 -345 182 296 808 -182 -642 543 97 -404 713 816 -723 670 207 326 -179 -611 -543 771 479 320 470 -316 490 195 -161 14 454 -136 -795 43 63 -196 -192 478 1270 -119 -256 -486 -533 -43 -74 435 53 882 179 -7 -629 1027 -744 -271 763 -97 137 -329 -320 157 79 -173 93 -90 -4 1089 305 380 480 -115 80 120 -173 71 1314 859 -140 -233 754 -833 -258 -543 ]
[-331 -22 218 642 -629 164 472 278 584 -580 -379 174 -324 -319 372 -1090 762 410 -30 -39 21 189 644 921 -752 751 -141 812 -312 260 -154 -666 -464 90 -973 -336 504 14 447 536 -115 628 -227 -880 -649 -440 523 -56 397 -212 616 553 638 -25 449 9 -23 80 254 1115 -798 343 483 -86 -228 -56 -629 235 -45 -242 80 -314 1040 89 -283 223 -268 -159 -1003 408 304 853 -703 -241 717 -301 491 -190 -317 -1135 -235 -215 352 145 22 523 -235 134 -317 409 -230 42 426 -513 882 653 229 168 530 15 -241 -9 429 309 -370 715 -866 -514 -369 676 ]
[-838 -35 353 -397 37 462 -313 52 712 338 -939 -1006 -43 478 717 482 1653 173 64 289 -113 251 787 1445 -23 -1092 369 -806 628 255 53 343 -991 379 -465 200 -47 -591 402 860 34 -237 252 -93 1065 -1698 -700 918 -430 628 847 -565 -82 -376 131 499 332 -1030 265 135 -9 -108 571 661 -581 846 254 -90 -234 453 -835 83 378 -448 343 -32 1009 225 67 17 -475 -19 -734 0 636 614 306 219 -275 578 -90 -713 -472 -937 -324 -107 -963 -459 580 -770 291 8 67 -536 510 582 -9 -152 -30 368 129 -740 278 -291 -523 609 17 413 343 906 ]
[-986 -383 97 234 720 858 -183 245 544 109 232 -681 270 -131 399 -58 -655 -79 127 107 -83 -1065 -378 -44 -193 -346 925 870 398 -373 -292 -327 78 -1159 74 -24 -78 -160 -73 279 313 -979 542 375 110 258 130 57 -148 -254 -1019 94 -256 43 759 -111 -149 -496 652 609 98 -123 -418 261 -438 568 194 -437 1342 -427 2 -20 308 47 436 138 78 -777 112 -343 -325 -763 1051 -154 903 -303 563 670 -314 307 142 -328 370 -1096 389 542 -245 235 -348 463 370 221 -1585 -34 -52 -124 851 -86 -36 -576 -214 -839 550 -525 -374 -75 547 -227 -16 883 ]
[39 394 402 -127 -172 -113 -194 -486 578 -108 -243 910 -588 -311 -68 546 -536 930 318 219 716 -420 -781 116 -86 -908 -40 391 670 230 -1019 100 -162 -949 -289 -439 265 103 138 -414 -311 -218 192 764 192 19 -758 -213 -372 752 1147 -64 297 513 -90 499 -268 -1198 309 76 1206 -613 41 -403 380 306 -140 -197 69 -41 167 860 162 431 176 300 52 -75 519 168 303 276 735 81 -51 -21 415 26 -599 522 29 122 -251 -189 760 -374 774 -198 768 -279 -970 -1581 56 691 -1146 355 299 -637 -691 -280 -388 -466 -326 119 312 741 -147 -313 -275 301 ]
[365 -828 -260 -407 -214 634 130 -647 -217 -848 140 -272 -145 -1024 -1361 38 50 15 -680 -98 1256 414 -138 -561 -621 443 969 -195 397 -38 292 914 -427 703 -688 190 -351 127 125 -1040 760 891 465 -245 -201 938 993 -763 643 -168 -208 585 963 -175 -581 101 184 -1155 646 -1196 -450 72 -279 348 696 -134 -273 32 -159 297 -48 -26 -255 260 -319 190 -544 445 -1128 -363 -283 776 -849 -474 -1195 -176 -539 -1075 61 -1004 505 61 -457 832 263 168 972 -512 666 646 725 -933 212 57 -52 405 223 27 -871 351 -69 -929 21 -12 572 -49 47 -341 -105 -166 ]
[72 345 555 -61 -125 -581 465 436 271 -40 46 -1509 542 619 388 210 727 329 -82 -241 -731 310 874 602 431 -781 -433 -585 -458 -1180 -227 519 -59 -695 116 -280 170 -680 629 582 214 43 -654 -523 211 -556 174 113 -629 505 -519 -492 861 -842 264 165 303 177 1183 424 -117 499 588 261 -346 508 164 -153 -194 222 -193 -238 348 -8 1007 272 -17 -158 224 -1121 -84 273 72 -626 96 -937 209 541 217 787 -395 719 -445 78 544 5 -1225 -778 312 58 -578 901 -848 -1031 1287 -25 -99 -96 211 364 -1008 -377 744 526 -586 -550 -152 528 360 492 ]
[67 686 -23 577 626 -718 -228 60 426 -1150 -183 -217 -120 217 -12 -354 -949 679 881 52 -422 435 -324 1121 496 51 -406 116 162 -531 -92 -637 -1132 -617 -629 -751 347 168 1458 -102 -189 -246 -98 -833 24 -432 910 10 -316 384 -224 130 689 573 1779 -719 -405 26 -139 445 927 407 191 201 198 -26 -216 46 600 -673 399 -307 482 -2 -122 -164 283 -1188 407 -246 762 772 886 800 701 -1949 -1065 -658 -408 -154 -457 672 22 -369 -1156 -494 -225 -986 -184 -713 -445 451 108 -49 534 -353 332 -335 58 404 -281 79 127 668 -764 935 694 -682 -821 -293 ]
[551 -235 232 124 1218 415 205 74 -670 -498 -553 34 223 -1283 560 -213 604 870 -829 -452 -281 -433 -655 491 -281 316 -153 -286 56 143 -733 1148 89 907 1066 -621 231 -461 83 -303 480 782 743 -662 805 -313 470 531 162 -1261 -40 123 323 312 855 608 474 -254 -512 -590 889 444 -314 220 -483 843 -677 33 -33 493 -250 -143 164 240 -29 -78 494 158 551 272 930 -591 498 -202 -184 -371 271 554 230 345 -57 418 -196 -1524 761 117 850 422 776 938 -394 -271 -373 -402 -330 693 256 348 -8 -371 -36 662 433 404 252 -428 346 1136 54 -1737 ]
[-204 668 529 438 776 -480 720 -188 -331 -1139 1117 1475 430 477 -484 958 -246 -1257 -374 830 265 753 879 -149 -525 71 253 181 -192 -449 271 295 -434 219 -1316 -128 303 -499 542 694 273 354 203 10 -521 522 447 557 -638 1337 25 222 129 124 -62 126 691 803 238 -752 -998 92 -400 688 507 -63 -757 -18 48 -265 848 -216 -122 291 -477 -243 -917 863 -829 330 976 616 -110 19 641 794 600 169 -670 -431 -79 -400 565 395 -234 480 480 -286 -695 -163 -348 231 -287 -254 -782 -195 -283 -702 169 320 -365 -1695 -342 -762 -743 -371 -630 162 150 82 ]
[-886 493 175 108 -473 1128 -879 -483 -968 -147 86 -13 253 815 -480 849 914 -1319 -239 -310 178 488 635 150 -152 -423 726 -282 -636 325 1151 -541 -221 1287 -269 996 -260 609 141 -111 799 -54 322 -643 -504 -218 145 317 148 363 -1285 137 -299 -819 -425 270 80 886 1253 -975 -926 -75 -629 -561 624 405 -506 170 -552 467 -510 -145 514 -200 -63 -126 750 -15 -708 -223 162 -203 -963 409 1012 679 581 345 102 -340 -75 -112 603 835 215 880 -682 406 -673 -464 1485 -87 373 -1200 154 71 -607 -370 43 -164 166 -98 364 42 -689 -558 -516 -498 524 219 ]
[-931 -538 273 614 -392 -377 72 -333 149 -773 -110 -228 -30 -632 -675 -14 -61 -62 378 -574 501 619 -556 -20 -687 -342 423 252 -399 -325 41 -79 417 574 -470 236 287 541 -462 -316 1034 445 -559 -348 -1006 311 672 5 348 877 -225 223 925 -450 -859 465 -619 -737 1458 -949 -748 91 -1062 -156 1032 -224 -94 -47 -238 349 1347 522 -293 -82 -537 627 483 1065 -952 -220 46 105 -334 355 74 596 69 1001 303 -632 -57 -406 -393 244 -122 444 767 -16 1165 833 875 81 23 -102 -464 -239 133 306 -239 -373 -235 -1135 -243 742 -956 148 -675 -248 -299 437 ]
[-57 451 743 512 660 178 385 -638 -804 -380 204 6 -458 337 422 469 307 339 -845 -549 -1014 -474 172 36 749 -557 -28 -838 248 241 -454 -358 -406 81 746 -802 -479 -341 870 636 287 164 1138 955 -446 -1055 -1060 -191 -194 -282 43 1034 234 -935 -171 498 1298 486 490 -28 422 -392 1185 312 -465 687 36 -132 -269 107 61 329 453 212 -208 -190 -725 -908 57 140 707 -879 408 -60 288 -342 22 580 190 432 179 549 658 95 914 -235 -298 230 -205 346 -1522 -697 14 -804 245 131 -789 275 -392 -132 163 -134 669 29 838 -1370 -417 -73 758 86 ]
[-10 -199 291 375 737 749 -733 -727 957 628 27 -944 -59 548 -73 -800 76 -732 624 -315 -596 632 525 -341 -710 109 315 363 1005 -68 351 -374 -352 -395 -278 -681 -20 -173 289 1372 -190 -212 809 94 952 -1059 -813 321 277 -524 519 613 -490 -878 5 -422 -52 180 -543 1286 -682 572 332 -36 -423 657 74 89 357 -533 225 -487 -715 -1141 -136 -686 -393 -439 770 686 267 113 -436 -12 -679 1053 -265 181 283 421 -278 270 -140 508 98 -203 -1174 -611 491 239 653 550 -874 522 444 -418 348 337 51 615 188 -267 57 -929 -556 -214 -678 -450 1397 574 ]
[-721 -1380 798 286 531 117 -215 -258 717 655 -139 -716 619 -1054 583 -402 1372 36 -141 -119 274 -645 -646 680 -369 -651 50 -377 -656 104 -361 -212 602 -1210 -992 221 -311 710 -395 475 507 -186 -226 -635 664 -742 29 -52 349 556 516 -34 -695 -702 -105 467 -692 -1122 570 135 632 -924 -760 433 -587 771 321 -706 168 493 -380 206 243 -650 451 66 1136 586 302 -885 -236 -878 -407 -410 257 1382 1128 554 -90 327 118 -66 -22 -711 256 85 -387 -289 654 360 109 -264 25 10 -34 207 135 145 234 206 -101 445 -875 -460 -184 -224 578 -473 775 744 ]
[-681 -182 400 -524 -286 954 491 -283 417 495 -950 -830 -34 452 71 727 732 -163 -213 -145 -359 -921 158 340 -741 -664 1298 661 316 726 372 -1070 -368 576 -475 319 -543 573 -550 269 865 -196 -766 -408 401 -991 -331 343 524 256 153 690 -932 -645 -757 -1026 1085 480 758 -31 -119 98 575 -154 -546 928 -262 426 460 -334 -799 -651 -20 -197 -135 112 223 185 -738 494 145 209 -244 -538 515 -594 58 73 127 37 1031 -162 804 -66 350 526 -1028 12 -1062 973 846 984 -303 -9 269 -559 696 93 510 449 420 262 92 -342 -249 555 -547 -1129 593 1005 ]
[-147 417 437 -364 -76 294 -1229 -228 -189 306 -858 247 -62 620 -264 396 612 -914 413 22 -767 686 -383 270 541 -72 -341 -1071 -711 -254 298 -794 -956 1488 -808 33 -149 1643 149 100 115 309 -65 -1133 146 -942 -359 480 -1 403 -453 -208 -549 -871 563 -80 -133 116 -31 -1147 327 603 -911 35 279 -37 -2 746 -471 56 -202 188 -956 -422 785 134 1050 111 -69 -419 593 596 -873 -229 292 614 -148 171 588 627 -483 815 156 374 585 -696 -502 784 61 -559 977 229 -144 -135 515 -673 845 -248 180 918 754 778 78 -180 -619 -191 -790 -337 94 -795 ]
[-99 -135 393 535 409 -862 -184 -567 225 -221 -14 519 -552 504 1338 357 -140 449 -295 295 -193 -473 189 218 422 -628 -471 -509 127 698 242 -112 208 -603 512 324 216 -314 1308 -302 -252 -275 711 1537 540 269 -514 531 42 845 565 -124 84 665 767 -42 -527 -663 -362 19 864 -290 1242 168 -290 586 199 -801 273 244 -540 787 788 -837 -677 -157 -89 62 645 -585 -16 -664 593 -82 220 -160 64 -3 274 636 -933 -8 -19 -556 -788 -229 -254 338 -403 -1070 -1111 -32 116 46 -441 335 -877 -98 56 97 163 -179 -384 -566 -11 504 317 -167 228 831 ]
[30 487 10 560 -809 -264 -36 216 -78 -872 869 -463 -356 451 -95 674 648 1043 -481 1216 444 350 -44 30 -137 394 -710 -579 461 48 -352 -278 -669 -241 -832 -886 220 -356 1268 236 317 -386 -14 -11 104 -843 658 -448 401 928 670 211 1070 -197 -2 33 69 3 324 -873 -386 -418 933 185 -94 -513 82 -48 -285 756 1220 -87 -86 -681 -529 -511 -727 -951 -37 675 315 1143 171 348 597 -937 327 -760 -730 -1918 -111 77 308 45 -423 286 826 -83 779 -706 -355 -438 333 -1183 354 181 744 -29 516 1958 -141 -345 35 839 -584 549 -1202 -228 919 -374 ]
[-113 -406 294 -68 1624 75 317 242 341 -25 -65 100 215 454 394 710 72 -128 39 44 234 -745 180 26 -112 -128 862 -401 277 260 663 618 -479 530 -783 120 516 -211 187 412 552 485 199 -43 1406 -812 225 -66 78 -1070 -644 801 -1787 -390 -596 815 75 446 -25 747 -516 25 -475 365 391 951 -1129 70 -830 1001 574 -59 -490 62 -618 -67 699 180 526 -128 712 124 514 19 429 330 499 606 -650 -306 51 308 70 -264 873 -764 148 -92 1126 -139 -201 -1280 -973 -99 -854 1087 699 -133 -433 585 270 -492 174 -22 -92 -618 -52 -789 -177 -321 ]
[-681 -186 155 -78 867 755 -1265 -548 -142 1566 -1151 -178 -698 353 -20 -435 -137 -755 135 301 428 359 -102 -261 865 -945 306 -1183 815 38 -162 473 -22 -234 -546 379 -111 700 555 3 -470 929 695 463 -47 97 -550 -228 251 -265 -543 111 -8 -392 -647 923 205 -604 138 -426 -418 164 -175 217 269 -547 454 395 -83 79 635 649 130 107 -184 311 392 -965 -83 -318 447 -645 28 -75 56 846 57 -288 828 762 -558 -196 21 -215 746 -375 -842 173 827 -106 -71 -558 -680 177 -737 564 -554 -303 -1262 396 287 -720 -384 -1088 68 -165 -489 -655 487 918 ]
[-295 -490 574 -872 702 110 -472 -101 179 -209 -664 -942 -377 -99 -269 -22 4 -152 494 -595 -242 37 -1192 -14 -873 -493 -248 88 -676 -102 490 -368 -322 -666 170 501 -890 -470 852 -73 1001 288 -63 -604 -374 -606 -698 103 -48 -113 -353 -83 -575 831 486 133 -1311 -831 531 1673 1164 -792 150 449 480 220 520 372 166 748 -49 -451 89 -182 838 -392 951 -660 607 -588 -444 29 -441 643 210 -1130 -258 -45 221 383 264 220 180 -392 96 374 -647 438 384 -666 -58 -573 -1026 -186 -1059 635 96 -532 -100 1167 -738 632 -854 -211 -1220 -146 -184 445 610 629 ]
[290 -288 -288 -690 257 -126 592 451 609 252 1310 425 -258 115 360 904 -924 -116 915 15 -1033 158 -626 -967 -426 -51 455 996 -453 232 -336 -1222 756 -243 -46 511 463 -485 -484 56 -417 -739 -1719 658 224 388 -311 682 -377 -208 -344 -452 -1125 515 -877 33 -658 1000 -165 149 -138 -698 -328 -63 942 706 -319 -307 240 -152 459 -636 447 735 -148 -174 330 906 793 -166 386 -38 675 1043 54 765 582 324 -632 -32 -402 -358 199 715 704 -427 705 -212 -190 70 -129 -1009 -818 878 -328 -259 114 -467 -157 70 50 -612 693 229 -874 105 -532 -1348 -933 49 ]
[-432 745 -110 -106 13 -3 -1327 -108 598 -338 555 -666 393 299 78 -403 -702 135 442 -242 -22 125 331 4 299 153 7 608 299 -101 -111 736 113 -294 12 -351 687 -686 166 220 606 -334 394 -118 -877 272 -273 -47 274 -233 180 252 509 -370 239 125 -93 -241 50 70 339 -321 321 -1243 -488 614 469 131 850 -150 96 -152 374 -229 146 -446 -647 -368 546 -318 -14 532 43 -103 505 204 -49 271 -42 -677 -821 65 -424 143 276 -672 349 -317 293 -453 962 986 -9 41 622 -161 32 111 -91 -802 -4 371 -715 606 124 174 468 448 -617 -1093 ]
[-263 187 -373 292 -337 374 -294 248 -907 887 870 182 249 354 212 -192 88 -232 -14 -418 33 -408 693 -491 548 -218 -495 -340 804 -245 -1024 779 167 -639 347 -520 -273 1101 90 152 -410 -1349 227 720 731 -570 -302 -85 -57 -185 -232 42 -170 -127 -190 1012 193 587 227 -467 167 35 -114 -973 -691 -253 -393 532 -32 179 271 1363 212 -891 -313 -20 -1000 -81 767 12 887 -1199 211 -528 -56 316 -373 699 612 318 27 -29 501 -276 -283 91 -265 -124 -298 -300 226 -102 504 -586 1029 -247 -831 789 289 -627 510 138 -818 -770 691 827 181 -203 115 840 ]
[88 257 482 -2 719 -715 353 -104 165 -199 -220 -194 -192 -174 -699 -350 -1798 -1092 664 856 23 -70 -696 -1254 -566 617 -706 -355 -549 213 -152 598 160 -1137 664 -539 552 -574 303 -574 -132 937 30 469 402 241 316 -315 300 -813 415 -409 232 472 468 -593 -189 -383 165 -490 85 -3 559 -204 554 -236 100 279 615 188 -196 662 167 497 582 -458 27 -138 332 81 760 -505 49 664 -62 -1043 814 -157 -368 590 -81 649 357 -1026 527 609 -16 349 -277 149 -1029 -167 -471 -224 -978 583 -23 -152 -339 630 -456 422 -469 23 -838 -158 -1238 893 -15 -668 ]
[-208 -251 -929 -39 -450 715 -301 499 37 -373 -606 -533 666 -952 -1061 -52 -347 560 -781 -813 706 -185 -150 407 -84 38 194 -393 -565 -629 -307 745 -151 -57 812 -191 94 309 66 -965 304 -112 81 -1042 -563 888 268 -390 607 -198 -549 298 -83 -534 146 -57 -1400 -1173 17 -626 455 -503 -1017 -1048 436 -236 -466 44 -1126 -179 228 -183 -828 152 -278 716 653 -41 273 -309 -269 355 -555 -1083 -131 -994 565 232 -393 -416 -232 -276 388 -650 -368 -1125 -205 13 1195 408 -76 -790 438 -576 -452 198 472 225 -527 -607 376 636 -569 615 467 1146 1279 513 -793 -819 ]
[-592 -471 36 -247 -1048 575 66 -297 -310 647 -966 -1408 363 388 -717 1103 787 671 -1179 352 163 -343 -424 55 423 141 386 81 249 -261 -735 -817 252 414 550 -112 -508 881 82 960 299 -321 781 -699 535 569 368 -135 980 485 228 -212 183 -673 -306 52 1126 -564 121 -956 536 -131 282 -36 -482 452 -604 -749 462 130 -553 -547 97 -347 -617 73 -218 179 302 456 144 -1352 -541 -390 355 -1506 601 -146 447 115 1241 -138 -509 -852 372 -579 -205 166 357 1010 -633 -752 -107 -1751 611 -253 292 170 913 915 119 485 -220 838 -193 1342 257 319 396 -1599 ]
[-9 -329 637 805 878 -71 576 -591 -231 839 -443 759 -260 651 -371 -709 151 -484 833 388 285 -521 21 -1227 47 212 339 148 250 -17 389 -125 -509 430 -807 -32 322 832 289 915 46 834 363 -128 916 -851 -424 -438 444 -427 46 360 -268 -6 -357 -375 311 221 245 598 -181 503 447 124 163 -217 -617 510 832 -7 103 289 -702 351 -178 -129 -430 707 -187 867 471 -397 231 6 -139 -253 -179 584 -417 -142 172 114 -8 -383 -382 745 -381 289 -350 217 766 2 -193 198 -928 723 574 395 314 653 -64 -877 -298 71 978 -184 -859 135 432 371 ]
[280 -514 1007 232 1144 197 997 -178 -22 -755 507 44 -467 444 149 95 -606 -383 -363 94 392 -619 525 -66 86 581 -39 -353 206 89 -710 1017 -404 -781 1011 -647 49 -279 -333 -154 -287 -474 380 626 751 -440 -684 -459 -327 277 18 117 -227 -70 467 648 349 -110 213 292 -45 -843 -48 745 -373 -378 148 366 224 210 89 796 119 -434 -802 449 -857 262 389 755 410 -1192 1364 -380 598 -600 537 -112 -831 -191 434 -556 614 -914 196 557 305 432 658 -192 -1716 -575 -432 -65 -264 780 -138 -422 119 208 -373 -466 -1174 -1306 -172 -184 74 -200 -106 471 ]
[420 -663 -662 760 -109 636 -217 -308 917 -670 197 838 791 -1034 817 -641 881 225 -17 1649 -94 343 -202 129 329 1550 -250 51 331 -85 -197 375 464 966 -68 -431 340 -526 -462 177 -161 517 28 110 558 191 674 1092 -299 -214 192 70 406 752 68 538 111 113 -1083 -812 -107 452 -381 -123 -786 73 -1193 -317 -417 476 296 -503 -132 857 -441 805 568 79 464 176 -429 285 234 238 -909 403 -331 30 121 -802 30 481 79 -325 -1021 159 1063 273 400 201 817 -122 267 100 674 83 -578 363 -41 -427 809 152 -439 -232 346 -388 477 -395 -460 -1003 ]
[-90 -1040 381 705 59 -157 1213 242 -250 1017 -42 472 -87 -277 -19 -512 636 378 -331 -778 -91 -675 -876 270 -230 155 683 -106 -596 -482 -1239 -779 257 -430 253 -409 -34 -506 -178 846 -270 786 770 -921 -580 270 189 -244 -254 -881 416 458 396 90 -264 147 458 -571 -404 -92 -264 268 477 699 -176 -689 -410 -353 -334 -58 483 239 715 815 -99 1310 193 309 -664 359 -101 -727 617 -874 608 -97 919 25 -355 -518 -231 -861 -33 -1135 -398 130 -117 687 81 1328 -1065 -992 431 -290 -583 585 393 31 357 -410 -191 204 818 754 263 -528 -111 157 -430 -179 ]
[-735 -583 18 723 212 783 -723 -689 205 639 -62 1161 -373 -551 -82 -997 -579 -534 473 -347 1502 -1044 138 -86 393 924 454 949 218 403 -498 326 50 -419 -279 -234 -71 716 -243 -1074 -938 -537 1064 382 155 385 -180 -158 218 378 -218 787 -734 -196 -262 907 -30 -208 706 763 -174 -660 -1323 -633 301 -191 -778 445 717 82 873 726 -188 -354 -833 404 478 -778 145 1060 -371 -413 426 -781 -101 1101 53 -267 -494 77 60 -125 1020 -257 -386 -128 47 403 517 -318 1034 -1303 811 149 -983 1237 -283 199 -586 -1494 199 199 191 -92 826 -237 850 -351 -809 365 ]
[178 -474 113 -227 621 -681 1028 267 -262 -766 882 184 -128 -1182 -493 308 -326 -417 -347 -814 355 165 -434 197 -1054 -161 485 204 27 -569 -537 252 37 -2 -304 600 128 -175 -215 -1147 -238 -479 -383 -639 -1053 713 525 -627 -1 635 -584 -1294 522 -144 -595 -102 -538 -36 1193 -377 -160 -163 -540 -88 1141 42 -340 -214 261 799 22 302 130 -117 -458 -69 355 815 -211 156 -172 329 308 309 -676 422 424 -177 -682 -1220 -191 -434 -114 327 84 451 737 -1144 802 26 309 -1198 456 656 -586 366 -5 -759 141 -563 -999 -349 193 50 -973 -799 128 -624 -400 591 ]
[463 -1607 -236 -140 1071 817 -144 -417 400 -454 -26 167 329 -698 85 -465 -144 -94 -355 684 -133 304 -198 825 -334 -289 652 -358 -148 -772 330 932 374 -485 -401 180 263 -587 -556 395 -603 -273 997 -314 781 1192 353 -139 -320 -87 -724 -1131 312 462 875 180 -870 -2246 -641 -746 620 253 -980 827 481 -612 189 -396 4 309 -380 -665 -95 -302 130 1031 688 1178 -85 -155 -994 22 732 -475 -480 -8 790 -761 -16 81 -1226 15 -645 -837 -680 -174 -68 -399 180 739 292 -134 -819 641 -617 -40 -135 -450 -740 343 -548 -1347 62 -1563 -767 -343 788 -284 -475 327 ]
[-604 -320 671 -175 148 -358 102 -438 405 30 -95 -462 42 437 273 456 457 122 439 378 228 -876 -470 211 143 -837 -500 -76 -47 19 310 193 -342 347 353 -654 -110 69 384 862 1116 958 -342 -833 377 -439 -596 -281 15 332 746 -498 -323 288 -1264 165 -214 -458 640 -692 702 -170 898 77 -925 1066 -165 -558 -317 500 10 -274 357 1278 -132 -244 -359 364 -297 -551 -177 402 -290 -559 -418 -1088 -199 621 -206 74 230 762 690 8 929 -131 -189 97 -5 591 -139 -328 -234 -492 171 441 214 -137 423 228 -38 -330 102 -82 -184 273 -281 170 98 -422 ]
[426 779 15 -247 -829 31 -257 -211 438 -940 614 920 -24 -1143 384 273 -1057 880 -227 -968 -605 195 -337 710 152 982 61 548 532 -190 -998 -667 -498 -342 -952 324 -9 397 -300 -353 -434 -1330 811 -248 -558 427 -107 -492 211 565 -707 -129 588 117 5 -98 -626 -100 -626 64 1087 98 -439 -33 -26 -166 1279 -265 470 96 644 25 340 -838 -740 361 -720 -259 699 -84 707 127 221 -150 92 -431 -1036 -1205 282 -919 -72 -333 -198 632 291 -1599 370 -785 412 -486 777 -525 493 -376 -442 -419 -503 -837 30 -393 -246 86 -1263 387 -204 302 157 -565 -560 -404 ]
[321 -289 -586 -345 -675 151 494 453 -458 -35 -343 519 95 -1358 -22 616 9 152 305 24 -26 641 127 236 -37 92 -158 -101 -213 -270 -285 -782 -577 280 -328 704 -247 41 -793 -318 -620 188 -838 -300 -206 1069 728 199 281 214 583 -1009 -57 23 -223 -321 -760 -374 -394 -1771 -410 -472 -466 -253 427 -527 1334 -602 664 -288 -661 -206 255 188 67 518 468 854 -426 -7 -378 339 -722 810 425 1055 73 -892 -209 -1006 -908 -1381 -822 353 79 14 234 144 377 -321 578 682 -146 686 -238 -784 155 -556 -211 -21 295 -119 -96 -266 -1210 114 55 -455 -393 81 ]
[-397 -486 293 191 873 -592 487 -129 -375 1163 -1018 -364 -898 839 142 642 687 -643 -118 -693 679 -85 397 -475 -700 -1228 337 -647 374 491 1463 -230 381 -210 344 824 -130 -100 -272 -674 -345 428 748 1122 -144 -1074 579 -926 391 -1389 611 49 -653 530 -320 -637 804 683 -260 58 -1074 1052 1073 507 -55 -227 453 293 -245 242 -1198 443 -82 289 55 -620 164 -123 -1353 464 -1158 96 133 651 30 796 -92 111 -255 49 329 -900 -142 -425 377 1132 -487 -34 -1179 544 13 149 -30 969 -651 -395 758 158 111 -270 -712 -311 -39 -580 -592 -657 457 -288 865 871 ]
[153 233 -296 -225 83 -69 -813 -60 -129 293 -65 23 233 489 41 -946 1180 397 -91 -244 -1130 97 -313 13 529 86 -377 -411 -765 -348 390 535 -703 1453 -367 -658 -57 464 924 242 1068 1960 -122 -1778 -886 -697 171 481 881 -349 772 1103 -105 185 -337 -567 358 706 70 -255 446 257 627 26 -278 130 -1129 -205 -152 -144 -448 -1129 -236 -501 -51 157 -64 792 307 -362 1083 730 -429 -423 341 -282 -443 98 679 -546 -782 446 505 726 -175 35 -376 549 325 250 784 973 206 57 782 -911 567 -202 137 -73 -87 688 390 191 682 -690 124 690 -282 -938 ]
[-277 494 827 -429 1098 672 -220 -232 182 151 385 375 347 252 615 -613 746 -1104 -844 965 -698 -301 -45 816 870 49 149 -1370 -134 381 449 -1006 -703 -271 22 896 383 164 -22 1255 -182 -964 389 -980 300 -1069 -368 -952 -439 -81 -144 -1253 21 -322 70 -704 -148 -631 -696 470 -275 429 112 427 -598 -28 948 89 -322 516 -508 -553 -277 428 73 29 493 464 856 659 -85 110 472 -161 1107 -300 -280 -1338 -294 -673 -79 -243 -1250 -421 488 191 -560 944 -227 -364 574 -323 -1254 651 111 964 491 -808 958 891 -518 -219 286 -384 -114 -568 -207 -258 684 297 ]
[107 -162 400 -357 11 -332 294 -790 -604 -443 453 -199 154 -171 370 -61 -145 528 -1215 -443 -777 5 97 181 -81 505 249 -462 231 -570 299 -466 92 625 -37 -566 -284 135 257 835 310 -611 227 160 -77 -1346 -591 531 63 44 440 541 426 720 -10 -528 585 174 -71 402 1434 187 1339 -514 -1345 327 93 -175 -669 572 -697 -457 226 664 580 290 -69 -172 -26 -1141 -412 -53 -164 -538 -878 -72 -424 -168 798 630 -149 783 -31 23 -227 -678 -2 53 -1232 303 -521 -15 -23 -892 688 -94 -1223 629 124 195 -828 76 414 -399 494 -1520 -200 -205 105 352 ]
[381 553 328 -546 38 210 -268 299 882 362 -686 -445 -642 1083 -881 -429 491 384 178 -107 -176 -493 -869 -449 -246 -505 -656 474 -276 84 610 -346 -35 -44 -169 -331 346 403 357 509 -274 246 -681 196 -32 -147 314 1068 -373 573 663 -421 97 599 68 -739 283 396 467 -171 -207 1031 217 594 -116 313 1417 -507 -23 -498 621 148 -1122 -59 3 -431 -242 822 73 -721 1113 -399 -488 427 -195 184 -442 -191 1155 1328 -3 -57 229 -477 -631 764 -456 565 468 -132 126 341 108 118 -360 -155 -1057 320 502 500 -482 88 428 385 -159 -489 -366 993 953 28 ]
[1121 92 -667 -73 70 823 -886 -155 222 -49 -263 -708 321 478 -69 636 685 298 -152 -8 -895 942 724 837 -148 -947 -545 -851 685 -266 225 719 359 159 -686 -244 319 971 373 626 258 -478 200 -299 542 -616 307 226 -218 -572 637 -335 -20 -362 642 789 766 -347 -358 -131 422 -454 109 832 -585 1091 193 69 -1166 -277 -245 -494 895 9 185 -644 270 191 -367 142 15 350 357 642 139 490 -190 37 703 -147 606 87 -1383 -823 -628 -989 281 -1086 123 271 -506 -154 -53 -1114 985 -516 -12 351 -119 -474 -386 -676 -468 767 -1002 -76 469 201 467 265 ]
[653 -639 -658 -832 90 693 -694 -1136 1156 134 -1472 -563 6 -152 -601 495 -301 -132 -288 411 -820 424 -154 -449 -334 -247 833 360 -26 -28 648 737 638 -235 294 -416 791 -39 -229 534 -65 588 -168 881 82 463 -530 295 140 -269 91 -286 18 -115 -413 249 -6 -1521 -117 -182 552 -1 38 208 -64 758 -546 -709 -626 284 -181 -296 68 -122 55 -91 194 837 716 -702 -871 -498 -244 44 -852 208 777 6 1175 995 -193 477 -1088 -486 -27 -1152 -778 54 1392 1745 -1000 -1260 261 60 -791 -103 -860 401 -1168 -257 -320 -143 -48 -30 241 146 513 -175 -603 -435 ]
[-759 174 363 -56 993 -253 -288 23 -922 -469 225 176 116 327 -72 -386 435 -416 -11 192 367 619 377 428 513 -106 378 97 612 250 687 256 -1054 -629 200 -847 452 -451 945 673 1230 195 528 140 145 -680 61 -1626 32 -226 -797 -117 1057 -1122 38 -59 728 -495 698 159 -155 113 1012 -376 -125 98 -992 49 563 419 940 152 -155 -27 -267 -622 -1142 -426 -132 746 577 521 129 -427 387 -989 -917 692 -347 -1657 -116 433 461 598 957 501 167 -897 155 165 71 -660 -662 -492 -341 1357 622 -42 -37 -78 -240 -1191 418 -862 223 438 -747 627 -232 162 ]
[-6 -974 344 301 -467 -616 42 -142 -1021 1195 -254 -177 -516 -643 -69 -167 939 -220 -183 -6 155 -266 -128 377 987 65 2 -956 -770 -131 -414 -564 -209 126 141 886 -497 1355 -579 -818 334 594 41 -128 450 -182 653 181 709 382 -282 66 -112 -363 -810 -349 193 -100 569 -887 99 -1015 -412 43 502 128 471 -841 44 24 -1043 1101 564 -624 98 740 774 1384 -598 -507 -282 -699 -174 -569 756 -24 608 188 -114 373 -633 397 -311 226 381 366 64 -278 31 463 352 529 953 -239 71 -204 -416 -72 42 -83 555 1177 -27 317 643 -764 -72 188 -52 -139 ]
[-624 -513 -348 -296 -611 -584 363 25 -379 -56 -500 -608 -541 629 -766 1027 -66 191 -420 -1385 113 -753 -760 -441 -121 -7 398 682 373 650 -810 472 251 453 111 -86 -148 1331 -520 -451 358 -1175 34 322 190 -469 -39 -119 1426 712 79 1051 -334 -775 -504 265 181 756 1136 904 137 -597 95 38 -80 208 -280 10 383 -581 1150 873 -374 -2019 -787 -713 -445 174 -329 122 1359 -1219 -268 -412 213 610 33 758 1094 376 421 84 -16 -412 854 -660 31 103 769 -5 -259 -305 981 -42 124 -113 255 606 -125 248 133 469 -1325 310 138 967 -899 -750 380 685 ]
[-948 -896 493 -249 426 -1186 -36 -943 344 838 -836 -594 243 545 -318 -249 -580 -649 388 206 1022 -1088 -195 -1120 105 582 38 551 115 -359 -179 536 313 -719 1060 38 -408 -15 -265 -749 142 -229 765 7 989 -576 224 -713 1 -629 281 -15 163 909 -13 -168 -85 -523 729 175 752 367 1015 -1117 -69 527 -173 677 1215 753 -286 640 -664 853 609 -41 -255 -575 185 502 -654 -324 558 -856 -540 -327 -535 201 -531 -46 376 62 -310 -1115 765 -305 -294 294 -391 -345 517 -670 -361 684 -665 1257 108 -258 333 -568 53 610 -1172 -198 715 176 809 -229 -209 -206 ]
]
