[[-378 -529 -391 -72 351 676 74 -843 -371 820 186 -588 -51 -77 145 43 -1111 771 530 -735 -605 -2 -689 76 167 -182 -18 203 128 47 474 -302 174 -748 4 324 -817 -82 -585 -276 970 208 -330 9 391 311 317 343 252 54 -506 -17 103 -53 -59 -548 957 -298 -218 723 463 132 -193 619 488 -706 -463 -474 -378 -27 106 208 321 407 513 79 198 268 621 -310 -39 180 -153 -81 -217 -8 728 -160 -114 170 -226 -12 -356 -154 133 450 -217 615 -356 550 -28 -7 -162 713 -120 662 -267 -754 1074 -119 -247 570 50 276 -65 -303 -1049 516 68 81 ]
[108 -444 184 242 416 170 566 -453 518 -62 -277 -793 627 856 -311 -558 -670 -302 308 -144 -786 412 -600 89 1202 -89 68 -614 224 100 281 -467 -284 -334 176 757 -437 -817 239 -350 -461 -24 -428 186 192 109 284 151 -688 -287 -734 68 391 -162 465 106 436 123 451 325 428 -668 -1062 292 -167 -374 -216 -433 -410 -413 400 169 336 -201 502 -343 -581 -110 -87 52 -390 -184 -818 -855 -427 129 158 -298 -304 -1295 175 280 29 425 951 536 -378 -93 600 98 -114 -274 35 704 -244 57 -94 -586 -689 16 130 196 387 305 690 -115 270 314 97 57 ]
[508 129 -4 136 74 -441 623 -103 -299 373 79 -515 51 -286 61 -589 -410 -181 372 -1458 -189 -938 -46 -151 -312 -183 53 762 -188 -46 9 -142 602 -261 -98 -12 -423 -140 -719 -392 1215 207 -124 -1172 125 -132 -578 144 1026 43 -574 24 377 -49 -483 -841 519 -168 15 -151 650 373 -90 394 363 -262 148 379 -720 19 440 376 737 26 -227 353 68 442 528 200 772 -967 -131 286 449 16 302 34 264 1275 57 833 -91 386 -220 -371 -11 -456 285 138 -13 -939 -745 148 -739 282 -517 -563 356 115 -395 738 843 -151 -750 -278 -681 602 571 18 ]
[337 -657 -276 -462 284 207 578 -100 -306 716 37 -208 324 152 373 1014 -43 -361 512 -872 159 -1123 -403 -109 -543 -221 -46 145 -242 -352 135 263 448 -643 -233 514 782 -914 300 -476 645 431 642 -548 659 -78 -532 208 217 896 -392 -46 -163 216 -1401 -429 382 281 -20 -449 129 643 110 -147 578 -289 787 -788 -1196 -12 101 -389 99 590 143 -294 774 644 262 48 330 -724 456 -32 83 -1003 -184 -139 -168 560 -43 382 -207 -184 -94 -494 -430 -460 424 178 159 -778 -897 447 -842 480 -237 -527 685 -566 165 -60 31 122 -721 -491 -367 261 344 450 ]
[906 -172 -790 139 -454 366 472 137 370 339 -26 1 -76 549 751 1082 -12 37 122 -359 64 -990 -1186 617 98 131 -419 -612 -309 -121 -191 -52 -120 425 -390 449 171 -355 -87 -458 106 -607 -554 -186 -290 83 -307 -3 -172 3 133 324 339 -244 -43 -16 172 467 680 -356 -455 -116 -216 -566 203 -87 1032 -495 -544 -544 416 342 179 -88 -116 200 -97 109 312 -563 -422 -875 208 23 255 -324 -231 187 -546 -680 773 200 241 138 -218 -1499 -386 -813 -511 -595 -367 -824 -484 44 -1009 -420 -33 272 -233 70 466 -389 73 -52 -595 35 679 -737 -268 -393 ]
[-67 -290 747 -23 101 119 -402 92 -915 -503 -51 2 -46 -230 385 281 -19 -22 -287 878 650 -288 813 45 -325 -705 581 -52 -569 -115 -28 -312 161 373 -84 23 -260 -260 -250 -178 894 421 808 -447 -76 -397 -508 -469 1183 -7 -259 -317 -360 -15 -15 62 -163 -568 -864 60 298 710 338 -165 124 825 -289 164 -725 -154 -541 -280 -664 -458 -1202 -483 1341 -565 6 698 -486 -10 -54 800 388 231 -561 92 41 1253 440 -38 274 -163 -5 481 221 135 187 -144 1111 352 -493 -180 294 208 259 100 241 14 -908 -134 -102 12 166 180 -333 765 683 99 ]
[-317 -37 553 187 423 262 -490 197 -273 26 20 500 -799 192 608 125 -49 739 1025 622 239 -210 -398 263 -722 -86 634 259 1230 -357 53 -675 -177 577 118 -322 -101 391 -224 27 475 -548 613 188 576 -404 500 -514 143 -192 -788 -5 149 428 -23 347 -140 -928 270 740 -159 1062 586 -248 480 616 -292 558 -309 9 -1036 -420 -773 -327 -66 -268 18 26 156 481 -254 571 -476 518 15 -281 -127 -312 -123 229 -361 206 234 395 -633 -121 -421 5 -8 212 328 916 -126 383 695 523 -175 272 79 -222 -941 -470 -276 213 -308 640 -405 349 547 -614 ]
[-481 -132 399 -834 445 -250 769 -241 -165 86 -283 -222 453 -285 -345 -392 -796 -1298 -322 -537 -312 62 -104 -1074 288 508 -276 297 -348 -248 721 539 587 -1335 649 134 130 -368 256 -411 -37 697 -143 51 325 -245 -953 -27 195 568 -600 -718 188 52 -1059 -47 496 256 -259 -418 109 -156 -1209 852 94 -1136 71 -1046 -629 -18 459 -73 533 719 167 610 709 658 -469 252 920 -143 -806 -1176 -124 -251 278 -81 -91 277 -33 270 -715 -549 779 272 740 393 637 578 100 -1550 193 -91 -811 891 546 -241 100 80 -75 1301 -342 -131 -82 -400 -432 155 460 224 ]
[659 -850 326 579 880 843 253 84 -234 126 387 -631 172 1149 240 469 -531 432 1282 -1179 -95 31 -651 103 -766 -764 544 -118 270 190 332 -449 27 -836 -194 537 559 -767 380 -208 184 171 469 -279 908 -153 264 584 -70 -157 -502 671 26 124 -944 -19 147 263 -141 253 163 585 -698 -368 -405 857 -57 351 -817 468 697 82 406 -439 399 -668 -307 45 -42 167 331 -735 -547 159 -148 -454 -242 -979 180 -272 66 1181 13 -230 -400 177 -1079 -843 507 562 116 -347 -267 367 -145 266 -468 -346 -519 -205 56 -237 -429 -285 13 -720 -65 1187 465 162 ]
[-74 299 298 -521 128 -467 -601 816 -838 353 288 564 -753 -630 480 -8 -1541 1235 450 -450 -387 -474 -200 -338 -850 106 49 825 478 316 -19 -371 310 -48 87 -281 -681 1310 -279 472 603 -493 -423 151 281 415 405 -383 350 -1406 -485 484 185 -165 -115 -515 -78 -374 457 455 -312 -495 -222 312 -148 -752 -276 355 220 150 -544 88 691 -136 -87 688 -710 669 593 -280 613 168 -517 412 -318 745 -97 -733 -532 -314 -497 787 -458 856 -702 -615 -251 173 -289 125 -202 -254 -271 -188 166 278 -195 366 -381 -70 -125 744 -1 -462 -128 644 -1034 479 427 -441 ]
[189 -505 -1165 -410 122 -25 515 -1205 754 753 -1082 481 264 -183 -256 -468 33 -487 26 -433 -162 -439 -718 -308 844 117 -427 -498 254 -471 743 -64 -576 228 305 526 398 -232 6 -995 -396 302 -410 274 122 256 -799 45 -481 459 -367 -531 146 776 -595 374 432 528 990 -223 -707 135 -225 -110 820 -838 698 -997 -172 -299 914 184 773 971 1061 83 -251 323 -8 193 281 175 -790 -796 -141 -595 981 536 -184 -469 239 -77 268 -93 -109 -663 319 -713 -568 -964 -550 -1126 162 783 -873 548 446 -485 89 -132 932 -183 424 685 -847 -559 156 -418 288 -788 ]
[257 -1 -647 1387 -610 -176 -392 1388 135 -834 -69 -765 591 171 133 459 329 -309 -498 -290 453 403 -103 294 -389 -263 -115 -233 -881 484 -331 241 524 451 -473 -659 5 133 -29 1 334 -129 221 -316 -766 457 -427 -10 387 -543 639 838 -479 -890 424 -277 147 461 27 -940 -203 -884 121 -579 -1325 427 228 291 364 -491 283 511 -554 -506 -705 -392 181 -291 -280 -670 -610 -1539 824 243 117 64 -221 241 202 418 153 33 538 265 597 203 -284 -338 -112 -297 -195 -129 -765 -26 7 -1675 -181 31 -342 1026 218 -184 511 -1174 538 126 873 -266 -67 -88 ]
[314 141 -282 996 -1044 947 -1217 833 -284 51 517 -17 -564 -258 565 279 -479 1234 224 -460 151 -120 880 -135 -983 -627 -367 -122 -86 16 -376 138 -78 1002 -207 -221 -537 1502 -399 -307 515 -234 -128 463 -485 280 -228 -86 603 -1722 333 659 -350 208 -108 403 -795 -211 135 379 -645 105 206 -615 -409 902 -268 795 60 -260 -377 -34 157 67 -887 425 -694 -631 639 -560 199 -270 -281 744 782 97 -268 -779 -188 -87 46 287 175 -266 -698 -234 -374 359 -1131 -757 372 -130 -344 -342 106 -390 288 -16 -612 498 -426 -137 308 -941 288 855 359 395 -133 -1117 ]
[-169 -321 425 -963 458 -439 -71 347 -930 -41 -421 944 29 -782 292 270 -298 513 44 765 553 -569 665 -301 -65 -305 298 -642 -357 431 -308 -587 703 184 682 -212 -57 -260 -596 493 208 -125 -245 -670 479 580 175 -455 572 -24 -327 508 -1399 130 -548 -95 116 -583 159 837 -494 -317 381 135 174 -413 188 -444 459 532 431 176 365 -297 -25 -736 782 -371 740 75 -561 513 496 325 -561 139 -374 675 -370 235 -236 -188 331 530 -378 -12 76 43 -268 -32 291 -3 -355 571 48 171 -48 51 1030 -306 407 -97 -7 819 -85 352 -1097 -196 563 -112 ]
[267 -370 -438 566 -152 266 -888 -32 87 -377 190 -1009 -119 36 258 772 151 406 -721 -1048 165 182 -711 449 -1023 420 -10 553 -417 89 -361 773 -296 -64 -532 -69 -108 -351 210 422 666 -124 455 -422 -76 46 197 336 -157 302 975 125 927 -530 -127 -740 35 219 -626 -445 173 -21 116 -7 -746 -86 -483 56 827 51 705 291 176 -153 -572 53 -104 -66 -462 -298 66 -367 193 1012 643 442 309 -498 63 1190 500 -139 -505 -120 135 -581 350 -661 -254 397 -451 356 124 -789 -146 -773 -332 -143 64 163 10 156 -253 -5 -198 111 817 -140 -367 -114 ]
[-248 675 342 490 11 -1053 920 1477 -15 333 -104 123 768 254 717 -762 -31 -88 358 152 -225 -876 -730 -260 37 277 -105 880 71 340 -83 -48 418 -315 368 -272 -576 230 -92 297 17 -431 -190 -455 -396 582 774 117 -409 -308 -566 664 99 -154 364 -74 390 -750 820 -319 220 -1010 -404 535 -354 181 -338 768 243 -162 -397 84 -767 -70 633 85 -674 657 670 262 554 -1027 331 -610 -496 351 121 419 125 -720 -1017 1112 420 1648 199 417 -692 12 1751 154 -836 -541 -214 1165 368 -188 -271 -243 30 290 -311 326 834 -403 81 225 -571 339 92 137 ]
[-203 -493 146 -506 -33 715 -236 -119 -250 322 167 -308 67 -106 798 -183 380 -176 -488 604 -557 -230 683 -313 342 89 -355 -268 -310 -124 207 254 -755 -127 174 657 -344 -373 59 -446 -194 756 221 146 -275 -601 589 477 -923 606 -256 -476 429 -768 -278 578 -273 -96 -97 754 385 -86 -706 761 678 -707 -465 -803 -103 131 -597 -271 -403 845 309 -214 410 -526 -105 556 -57 1436 -915 -653 386 -115 -330 -440 -904 18 -73 -63 -214 27 881 333 384 774 1129 -293 341 -163 -12 543 -200 383 1118 -1663 409 -354 -626 231 394 838 190 737 271 649 -545 -335 ]
[-175 -317 292 -291 1634 -183 499 -348 553 578 320 -175 -365 279 -583 -8 -471 -989 1233 -425 -343 359 -413 59 -215 104 229 735 831 24 994 -650 -97 -1215 -294 -20 767 -859 -194 221 -463 303 -287 525 764 -161 -42 362 416 248 -866 -53 673 -118 139 -552 279 152 -462 -555 386 84 -1865 570 642 -840 467 -579 -634 619 -125 -68 548 -355 666 362 305 1349 -577 120 273 -635 -155 -1143 -601 -509 473 -216 353 -63 -623 153 -603 -144 -499 85 -639 616 144 933 205 -672 -336 -305 -225 521 -391 545 -139 22 -181 636 -1465 -62 36 -753 -591 892 395 598 ]
[-142 632 1237 -402 -426 542 -696 288 993 -1084 58 -92 407 228 -677 -1299 95 -580 397 938 148 819 920 -774 953 -121 656 -407 747 -1073 -229 -737 597 1562 525 252 -510 433 -224 -106 -722 -115 79 424 -422 -1046 -677 -920 -332 40 -720 -595 -284 981 -205 1239 -338 -125 892 905 -480 391 58 -621 209 302 -371 561 -384 -814 -103 13 -596 -153 -154 -560 -457 -1018 -689 324 -247 1120 -1389 -417 520 -283 -336 -115 662 -584 259 70 737 -230 544 195 709 14 -125 132 141 694 899 185 593 65 320 447 -1107 -30 -1150 164 737 665 -83 1003 468 -737 350 -798 ]
[409 -284 -794 -653 -338 -1031 568 -573 583 -324 -290 179 148 88 -446 -428 608 112 -868 -870 32 -707 -212 576 10 171 -145 -244 -640 297 -610 639 125 141 94 -256 -481 -1043 1005 -38 -297 -785 367 -1233 114 3 122 -756 -366 -490 883 -11 471 564 66 -436 186 554 561 -520 261 681 1083 50 -810 -68 291 -269 658 167 730 58 538 -219 -437 -41 -906 -221 611 195 -607 -462 658 623 49 -83 318 426 -375 -127 900 1 -269 1167 -460 -432 72 -1288 454 -978 -666 -446 -229 -346 -207 -230 -254 -72 -619 -584 1455 -452 554 755 -96 -639 717 -644 -335 182 ]
[434 240 -224 949 -433 -260 945 -22 29 429 -359 -148 -579 7 134 335 703 -529 331 -435 -1070 -1297 -920 700 289 326 -605 -431 305 -119 -597 -35 -52 233 243 116 1000 239 -35 -578 485 -508 -340 -203 132 -34 -12 797 -1 937 -98 662 -486 -381 -191 -94 -111 -270 978 229 239 120 700 -580 991 -25 692 315 -1058 385 -288 -405 -677 604 515 -8 -333 401 885 -310 172 -84 1024 -300 -368 -757 -649 289 390 449 -533 99 373 -47 368 -33 -804 -228 -389 -151 -268 11 -399 1090 -867 -39 -157 -1033 198 -2 328 -167 752 90 -424 327 105 -970 -168 299 ]
[-127 987 9 194 -392 -488 -1105 28 383 -223 -197 113 -393 -818 -555 630 144 -463 -863 209 155 351 634 335 -181 350 -919 557 -58 252 -928 1413 -752 41 -208 -233 199 1283 793 -32 345 336 104 648 510 864 -397 58 -91 -504 827 -23 -381 92 -40 -450 -1509 -394 -581 -831 -488 -845 304 -123 12 -719 -179 -121 955 -234 -395 -1073 227 731 -679 321 -887 637 -86 -276 1027 132 1165 592 894 498 218 -9 92 414 -660 -1302 -959 393 305 224 479 670 -1310 -384 238 541 126 -918 -141 -747 204 322 -20 744 643 60 -384 -309 423 973 668 -1124 -39 -354 ]
[-539 1291 307 -1164 -214 -123 -198 316 -638 606 475 1223 189 -183 1026 -367 -57 425 418 749 220 37 183 -489 221 -215 -350 521 593 26 344 -47 114 55 -184 -336 -401 1487 -721 72 370 470 -141 442 89 -230 493 155 -1120 812 -109 -38 -171 578 -122 846 -133 -151 -136 577 -227 124 506 761 1112 -84 -655 704 61 379 -942 293 6 1110 1184 218 -58 19 79 -60 1248 1351 -341 -212 104 157 -141 269 629 -268 -1279 445 -546 -246 -756 -61 459 999 262 641 -317 951 722 -500 657 -191 513 333 984 982 -1021 367 211 186 -474 620 -1227 495 -362 -65 ]
[-1031 -933 -989 -881 553 -136 -1128 -1481 304 -530 -804 149 410 -489 -1011 -176 80 -326 -620 535 413 1089 68 184 722 341 259 -393 -228 -233 1107 253 -622 -232 -721 -208 -503 -949 -222 -463 -86 742 708 494 579 222 -415 -685 -93 477 94 -1150 824 371 107 -234 233 -614 -574 -1224 -325 33 -100 333 841 -752 -188 -1517 722 -550 -451 -185 -29 385 -260 -124 568 157 -919 -78 -629 205 -179 -46 534 -749 794 254 -576 623 -298 -768 -731 -307 673 -216 519 744 -502 -23 -464 189 -792 -374 282 194 -87 -378 338 194 -63 -240 -378 439 114 -197 -294 248 191 -605 ]
[-257 228 -1187 -292 -386 1088 -1107 -484 655 781 449 673 -526 -519 -154 -201 721 1059 266 251 793 479 269 520 -133 -26 66 588 291 -74 212 -226 -449 345 -323 -579 -933 477 -661 -479 11 375 304 518 -294 -488 795 427 -717 18 485 254 222 101 -553 97 -424 -650 -463 869 -319 292 722 218 531 -567 -304 271 1320 -43 -378 -343 -86 348 429 -250 -1375 -134 -19 124 365 1133 475 360 1322 -480 917 126 41 -122 -63 8 -260 282 -1117 -823 448 745 -866 -190 -407 378 847 852 280 400 -167 -1202 981 -912 -428 -547 -104 714 -655 592 -250 -620 -705 -1548 ]
[-33 416 1194 645 -414 301 799 26 -681 -57 230 -512 -1287 2 614 306 405 -459 -95 329 -841 -738 -50 105 548 163 -389 -228 -270 60 -286 212 -387 -326 645 -52 -375 716 -1054 -529 438 -279 -503 -804 -456 -848 -88 586 1235 217 -219 -533 -139 -1203 -363 143 752 -149 -413 1133 596 1046 -78 332 240 439 523 539 -953 218 478 569 -628 -772 -283 342 590 237 606 604 571 690 -898 -123 421 838 -308 187 -357 678 796 202 14 -139 458 335 298 250 767 675 451 -151 640 220 -182 847 729 -332 757 282 -750 723 214 231 -425 533 106 -391 343 97 ]
[-314 477 306 -307 1357 307 1096 -50 -668 -286 -598 1477 -588 729 644 -588 415 175 -192 429 -303 588 -696 390 -896 452 -243 -407 327 664 -12 235 -69 -1397 710 -778 540 635 -124 76 -318 -128 -432 76 901 -635 778 274 -309 268 281 -424 -121 -29 571 706 -900 -92 405 220 -472 -1 -304 34 281 104 -818 -106 948 1209 288 768 -283 291 1161 519 -171 -738 -546 -309 246 1471 -624 -10 -353 -49 -483 -243 285 155 -476 290 -61 -826 -276 230 10 -515 -97 335 -356 38 938 -479 311 553 291 471 10 329 321 -230 -1005 -335 -519 35 -411 -45 253 -387 ]
[-373 -318 -331 545 362 187 658 -964 -62 268 -389 109 816 1157 -244 1606 -296 -234 92 719 -214 577 -308 701 307 -802 -439 -757 1183 -276 -7 313 -747 144 -212 268 960 -219 850 -1140 -240 255 876 1063 524 -108 -634 640 -351 9 -433 105 -279 737 240 547 -88 1248 -920 -100 179 318 394 -189 62 309 210 -616 -1039 -769 -349 -391 -75 -53 162 -499 -236 -66 -453 356 -255 121 -628 -604 119 492 -452 -496 269 -1802 156 -24 -596 -419 181 366 -636 422 -62 -115 1345 714 66 -405 255 10 38 130 -181 36 -248 -1115 -535 177 750 503 1014 -132 -171 375 ]
[22 -413 -703 -306 -192 847 211 229 1059 -173 -89 286 450 854 1008 -218 937 227 -400 1305 1057 202 -531 785 -59 -236 601 532 -308 -220 -133 -522 -794 804 -578 253 -611 -797 429 -292 0 -15 1480 -371 -321 -315 372 -812 -1631 179 427 -745 304 146 532 551 -65 3 691 115 -32 62 432 -810 -377 32 -399 -451 372 -869 159 -79 -915 -707 -39 -996 -106 -822 -786 343 -1034 558 -323 449 270 -346 438 -327 25 -172 982 -89 955 1013 -61 234 553 -1744 1164 -699 -210 1276 721 468 602 -371 -221 48 -408 -22 -477 -1425 527 295 82 -253 914 187 380 -413 ]
[264 -670 -103 -329 -73 316 222 -83 402 626 519 90 -285 345 489 384 -473 -378 235 -536 111 -827 -1139 189 -685 23 329 420 -365 182 687 -166 -180 131 -668 244 482 -714 -154 -171 329 -158 -67 148 67 -10 -114 -615 88 -578 27 200 961 620 -208 -287 267 -158 471 -561 -445 430 -1100 -907 569 833 1352 -399 -987 -68 -353 -173 -108 -510 -384 581 532 395 166 -634 14 -1204 639 170 -529 -881 -174 -577 -224 -253 335 742 15 -325 -508 -632 -895 436 -194 -326 -696 -790 -308 -658 -403 330 -248 643 -994 589 -44 -14 -1012 -1009 -660 -1117 -64 664 412 235 ]
[141 -260 -301 1143 -265 398 -666 -292 -604 -675 201 -1158 -131 809 138 271 -1089 187 720 -1848 -723 160 -1422 58 -420 -155 517 -270 491 -190 873 35 60 270 -310 -9 -252 403 174 -389 1745 153 378 -639 173 -733 -250 33 603 625 -368 767 670 497 -143 26 846 -290 -1041 87 716 1505 579 -517 -50 743 -444 212 -1053 -293 -263 639 -544 108 -334 -316 232 -93 221 -461 -29 -753 277 535 204 -532 147 207 832 829 -44 421 -218 -405 602 -2 -449 649 -641 382 -477 641 -507 -366 85 -533 -272 -570 208 885 -369 338 -28 -658 -515 -434 -95 -334 -191 -84 ]
[76 -18 -40 -112 842 706 804 -113 40 1485 -307 176 -613 128 283 426 -229 245 397 -1303 -64 -1059 -746 -176 -1221 229 -104 676 590 186 -964 1045 862 -1455 1053 -735 521 -138 352 -186 714 -264 55 -35 973 -710 150 371 272 -124 -30 154 -214 1070 -1721 -594 231 560 155 950 245 1630 727 23 -141 246 92 250 68 154 606 -536 158 574 270 75 -634 -129 761 234 1386 -40 71 686 -8 -70 563 -268 -355 755 8 459 -424 -280 -575 293 -206 -422 -391 588 -180 -704 834 781 -52 1154 -433 -430 608 -1010 406 563 -332 203 -1090 480 97 -427 -125 -400 ]
[-32 1122 377 -560 -247 -27 -81 223 343 460 144 526 -263 -225 384 -53 -321 -35 3 -59 678 -411 137 -12 -10 -9 -724 306 372 -478 -216 -559 467 697 668 -351 -881 1449 -777 235 388 -377 -566 399 280 81 -221 -679 507 -235 -530 266 -715 507 590 -62 -439 -740 300 163 -22 -278 119 647 415 -1112 -386 -103 -382 7 -562 147 628 762 -313 959 -216 180 -145 -165 164 452 231 -358 301 -340 48 501 873 491 -261 -711 -299 361 -1162 -1074 489 648 -976 199 390 339 701 -583 -319 -505 121 491 253 -138 -600 357 270 -68 20 1102 -1029 -827 719 -1044 ]
[-456 -656 -834 417 486 1057 -484 180 -51 75 45 -432 -350 702 -793 -147 -1598 1366 1189 -213 -1119 752 -721 226 26 -526 558 -316 657 -261 -45 -514 91 -558 94 -115 -774 115 348 385 -19 -684 646 315 137 25 149 -344 289 -822 -28 147 342 689 362 159 802 894 212 811 342 304 90 -206 -596 -89 -495 -419 -496 -511 711 1063 -251 -834 413 -580 -1068 -316 435 -752 -891 -111 -1327 73 -395 172 449 -922 109 -1074 -194 232 20 -116 455 810 -890 -331 -188 866 -444 957 -528 887 686 195 -654 526 -206 -22 -182 410 431 156 520 92 30 36 -216 594 ]
[7 -303 -238 45 -896 -1347 703 145 -69 -368 -947 695 473 -771 101 -532 437 -618 -367 981 -585 -697 -702 279 1293 311 -209 -707 -701 -276 217 133 -60 227 -398 29 -45 -978 617 -715 117 -302 892 58 -604 -203 -909 -492 -487 634 298 36 570 18 -496 368 171 -252 802 -656 534 -93 212 -566 227 351 91 595 -940 -289 -563 -797 -249 -99 -950 -269 -126 327 448 666 258 -765 22 -321 -682 551 -613 504 79 -6 401 1421 45 72 185 -10 -129 -1151 1206 -212 -419 -502 -275 416 -726 -9 214 -833 -1158 618 -632 -72 1232 47 755 52 361 512 334 299 ]
[-89 509 160 -25 43 -1096 23 -468 -1139 281 158 -407 -407 -193 -428 -606 -929 354 595 211 -1198 -41 -701 -242 731 439 470 411 796 -376 159 165 635 -153 -115 -114 -610 465 112 475 1180 -201 -322 -415 -578 -738 382 -378 736 44 -854 146 1284 -559 222 -973 665 54 -349 565 912 -54 385 386 21 -390 36 339 -691 -354 -478 456 188 -275 61 575 97 -170 966 359 678 -349 -589 387 -483 1432 -78 20 -78 -77 340 614 -199 364 752 -44 -281 636 173 743 37 -204 -349 -122 50 184 -89 -42 360 -102 -423 798 773 -299 -429 278 -626 292 62 865 ]
[385 280 708 -75 -230 -112 507 181 43 409 512 601 5 421 -166 109 343 -298 96 -790 566 -654 884 -138 -499 -110 -340 859 -505 1023 -352 66 -1056 -397 -333 278 363 511 -190 -186 -434 535 643 -64 610 377 363 815 -272 -732 269 174 -29 -42 -929 -98 -944 -155 -170 -787 190 -233 -717 -338 32 955 721 948 -503 452 -204 -488 900 43 87 820 -1551 1198 391 -102 1534 -625 831 353 452 -477 -544 -714 228 -729 -947 773 -848 786 -935 -500 -626 70 977 50 -983 -191 165 -228 -381 387 -197 -404 -825 48 -230 -233 303 -1286 -265 -69 -513 504 325 -21 ]
[-132 26 192 687 861 -153 -36 98 -91 -863 -510 374 97 422 -28 -614 576 -228 -155 598 769 397 -848 -171 104 99 682 279 -157 586 678 -383 -674 -419 1 -271 675 648 701 85 135 129 -83 1093 -10 10 558 898 -508 525 490 86 0 -454 158 300 -212 -354 -91 -709 -331 -86 374 -626 -574 1018 -715 1391 969 896 -158 -883 -689 400 864 -172 -414 722 -517 481 76 -31 298 -242 -1088 -120 527 311 728 149 -623 -108 452 76 -640 1021 435 -947 -143 10 -364 53 661 659 511 -155 298 450 -753 503 658 -381 -773 -645 181 -483 -81 521 -119 -537 ]
[-30 13 913 38 446 -741 321 660 -379 208 -559 -253 95 -1083 -640 -1108 -1153 -317 13 -164 -183 -719 -453 -775 166 439 264 328 963 -757 -489 -22 1006 -87 1159 -631 130 -475 642 653 620 -943 -349 451 459 -269 -599 -253 532 -218 -1140 454 815 426 -280 -640 -189 -651 -4 721 983 15 -106 1373 -471 -201 -556 1491 -457 230 -731 -879 808 182 -972 298 -32 124 -39 1106 477 -211 -704 -200 -973 1247 -154 -252 -53 485 -657 149 -407 314 -340 -213 664 238 -38 1174 779 -292 -391 519 -785 543 -15 -171 -193 -217 -822 1149 967 372 484 1066 -83 351 92 329 ]
[314 -169 35 -1477 1154 270 -611 -316 -607 1390 -657 291 34 104 1136 213 -1093 500 462 74 885 -1367 -768 108 -226 -847 160 558 -122 -291 -246 -19 410 -664 -168 641 -275 -527 4 -170 877 444 40 -500 1236 -79 -19 -251 337 -422 -1122 -173 505 509 -817 -491 -270 -1024 46 -111 -643 416 -824 567 1037 -87 -282 -329 -695 -297 -252 -398 -294 103 -18 -59 713 -465 180 560 939 -269 -743 1237 529 389 -20 -265 -982 928 99 625 -215 717 -564 -502 -141 2 -319 -100 172 -1039 -346 103 -61 658 470 450 570 -106 -467 595 -7 1189 -1160 717 -930 1013 714 -233 ]
[-1303 16 -183 -510 -584 -746 -510 -1306 15 629 511 655 -250 -1461 -715 -573 315 556 -456 609 620 760 1185 27 404 -279 158 515 -70 -17 540 168 -915 215 -189 -241 -1127 76 72 35 -546 418 1069 395 -321 322 -49 -986 463 -704 464 -783 170 290 462 133 406 -264 -897 93 146 429 -238 683 -171 -238 -59 -542 37 30 -1237 -513 464 -435 -945 860 92 445 -28 280 528 247 344 476 247 317 748 105 -357 104 111 -710 -642 214 -364 294 359 2138 331 -590 418 203 480 -745 327 218 449 -169 671 196 -753 166 -361 135 427 -20 -692 80 104 99 ]
[-240 264 1004 -821 -22 -1065 408 336 -763 -1587 766 257 275 -714 11 -887 746 -437 -116 164 -548 -93 -126 -348 90 -132 687 58 22 -361 623 -47 978 602 105 -78 -354 -303 -179 -9 644 -494 504 -1356 -186 -1042 -29 -713 683 590 -193 439 -226 260 -711 213 323 -710 -237 351 -322 631 346 -80 279 347 118 792 -52 1263 142 322 -247 -384 -579 -131 610 -474 1026 794 417 906 121 167 -565 261 -805 94 1026 282 -388 1289 232 625 -114 253 -72 199 841 38 -134 26 -392 -851 570 209 -69 -377 29 794 -525 -289 436 282 -189 -703 -639 -89 112 452 ]
[395 43 -411 320 -50 9 25 -11 -668 889 -612 -282 -508 381 266 1155 -1214 34 -14 -51 -126 -85 -1918 -291 203 227 -312 -573 -48 -267 543 -442 116 -867 393 1250 761 261 867 326 -624 -378 -307 991 -274 343 206 375 -436 248 -185 398 -206 -693 557 399 -138 536 52 -457 -586 -1371 -1129 -76 -673 -1021 -86 -843 -569 -173 138 298 -84 962 743 480 -273 806 81 -752 -299 -324 -208 -263 -888 -398 -371 -190 18 -1415 253 -553 -295 -461 715 -43 -390 -457 -870 49 259 -1067 833 422 -1172 -294 294 831 -303 -682 369 950 -1029 -453 480 -192 -459 -840 -58 987 ]
[428 886 1207 -3 493 -1201 -606 891 -191 -1064 -247 -236 -607 147 -831 703 -152 -511 13 301 -1182 -276 601 -92 141 1083 -54 -5 456 -265 -720 456 485 96 -85 -112 -29 517 249 657 -659 -508 -327 -37 -450 -178 -605 -583 438 -212 -258 -345 425 -662 384 75 -158 959 1003 -94 -256 -382 -727 -316 -500 -541 212 -227 -421 -494 26 617 -35 -762 -64 94 -196 -90 -95 -259 870 -537 -975 65 251 709 -776 -4 -5 -439 231 177 37 -290 1538 -863 -29 -335 12 455 40 -57 -6 -351 1 -975 136 1193 -620 243 48 804 37 -128 -113 1715 636 -631 532 119 ]
[-30 104 293 -120 355 -388 137 115 442 194 87 -566 283 -483 -61 -697 -10 -1116 -142 829 -326 177 444 -971 638 398 304 483 115 80 182 -427 740 736 500 -152 153 -299 42 -247 -740 -87 -1215 1081 -924 -107 -211 707 -40 512 -374 555 -288 -211 143 211 140 -234 814 1015 -48 -635 -601 -98 99 -245 499 207 -155 34 -15 -833 88 46 706 34 718 -401 295 439 109 -16 166 -1577 -954 154 126 578 474 -258 100 209 756 -375 144 564 544 556 -421 -426 372 -925 712 1364 -282 346 514 -237 -274 -213 -274 608 -393 203 -116 193 -92 222 -631 -130 ]
[621 78 -397 150 88 -15 -233 714 -44 -755 66 -429 133 73 78 -198 -316 149 -826 22 -524 202 709 -385 643 -250 361 -118 -304 442 -182 -411 -1059 992 27 490 -224 9 802 555 -817 -587 -468 284 -567 705 231 574 -758 -615 931 747 -169 -396 1540 246 -259 602 -252 438 782 -1150 285 253 -933 -422 -320 27 352 561 -255 119 462 -878 70 -300 -297 -190 -147 -575 -617 321 11 -524 -905 125 -265 -65 31 -767 159 -60 183 230 456 -19 557 -73 239 -989 520 745 30 -260 154 -1152 -442 -11 -520 206 943 16 364 541 955 262 607 -312 -1379 493 ]
[-1258 -433 -822 107 -682 -111 -9 84 -73 -76 -147 591 -217 -105 -510 1099 361 495 -128 -66 -134 -372 -653 -103 -541 802 289 276 -257 42 248 257 1298 84 -58 -1103 340 308 -336 209 88 -249 474 -454 -338 540 700 385 30 40 899 1065 -780 217 -846 -172 765 -17 607 440 -804 131 1792 -821 -474 -373 429 -368 618 618 316 205 -1903 -714 877 -762 29 541 349 -1159 -439 222 2039 -145 -615 -1009 124 301 673 -611 262 848 384 -565 -219 212 -20 276 -574 746 -944 65 994 469 945 418 -706 -84 1282 -712 973 -385 -566 444 -479 -147 -269 -1447 20 260 ]
[637 -215 -1180 -327 -111 323 30 237 638 336 1000 -366 732 -69 -214 1111 784 415 -594 -221 -607 -928 -233 1057 -263 -357 -602 130 -526 -352 -317 -181 -270 -434 -1112 9 194 -757 -446 -16 -654 -109 528 348 -311 -306 72 420 -375 1203 690 50 43 247 489 371 528 1117 547 -301 533 72 -213 -363 800 -163 -172 -171 -389 -15 149 555 -329 158 -592 -392 -159 -490 -342 -360 -658 83 -237 -248 306 -411 -299 -233 370 261 -496 142 22 -465 409 -351 -1084 -484 743 -332 208 605 -510 -146 561 -961 -436 -363 -350 -91 -959 -232 369 264 589 339 447 172 -1095 588 ]
[562 587 1023 401 539 -381 1013 238 -428 -333 -288 451 -305 13 656 -1042 196 -301 -67 3 -503 -392 -655 -223 453 -220 319 36 182 667 759 -1054 -452 -75 291 79 -633 699 -1039 -470 -151 32 -447 -616 -224 129 -259 -271 502 -17 -56 92 -190 58 556 803 283 -504 766 346 -318 -10 -411 652 337 -1 -69 771 -848 1109 686 1314 316 -629 747 169 558 56 -128 424 1007 359 -1446 -469 -192 -151 -311 354 429 670 351 1464 677 -276 121 -118 135 -532 823 -70 -196 -243 692 -213 125 -123 -115 358 -494 1038 -337 543 716 -312 -121 -195 -1190 655 938 -548 ]
[-239 312 -505 996 -141 576 174 -565 112 218 -592 -264 222 299 -204 357 -722 89 -341 -618 233 357 -991 135 153 -268 -642 -704 252 -393 864 155 -150 -704 151 41 -734 6 -567 -1080 -401 239 -197 84 1027 156 -137 471 368 -317 -232 263 -375 774 635 908 -226 -1287 -678 -194 -583 25 -1416 605 -228 396 -962 -746 278 -438 318 348 295 -62 -825 357 -420 -509 -829 54 183 83 -357 -201 993 -350 320 -56 419 -451 -331 310 -625 -727 -204 -563 135 623 -981 86 557 -756 546 -413 -485 151 -349 -654 212 665 -819 -59 -729 -97 152 275 -354 -834 -42 -1427 ]
[474 -724 -274 679 -187 -705 -979 170 1010 13 150 -465 -659 -467 -908 -1066 1640 -551 -323 -679 168 -552 1210 32 -280 -241 92 1080 -645 88 106 -567 -610 183 -355 -875 572 15 -176 -11 -560 746 907 -426 -752 -363 -113 -60 459 -393 143 313 228 -445 -194 -112 -309 -174 249 42 117 949 207 188 -189 518 214 1428 -184 1236 -25 -15 -802 -346 -56 -425 134 -46 -136 984 604 -497 358 143 44 -325 691 480 385 2134 396 435 1098 48 -504 602 -147 -198 514 -806 -164 -367 260 183 438 -297 871 -557 -417 -432 85 158 904 293 86 -744 905 1069 404 -116 ]
[-340 332 147 1263 1041 1339 -894 285 -163 -175 239 -466 -1421 12 -251 925 -64 164 616 540 -610 285 -711 673 -838 458 -547 30 1255 -426 -964 440 595 -494 760 -1156 -122 947 -560 -5 636 -439 -446 338 597 -539 145 697 1149 -130 -787 309 -441 -1026 -747 -59 297 -295 17 1501 -315 1119 -539 430 -234 -73 -129 -59 -804 -269 333 -24 -892 -733 9 289 520 -716 -151 327 412 527 -1022 154 1045 -36 -212 -168 -131 1359 -52 -422 -538 -665 347 -356 -175 887 -830 1141 436 22 459 810 256 105 752 -527 1336 301 -981 310 -774 393 -431 2056 328 -986 197 -854 ]
[818 -709 518 16 1200 568 -169 1 -1098 -693 -537 83 -808 84 105 91 -851 324 -361 -561 -527 -491 -1289 -481 -482 183 968 -474 889 -89 951 -365 -570 489 640 229 532 -145 231 -222 345 -654 -641 -12 574 -696 -49 63 -424 -100 -855 -674 232 -310 24 705 609 278 509 1370 -164 918 -279 -467 -349 518 -338 -74 111 191 7 201 214 -326 34 -74 1156 -347 -1093 639 -657 1756 -2098 -86 -884 -251 34 -799 -951 143 567 -305 441 -203 493 -432 736 -1044 -25 -692 881 123 -90 106 -215 594 69 -243 -551 -227 720 -229 -728 141 -979 -379 298 74 225 -891 ]
[235 -226 287 -17 480 -728 -675 196 -60 481 -1364 12 454 -539 -30 -226 -244 -1237 -161 425 793 128 -420 -1334 704 370 895 -13 25 -399 344 39 -206 1101 711 663 705 -261 976 1284 307 498 362 770 -420 -15 -169 -921 -51 480 -1161 170 154 -174 -449 -686 384 169 -198 -676 431 -1319 -303 -776 -370 -834 571 -859 -30 -1298 -453 -800 -60 -24 -539 -361 880 526 -1153 398 -167 -770 -227 -227 -922 209 60 416 -748 534 1177 -597 381 970 1074 -375 731 -245 450 -134 -365 -570 589 -193 -622 -675 -305 285 -287 -648 357 188 -320 -457 126 271 650 -235 1203 -327 ]
[777 -149 546 -31 269 127 97 370 193 -558 410 61 -10 449 -1058 -64 1268 -1205 257 91 174 -473 1248 152 1289 -317 -116 -869 -735 599 154 -424 46 -277 -285 -489 621 -954 -392 -64 -1402 301 -185 150 -522 -1491 -195 241 902 504 54 434 -94 -709 -904 490 -380 417 -570 70 46 -133 -503 -194 427 632 1700 542 -631 1049 600 60 299 -346 -267 -468 361 -214 165 165 65 -661 588 -836 266 -541 -655 98 -391 -410 627 245 223 -282 375 72 -150 266 112 -243 322 -1277 -454 -247 -864 -76 531 630 -519 41 -83 500 -75 -198 422 -46 1033 -34 -867 -190 ]
[401 -60 176 770 -469 -713 -287 -817 209 -510 -441 -820 315 -42 -321 332 -284 188 361 -671 -351 439 -649 262 434 -349 690 -722 739 -2 -791 55 -171 856 -435 826 -166 -204 1047 -356 330 -391 37 -127 517 167 669 -254 149 -539 -932 265 -206 -162 36 -219 594 128 519 549 -101 -305 753 -1187 -763 -785 1048 -530 -294 -1115 245 -671 604 -816 -25 -666 -1019 521 681 -331 -454 -469 586 929 -250 884 16 -266 -916 -1235 354 -441 -114 1629 972 -1074 -325 -284 -251 -920 78 246 -412 828 -411 -149 -513 -690 474 -86 553 -1138 697 30 -196 786 540 -1302 630 -319 ]
[-352 -904 -612 -738 253 17 -94 173 -970 -410 -244 564 528 -375 565 1094 -390 323 -327 378 699 407 -331 656 286 -226 -307 -419 -1137 775 -260 625 -254 -499 -566 -13 573 -668 784 -275 824 361 400 -73 484 829 -699 36 -1211 -151 43 -169 -312 -859 -1164 -436 211 374 -840 -570 17 -121 46 232 -272 -215 -575 -257 -86 -271 -311 -649 97 -69 -475 -474 658 149 -553 -147 277 -149 -3 853 194 830 -181 -136 -1078 532 242 -469 -500 -108 198 959 48 -323 165 81 -186 315 -858 -234 -71 -43 614 -349 308 768 743 -43 -458 104 463 -499 533 396 20 502 ]
[-312 827 596 750 -425 673 -56 151 433 292 749 -100 -522 -332 299 -1528 652 -340 -383 -444 104 197 387 209 -244 278 -351 724 249 507 -380 391 -464 -303 432 53 -787 996 -332 511 322 209 -117 -467 -497 -280 402 93 321 -360 145 -377 -385 -841 614 285 -611 -828 -583 879 585 13 -382 424 -86 -112 -528 422 147 785 -775 -619 -568 839 -276 984 508 14 -41 -138 -65 1133 1305 221 -73 -539 376 78 -244 885 -474 -1551 -70 324 838 1248 538 1874 203 -711 293 341 591 -213 -78 237 787 -450 818 316 -284 774 76 -273 78 149 -25 -829 -640 44 ]
[471 543 1271 -172 51 445 20 558 -935 458 436 365 -1026 301 2178 1669 -161 95 1031 611 494 -1177 -125 -258 -346 -375 286 -546 158 34 -222 93 138 204 227 456 -119 -33 331 408 444 -891 -269 122 -292 -400 397 -131 419 -130 -207 759 -818 631 -1157 254 -341 -277 -523 763 123 1231 383 -585 129 1031 705 377 -1480 620 -314 -787 327 330 -105 20 347 507 1236 160 976 -308 511 664 -311 -352 -824 -75 -424 -65 48 367 -418 -301 -820 -183 -763 282 -172 145 222 -40 504 -86 255 314 374 105 234 -477 287 324 -839 -340 -325 669 -441 270 -215 -61 ]
[-667 293 720 -306 89 -60 519 -271 397 735 -850 1157 -156 -281 812 78 962 -832 -319 519 898 -303 1241 -272 -891 -559 -764 133 -60 341 -674 693 -592 -348 654 -1275 895 -327 -14 -1017 -6 726 631 -50 983 -181 -824 -975 -418 492 120 -805 -1195 1154 -1337 697 137 54 -228 610 -581 924 537 605 628 345 496 -448 -355 -238 286 -525 365 554 549 -249 952 -58 126 237 1284 261 -31 -112 537 -490 321 393 -441 1608 11 -100 -385 -123 -318 678 510 636 686 -131 232 -196 909 -300 -152 330 777 102 882 997 -365 -84 -23 170 -3 267 365 615 1005 -678 ]
[315 -34 -331 -770 481 -576 -438 62 62 -1463 56 -132 664 8 -1157 -213 -214 287 -210 -51 48 749 1005 -706 704 242 -279 -1293 -718 -174 -525 886 -105 -166 340 154 -502 -654 1207 968 -1498 -427 -251 99 802 268 316 -802 147 -381 269 183 105 369 -276 -4 377 170 161 -729 43 -806 -683 -244 -1209 175 688 -1108 434 -9 1187 59 1449 -992 -1038 109 -297 -858 -321 -535 215 -1172 -137 39 43 -212 -207 271 -390 -383 400 -199 -479 61 740 -1009 -456 -307 570 -264 -49 -577 -361 -831 -277 -1047 -130 409 -722 217 1044 -228 249 -113 332 433 468 -984 -668 -392 ]
[-152 626 -5 -281 180 -924 131 -327 -327 262 -1117 41 -362 -315 -369 -1289 309 -360 178 -522 -136 67 1499 -22 965 -354 82 256 -440 258 584 -743 -92 -773 -384 -106 -258 507 -1150 -395 559 1237 -77 -305 -431 -1026 -208 719 1716 995 -51 -753 -131 -514 445 -33 453 58 -764 -214 1044 143 561 231 731 -927 -148 -109 106 837 -682 311 232 110 71 -311 363 42 -246 -128 -300 12 284 -262 -454 577 670 1027 383 1508 -1 372 250 -672 -271 -219 800 -386 -92 235 201 -268 -67 213 -462 299 -260 -440 933 -11 -570 780 595 470 -607 147 -1104 292 251 -463 ]
[-448 -558 260 30 677 -494 139 -989 -674 -182 52 725 454 -262 19 -22 828 -461 849 947 365 693 160 57 794 -896 658 -1613 400 2 1034 -752 -916 358 303 -126 514 423 -162 396 -590 736 479 -29 928 186 21 -255 845 1233 -687 343 -911 45 -204 1119 369 123 -528 394 -217 415 -355 -218 640 98 849 -1158 -249 695 603 632 272 -502 316 -727 921 -116 -1046 1182 -443 502 -448 -486 -251 -69 -162 432 -637 337 -334 -591 131 330 -5 23 -50 862 402 -155 645 -35 -542 -126 123 -441 627 37 987 938 -58 -810 -923 627 21 162 -387 284 567 -67 ]
[62 70 -255 730 187 -218 302 -212 -248 -529 158 -189 339 114 -758 -436 89 884 -152 -1000 -259 1518 -449 30 -726 901 889 292 602 339 -187 -440 -119 170 -69 -347 571 -80 345 746 -229 124 -111 -381 -362 55 991 578 -1532 465 -215 387 1280 -802 823 -429 337 572 -137 493 282 -227 208 731 -331 400 -756 1153 1138 -69 81 620 -101 -97 1101 107 -114 -251 -1445 -152 184 530 -87 963 167 557 230 -301 -350 173 -4 103 421 -646 815 -289 54 -388 435 239 -1115 1091 295 -20 461 -213 -939 -343 -84 -486 547 -85 568 -148 -754 -745 930 -347 -898 390 ]
[729 250 -932 26 49 360 286 -368 105 703 719 -190 741 528 17 156 -659 1078 420 -943 408 -1011 272 -577 -1264 645 -521 722 -521 -391 -774 495 -365 -1184 -495 773 -185 360 -29 279 725 626 75 -506 -559 674 -378 534 626 -29 517 -298 676 387 -62 -138 -355 175 341 -548 180 -473 92 -396 -47 -398 -331 -1 -39 -462 308 653 -222 663 70 687 -817 727 951 -1275 201 -1246 252 516 499 -362 659 406 243 -360 93 -86 95 -446 309 -467 -455 -365 219 -15 -241 -1188 -77 -151 -165 166 -549 415 913 -658 -271 158 740 -354 -707 339 -308 -174 -432 248 ]
[-391 263 1215 -469 375 380 22 -805 8 -1317 -1 -479 750 17 -777 -299 -153 -384 -273 -293 314 1406 1158 -1398 -1004 844 73 -1035 58 -163 -201 909 461 -75 644 166 152 -616 473 -30 -661 194 -286 -159 353 -650 229 227 24 773 -25 -322 586 237 -895 705 211 215 -110 446 89 363 -283 -352 -556 490 -10 -103 575 29 335 173 -194 192 -320 -248 594 -513 -763 -536 -791 579 -71 62 102 -170 -263 301 549 -839 911 -677 -413 -1399 1293 324 237 394 469 370 957 -406 1110 -609 -6 795 187 44 65 -176 -684 221 -685 325 -458 322 42 -1192 73 159 ]
[122 -10 1537 811 -156 -558 550 1025 173 -950 -673 -723 1438 285 163 435 661 -713 -193 446 878 362 184 -310 -149 206 258 -202 -117 226 -926 476 541 320 552 74 408 -860 457 -251 -140 -370 856 -260 954 575 223 305 -806 67 -860 348 -120 -500 -662 -408 -262 -817 286 -895 461 -846 -48 -196 -678 481 65 1204 375 -599 -300 -1300 -278 -762 -871 -1209 -776 997 -10 1090 74 -882 117 -1 538 351 -754 334 -287 -680 -532 427 -278 1690 626 91 -123 -546 1774 908 166 537 -163 1167 -113 -110 -563 -717 -235 -32 -552 -816 535 -116 854 1134 514 17 1369 -242 ]
[-21 446 112 -1925 -407 598 480 1483 190 635 577 701 -188 119 334 423 -463 -128 -550 496 428 -119 163 -275 -725 216 250 470 -128 -64 -686 166 -10 -253 -162 -191 1107 -258 501 -110 168 22 701 -27 -83 -1664 -28 -600 -1396 192 638 -918 452 -196 -388 247 -634 1509 -51 256 296 137 14 92 -4 -1111 484 -953 -448 -706 -1222 149 173 196 -698 283 -99 46 -635 -1049 -358 1129 -528 -29 19 -305 -921 -783 -1101 -488 364 -282 -467 335 239 -819 772 130 935 259 388 417 -8 -851 -589 -198 -279 495 -926 -139 -786 271 173 -102 -315 1027 181 -1120 -407 578 ]
[-217 763 450 600 -96 665 -311 -193 97 -948 -36 -140 519 26 -558 -732 -824 323 498 -2 562 1372 513 180 151 314 275 -355 -1 337 -229 -61 372 -205 588 -388 -442 -88 -704 -87 929 803 -291 396 321 -87 -42 -252 603 -458 -227 432 581 951 -722 55 -491 3 -475 773 181 -707 -30 -94 1 654 173 661 675 -558 844 582 606 191 -784 -607 -902 -371 -267 -346 312 -707 -200 448 1388 130 679 -153 -352 65 -213 250 -296 -474 506 -92 153 49 -643 651 -182 -37 38 331 -152 -249 -115 -90 257 807 -460 665 -435 -530 15 537 270 29 477 -887 ]
[-84 691 642 498 43 -239 102 -127 -187 -260 -466 78 356 363 716 -197 -267 64 10 1690 880 437 -1332 -440 841 639 604 -311 995 -498 147 -80 -178 1463 645 864 -481 -238 398 144 145 -144 -509 -91 -1123 -219 -432 -838 -88 287 -391 -364 405 764 822 574 -393 -656 -697 276 -662 -303 -75 385 -753 326 -477 60 143 -1210 126 1274 -545 -269 -28 108 650 -769 -463 549 -154 36 -1010 400 669 1426 402 1078 319 -752 1310 -650 1076 414 532 -684 845 112 -354 -396 272 392 724 -50 -30 -258 445 732 643 -10 -704 -400 18 125 -954 -66 -180 -1371 115 -441 ]
[163 -311 -564 -776 309 -224 -395 253 308 -1051 92 -437 -247 100 -461 1280 -221 -242 -699 -255 264 86 397 623 188 -446 -255 98 -816 326 -672 -530 -340 -310 -298 226 50 -270 142 906 -768 -305 612 -788 303 655 -527 -73 556 173 602 123 -758 -414 -160 -650 45 403 -495 -1405 -546 202 -774 -329 -257 741 747 -470 -281 -264 1436 146 752 -717 -772 -2 52 -194 -67 -288 -581 -1149 -180 506 119 33 -402 -175 116 540 15 -205 -258 272 -234 -722 -69 -1389 -510 -350 -1097 131 -420 -1030 183 -1007 223 1539 -901 640 801 -512 -966 -195 746 -620 648 -102 38 817 ]
[2 140 -799 -773 -93 -1352 -373 -126 -282 194 -30 258 -625 136 169 1166 -29 431 -58 283 380 133 926 387 -745 347 -321 344 -307 442 -638 233 230 -181 -670 -612 -186 63 285 339 -357 -476 502 -81 -459 -23 238 361 345 87 918 581 -120 -729 324 -491 -132 725 -931 -531 87 -537 510 435 -663 -735 444 -578 854 371 322 -185 675 -421 -820 403 -114 25 415 -159 -657 -204 971 667 1 1137 238 459 -130 -78 205 -407 -531 651 -783 -323 333 -454 -404 183 -147 368 -569 -686 -183 -323 -509 801 422 -383 534 -351 -253 225 36 35 313 -427 -1255 373 ]
[-285 -234 523 -727 -292 -146 -340 517 -407 561 266 194 -315 -347 992 484 -125 -290 -6 710 919 -489 1015 -762 -752 -302 164 827 -607 -518 -310 -243 1132 -441 40 -43 -174 92 -297 46 680 297 331 668 -982 -440 -441 35 975 165 -187 93 -275 -212 -526 -295 -96 -654 -598 364 -321 -98 -90 -301 -68 -454 -216 204 -593 -313 -196 -1099 -670 392 -246 622 1405 528 39 -180 -333 -623 830 -450 -276 -100 -114 -76 9 638 430 475 213 -328 -965 279 263 122 266 257 1057 -973 -100 69 -272 493 346 355 80 -1142 -995 629 -313 -61 -24 102 -582 1071 252 -72 ]
[255 44 519 -1522 786 -850 1533 -414 -651 -296 -720 711 209 -145 257 -313 -301 -891 -1365 741 -423 -843 -11 127 478 107 -227 1100 -989 369 -27 242 -293 -644 124 412 -783 -374 1134 -1098 8 508 8 -732 8 520 -1368 -564 431 -905 -214 -912 58 -40 -121 54 -276 -233 219 -474 312 -534 -286 470 -618 -562 -17 -8 -1134 -217 -12 -462 -325 -250 -568 -14 618 -209 -338 938 588 110 -544 -207 -65 724 128 239 -471 -441 1165 1009 333 877 741 542 662 -804 1098 -1135 779 -1016 123 16 118 1491 872 156 -709 -389 923 -163 396 -485 170 -1176 -490 1053 1060 614 ]
[322 99 605 -281 521 -1162 -120 -715 -1126 180 -816 236 -127 -538 -677 -240 -40 460 -634 -544 569 -164 512 -221 -166 -597 820 -7 89 -328 448 75 -64 58 219 -46 -241 -685 -409 -183 779 44 446 -572 -464 -433 111 -641 1194 -632 -626 -405 494 334 -68 -675 383 -425 -549 -160 129 284 807 289 67 345 -166 340 176 -370 192 402 863 -351 -515 -49 -6 136 314 689 953 -206 -884 989 256 685 -15 -170 -14 730 877 -129 161 282 36 -229 22 -363 216 -233 164 231 158 -222 293 603 -976 -678 -153 -1398 231 -691 822 -160 -50 -212 -962 608 949 19 ]
[52 607 -210 287 -405 468 328 -822 634 880 -516 288 466 87 806 196 98 13 161 -378 791 196 -39 310 292 -27 -763 -1287 284 139 -661 113 586 -192 159 939 45 -232 -356 510 -19 369 -693 771 263 935 -281 -55 7 469 138 -101 -757 359 1016 101 2 478 490 176 -230 -758 307 184 769 -430 -271 -331 310 -766 464 -149 368 1438 188 -27 305 -210 300 -1001 -387 180 1076 275 -369 -194 -47 826 -120 -818 -398 -1747 -110 -1072 175 437 485 267 -1406 219 -394 673 366 -12 -182 -528 -244 1083 1281 299 264 459 164 368 405 482 2 -539 -629 376 ]
[-813 624 -44 24 -391 321 168 47 843 70 676 480 -97 917 -53 806 539 416 1337 92 733 515 -148 -65 -793 112 -429 -537 821 -500 -69 688 410 -185 -42 -1147 487 1280 -146 -367 -518 -997 -11 120 681 -192 -350 -537 43 221 124 -605 -900 744 -971 925 645 184 925 206 -1188 1612 1088 -983 -254 359 1025 -643 -217 616 -340 -52 -258 -267 651 500 476 93 202 -770 -311 85 270 -721 -145 -1367 131 710 520 -521 320 -753 5 -938 -627 -310 -640 529 -560 41 811 -6 644 -708 144 215 350 1361 548 652 132 -718 -805 67 -633 234 -281 -1647 73 -685 ]
[-728 -374 425 283 363 -1502 -428 1187 -903 -288 208 579 -261 -588 -343 -252 892 32 -248 897 -364 -118 -107 47 -1232 550 137 1252 -197 298 0 235 35 -376 -363 -1168 1057 -322 -359 1188 -174 305 495 -461 -672 -378 491 158 -34 433 569 -1 730 -482 57 -204 -1286 -952 -322 -205 200 -36 -718 496 -427 585 -859 661 674 435 -519 37 -254 -201 14 469 325 -581 -248 484 -45 368 235 459 118 952 -643 -177 416 915 -663 1078 -320 7 -704 -41 -163 -13 933 775 -642 -318 -582 -662 565 147 297 188 -431 10 -127 -115 -1091 -277 -241 -119 -180 824 38 714 ]
[277 -1026 605 -50 651 259 -24 -520 165 284 115 -637 -538 122 522 605 -487 404 37 -309 -680 23 -1099 425 562 -542 68 -595 -48 717 -351 -583 -844 -773 -184 743 -173 -504 726 -5 -314 -50 -955 650 555 796 1059 710 -1047 172 -41 223 -500 -689 176 156 610 554 32 424 -280 -144 -866 272 -481 -198 -340 -2 -170 989 609 152 473 224 1142 -764 -428 615 -420 -239 -426 480 -75 -531 -659 743 315 -760 -416 -362 -249 -76 -38 198 -774 311 -83 -352 -377 768 -473 241 571 -34 -554 -300 1068 -68 -107 44 1099 94 -637 753 162 -743 545 550 -89 -70 ]
[891 476 -36 605 -262 -751 1099 398 -48 67 -546 -180 -69 675 681 165 1226 -674 -606 834 15 -607 -651 1194 338 -170 128 3 -119 -84 -648 -401 -428 38 224 -156 279 -156 -38 -616 188 -342 293 -693 -520 -316 -99 320 -309 276 378 136 -204 -635 1460 193 -782 -371 -152 -144 433 -463 710 474 -377 438 -334 1045 48 -457 -2 238 -750 -308 -158 -334 -868 -541 -534 785 518 -283 -143 162 576 244 -529 663 -25 351 332 190 751 1074 218 -15 -130 -871 678 -67 631 539 104 830 46 -874 -517 -40 -256 -465 -123 -566 842 -25 40 580 319 257 275 321 ]
[223 553 368 -52 494 1001 60 112 244 -451 34 546 -243 171 -1064 104 1293 -301 102 503 466 338 605 -205 422 216 53 -846 -489 -475 -549 937 661 -866 434 -956 353 -46 67 -260 -1086 -92 -484 801 -123 -992 -803 -446 1597 509 926 -552 -376 494 -791 307 -586 -84 18 -484 -399 602 123 -1147 -84 249 656 -48 145 27 403 -44 742 228 -457 73 121 -335 138 -499 315 -521 300 -354 986 -1432 -9 284 -91 221 571 -440 -169 -1031 -400 -276 98 -344 -1086 658 -79 -1179 511 -305 -627 -22 -32 930 -653 -576 424 553 -808 -1008 73 386 620 -858 59 -670 ]
[102 3 -419 -806 -1077 -117 -29 -137 450 823 -592 -405 798 287 -255 -261 -80 492 -332 -708 -325 91 1291 -369 996 -1337 -318 -417 -111 -635 -489 198 124 41 13 827 -609 220 181 90 -435 175 -56 -312 -48 259 474 -570 412 -854 85 -151 -621 970 556 66 284 246 249 646 -298 -838 996 -65 -437 -319 541 -766 -90 -262 775 292 782 -268 30 -465 -704 -699 667 -596 -237 20 433 263 -680 529 280 114 -374 -1066 264 29 442 313 -334 -324 -68 25 99 -478 -425 165 120 125 -31 -34 -343 139 428 -519 906 -552 1339 875 -69 -392 -292 -84 190 463 ]
[358 -10 -880 -532 -803 719 510 454 -407 -141 -120 1108 996 -1038 598 53 35 620 -990 758 259 527 473 -514 -185 -541 157 -554 -805 221 198 -144 118 954 -480 50 -215 284 8 692 -833 332 -376 -175 -1101 -57 8 -164 -829 -158 728 639 -671 -84 596 701 -311 1067 -385 76 164 -1250 408 -231 -585 -547 -481 -63 1153 -183 504 920 507 -81 -398 -239 -51 -1426 -210 -199 -621 904 -296 73 -310 995 -323 339 100 -480 629 347 856 228 195 -235 320 -251 152 -999 786 191 472 -466 396 -684 -131 -176 -55 -225 -47 -1061 707 -252 561 60 62 -315 -1116 125 ]
[-348 -913 -653 -628 68 -311 -46 673 -1198 70 453 396 279 -805 636 470 -667 227 -776 -13 920 -154 -769 -65 -1094 -221 587 576 -1135 1156 377 261 280 -1039 -977 -416 167 -467 -491 -340 1470 945 643 -389 -187 -214 -368 -100 267 -201 362 -269 598 -990 -373 -368 -392 90 -835 -586 -170 -284 -421 147 -375 -534 181 -243 328 -295 -614 368 -43 536 -680 -202 509 382 -453 -282 -314 -31 632 746 923 38 -61 72 -1023 539 -274 160 -588 199 292 -213 258 570 38 -494 -39 -776 -1530 -210 -501 416 627 -517 799 -363 270 387 -660 -906 -935 -262 -316 537 -46 440 ]
[84 280 -52 501 -761 -497 -941 423 -627 -239 426 -418 28 -9 -114 -81 -414 -524 -241 -196 677 68 -73 -720 -351 -948 383 421 -406 192 785 -199 235 546 -309 -629 644 1278 -88 -458 499 732 812 -163 -501 11 -747 1037 670 769 -125 389 -485 -7 -1062 761 487 851 -435 -173 54 931 245 -598 245 772 440 442 -1374 350 280 324 -237 -164 -61 -350 1037 434 -1218 592 137 384 -709 -669 -277 125 -379 -587 1153 909 -188 80 1 -872 -405 570 377 -105 266 79 572 843 62 -181 204 -173 452 196 -425 684 -780 398 164 -691 -228 -528 -310 401 639 377 ]
[198 561 877 151 720 -899 -551 -382 476 -109 -191 -166 -395 490 -549 -1066 108 -606 2094 -747 684 661 798 -701 462 -341 1095 85 1239 -378 683 -679 -1055 92 14 160 492 524 -224 470 -332 331 -296 -367 505 -536 -123 -144 363 471 -664 -199 746 319 -810 304 -292 -160 -547 -511 -545 357 -582 44 380 594 233 613 1071 192 653 503 850 -386 688 -294 -1852 481 -729 278 1736 -1083 -1206 562 644 -264 885 -444 435 220 -493 231 48 585 -327 -286 336 -575 -132 813 -516 -517 355 -561 -125 -628 -722 1284 -898 424 24 793 -679 155 -988 199 36 490 596 -165 ]
[238 839 -391 -17 96 89 154 -307 -460 219 143 -96 -257 -339 -208 -9 -570 548 22 -36 -618 188 -342 632 -159 -180 -806 723 421 -210 -502 198 573 -450 133 435 -1117 -87 440 -306 277 -560 570 143 453 -7 362 180 53 -356 -276 -407 682 -293 856 -227 -321 -228 110 -386 529 -95 -649 508 813 20 -812 323 -181 -102 -971 -895 173 476 -64 665 -456 516 774 414 72 183 -191 605 269 123 -62 -605 357 -541 -328 -162 -1370 -125 -340 293 -58 -473 -6 -229 444 -182 4 -28 -370 620 -470 313 155 129 -781 807 -535 -42 444 34 -213 553 192 453 ]
[-97 548 811 -298 -389 479 531 -68 517 55 1230 620 975 260 293 196 125 -113 -125 305 1720 -369 731 99 -680 -228 160 662 -680 289 372 -531 18 109 596 -88 -300 -67 -728 514 -74 523 -69 -283 -329 462 -8 -169 -257 495 87 -497 -632 782 -178 777 -112 313 -389 467 -453 365 -776 -253 398 889 170 -270 554 172 733 325 -163 -41 -8 -180 25 351 322 611 -11 -190 1377 -7 90 136 505 912 864 -604 -33 -945 366 -203 -794 670 925 780 -7 -152 265 -106 1033 -113 215 295 413 872 1026 59 -462 -175 -1750 168 -261 -860 -570 -567 -207 -114 ]
[460 -268 -249 -242 157 -237 587 -664 -144 -176 141 -1453 1114 17 -160 -128 -603 -399 -1154 -153 -460 -429 -84 650 1043 -765 -388 531 -790 16 242 -1040 448 252 -518 898 -881 -537 -1114 -303 1003 583 -265 -596 -703 -132 35 505 -101 604 -465 -82 195 -1266 1541 -1076 1256 389 337 -372 531 -1077 -703 687 727 -194 148 130 -514 -765 621 526 -62 168 17 -236 115 -326 142 557 15 -217 -430 -204 -106 566 -205 -2 1044 741 132 410 619 324 854 522 266 -142 423 -33 250 482 -200 395 -153 -901 -509 -474 -254 349 -475 -81 951 -78 634 -537 -498 1555 318 721 ]
[-255 -24 -864 419 -921 205 748 -36 861 770 476 130 -185 -752 158 80 377 -366 70 800 -444 -658 -476 264 -483 -195 -888 135 -572 -144 23 15 -250 795 493 -1014 72 -332 508 -1087 -380 -475 -754 466 -1227 -375 -595 -7 -265 550 667 210 -243 1201 -680 991 118 717 822 779 -480 180 -154 401 200 -504 393 -627 -261 -207 971 -45 249 583 270 156 -512 -675 683 293 -183 -222 -248 -772 353 210 512 528 476 -114 503 61 399 147 -878 348 -95 191 -465 -862 85 -1569 167 971 -560 45 860 -723 -216 673 -129 171 -69 161 -84 197 762 -788 -1124 -933 ]
[455 309 370 113 -313 -778 358 313 -397 418 -958 459 -56 -10 -52 -224 440 -465 137 -475 -207 -854 -789 -70 -284 408 -169 63 -121 562 -679 -111 724 -272 -46 296 743 -478 -220 472 204 -291 -48 -1173 -176 360 588 648 -586 758 -325 80 -377 -617 -656 -431 245 60 214 -607 204 -951 293 109 230 -463 89 -34 12 138 -400 78 -585 483 906 -240 9 992 -56 -637 -209 -421 897 318 50 -482 -583 407 215 -127 3 491 -319 312 912 -354 -751 -415 721 -9 -354 -407 -208 563 -1025 -3 -739 -192 909 -820 178 417 554 119 -921 -289 -442 -924 174 682 ]
[1272 -86 1101 -51 -439 -102 164 388 -1092 238 774 110 40 120 399 627 -230 327 -399 196 105 -1189 879 83 -641 -521 299 55 -1212 793 -82 -763 -614 69 -496 1554 406 -525 305 426 256 1603 1031 -1599 -431 377 415 186 -65 -68 669 -287 -557 -338 -141 166 -381 615 -76 242 497 -246 -721 -484 -442 582 606 -7 -746 1079 333 756 -229 -531 -93 -1130 415 235 -63 91 318 -226 521 1114 -81 4 -783 -345 -186 201 646 712 538 -40 264 30 -143 -661 1270 -122 358 -118 -52 -108 -359 -549 70 -30 -260 15 -31 507 344 -249 -731 -620 -620 679 731 1067 ]
[-326 23 -84 -631 -850 56 -128 528 -661 465 1463 -454 389 -155 1036 1709 -12 680 -630 442 -140 -476 198 182 -250 -814 -665 111 -1439 -749 -49 519 234 385 -611 796 -398 931 292 -95 93 318 622 -385 -354 616 -601 -564 573 -91 1066 -914 -1417 60 337 -157 546 755 303 -777 -481 166 510 -261 -327 599 211 -566 -785 -1240 -256 440 -923 296 -613 -365 966 298 -170 -593 -40 5 225 818 698 221 -670 -271 154 394 536 358 -15 -176 -117 61 -36 -210 578 34 -87 269 206 -427 376 -1067 149 259 338 -109 -312 -422 -507 -416 293 -716 -361 248 221 1033 ]
[438 -43 -772 -153 -522 522 529 -338 452 194 1091 -1186 827 -141 -367 -704 -425 -138 -715 -1933 -866 389 -109 143 -130 -443 -352 209 137 346 182 238 919 326 -692 -117 -846 237 -117 -572 185 -207 -157 -797 -657 -14 -423 306 -13 -122 289 -285 16 -273 935 -42 760 1217 823 37 232 295 -119 -335 -150 -856 201 -627 5 -193 147 1245 255 13 514 34 405 -438 -800 -412 -555 543 31 -458 -27 351 -23 -584 619 8 712 -451 205 -22 589 403 578 -60 -182 -469 33 479 51 -988 68 -752 -380 -449 74 483 129 -82 989 -719 -1 -812 300 -221 -462 755 ]
[-326 -129 -1134 251 492 -11 311 -1342 18 643 128 217 377 -379 -203 1139 -227 1221 109 604 -113 266 -715 618 768 228 -172 251 -426 -624 323 209 -808 -1232 -798 526 109 417 -291 -227 484 388 -471 248 150 1419 -774 718 -278 951 293 -1295 -1019 211 103 -787 604 -419 -334 -1104 -109 541 467 -701 609 -354 -271 -302 -63 -381 -58 190 -640 269 770 -34 590 1242 307 -552 771 -726 930 305 444 -185 1103 1132 -55 670 -285 -436 344 -498 448 -37 49 -292 -807 -191 -359 575 476 -365 682 83 -443 -73 1698 -127 880 -929 -266 -96 -187 -1237 -725 -613 -7 882 ]
[-382 702 -1003 123 -533 -700 284 507 533 -400 759 77 -881 -234 -257 358 -1242 183 563 -311 256 567 -1322 701 -164 247 226 507 138 701 289 -844 367 -738 -394 -2083 -331 892 424 -342 -764 -1014 -614 220 975 568 647 -391 -382 -857 93 649 -35 -802 455 -536 194 -418 803 -585 -117 -697 216 183 -556 -153 769 682 433 -331 -723 197 277 -739 -619 462 -953 1104 -856 -612 -17 -789 59 -634 179 -506 -93 -515 -939 -326 -273 688 -478 1211 -558 -710 114 26 -723 542 -590 -919 -130 -435 131 -318 -185 855 -1275 893 369 698 -1115 -1647 501 -610 -146 -121 105 1 ]
[266 197 -562 153 -40 900 415 55 744 520 2 89 126 462 325 29 798 276 458 -296 -774 487 451 1027 -283 719 -1131 -105 640 -223 -604 623 -651 -367 -405 324 408 -281 739 269 -807 -202 97 -346 157 84 488 478 -1799 451 342 -155 328 -424 544 207 -1202 110 1232 410 120 -142 238 24 461 -455 -223 -288 551 46 -125 -117 -296 282 1017 -304 -741 -389 -439 -563 -36 666 -115 -92 261 505 -246 -563 -402 -516 51 -330 392 -582 643 -291 -216 -1066 248 209 -793 956 116 175 -6 6 236 -359 209 86 256 -1160 378 425 296 -79 1027 -187 -649 483 ]
[-229 -113 49 315 -201 -225 895 122 66 560 -20 -963 -492 1245 286 49 -82 98 1072 -984 25 -703 -675 850 77 50 -788 -772 130 79 -449 650 1094 -1134 549 -970 -525 18 -623 -1425 799 -830 379 -608 545 -239 -711 -339 498 96 -367 50 -200 41 -367 -261 550 -69 782 34 331 986 1048 263 193 337 1026 201 -1184 -399 137 245 -209 806 188 -692 -514 255 1117 -298 -271 -1548 368 -553 180 -1225 -156 669 221 207 -142 -134 -256 -77 558 548 -957 -31 93 1173 228 -224 -1208 1373 -1020 352 -112 -445 667 -211 -263 167 709 -126 92 265 -273 206 710 441 ]
[-716 519 727 473 -721 -484 24 863 -490 -928 465 686 -723 -888 -407 -55 84 -18 -1101 466 -641 338 227 -977 -926 1733 -117 387 -400 283 -784 1115 288 -254 753 -1036 604 1472 94 1427 -818 -397 -1068 392 66 630 610 -112 15 -480 1114 -16 -448 -298 218 258 -812 271 495 421 125 -228 316 -592 -1057 656 176 319 761 115 227 -90 251 -106 -119 892 95 -369 -59 -494 293 811 1157 727 -701 602 -638 -75 -41 519 -191 -377 -341 -1431 582 -329 851 296 -563 511 -636 250 1179 -657 364 436 587 755 -202 113 769 513 -757 -955 -11 343 355 -1271 -563 593 ]
[397 -29 116 -81 314 1839 -686 116 -453 -175 14 659 -1085 448 276 -580 -586 -61 453 138 122 -241 545 -100 -1051 -259 482 372 -614 -253 667 -616 -51 -982 671 71 622 1102 -4 -153 576 827 -445 424 -185 -901 -370 151 647 786 -273 -261 -5 -6 -332 781 -382 -531 -767 591 -393 935 -580 -299 909 327 -935 87 17 884 496 149 -1025 559 1197 -240 692 -32 455 311 129 640 -138 -151 32 -633 660 295 912 977 -673 -835 814 -809 -778 646 547 479 -981 108 293 -304 320 1466 -147 1197 1153 549 1177 -161 154 27 -983 -37 -589 -847 -490 830 861 -94 ]
[-254 -574 -35 -173 473 193 -108 917 273 -199 -567 -298 336 -513 -627 434 -9 -591 40 -90 106 -957 608 -83 -444 -761 -138 -46 442 -889 334 311 704 669 150 315 44 -1109 532 -688 285 304 992 -878 99 -376 -1166 -803 928 -1035 -996 -34 -536 626 -960 -455 403 304 -57 -77 -632 252 -13 116 -235 -893 653 -778 -467 -165 561 -116 -130 -86 -221 -1194 233 352 756 792 -469 -197 -533 -1012 105 -465 402 -547 -10 -1218 70 -60 589 1072 -104 494 -108 -383 544 -287 1451 -756 -1314 1040 146 411 -206 -194 218 -61 83 264 585 744 240 465 200 -119 1176 -514 ]
[-195 -317 354 -619 -1032 -405 6 667 179 806 177 367 -146 -884 214 662 390 544 -748 -136 12 -1487 507 -719 -391 435 -288 791 147 -309 -1267 501 326 552 89 88 514 116 329 723 -656 228 -21 58 -160 -199 426 36 -411 -23 1068 -258 -907 373 -722 -260 -659 226 1042 712 -134 46 923 -974 -780 -521 -52 -53 371 -553 -472 -808 -155 515 210 270 -588 -50 441 -175 763 829 1474 934 -379 241 -466 -499 -16 374 -216 130 -31 469 -892 -250 677 -413 99 12 -1263 -15 1118 -138 230 61 -51 -677 -458 -1597 -239 340 844 350 -984 804 -182 -1061 -793 249 ]
[759 207 587 7 784 -518 979 706 1484 95 328 -761 598 785 -386 -921 1610 -1874 788 -207 -1319 -847 918 -428 508 870 -164 20 913 -282 -1301 461 855 597 -18 -116 1127 -840 25 892 -643 -258 -1123 -701 -18 -682 165 635 -170 920 -531 628 232 44 481 -578 -642 543 1225 26 1010 613 -94 -98 540 -18 622 -49 -566 273 -242 -202 219 186 236 -526 234 -634 -48 409 -327 -334 433 -1357 -258 -419 -487 815 289 185 -48 314 774 -77 258 -483 -290 -534 988 -47 265 -496 -424 -296 -363 -791 -696 -442 -220 -498 513 -165 631 789 114 443 1279 284 -202 722 ]
[452 -117 -960 12 103 306 -337 1312 396 -59 -332 690 -1 -1087 -69 -217 352 -225 -813 630 546 -212 587 -434 -418 478 -280 -88 -511 -209 226 262 -98 -708 279 -432 307 -562 66 193 -832 -181 -493 297 -523 -350 -357 -519 283 -77 703 51 -292 16 -191 -226 -864 -587 -220 -362 -136 -197 -616 573 -530 -407 308 -586 1165 265 554 65 1292 18 -608 746 658 -393 -444 494 357 -74 7 -242 304 -416 162 120 -746 937 15 -336 87 -532 -397 -1756 799 -254 153 -586 121 -875 -118 210 -489 -55 328 -287 -108 -405 739 198 -33 -617 114 -85 223 -200 -22 -966 ]
[-467 -38 -1168 -452 -238 -267 -466 -1301 68 578 -805 -209 -113 475 312 -452 868 18 -332 -47 650 212 978 -544 639 -569 113 44 -1089 -274 97 -340 -343 363 159 286 -394 -1014 -786 -108 -252 625 1399 -966 -690 -403 188 44 293 916 482 -268 271 -7 -151 20 773 954 -540 429 27 -198 898 535 24 -792 94 -937 213 271 823 1425 -220 263 1009 -536 -153 -361 802 -282 -830 286 -137 332 9 -172 794 855 759 734 736 35 0 632 -94 78 427 -306 259 -388 -637 -85 451 420 -29 -108 357 -1073 1974 -830 -201 -209 927 1371 -470 -188 91 17 61 269 ]
[-594 196 -1103 237 700 81 447 -350 -162 534 329 67 632 -78 -438 -828 130 -343 -245 169 128 -253 -200 -262 685 -428 -239 285 -385 -285 200 1080 -252 -1384 597 -667 -254 590 -509 -906 803 562 -4 183 338 190 -654 660 289 515 719 60 -436 1100 41 79 -347 -641 -708 -257 -18 261 153 863 385 657 -592 167 305 -154 483 154 612 814 344 164 -221 -616 215 -56 1605 -487 10 -392 611 -688 615 437 1108 782 -1119 275 -145 -494 -68 962 338 865 -411 335 104 -434 -198 627 -246 -18 -292 -958 1131 820 -115 257 93 -299 279 -120 -603 560 -185 28 ]
[458 243 414 848 -127 -45 101 -1509 668 265 91 -938 736 -827 -1466 -724 175 -42 244 -1081 -147 1005 1630 -622 1191 -124 -618 -71 367 -70 39 -160 -41 -169 95 620 -475 -714 -615 -251 -1455 315 -843 -351 199 571 -595 976 441 230 -119 -6 -893 516 -108 -369 267 -196 -516 776 857 -5 -512 810 -82 316 -217 1445 654 146 1027 -24 2191 146 595 -58 -576 3 288 336 1029 -285 -182 -225 -88 634 834 897 729 -299 -945 -244 107 -538 -189 -493 75 628 -701 515 250 236 517 528 -248 222 -183 -1354 795 -260 -527 69 1279 82 348 -121 -389 -69 -648 -584 ]
[368 214 -441 339 -440 176 -538 -148 -382 -731 -368 -774 -1111 -718 -623 -895 344 -76 -792 -806 -642 -523 2246 -421 377 -773 201 -366 -790 -595 624 -86 -227 108 -330 225 -724 489 49 -246 -274 77 -751 77 -899 -884 -55 363 1202 -1198 484 -238 362 -764 813 -466 282 490 -917 128 755 758 583 -182 -770 -28 26 320 -636 259 259 345 649 -286 -545 600 -152 -3 516 315 482 323 -703 -79 -19 -43 325 -415 112 764 764 -423 162 -320 -882 152 872 -269 -35 -602 692 104 -269 -338 105 236 29 -954 115 -666 962 -59 1019 -353 543 -407 -51 899 437 -315 ]
[1256 423 -462 574 -172 -286 -22 1646 813 -685 352 -1045 413 754 161 1417 128 -407 790 -1194 610 -48 -546 248 -980 320 -57 815 691 -760 615 -941 -11 20 -507 41 1542 276 -97 -274 -618 -141 343 -146 370 46 102 1059 -980 1313 -320 1145 147 -520 -640 463 -546 -424 235 -955 -375 -515 -987 -990 16 -80 67 557 108 -388 -161 307 -176 124 -204 25 -350 -47 -870 271 -120 -959 268 -491 188 -935 -206 -339 963 -303 -1322 880 492 312 -243 -1488 -711 -1596 100 136 -438 68 -555 -248 -22 -1128 -751 -281 -1169 336 -382 -1271 155 -633 -180 -444 450 -490 -268 -68 ]
[-435 -176 -392 -672 526 -510 -132 -950 -521 -32 380 -515 -96 -1013 -1745 -1267 -1285 3 -135 994 -927 760 -302 -322 1144 199 635 186 -64 -38 614 -1067 320 -729 -69 477 -680 81 532 311 -725 393 122 211 -554 -405 -484 74 458 216 251 -338 143 -412 356 -795 779 461 -868 -247 491 -288 -886 878 -329 -971 -537 -425 -247 -42 443 -190 -568 -487 176 316 65 125 -492 890 -166 438 -1103 -58 -260 1018 -7 -47 112 -183 542 493 -418 -352 687 1249 452 939 -385 664 84 -506 244 224 467 876 -82 408 -558 -402 -293 1413 -464 468 847 -243 -873 207 -710 899 ]
[1452 -337 222 -291 27 687 732 112 -201 434 289 -357 -113 -67 757 951 -768 -472 -233 -267 -479 -1955 -183 -493 -32 771 -71 234 -278 -569 -69 -488 389 683 368 1154 -96 -80 -410 101 598 -112 -662 -297 -333 495 -587 -651 -148 139 -1396 -94 -105 110 -865 -109 -39 -184 1119 395 30 -701 -1213 -877 958 -833 616 -806 -802 -900 221 -493 365 -170 -672 210 194 -61 521 244 237 -172 -946 -129 553 -984 -241 -338 -841 -4 635 168 555 472 992 -898 -70 -492 128 -512 297 -1046 201 263 -846 70 -452 -391 -257 -727 -16 -133 1 9 -648 618 301 26 926 -660 ]
[876 945 90 -113 -74 -277 117 753 426 631 22 -193 -131 503 633 40 642 -135 527 -1288 692 -988 -627 -485 -943 814 -65 1012 584 -278 -736 1266 810 -139 317 -672 159 661 1113 696 560 -91 -77 -916 938 -32 765 -361 -499 695 -245 644 335 366 -866 -276 -184 -957 1173 77 -204 660 1213 -252 -215 -12 -20 303 188 -450 -232 -29 -524 6 252 92 326 389 -171 421 932 -420 713 415 334 -438 393 538 -416 1053 33 -192 44 1372 -301 -750 1013 -908 911 460 -878 -31 381 -82 165 -605 -540 131 788 254 512 -848 537 150 -1411 26 -90 -571 177 -523 ]
[54 -219 10 -767 -1202 -183 -1078 -730 -124 -558 -289 -239 172 16 -155 718 -27 -223 -1269 838 759 -129 15 -12 939 299 -380 -29 -901 -1102 437 147 -578 1104 -591 655 59 -80 -51 -150 -388 324 250 235 -662 323 -780 -206 121 309 691 -729 1013 363 297 486 -227 -495 -88 -808 -925 -511 -479 136 -168 657 512 -341 -72 -824 725 -147 182 -688 -939 -283 280 -807 -895 231 527 -261 -429 897 696 795 -170 74 534 -259 1089 40 -32 -1181 -576 -1286 1340 -396 -970 341 -340 531 807 -870 -884 -53 522 660 -146 603 -311 -558 -502 329 -144 -368 333 -192 -145 -229 ]
[453 -347 667 -1078 105 1454 563 -310 83 -102 957 89 -21 1097 610 209 -315 662 292 1002 -707 -493 -1016 637 537 -320 551 -133 -989 310 -191 -975 212 -500 -608 598 -781 73 23 45 382 -100 -471 154 -419 -512 1319 -54 -1043 -345 -143 -357 362 -783 567 576 99 694 572 394 254 -76 -818 -966 350 45 -984 -452 -788 56 -136 699 -1462 44 553 -97 -489 -543 734 -96 -955 737 -379 -180 -402 -296 -93 -400 41 -1308 621 -281 574 744 -292 1519 -812 -420 459 -3 287 322 57 379 617 258 843 224 -946 -729 91 -181 16 58 -127 -343 -629 278 -55 549 ]
[257 -97 579 1126 1 395 1365 -430 -39 234 692 -1149 412 233 -41 218 -685 -523 735 -1964 -749 336 -994 -535 -964 795 -91 -333 1367 -212 -31 235 918 107 1078 146 1023 -220 -205 -522 125 -624 -909 130 186 -191 325 737 71 475 -1448 241 -147 -234 -628 -625 643 291 766 439 707 93 -321 229 614 123 1010 340 -705 263 -97 -481 278 852 496 484 203 847 52 -124 246 -231 -56 -950 -168 -570 -579 -324 -77 32 -233 -264 37 -605 1015 -437 -409 757 113 435 390 -290 -330 690 -950 1006 -320 -1033 111 -922 -132 -153 -440 -1092 -347 -234 -253 -751 -121 291 ]
[-728 314 -502 644 -250 -201 237 -175 -88 1133 799 120 304 -487 -826 -461 -415 531 -667 -1061 665 193 739 -339 -413 -1047 -483 583 -891 691 107 243 -66 -1313 -342 -605 -266 1060 -229 -61 580 1110 144 532 925 819 730 979 392 -1144 249 100 -107 -156 591 -820 106 509 -275 -155 455 -500 -243 703 -916 49 -150 190 168 199 85 -10 857 453 55 86 -984 1061 -321 -506 1301 -782 977 216 -326 204 569 -912 903 -277 -528 -257 -697 -522 -846 501 -99 1083 -137 44 753 -231 769 -180 -455 -363 -108 -508 791 823 -243 323 261 -1143 670 -255 -816 601 779 593 ]
[86 -77 -232 -1217 -593 -269 478 -648 -161 19 -54 -657 68 200 -332 174 -300 100 -849 -188 -937 -723 -304 380 422 13 -154 -419 -534 -1291 77 82 -239 617 556 890 -198 -362 -57 -122 27 -519 17 -777 -910 -438 -777 -949 839 444 -392 -660 696 636 129 7 1035 920 -64 -488 -97 556 365 -286 652 216 1422 -963 -1028 -637 895 673 -232 145 -417 -125 626 -268 -88 428 -1290 -71 -683 -188 129 400 -16 381 -563 -590 1146 -491 190 111 919 -587 -251 -10 -135 -581 106 -508 -166 33 -67 590 873 936 -150 -831 662 83 -514 932 -304 -570 620 -563 -3 973 ]
[505 1409 276 -362 718 -11 -267 1539 338 -514 400 590 -790 426 1226 383 -387 26 5 512 -209 43 -314 24 -1553 301 -287 1001 410 370 -291 422 256 -104 144 -867 -310 1396 -197 999 293 -225 -788 -858 -408 -845 63 -757 277 -940 263 34 -330 -463 -52 -473 -59 1150 233 31 -234 170 -570 -437 -806 -338 -13 -305 534 -179 209 884 -340 -839 -551 3 -104 -211 -610 -28 53 250 -896 336 226 677 113 141 83 206 689 808 75 535 142 -496 145 -18 231 -398 -418 -309 590 -1435 1330 -359 449 877 -528 580 561 534 -1515 -459 -580 546 409 -669 476 -747 ]
[-319 -221 -33 -484 -464 -963 -583 -748 385 1074 -104 63 -273 -1038 -159 -354 -533 355 -1065 -335 -35 -775 346 -948 127 239 412 1070 277 30 106 296 -534 228 -172 161 -178 477 796 739 148 464 -1147 63 -18 605 857 -648 -526 146 308 -258 620 680 450 -584 111 -995 -480 292 -446 -601 342 562 -351 -1516 -251 -1160 803 -192 36 -633 1698 333 556 530 250 98 230 262 502 169 1050 93 169 538 1286 -86 -393 397 181 -738 -232 1103 -637 -913 939 779 -263 -965 -36 -141 852 -314 -326 405 -205 -74 155 -1230 1419 296 -318 479 -186 -606 -128 48 392 -54 ]
[-495 341 355 119 -777 84 -397 -407 -684 -212 695 -358 647 -646 -430 546 -464 931 -562 1395 -268 582 29 295 1211 -894 259 577 -916 6 -818 -177 522 942 -400 906 -859 342 377 35 480 209 435 907 -975 546 -303 403 644 -483 256 -20 -655 -364 827 -717 -418 -418 -289 -436 -169 -1568 327 -16 26 -55 -809 555 -1125 -264 -565 -696 -883 -69 -137 763 194 -174 767 -107 257 378 863 622 418 1092 -1087 -531 759 -237 621 88 149 -225 69 1021 -27 1001 -854 -145 196 901 6 -245 421 149 -79 143 -414 -779 -53 -134 597 -398 633 -233 -1002 -291 -551 755 ]
]
