[[-51 -98 220 -542 -469 -196 361 259 -239 -147 -254 -473 -503 -366 102 193 15 -256 -336 727 63 -901 604 -137 374 -443 524 363 157 -52 -284 -401 -329 103 324 222 -34 -618 332 -201 -367 71 -632 273 -634 -910 182 -229 733 -476 74 164 -499 172 534 -200 57 -258 1024 334 326 236 190 -326 385 -61 -485 -581 184 -765 13 -22 -443 -648 -208 -258 438 -232 -27 -253 282 -9 -778 165 599 34 12 172 -39 -139 -234 373 -911 -295 78 -820 440 -347 -656 -773 -80 391 27 659 -88 -393 -117 -897 -476 -41 536 -501 73 -362 291 ]
[131 340 -547 234 85 -74 527 665 -599 826 -838 435 75 -371 298 -230 -404 413 876 -123 236 286 259 -38 -752 -167 -338 -783 -477 -651 -103 352 -377 166 30 298 -1029 80 -274 -30 -47 -48 -363 -63 -70 517 -704 -91 -450 414 163 -101 -875 60 -388 -128 469 234 94 567 191 -313 180 253 -496 -43 590 487 44 -110 -116 278 487 -378 -1 393 -46 265 -211 -176 89 -267 -264 -368 290 104 156 204 -1092 281 -574 -136 -231 -4 -311 112 -1075 356 123 91 -524 158 262 -672 -446 251 353 2 220 -787 -784 280 -425 922 -20 ]
[374 142 494 149 314 182 -356 -518 471 -217 37 -823 478 139 385 -320 -447 -573 -924 1164 378 -228 310 -586 221 -268 617 -36 -336 187 137 127 369 -150 -656 -439 -58 170 290 -165 -109 474 -343 -24 65 -330 -870 -575 -347 -137 427 194 326 -280 386 -78 -131 -79 -118 -282 -80 258 -260 41 172 339 -829 -200 19 223 -704 -368 529 -35 -394 -532 58 -104 -424 -604 299 107 -241 -122 -146 492 -311 -359 412 777 933 417 -93 -413 479 -668 911 147 168 504 466 -198 -348 582 302 -291 -505 -44 -124 825 1070 555 -203 -543 -185 ]
[106 287 488 -223 244 -333 -410 -1047 890 -563 264 -607 -132 -841 13 -205 -319 189 26 28 7 80 104 -791 291 363 -275 370 273 685 -358 -362 325 -99 186 -1203 -221 336 -123 215 -249 491 -292 -518 160 -337 92 -276 397 -485 263 730 1413 -259 -248 -242 -93 19 196 -108 88 -711 -234 92 407 3 -385 352 543 -369 -68 48 -27 650 98 862 -95 458 -227 -321 158 91 -184 -112 57 -373 -70 -424 31 825 894 47 -206 -99 -86 -573 902 -367 406 357 -219 -145 -241 465 -395 469 -39 -418 -313 471 423 149 244 -531 -118 ]
[-71 398 205 -98 -369 -186 -326 -9 364 -24 528 -423 -237 -187 -121 -230 600 -19 -998 521 285 -145 -479 -88 821 -369 809 148 347 890 259 -470 442 220 397 0 279 -47 376 214 -114 268 149 162 167 -253 477 -222 330 -950 -744 398 574 373 -651 -364 -459 386 169 596 -157 -228 -36 81 510 692 -239 -487 783 -224 40 588 243 78 -11 1053 -220 -149 -360 -85 182 -488 -523 514 256 -755 -768 98 197 -636 374 510 -235 1221 -228 -114 497 -7 430 164 255 38 -758 654 -16 -195 -790 827 -438 123 198 196 798 -39 -307 ]
[254 903 421 -80 -700 -34 -17 -586 826 362 -307 -474 -52 -338 -454 87 106 66 -352 509 -281 -121 -28 -226 547 -694 922 -241 359 466 -155 -30 -656 366 404 -410 500 656 539 394 209 130 -464 647 -678 -314 -640 -501 986 -211 -247 660 -433 -552 323 -669 494 292 100 609 148 -481 255 1150 494 450 -729 -312 534 -283 312 -376 -48 590 -355 612 60 366 -60 -552 -366 -262 -135 -143 595 11 192 -568 508 -767 425 204 -665 866 -85 -579 594 102 204 -238 45 140 -184 365 -9 186 -568 -355 -674 -667 683 311 -322 -311 -21 ]
[422 -856 51 -150 616 -36 -484 484 -247 -367 1088 342 260 227 -322 228 236 63 239 -207 -553 237 -955 -90 -270 667 -988 457 378 -388 149 928 342 461 15 322 524 -353 -395 -665 -132 -52 556 -310 -85 631 -367 -48 -905 168 -280 -787 267 257 -35 1203 -387 -190 -577 -118 368 1369 -514 -30 -938 113 -2 638 -769 707 -615 255 1049 -443 -97 -823 -313 -870 149 -116 -241 393 466 -579 -298 714 -777 576 -175 126 -129 -315 795 -51 284 70 -248 109 -260 568 505 129 163 213 709 -755 83 1165 -136 715 -31 683 382 161 -379 ]
[515 -88 244 -636 -510 -19 762 -220 307 827 -621 236 -171 -750 -496 -483 -195 406 63 389 348 -154 398 40 497 -626 72 -606 405 -75 122 708 -421 375 793 426 -311 -685 -55 -593 -753 670 -1017 -237 -333 -152 -497 -347 315 334 -28 186 -746 759 -205 342 -284 775 -144 1687 988 970 789 376 53 353 -391 -482 529 -1101 409 470 618 -553 35 572 3 -512 306 -310 95 -775 -254 -111 908 135 -1155 568 -305 157 -155 102 -420 532 -44 -417 -533 491 90 137 -232 17 -790 736 155 -490 -78 -147 -770 -633 371 1095 -99 653 -101 ]
[-29 124 -527 -264 -747 -309 29 697 -86 28 -745 -277 -513 338 433 457 -171 333 -979 1219 148 -463 -152 19 -21 -497 1082 207 311 336 50 -957 100 371 -188 1075 -17 -39 -23 288 726 -1309 -109 239 -368 54 582 264 -133 -416 -151 246 -618 -514 -424 -746 -211 -637 610 -301 -655 -751 150 -320 215 -23 134 122 -49 -199 76 376 -703 401 150 75 423 582 -290 751 -209 -187 -463 656 98 30 206 -59 -154 -292 -119 61 -851 889 511 -324 367 110 -384 -114 -426 679 310 -51 -101 -237 -244 765 988 -409 158 -341 -104 -113 509 ]
[-361 -61 -43 -259 65 -456 -86 492 134 -745 283 -420 -83 -1548 -166 645 -514 -81 546 923 69 -808 390 -603 25 485 -471 907 791 -87 -257 -234 278 453 -191 41 -97 -890 -767 200 -293 -552 -774 -716 -191 -101 641 -89 521 -1140 -396 -134 397 -181 -64 98 -739 -911 428 206 722 -1028 34 -437 -44 -551 511 393 -31 -957 -569 990 908 -9 -525 210 120 373 -444 404 0 467 -1125 -21 807 410 -297 648 -567 1227 -377 186 51 -323 354 -928 -196 -43 -150 368 -42 477 241 410 129 -410 633 21 -50 -93 633 -393 444 -62 323 ]
[619 -778 -139 -776 743 111 -15 -72 364 -382 7 -485 138 707 -496 -626 -167 266 -280 957 -324 129 439 -489 399 293 -86 544 -362 -459 -739 413 173 -45 226 255 130 -834 27 -404 -91 773 -703 -1113 -144 75 -81 -159 -302 428 1073 386 342 524 244 612 -599 361 667 154 -482 505 -38 -182 -266 -423 -572 357 -445 -330 -232 -87 456 -614 292 -519 396 -261 265 25 100 717 -47 -237 -569 262 -999 -422 -480 831 910 -503 -308 -1277 869 -294 513 -119 380 128 -486 522 -113 809 67 -317 -330 -249 597 428 383 942 -409 -283 -84 ]
[-1166 -1097 5 311 72 -97 301 321 -598 209 -165 267 621 -868 456 735 -358 -456 -392 972 140 -448 -125 656 -106 -850 -554 288 395 -400 -48 -737 338 221 -244 188 -15 -419 -226 -159 -194 -514 56 331 -448 91 559 160 118 84 132 -297 -490 -179 267 -28 -21 -721 239 -303 97 -29 -484 -1097 -365 -696 231 303 161 -312 -248 408 -503 83 -19 -949 234 -328 524 691 -104 195 -317 425 -327 328 27 315 304 -349 -531 -263 576 -615 144 81 -558 -85 -665 222 718 610 211 -161 725 -292 812 208 591 -157 308 -1295 -310 249 723 ]
[-8 -655 496 466 115 -1057 189 191 311 400 33 260 429 -1386 246 26 -204 -270 970 313 89 -125 170 24 41 27 -1009 -424 -37 174 -407 -422 -214 669 86 -1085 -967 -126 -489 -191 -1181 668 -245 222 -968 -252 -154 -810 -580 -653 -375 -573 28 507 -154 396 480 -399 34 263 1055 250 44 -635 -1090 -161 449 240 112 -55 -647 518 172 -246 -405 241 -135 -401 -790 -563 984 5 -657 -521 -328 752 316 553 -673 855 -32 -77 684 -965 -361 -911 80 -247 -706 665 268 -479 280 663 -153 95 102 -366 -460 371 322 49 475 172 -496 ]
[565 244 409 -1041 -855 74 135 -496 150 -158 579 -113 -920 -342 686 248 -36 428 -319 -106 -148 206 -576 -273 -706 -414 -309 563 882 -39 295 -609 660 344 254 -25 104 817 285 97 371 -506 169 249 -429 -432 -714 167 503 -447 19 -454 352 -1058 -65 -409 -54 -228 -330 -243 -42 23 -304 240 283 558 -492 1123 -484 203 711 -315 -734 382 -316 -255 -81 810 51 418 -861 183 62 -300 573 13 208 306 -227 -151 375 -151 -534 1204 27 -406 403 -40 -395 -130 -341 544 634 187 -207 70 310 -74 346 120 -473 -1097 -10 181 563 ]
[-699 -980 -810 103 395 -351 145 1525 -671 -62 -413 39 113 77 -257 -20 1149 158 -280 514 -89 -559 395 283 -62 -1068 77 -380 -732 -490 -339 -1159 -846 44 731 638 -343 -652 -479 525 -475 457 -318 212 -532 -1069 453 586 258 -29 -34 137 -1006 524 -358 -592 43 639 732 79 -248 -243 492 -898 -757 -674 351 -84 -149 -345 1 644 -754 -783 541 -169 30 -113 -540 554 480 -85 -1466 521 -636 -517 343 -125 -1078 -900 -1336 -225 -206 -755 -30 803 -750 -326 -682 -369 -80 873 254 254 -120 -306 -72 -644 585 -615 -621 -295 32 352 -428 ]
[14 864 -49 166 730 316 -337 709 -969 -755 304 -330 -141 -349 866 -211 303 21 -195 -665 681 -932 336 -746 -972 -131 427 -52 -166 -103 358 400 277 -587 -8 -435 -18 584 -488 325 -68 -443 695 -218 737 -721 -483 -448 261 -576 12 -708 277 -1322 -104 -422 -215 -345 -568 -1023 720 -458 -200 -287 -258 39 -320 -607 -562 670 -788 -559 701 -135 -851 -378 255 -183 -754 -346 -373 -423 -660 54 780 -258 274 50 -311 795 -449 847 -169 -218 63 125 -397 290 -45 324 529 -189 -238 -591 -389 -646 437 -479 211 593 -584 -41 195 -534 268 ]
[-481 -502 116 329 642 260 -353 -150 -16 -154 249 -143 1125 -231 -95 -47 304 6 -74 442 -221 -845 514 661 -166 -497 82 32 8 -874 240 337 320 251 203 586 54 -577 -612 655 224 -335 340 -567 -222 -28 -723 371 -598 293 208 -869 -292 -330 123 173 -746 -236 -1018 -332 379 744 22 -412 -676 -475 -190 474 -107 51 52 183 572 293 -481 -752 535 -429 -321 398 -639 335 128 -616 -248 415 -569 267 116 -2 10 -621 500 -372 646 448 -169 731 667 1418 372 261 -487 -308 900 -823 353 437 1065 -152 -173 114 -750 754 345 ]
[-98 -820 -412 561 -498 -114 -311 150 994 551 46 755 244 -221 -467 500 -433 -789 85 606 206 782 -667 388 123 300 -807 -715 559 474 361 6 -240 627 -643 -84 649 777 -241 459 -51 552 432 175 -107 368 229 -63 -184 -90 -880 160 -360 -242 -104 -452 167 -237 -1272 239 -332 461 375 117 282 -1 266 -56 -266 152 71 769 -50 357 -473 -373 -694 80 25 562 142 464 -66 244 11 759 670 528 739 -345 -458 21 1352 331 -264 -254 -746 844 -403 -122 562 -389 384 -264 414 178 -66 409 217 -46 136 -614 -80 575 -416 ]
[623 -216 -457 69 -280 178 1521 -288 221 918 -694 -39 104 -154 484 -391 -1257 -286 107 382 51 -149 880 -370 -333 -214 -531 -1371 206 -551 220 958 -812 -521 -820 -150 -520 50 362 -450 -259 605 -961 -227 -16 -185 -648 -30 283 321 392 439 -221 -596 396 128 460 -485 84 274 536 678 290 177 342 -54 -727 -828 209 -312 288 -462 -181 -306 -378 -813 179 318 217 -479 442 365 -189 -80 1331 231 380 233 111 876 -239 414 -796 -566 -320 -628 -535 408 -329 -1016 191 -876 494 -80 -462 238 59 -1205 -91 327 476 203 -287 684 375 ]
[424 -400 -368 -55 -299 -195 41 684 200 -186 425 -539 -128 415 -947 -153 455 31 120 639 -677 -680 -288 -305 -140 -245 -498 -113 -109 -911 440 803 -782 -197 500 403 436 -116 212 -349 -142 1052 -399 749 -248 -438 -681 298 436 297 -361 667 -419 332 341 -34 767 409 868 1122 258 316 -404 661 168 -37 -812 -256 -847 179 66 229 377 -1161 -166 -971 -560 -580 667 -678 207 387 -1036 -11 343 -224 230 -465 -317 -992 -566 -129 -562 -495 -17 -221 -799 -284 108 -1219 -142 387 335 157 81 -284 -292 -573 -782 -30 55 589 170 995 -200 ]
[-466 -534 -320 -1 455 778 517 239 -551 188 63 1045 325 43 471 -572 -244 273 612 -526 442 832 -300 451 -451 244 -44 577 13 -541 -307 -141 896 -12 -82 -591 -297 570 -148 -120 -295 -53 287 -1213 41 577 911 -851 260 242 370 -880 233 547 -682 461 -1000 25 -565 34 -65 -1288 -89 -552 -106 -268 794 886 255 -107 417 149 636 -94 -204 327 375 45 86 662 -596 548 -226 122 -75 -35 -593 760 -564 321 37 -249 960 -193 51 818 -721 -286 154 809 241 755 344 -934 -721 222 983 186 672 -260 -1038 -1099 -888 239 516 ]
[67 -532 -418 -840 199 -270 -248 467 -278 -340 719 -503 -356 -1170 201 211 -350 -164 -218 576 -198 281 200 -1133 -697 129 -817 422 -181 -964 -504 86 496 503 722 -255 1 -523 625 -221 -453 1425 -509 -286 28 -85 -1191 -128 442 27 866 371 -526 -210 341 -673 -15 965 664 1084 -508 691 -780 -144 -99 -349 -178 1117 -801 -357 -553 536 300 -1428 -194 41 -552 165 -10 -140 -24 -20 -1480 -31 60 -282 55 445 -960 14 -401 526 -749 -831 14 -563 -399 20 -417 -875 -969 1028 660 426 450 -303 216 -808 -672 -29 -837 -845 491 -5 -556 ]
[-300 446 -3 -625 384 -368 -850 303 -934 -108 277 228 -151 -496 674 -264 499 1400 8 -665 257 68 -557 -623 -896 -425 -313 666 -282 52 -72 -589 880 259 530 -92 -947 676 -5 -532 -497 -772 302 -178 -202 -669 -914 -392 -533 -7 -425 -580 292 156 -1454 -80 153 67 414 -305 557 372 -864 138 -1086 994 112 1343 -119 369 -382 879 996 -352 858 89 -336 -459 -1179 -23 113 -411 -286 -781 -245 6 -176 114 -1119 -50 -337 -360 -326 925 -534 259 34 -335 119 1232 382 1200 -359 -110 -783 -242 235 911 -51 -253 -970 78 525 584 -51 ]
[430 -1143 -831 -28 466 -98 127 23 783 424 -140 491 523 333 -26 -40 -637 204 -69 310 -359 743 -137 -672 -370 -139 -1154 -1196 -311 -472 -233 -151 -174 238 -832 -25 -775 514 -108 -494 331 -416 -383 165 -177 420 -468 467 -726 536 -91 540 370 -693 -408 165 838 -146 478 -424 -483 904 -271 -66 -1114 -24 44 1125 -1006 294 -768 -218 -282 135 728 -399 -465 30 -365 509 424 304 294 76 -423 893 634 -74 -61 730 -26 -733 739 -705 -285 -461 -161 206 45 421 -257 26 831 12 -430 642 109 256 1283 -31 -411 775 200 671 259 ]
[-863 244 -214 817 -220 -1098 -1068 578 -631 276 220 26 777 -1058 -538 386 777 511 205 144 -621 -439 -385 710 -101 -1 -303 275 -194 -177 -156 -359 -533 99 427 342 99 -640 -384 293 -420 -205 367 -93 -113 207 -124 -161 -556 -325 -553 -695 -256 593 -510 69 840 -24 -214 277 1107 -47 -436 -84 -1123 -613 759 341 -536 434 -686 1229 989 134 -25 172 -299 -806 -769 198 -244 -853 -452 -392 -767 16 -526 -375 -616 -540 -360 -455 557 -716 648 435 -590 494 511 1104 326 -195 -1004 -211 823 -124 205 680 182 -1035 39 766 291 345 -393 ]
[-691 908 -200 608 -684 396 507 -277 -288 744 7 -1016 692 260 1116 393 -300 -157 -602 1195 -20 529 -182 41 -177 -79 757 779 -222 -737 182 -232 73 -344 -751 710 738 -333 1244 439 701 -249 -446 407 529 366 -465 550 353 -648 166 -18 -184 -181 553 -358 715 -99 320 63 -608 -1242 -1045 1060 46 266 459 441 305 34 184 -173 293 291 -133 -772 -37 818 -307 -21 -449 210 -231 395 -438 -183 -407 -303 48 30 688 -63 -591 151 907 359 -93 -69 626 -144 288 81 229 -260 868 488 -719 144 618 -327 308 -710 178 385 219 ]
[62 -116 832 -315 -1038 384 640 189 168 381 978 644 -319 -95 205 -102 701 243 -433 -387 -466 475 -942 543 -528 147 -119 207 539 60 -84 289 -572 -57 565 -321 1101 257 813 -563 -822 415 85 748 -589 278 -462 -465 535 -85 52 -548 -163 230 716 576 371 897 -352 879 805 -5 257 539 -206 274 -44 30 -93 381 448 -542 201 -633 -332 269 -65 -399 -269 -574 -488 -486 -909 196 -198 295 -304 510 -216 -267 485 203 357 -209 -7 181 -237 -470 -663 -267 279 -137 342 379 385 88 -54 -723 -606 -43 -516 -347 -85 -318 191 ]
[209 80 78 -93 518 -250 -918 -721 421 -356 67 -1196 284 -1566 -158 96 -407 276 -754 791 741 -1073 373 -359 513 -894 -711 -51 604 309 546 395 1051 325 293 -675 -413 -78 -522 24 -99 1038 267 -158 409 -715 -1079 331 818 -201 143 911 549 -824 -151 -963 -196 -99 -565 81 320 346 -221 -95 330 59 -818 293 223 -127 -22 349 543 219 -728 -252 317 162 4 17 -460 79 -39 -590 361 -316 -62 -161 314 324 -87 237 -44 834 -328 -563 277 751 398 274 471 474 -631 757 -130 -783 52 137 -150 702 550 -268 -131 789 84 ]
[273 109 650 763 -557 -189 -6 189 -315 -951 822 -615 221 420 200 562 181 -1129 -651 94 -341 -462 -1057 -400 397 -415 667 -29 275 -100 745 -14 -154 -5 -659 177 521 -71 415 -1148 -85 -232 125 1197 -94 254 387 -472 372 435 -827 -17 -722 3 440 511 -381 -241 494 587 762 -240 -299 514 899 78 -230 -394 302 502 -159 -34 90 -588 -382 -295 -392 -277 1101 -770 -115 -320 -256 -74 1142 -480 -56 358 802 -1155 -802 803 -247 992 -294 372 -134 -633 -260 -689 1225 246 -53 -181 926 -702 -207 566 -2436 -11 1571 240 434 -174 -474 ]
[-304 252 -31 297 410 228 -732 973 -786 -114 819 510 171 71 -111 29 1168 -463 296 315 -99 -777 301 727 -758 -249 -1234 246 235 83 1042 609 7 -88 -195 891 518 -152 -1141 1442 22 27 190 -174 279 94 -345 1006 -828 -299 -461 -639 -119 -242 505 -416 -497 -204 -712 -545 62 259 163 -428 -175 -71 -525 -583 -621 1130 -9 136 423 -179 -538 -910 -142 113 95 469 -220 570 -247 -412 -211 -508 93 -137 -26 -179 340 -112 161 -352 -302 248 -721 738 -53 431 395 -584 -399 -171 350 -172 -26 305 935 517 -748 -137 126 555 229 ]
[265 -441 -375 -678 -253 257 355 -32 -398 441 498 639 -297 -753 296 -17 -55 617 -391 -715 503 494 -687 -167 417 723 -1444 274 859 189 -38 350 -176 -219 786 -160 -468 99 128 -459 -482 1616 70 -689 550 304 716 -170 971 -391 290 652 873 518 -30 365 8 363 456 503 606 497 -427 -235 362 360 -687 -72 343 50 572 -210 -110 -560 318 255 427 -442 315 -127 -301 -420 115 -39 251 -1076 -866 250 27 397 834 287 470 -588 -486 -115 -221 408 95 -317 -19 -572 -482 304 -510 639 -148 -920 222 827 -792 -691 59 519 175 ]
[81 -50 -694 -64 711 190 16 795 104 154 -76 397 748 34 275 -574 -906 -252 -377 -5 190 727 -307 -319 188 282 1126 -647 -488 -26 -422 -401 923 919 -75 -96 -896 889 279 -148 538 316 855 -213 -220 741 -104 -1410 -495 -154 189 -217 -480 -368 -860 117 -403 138 -139 322 -805 -272 22 487 -32 -323 94 1295 391 784 -365 537 163 -490 -98 1361 476 325 -604 309 408 -72 -197 -389 143 269 -5 301 -412 -20 123 184 459 -71 -524 -56 95 456 685 242 -547 514 410 -771 -416 284 -402 651 204 99 -899 -306 -743 535 -288 ]
[-556 147 -116 -421 345 -221 -299 50 388 109 -1 960 208 -746 -1028 324 416 252 425 -581 -25 23 -245 59 960 -5 -445 38 615 1100 -929 155 -135 912 687 -541 518 -13 165 274 19 -123 55 -148 -460 162 197 -186 1919 -712 -168 658 -113 -56 553 183 614 704 176 412 329 -296 567 629 -341 -244 -245 -577 707 -245 -319 -209 91 233 242 1357 490 -413 480 488 79 -986 582 -151 -122 24 374 -219 607 -451 -35 88 713 156 -538 -133 45 8 -262 -387 16 250 -457 1147 45 402 -313 -335 -544 -63 666 -88 340 -930 -210 ]
[-406 537 -81 1151 180 615 -428 759 -1269 21 -998 95 -580 266 -606 252 331 -35 287 -294 490 -315 -178 1569 -8 64 613 695 186 410 306 375 228 1 -133 944 384 -658 -938 566 -184 -641 946 307 184 23 288 272 -107 135 -582 -38 -355 654 163 -66 -750 -385 -833 -99 -403 -459 587 -414 774 164 772 -443 879 -118 122 196 795 -40 -286 732 118 -201 -305 -462 -761 765 218 38 413 314 -117 434 157 -1374 -1097 262 238 1728 -398 411 -456 634 -510 -154 664 84 -178 -1032 -148 -866 579 1117 -544 -154 -229 -626 -760 516 -124 ]
[95 41 439 -653 -158 183 1026 125 -73 467 -309 -165 103 -532 180 -366 -782 -812 59 243 364 149 352 -572 -21 -655 447 -571 104 -254 -171 396 529 251 -432 461 -388 50 351 -89 292 -215 -816 -301 130 -578 278 -557 583 -851 -285 274 -341 6 -179 -212 425 7 586 759 399 -77 159 455 533 198 -318 -455 376 -1067 -867 580 1004 -975 -467 366 -325 -295 518 685 522 -863 -308 433 1673 365 -1087 833 -179 179 -447 506 -72 414 -53 -730 -759 280 305 -534 -18 475 -789 399 -313 -63 395 119 -660 -264 913 332 527 44 173 ]
[-289 -112 -440 1445 -499 -798 -93 423 116 -505 1028 382 795 1385 126 280 542 -956 -419 -231 150 66 -76 -2 -265 287 9 -533 -644 -30 757 -421 145 -254 -1114 636 255 252 165 989 301 706 759 66 475 -499 585 5 -508 -1113 -1297 -257 67 131 -486 -435 -430 106 -825 -835 -106 -580 -75 -340 475 374 181 -703 -455 1225 59 585 -111 -316 -45 -727 -736 707 -1255 509 169 85 -497 96 -52 -164 889 610 27 -486 -325 638 728 118 35 1074 -320 734 668 -67 620 -980 102 -702 235 -515 -479 326 76 486 402 -631 993 381 -1284 ]
[-356 149 -461 532 392 403 67 197 -1857 607 -629 1 587 -728 321 809 -354 -325 -534 86 -591 53 223 492 -488 -1412 -574 -349 -126 -230 713 -75 173 -158 -1145 1017 -867 -638 -688 82 492 -940 -534 694 -43 279 -897 994 -672 164 425 60 -222 -314 200 116 693 -84 29 -505 -324 84 -214 -290 301 56 -282 1236 197 678 -694 -956 -477 51 385 425 417 603 -111 552 -666 -256 809 -378 13 527 -877 527 1 245 78 29 -22 648 -73 -400 311 742 -27 632 -134 -120 93 -176 330 -297 775 1237 888 -22 37 -68 -762 243 387 ]
[-52 428 1201 -1080 -470 -298 -91 -1084 739 -131 -238 -307 -464 -618 -1105 232 -308 186 757 -149 642 -314 -98 -717 333 -66 -405 590 778 500 -554 652 355 -283 1095 -1020 1171 410 567 468 -517 411 99 167 -140 -982 30 -504 834 -524 412 355 247 -585 459 -255 264 -225 -223 151 730 354 -632 245 562 89 -921 -1693 211 -1308 -541 -634 48 269 -479 -402 -256 -1698 1278 -554 -11 -147 150 223 410 163 -271 112 585 273 346 -42 170 -172 325 -860 -350 105 71 -271 37 -245 -898 423 479 -676 391 -790 -1018 245 1098 238 329 -728 -122 ]
[884 -172 -126 1013 125 -374 95 61 413 311 1093 -248 -92 1190 814 -1561 681 -384 -1039 232 -332 154 19 1206 595 484 926 -1341 -923 61 -379 92 227 -160 -233 -499 -72 -262 828 -539 -53 247 1155 -94 -40 922 -99 -625 -364 -244 383 -387 992 481 144 699 356 886 -62 540 -470 161 208 -478 -381 -109 261 -127 -104 736 -573 -876 433 -676 -758 862 257 -317 -484 -719 221 -4 19 10 -366 -342 -395 59 -146 -92 796 372 342 -546 514 325 365 214 1329 -79 -101 -188 -690 -307 108 -152 -974 518 715 443 -116 391 -89 -140 -166 ]
[128 -219 312 127 -92 -47 -518 -135 636 228 900 -32 -149 -736 -623 604 248 -329 557 -111 -360 -53 157 738 633 510 -1187 -251 381 248 283 -245 30 428 96 -342 -310 -118 -606 1776 488 396 355 -32 -169 514 626 749 -182 -914 -714 98 632 -260 245 -704 -634 -458 -262 -225 -778 -213 -569 -739 -186 -72 400 273 266 -523 -85 137 49 648 -475 1095 -670 643 444 430 -278 846 160 -196 32 -979 51 -177 299 -619 429 -361 1441 -30 -737 -464 560 493 305 489 -171 -310 -238 -314 160 713 67 641 405 140 -347 -1014 622 -38 177 ]
[195 -137 -1317 526 -509 -1089 369 -77 101 1507 -661 1030 570 -74 160 -252 -638 837 602 763 335 281 407 -37 -23 -98 -589 -524 -712 -145 -469 882 177 40 -263 -762 145 259 757 -93 -335 780 -427 -475 -353 815 -82 -1059 -84 -143 338 189 -659 428 -387 -473 849 207 -190 565 222 -742 -843 -368 -1024 -58 337 -513 -761 680 -96 -381 875 -687 -389 74 754 -233 -157 84 -125 -51 -433 200 -422 -257 -208 95 -382 710 504 13 179 -923 700 -566 -110 30 375 272 -64 139 189 -7 -772 214 -539 352 490 28 141 307 514 -91 -142 ]
[-208 -168 261 517 -706 -296 64 -73 710 -524 649 -519 590 -559 -632 847 121 -781 -1593 745 -1098 -516 -389 310 -123 -211 462 -635 898 -2 162 -329 -71 393 132 616 1493 -306 171 742 675 -506 488 1153 -668 -293 -17 493 -266 -717 93 496 -97 -1417 412 -657 -263 -679 -385 16 69 336 130 527 951 -243 -788 -37 447 663 -56 -134 -752 40 -161 -188 -260 581 -114 384 -513 398 -559 140 320 508 -83 631 630 -759 -211 768 -238 731 325 -421 -79 1111 179 -146 39 -145 -174 -147 1361 -876 -859 868 -156 449 815 -163 74 145 -616 ]
[-14 179 -924 289 383 380 94 83 397 514 14 -387 -64 503 -338 -618 -561 35 -94 -98 -474 -470 830 450 1001 369 1501 -738 -326 4 -449 745 -314 -147 -495 82 87 -173 1085 157 418 -662 99 -878 -297 488 -641 -703 497 230 338 -54 -272 -57 84 585 -214 346 -151 672 -262 444 341 420 60 -345 -281 -995 528 -658 -284 -330 1149 433 -760 559 732 -408 47 -499 772 -141 16 -171 933 189 390 -372 1037 -206 -115 449 -254 -252 -10 -122 233 599 951 -420 138 -456 -502 -449 30 -233 -62 94 -132 -266 219 486 -393 -1024 -207 ]
[1022 -848 289 -221 75 -329 363 105 326 -520 210 -534 419 1190 -94 -460 -262 381 -234 586 972 -611 -516 -315 -60 -422 -99 -37 396 66 548 756 1292 -303 79 793 -187 -476 -339 59 240 200 727 -699 250 -356 296 -622 -1106 -447 -341 -497 469 -246 -738 363 -1554 -428 -637 -179 1008 444 -473 36 341 532 -1026 -653 -41 -32 217 467 514 102 -446 -1217 151 -622 665 769 -57 34 345 -229 696 119 -989 241 0 654 821 -495 518 582 187 102 -637 1229 772 1031 288 -320 -1385 274 338 -1526 -150 1537 398 855 834 498 243 757 -193 ]
[976 616 -346 316 -558 -288 289 -34 -671 255 -1483 -75 -218 235 159 38 -592 149 -320 184 792 -149 524 -209 91 -385 461 -133 -803 -228 933 314 -493 -389 -418 976 -842 -329 -985 -642 -359 628 -800 561 69 451 -288 -377 -860 1205 598 -236 -1627 873 980 189 248 -250 -72 252 158 33 829 -562 61 10 584 -163 -1559 808 521 -637 386 -793 112 -166 658 429 73 -418 205 -705 453 -275 -442 435 46 -14 -284 652 276 277 -180 -1044 982 -279 514 259 -408 110 -751 -553 360 136 305 -52 -44 -869 -59 -110 763 1205 -720 125 -80 ]
[-231 204 466 125 -882 139 -660 -583 324 -461 1419 371 236 -859 -1152 542 145 -729 -255 -1392 -812 -215 -1124 552 592 1014 -298 -137 819 137 877 643 24 -302 276 -968 708 478 5 -971 344 403 915 793 489 777 517 67 233 180 -1122 -39 654 143 130 9 166 234 -1125 806 374 526 342 305 824 -143 25 181 -540 798 211 186 -369 -164 -481 829 -242 -265 310 168 -677 -248 149 7 637 91 -741 600 1230 -760 -294 328 1223 764 228 -18 330 -163 705 -573 33 -607 259 -34 396 199 36 719 -1017 -220 -468 -193 -76 424 8 ]
[-297 -431 365 -388 -1595 130 602 -570 -644 680 -260 926 -614 -25 459 573 -88 414 -239 33 631 -414 -222 773 78 -229 -658 -233 79 -396 23 -185 -454 -665 448 624 30 -348 798 -688 -55 -16 57 908 -200 384 -626 792 442 947 536 261 -1364 256 311 -364 273 276 279 958 113 445 -218 -310 -80 48 110 -383 516 -242 1004 -115 -1089 -905 1074 -729 640 -511 1075 41 -449 -754 -197 -248 -407 -167 193 630 319 -497 -271 -189 481 230 321 435 -542 -369 -173 -573 67 460 -122 -174 474 -34 -216 -600 181 -164 -63 -1235 -408 344 137 ]
[-609 1363 -76 20 -509 431 47 264 17 639 -518 -188 102 616 1092 -114 -21 208 -997 549 -105 -63 535 -15 286 -366 1465 -87 -66 682 659 -576 -332 426 -291 346 78 886 132 512 215 -389 190 -473 -307 -608 -201 -702 -399 -339 -814 -722 -638 -415 -563 -648 -219 -173 -953 -798 -709 419 411 167 -777 697 -505 -213 17 -240 392 582 -571 1007 -74 -565 -257 783 -1069 -46 248 -142 213 313 -331 295 -194 -409 36 82 744 258 -1025 548 796 34 845 534 -152 522 356 -575 75 -138 117 -153 -920 57 1195 -129 -58 96 -250 -583 224 ]
[1021 516 -846 184 13 306 -65 1118 -1155 222 166 263 -704 -155 -275 822 -280 -275 130 -1214 -205 1155 -592 -563 136 766 24 -535 27 -418 -852 229 -331 413 -327 304 -462 -316 225 -924 433 -95 915 1072 281 962 -111 -609 227 1 -57 153 157 -431 412 571 817 -596 599 176 -173 1351 -1053 657 -373 143 380 576 -237 418 -768 -434 56 -205 156 385 -155 -426 -63 -746 -376 -179 1307 -19 914 -51 146 -326 -19 -1205 -852 885 -63 378 -819 -450 -958 572 -965 -1388 -96 -348 199 -460 70 368 -351 627 -1326 -32 -824 37 258 -148 -827 ]
[483 108 -457 304 -204 -524 318 -37 -397 638 -226 -94 -222 -45 489 -97 -1034 389 551 -31 -637 8 212 20 -375 841 17 -1090 -238 -1108 -750 487 -119 -232 -455 271 -395 336 124 -331 619 -532 520 -645 22 1343 -752 -329 -1617 798 728 -418 -384 -1444 -587 68 332 -1462 -469 -568 -133 923 -866 108 -1065 -869 -270 -46 -422 660 -530 -92 -108 141 -377 -936 595 -355 524 -1043 -273 426 723 -992 396 -36 28 -372 -441 253 -117 93 -541 -441 1167 41 -706 674 274 -304 61 -605 72 -1651 460 -176 -186 632 533 -33 -343 1071 -387 154 -811 ]
[-93 -275 -335 -762 913 708 -259 108 -76 -180 1075 508 -11 555 -501 -454 241 -702 -107 -308 239 -94 441 -129 381 16 -317 156 -387 -197 66 954 1041 -146 -498 286 314 -592 -392 112 -293 985 143 -1278 235 -221 -199 -152 340 -804 -120 -317 716 180 784 164 -564 959 -949 -26 -584 1116 465 -196 -166 -157 -688 -188 -886 -189 -581 -407 755 -409 -317 -22 188 -364 -150 222 296 101 84 520 155 -93 -729 199 -129 346 915 40 462 -697 8 96 -173 535 201 -352 -222 -876 -348 851 -154 -181 330 -213 561 676 -679 301 107 -441 -279 ]
[-506 -1036 -904 -133 992 93 -786 930 -1101 -848 426 35 1 1061 458 22 1058 -17 -72 541 295 -50 -277 -1666 178 -177 -413 550 -177 233 -843 268 -87 62 321 -242 834 -278 188 -780 -465 300 -35 -784 299 -256 334 -539 468 570 -682 853 -251 322 -274 -90 -379 654 1151 186 -624 1284 -662 -632 -196 602 -607 -996 -467 39 -1094 77 -579 -1302 351 -817 240 -1248 -95 -197 286 -31 -404 187 -23 -13 39 503 696 -690 -804 650 -895 172 94 -110 36 -466 -864 -574 545 1218 530 663 197 -1081 -493 47 -184 222 -217 -348 817 -498 -435 ]
[376 591 206 45 -128 76 423 67 282 -464 -318 90 22 438 5 -425 303 759 -592 281 308 -1342 910 -319 143 -52 1277 64 -272 189 504 1100 -285 -77 1346 431 150 -220 -69 117 -32 25 -7 580 -49 -163 7 -832 -682 458 286 408 -388 416 627 253 -880 59 281 527 575 953 -161 -637 -20 930 -540 -1298 -133 28 -81 -289 471 -410 116 47 400 -635 -186 -946 249 -563 -27 562 88 -172 -352 -448 154 -671 472 1071 -1292 -453 575 -388 311 494 41 491 -886 -67 -500 185 532 -737 -966 -58 -932 311 224 1198 518 -174 93 ]
[241 -378 62 694 240 -838 -432 -17 296 506 614 -344 583 -389 -84 -701 78 121 934 -256 -361 795 -655 71 4 218 -1252 -338 584 171 -751 144 94 197 -53 -1226 -124 -431 111 620 -237 815 579 -530 -493 1208 -177 72 -985 520 -177 354 314 162 -667 25 -704 -143 29 509 -372 -87 -130 -329 -131 -602 762 419 1137 54 446 279 -264 397 -479 1393 193 174 -122 89 -188 1229 -142 -1262 391 -759 79 652 23 -707 190 -934 -90 1013 -1442 396 272 126 267 188 151 -357 492 -33 -537 693 173 790 -378 -120 -1046 -688 -238 1149 -414 ]
[16 553 -264 -844 -378 -27 -1310 221 257 418 135 -339 530 -984 -118 242 -485 313 -1401 899 33 529 -672 -507 223 -622 -175 126 168 565 209 -606 -141 271 -191 40 -356 910 -49 -85 42 895 -538 375 39 335 -855 293 -409 434 134 939 -23 -430 148 -668 1020 -355 697 -313 -226 556 -275 1096 13 173 -671 1146 -33 271 -185 416 692 153 89 201 365 311 -674 562 -141 212 256 -1075 -162 -431 -326 -644 -56 -122 834 -132 -22 -19 -284 -427 881 265 137 241 162 1105 -264 524 344 876 -906 450 401 -588 -317 57 -465 762 163 ]
[231 -945 639 -676 -302 -641 70 -718 515 -309 653 -8 -290 -77 -485 124 246 -412 518 -881 -396 362 -505 85 504 214 -728 544 872 644 -614 -686 41 -175 -88 -31 116 70 -91 -425 -347 953 259 -364 -620 -1084 1330 -306 327 -405 -227 -129 1032 763 -526 524 87 -556 -335 -245 934 251 418 78 250 -545 -414 270 -132 180 1297 643 -778 253 -124 -345 784 -655 245 312 -15 500 580 74 240 -444 -858 424 -89 -387 140 -971 -185 60 -241 172 12 -599 -504 -989 563 -334 -601 639 -700 573 354 -449 -852 464 425 -61 -28 142 -409 ]
[156 428 -624 -628 -263 150 416 669 -457 1204 -351 47 -188 -9 -274 -818 452 597 -806 1534 381 619 177 267 -707 -1040 190 -721 -454 -454 195 89 -607 -158 173 49 341 -206 1078 -246 -302 -160 -1258 152 -37 724 -1159 141 -373 970 817 -315 -761 89 -107 -164 99 720 530 389 -416 364 -256 468 -863 614 -361 -720 -388 211 -114 -14 641 -529 383 -402 -577 22 401 117 -235 -65 -285 249 -596 -98 -481 -555 -289 -468 114 428 -842 54 167 158 -682 215 -510 34 121 942 -646 489 812 -24 -621 457 271 -994 -263 282 -383 -88 360 ]
[835 254 203 680 438 50 253 -224 -288 -106 -1123 475 -206 -345 -137 -523 -499 79 599 -1161 -182 -355 132 -123 -1262 31 -1246 -788 609 138 322 1111 -194 -790 -232 -563 -17 527 -1132 -629 -484 82 -309 266 716 380 -594 351 110 1895 484 383 -54 -409 -257 -56 120 -323 -463 25 832 -1072 1106 265 -194 -407 149 -228 -338 551 446 -163 986 -441 186 438 -353 369 710 87 -334 -16 -413 -689 617 202 606 207 -78 1102 -724 -177 137 -5 -513 112 -244 -165 -61 -254 469 -68 221 -561 -965 308 934 -521 -469 267 169 1177 -168 361 423 ]
[303 -655 -159 -107 763 553 446 170 150 789 -609 541 -573 -466 -45 434 397 49 943 -113 -324 209 74 273 493 80 -18 -236 401 -426 -709 -316 -1161 996 918 -111 -388 464 -472 568 336 271 -463 392 -1333 -309 557 -845 594 -520 -240 41 -891 155 722 -137 536 -191 368 379 -329 302 275 348 -88 578 -66 685 474 -930 363 -400 -557 60 -396 35 -458 448 293 -438 414 728 14 -498 168 417 435 -336 15 -690 -267 -299 719 -793 -893 -1125 571 13 -805 -10 -343 303 610 -133 -633 1069 -43 -923 245 -249 -533 -1069 -731 -224 332 ]
[184 188 -370 -880 -532 -189 -1087 427 -569 -576 502 -254 -1679 -109 687 554 30 736 -855 -288 -443 455 -1349 26 -13 508 -155 1186 1140 2417 423 -245 123 -169 -585 456 599 -20 85 -428 -439 -1084 351 -42 71 -260 -11 298 681 -451 -374 120 224 -313 135 35 545 -386 631 -197 48 -477 149 343 960 200 -369 863 -334 320 -82 101 -420 479 362 924 -24 128 186 270 -330 -376 383 60 105 -820 254 -82 -230 -246 121 185 -540 1255 -327 -472 943 -17 -1272 -514 -56 239 -306 667 27 356 25 504 -804 400 564 -427 149 -1004 84 ]
[-323 52 -20 -46 364 -226 -601 646 -597 102 -183 -656 -478 -556 443 296 760 257 1158 -69 474 242 -984 -267 -26 -136 -948 1162 -6 487 -774 304 868 582 319 -639 -395 -40 366 274 -514 634 474 -97 -68 473 305 -181 384 -905 1 288 68 -90 306 -297 694 157 1017 -104 119 -530 -1394 -124 -511 360 -292 195 308 -179 -546 -832 112 -325 -790 358 764 -1439 669 -1153 -122 -58 227 14 -315 -798 -139 -36 -423 445 1000 -363 39 53 -769 -634 -208 -554 -527 -541 -20 257 -368 711 -993 314 123 -147 -461 423 -525 -839 467 -348 -326 ]
[814 -565 -233 334 204 -224 -741 192 -305 -605 -605 -6 -346 991 45 -293 226 -124 221 411 -331 210 380 -515 -1264 -271 366 -146 -1015 -541 -168 -339 -135 -298 -482 -54 -499 757 -878 653 -7 56 -585 56 -30 124 288 -335 -994 778 636 318 -180 510 -489 -645 102 90 351 -148 -561 -1355 258 -375 512 -315 724 732 -851 579 -926 -310 -110 -110 425 233 -399 383 -408 169 199 -13 -800 435 -605 87 882 -517 -682 -191 107 11 -818 -527 360 310 -275 -106 -383 515 -1112 -139 318 -1054 -611 4 872 405 346 -660 -172 761 -142 -599 -533 ]
[-93 -260 39 241 -403 -538 -649 38 832 34 394 730 709 -818 97 261 -118 284 20 510 72 361 -550 -136 -518 -208 -732 -424 115 232 56 -595 -999 114 723 -860 455 1407 -33 248 -69 1348 2 1263 -201 -317 -126 -631 -535 -85 -100 771 -267 -247 -506 -1061 1129 -19 -278 111 1125 -589 -116 1347 -323 -143 -47 464 115 1249 456 477 -559 304 284 -535 -163 782 -1148 168 -478 145 -720 -589 -558 -73 952 -361 -174 -511 112 -87 207 -326 -777 124 -294 -320 -86 597 -79 -17 364 -477 -330 1045 -214 -537 -86 -254 -639 -332 -343 735 -99 ]
[-442 -384 166 -153 -348 -525 -565 604 366 28 715 1043 -230 651 -11 7 644 713 -649 212 706 498 -801 340 -380 480 -169 719 628 1156 229 -134 344 21 862 259 1545 215 -392 320 75 -490 419 -146 -439 593 1491 -451 -1340 -434 -836 -392 -688 225 -371 -157 -1282 -296 -129 -320 -393 -184 -606 -534 -797 963 404 -752 -916 1122 342 379 404 -219 570 -183 -150 92 -273 849 251 324 -130 233 -875 284 -89 286 512 -2 661 11 621 80 394 357 28 112 74 692 -18 569 -224 161 740 -71 -778 1061 1009 324 -246 -854 1119 -375 -200 ]
[-380 379 60 205 146 -6 -140 1065 -491 -82 -224 175 -13 152 -210 -68 475 350 124 709 420 -833 144 -67 394 -196 1249 1263 22 133 -84 1460 599 504 584 673 1048 -308 221 163 131 -90 691 755 28 455 97 -622 282 57 -251 433 -881 683 -173 240 -38 338 305 687 -58 -338 -514 -298 -736 -250 -225 -285 2 -456 -463 692 1116 -739 -260 -298 323 -1741 -107 -175 -464 -183 -608 327 109 349 -687 -106 -110 -614 -63 35 -10 91 469 -341 -900 -227 250 -521 216 754 -443 -66 -280 -1002 -397 813 -642 -25 -247 318 143 -60 -128 ]
[-47 -522 886 -722 -352 -985 -114 -670 663 -54 284 -309 140 -1034 426 -271 -284 294 -460 14 707 -240 -81 -839 -69 21 -398 -552 -271 123 -619 4 692 492 629 -826 -1015 223 -110 -634 -494 954 -446 -383 -294 -262 -430 -1117 -445 -105 7 511 395 207 -719 -605 -714 572 660 484 629 1112 -1202 -808 227 975 -1250 -239 -29 -677 -825 677 253 -985 323 -243 -227 -262 33 -599 301 -315 -532 23 958 -343 -589 -28 -77 -292 194 259 -412 -128 -248 -665 469 519 712 247 -358 1046 -996 221 -76 -633 55 207 -1223 208 445 -286 549 339 -161 ]
[-588 48 -308 861 464 587 -61 1084 -1090 -522 209 574 -337 557 376 307 -83 -782 481 811 272 168 311 492 -512 312 514 539 -552 -502 -257 -379 569 382 -776 1235 144 -601 166 426 711 -1134 -261 -296 980 707 357 60 -858 -463 -141 -319 -528 470 -189 138 -365 107 126 -213 -746 -662 -312 -759 604 29 835 -176 -167 453 -1080 881 308 -536 -402 231 -123 362 -649 277 1 -235 -701 286 -115 262 278 456 -317 -708 -576 1036 -90 575 85 427 -439 119 -299 35 -473 -9 521 -510 -78 -320 984 361 -44 -303 -70 17 -29 -196 -43 ]
[678 1127 671 884 -191 -433 1271 -783 794 706 -932 -982 203 -337 16 -403 -758 -1215 640 169 247 -182 1107 -427 -71 -157 701 -490 -245 -520 -543 613 -466 -380 -232 -186 55 -13 144 529 15 710 -614 159 190 -211 148 -28 245 593 82 73 -299 -264 804 -469 269 -478 304 252 -253 -355 230 -24 445 -274 433 -1175 389 -780 877 -178 476 576 -732 95 158 343 163 -570 403 768 447 511 928 -299 250 -260 226 -293 541 110 -999 -568 -3 -153 26 228 112 -765 15 -775 226 -15 -174 464 81 -1157 -528 -224 331 279 0 346 95 ]
[253 567 -583 -172 -259 -367 641 460 -871 749 -1384 365 -83 -257 -349 217 -403 82 778 -196 -944 -180 487 957 569 -582 695 -32 -1014 -11 -443 363 -907 -344 11 -43 30 -357 524 -860 -847 81 -375 710 -803 -5 287 -503 25 91 130 -454 -1384 59 575 328 633 -276 423 -14 485 508 188 131 -154 -343 57 -767 -286 103 301 -1040 -688 -574 -62 -242 608 -421 327 -472 178 221 813 128 -59 -193 31 -631 -198 79 -575 159 -339 -547 -411 -507 161 -423 -882 -1151 410 -250 696 -147 -646 236 -309 -367 -750 -635 387 168 6 -584 115 ]
[-777 15 -163 387 -384 -223 1063 466 -521 27 -614 756 -249 -295 11 202 -416 242 357 -363 1043 -537 872 622 -435 -315 -27 182 -794 -122 863 -247 -9 -529 287 1738 -441 -174 -1082 526 -114 -886 -295 1224 691 -252 695 401 -950 636 -817 -234 -571 676 -404 -136 -271 -4 156 -423 270 -206 518 -514 -503 296 598 -600 -158 -295 565 644 -224 -360 1033 -69 74 244 -599 691 711 -392 251 655 145 256 720 504 141 -122 -683 341 690 -128 41 605 -907 329 353 342 -428 -534 -122 -1086 767 -468 1066 326 256 -595 -969 -168 634 790 -114 ]
[-1056 -908 -157 152 -203 96 1075 142 162 320 -477 -261 567 -468 489 -22 -831 -369 -1491 1237 -7 -578 743 765 460 -541 536 225 532 846 327 295 430 -89 -820 211 957 -1066 24 -70 -804 -634 -522 -236 302 10 1422 226 56 21 -132 383 148 221 312 41 -407 -954 -52 -394 304 150 307 -489 -856 -349 49 -989 316 -666 -211 730 -220 93 302 -111 -20 81 -290 1367 334 -445 -62 1185 -572 628 -360 219 948 309 -187 881 -144 -223 473 -160 349 381 -1734 -294 671 -297 -147 1181 1229 -501 -362 602 -386 462 1380 104 598 -1085 -63 ]
[207 -1451 89 -86 100 -951 292 -20 172 107 -932 544 -186 178 944 36 -160 -317 849 380 -325 -86 -398 280 -758 113 -897 750 535 391 -1106 -336 -133 761 224 1193 -69 -78 -662 320 -477 188 51 -110 -782 262 678 189 -457 445 573 -140 -484 245 74 577 -77 -627 435 -48 573 550 358 -170 18 -485 -592 436 576 229 1188 252 -1614 -322 784 -390 1128 -534 393 92 418 477 204 69 -77 30 484 309 58 135 118 -961 -852 -518 -367 -216 -213 -456 -1083 -651 -370 16 430 -134 125 410 76 -503 154 591 -272 -929 -128 1019 -130 ]
[-346 -179 -142 -162 -482 -837 598 -740 94 1115 -265 263 209 -801 136 437 -896 -125 511 737 184 -390 -316 -328 135 -294 -291 -380 47 -128 -457 34 -573 61 -846 -205 -397 -652 818 -751 -688 132 -828 347 -841 49 -991 -535 174 -584 -500 -542 -709 370 434 38 985 58 -742 689 1075 77 691 809 -281 -12 312 247 247 -649 614 -17 -367 -112 -455 22 999 -51 -803 -234 -35 -237 -798 -111 185 730 -641 1557 -391 812 -255 -556 271 -62 -27 -377 656 -73 -775 -198 -298 -127 599 578 72 103 112 -425 -583 -697 579 -369 -794 -105 -55 ]
[133 50 -345 497 427 -637 -230 -37 -903 -711 331 -337 6 70 -35 74 -517 285 478 -1394 -1430 86 -283 708 -859 1647 -281 343 -35 319 -254 729 -512 -361 344 -1003 91 -296 -226 -192 -341 -569 959 -663 112 634 407 239 -870 211 783 -130 540 323 117 696 532 -216 262 -287 521 -231 -483 202 -24 -1076 577 984 322 1053 -302 98 -167 -333 -321 1354 94 357 -390 10 -597 298 378 -693 46 -175 460 216 -472 372 -489 -220 -796 -717 -479 -127 418 -587 88 -773 -654 -288 359 -924 -352 23 253 172 -787 58 -279 -156 -514 -177 230 ]
[222 275 671 -1294 676 291 600 202 -79 -617 195 -200 -70 -407 -320 -420 279 752 105 -315 313 104 -154 -247 -323 -141 -74 373 -352 509 -444 -733 503 -364 433 -963 -462 457 16 -41 -367 250 -828 234 -72 -743 -110 -613 -838 -141 1082 -399 681 413 -272 74 -523 -252 623 -936 649 -136 174 -455 127 888 -411 -551 537 191 123 12 -42 -566 294 -200 129 826 -478 274 1210 436 -166 -363 -555 -75 -190 -541 -916 408 535 311 28 -405 -635 -111 883 -599 -861 385 -48 13 318 1227 -946 259 185 -586 -710 773 167 282 116 -532 125 ]
[-473 128 -556 890 -381 -93 248 669 -100 273 -1480 329 -4 962 265 -693 -156 -167 -128 771 931 -416 -111 680 -319 451 27 44 -540 -500 676 367 -89 208 -490 1344 -855 281 506 -12 187 350 -254 274 521 -444 225 -226 -260 290 -409 939 -838 1441 -102 -665 263 325 131 764 50 -237 508 -58 399 440 -177 -706 565 132 155 897 383 -1036 239 -801 -421 -450 -264 -492 503 -299 -502 314 -221 233 -45 621 -57 -885 -550 423 -150 418 331 406 -553 734 77 -769 -51 -246 -352 -572 -656 257 -286 -501 -669 593 253 -41 -383 976 -320 ]
[-299 -447 585 855 -130 -129 -563 512 -112 -341 -282 -312 406 67 184 832 711 -476 -312 80 174 -147 -707 205 182 -647 290 -159 63 843 -203 -654 310 838 -33 -808 -48 630 -748 -286 -145 -162 946 1038 -971 416 710 -655 -436 308 -943 206 -66 -135 -6 -341 278 48 -110 -793 77 -522 262 -540 -355 409 -98 -109 480 9 -334 -557 -485 671 -611 217 427 -396 -300 -626 -216 241 245 30 69 820 -193 -217 665 -629 293 -94 733 1327 -80 -555 762 -733 -491 460 1296 204 5 245 -312 -676 508 1436 -290 -399 464 -370 -838 -776 -160 ]
[918 116 -714 -304 -360 39 329 516 -267 301 -446 -248 -166 -234 199 816 -307 741 411 -423 -950 1349 -1045 -25 -107 399 -136 154 315 -570 -33 -272 -460 627 459 175 316 98 -18 -308 617 38 78 255 -356 480 -66 747 302 24 291 -10 -462 -295 237 199 164 238 -226 574 -863 299 -90 560 121 -327 582 1087 -603 -70 350 -302 -486 49 123 429 -381 875 770 343 -438 762 382 -22 91 -54 -388 -292 -314 -267 -536 -164 126 773 552 -416 -588 -248 -316 -483 -192 747 1536 -128 460 78 -966 680 363 228 -402 -186 270 502 -723 ]
[151 81 -704 239 262 515 -87 1283 -515 573 -781 377 -432 339 518 -321 51 133 -669 402 -206 817 -921 787 -749 258 -500 -110 94 236 -535 -36 137 273 -374 746 -140 349 -85 -333 518 -640 501 -887 431 663 210 137 238 -178 186 0 24 -1092 -25 -88 687 392 271 -295 -383 -211 664 657 -103 -362 -248 912 91 559 -798 403 535 -132 -296 5 191 613 -145 437 -234 -122 202 -389 140 448 258 -136 -705 410 66 78 416 166 229 596 -790 739 744 -329 179 197 -200 -303 -662 322 96 739 1308 -18 -621 -361 -537 671 116 ]
[555 621 518 197 -380 445 255 -147 -723 719 -1057 -422 -868 -775 610 -412 -614 -306 248 296 1093 122 667 -707 389 -313 -49 -300 -54 -254 580 0 -223 -774 -462 -656 -1317 -53 -5 -260 245 6 -700 138 839 -462 -763 315 533 -40 70 290 745 126 -208 -725 392 280 -368 327 70 -845 730 -31 482 209 666 104 617 -1397 57 -763 114 518 -378 645 -160 535 479 -101 -793 -1102 -79 523 538 224 -492 182 -408 1230 143 177 354 1143 253 -183 -457 128 -373 117 -235 -119 -503 58 -549 291 821 -180 705 -595 -307 -144 -33 -701 432 ]
[325 -927 -646 45 233 2 -2 595 -323 239 -452 25 -188 1652 -519 215 367 767 377 -208 178 355 -1400 -33 -313 -242 362 -380 -8 -127 -400 79 -398 234 635 376 -27 919 -282 856 426 -106 802 -133 -57 71 26 186 -897 725 -435 208 -446 65 -575 71 229 -226 -774 -532 -990 87 401 486 -536 476 487 -135 66 -40 -262 255 -253 865 302 229 126 -222 68 52 57 -7 389 127 -632 630 588 0 105 -1328 -670 -830 17 1323 485 600 68 8 -1043 224 -41 466 690 -365 304 -448 -334 1436 830 -449 -976 188 -408 317 -609 ]
[-64 313 744 -33 -71 777 162 366 649 983 359 -463 470 -1120 -368 -748 182 -214 -534 -51 722 -595 1593 738 833 -88 576 -1034 298 1041 453 581 -293 -53 422 -904 73 87 -36 839 267 517 131 86 223 -629 -570 -151 443 -330 -235 92 -370 -500 204 -1181 -639 294 -664 655 -101 -37 1026 749 -101 159 -202 -1296 314 146 115 -287 316 10 -381 941 826 718 -242 280 46 -381 -353 14 434 210 622 -645 1003 58 341 810 519 117 -506 -178 162 1052 151 151 186 -432 -728 296 -79 183 -720 -212 -141 -159 -643 -711 -131 -191 166 ]
[-596 -377 -311 51 160 418 -108 521 -620 249 286 -247 483 -948 700 284 195 251 -828 693 101 -404 -106 273 -416 -999 -1120 -31 -8 126 1079 416 -204 -171 22 -308 -611 315 -520 -454 -897 760 -9 100 -161 327 -631 -316 -808 621 -28 -319 -662 115 253 -387 -334 581 -790 799 666 1001 356 -637 -383 205 -6 -45 -221 585 100 179 330 -261 -778 -661 107 229 -159 -25 434 -610 -306 -293 -771 59 244 -208 260 -140 41 303 24 -438 -263 244 -528 222 -424 218 751 -723 282 542 382 -529 511 272 141 -146 -145 -297 -239 123 135 ]
[956 680 -415 -460 -768 669 685 248 70 -203 -120 -485 -460 796 -346 447 -196 -49 -1113 -57 828 131 -427 -506 410 9 924 -20 312 -74 604 89 -509 -180 -221 316 187 -233 570 -363 268 602 -196 1 573 -661 309 65 846 -212 76 443 -263 248 311 -211 -357 360 -335 -45 -11 176 322 -127 253 258 -48 -810 318 -463 1044 -437 -272 131 -82 194 579 526 -480 -409 -893 -244 155 871 731 -816 -854 418 -126 -679 -221 402 -737 1216 295 407 -132 -195 -582 -824 203 -295 296 443 42 -445 -65 -506 -887 108 615 630 -409 -111 -167 ]
[-627 -311 -250 301 -521 -134 150 551 350 -138 427 698 655 -370 -286 -162 -420 122 -788 606 -227 -486 -291 -304 -282 200 -52 -419 1058 747 443 127 538 -67 -1030 -605 -432 221 -293 -209 -57 -26 -37 -4 -183 252 -238 -575 76 -932 -785 436 1257 -312 -516 350 -812 -138 -665 274 175 -511 -127 -382 545 266 -914 -427 709 77 -929 737 -412 137 297 377 -463 14 -479 -197 253 -164 -1114 710 762 428 -478 53 81 -184 -225 624 140 418 -72 -250 -171 464 -521 290 93 -181 92 179 667 -324 35 1519 -757 785 769 -120 178 114 -652 ]
[330 -124 -192 310 1080 810 412 952 -342 -20 -240 -737 317 172 504 -770 287 72 -236 -158 388 -270 -615 32 -502 -344 -720 20 380 -197 -65 969 1036 83 603 408 -324 -335 -146 141 119 574 449 -364 152 -52 -693 -52 210 -551 456 -197 -74 116 632 -93 -401 558 -46 1046 478 -161 483 63 -273 220 -559 327 -139 -222 136 373 1558 -514 -1014 0 413 -420 68 -33 512 517 -739 -291 129 598 -689 650 -654 304 577 -187 416 -302 256 -44 -888 867 774 176 -157 93 -97 719 80 -698 -147 -114 657 1198 -431 201 -451 900 -137 ]
[209 824 539 222 -899 -149 336 -711 928 -498 -42 -809 481 310 -130 478 -759 519 -664 -319 -618 250 -52 -57 -99 1091 330 163 96 -574 589 946 -163 -414 -1069 691 762 -948 316 -1685 763 253 -423 -241 941 872 -97 710 278 144 700 792 108 -692 237 614 483 -17 235 -434 161 -633 -311 1704 615 -823 22 -215 -85 658 140 -77 249 255 751 -1372 -8 1115 190 -295 -785 -451 742 -204 -293 561 -41 -940 28 966 215 514 -178 -517 468 703 20 -290 508 -529 119 -790 166 -279 496 211 307 -738 -357 503 992 458 -107 -238 348 ]
[579 -236 -101 29 -184 37 535 419 -161 399 163 977 -861 281 -620 -335 1123 -437 376 -482 -685 145 432 909 12 -261 180 -808 -58 -701 -74 484 -1303 413 451 566 163 182 -378 636 -369 799 -654 -481 -1078 -251 385 -859 686 -195 -445 -90 -988 625 394 -77 -47 674 -993 692 30 812 1171 -503 256 211 -122 -386 -385 -362 523 -289 189 -1362 -620 404 -1004 157 -330 -550 -146 254 -531 -381 693 -42 -139 564 -357 -1250 -1068 268 249 -181 -213 -24 -184 323 -996 -496 -117 -347 355 -700 -304 -85 493 -639 -566 -535 -18 71 -282 -459 -499 ]
[-1068 -529 -263 1218 320 594 870 177 -1085 273 -802 874 273 -309 792 447 205 -1118 587 -443 718 -90 70 498 -883 -263 -848 -534 -21 -688 243 356 -650 -427 -1077 589 199 -963 -816 -245 -405 -342 -160 324 513 472 327 772 827 93 135 119 -100 -207 876 764 713 -472 -395 -419 745 -688 287 193 68 -788 562 55 709 442 210 -593 -215 -460 347 -165 706 -143 716 119 -110 -366 -400 241 218 135 369 271 142 520 -876 14 631 -573 -959 694 -1713 -273 -1043 -700 1071 -787 47 -481 -171 1040 395 -883 -491 379 13 -610 -315 391 372 ]
[89 520 -958 -99 -322 -487 -46 -397 -110 -291 161 361 -727 687 518 -426 316 515 -164 -1564 369 646 -430 -189 -293 1002 1037 -234 -254 342 -208 -457 178 -127 -576 408 -936 241 537 -225 587 -1235 714 -475 89 524 -78 -65 125 -35 69 76 1094 222 -88 394 419 43 578 -291 -378 -66 -101 -873 1173 302 429 729 5 266 613 -341 -104 537 440 1327 685 323 -765 -277 -45 -100 693 259 1255 -622 914 -494 15 -638 -51 -145 -556 390 -195 230 366 275 856 -345 -756 160 92 -848 -426 820 413 72 -64 -276 -883 -363 -426 536 31 ]
[425 -257 -209 -429 -1119 -715 649 -101 754 1088 -912 526 -621 -867 199 212 -638 141 1000 652 1153 656 114 704 672 15 -376 -146 302 621 573 -845 718 333 141 291 -474 233 -138 681 -690 495 -25 480 -101 402 1482 7 -188 -560 -463 -885 -174 -131 -926 -282 -740 -212 -346 496 -48 -516 -223 -574 404 -182 576 -35 -375 -474 655 945 -1208 741 -147 532 -527 338 3 354 651 -40 -196 868 473 -881 372 170 -82 447 -477 -254 557 606 -524 -448 -602 121 168 -299 -353 -839 -89 -445 -398 820 497 363 -177 -379 -526 -913 522 1250 235 ]
[-815 496 -690 -117 -293 -390 153 748 -1151 1241 71 1110 214 481 268 -54 926 619 -1033 330 -43 30 256 272 298 -678 -71 332 -360 15 -346 -124 86 -196 51 651 109 -787 893 89 -301 -304 -231 599 -461 600 266 268 -620 -544 -257 -126 -281 182 512 600 -36 -171 1088 -608 -739 572 -1022 -1064 -152 1025 -25 -551 576 246 -14 -603 -457 -222 277 -334 786 -670 -1014 -109 508 157 33 -120 -462 -659 -383 70 -101 -358 699 401 -815 -233 -353 311 640 269 268 134 519 133 -6 797 207 148 -821 530 416 -546 -632 -773 -61 176 193 ]
[-70 1190 158 -803 150 577 -42 -422 94 314 -1262 -85 84 -516 -1274 -260 -62 -82 40 -1226 -147 565 559 -411 -984 125 662 -719 -557 225 -601 -155 -270 144 726 -419 -505 879 -46 486 -706 611 130 -342 286 -1225 -1057 -444 304 150 477 105 54 -355 -543 -565 305 397 -524 -439 706 1129 588 758 440 645 -1036 -759 598 -400 -398 103 80 -394 274 1143 -793 -591 -923 -368 232 -1133 412 -176 744 242 -95 -324 -123 201 -651 881 -285 -241 -449 -687 139 936 24 -154 -325 -717 -610 -54 -469 -4 22 -898 -1437 -103 -204 808 -413 -396 -634 ]
[-570 357 939 360 -217 -277 703 -1404 -371 -119 -290 -434 -528 -528 942 407 -245 -345 -476 -181 469 -202 -409 340 -237 -163 244 520 51 469 -477 -888 213 -649 72 -329 467 -165 289 -822 44 -540 802 1247 251 -228 542 394 465 -229 -205 725 745 -977 988 -620 1654 -933 1078 -733 -232 -289 -754 283 695 -63 -310 369 1215 167 989 -356 -1560 -234 577 148 403 394 557 -68 89 -127 671 -52 0 -181 873 -1027 729 -270 527 -319 -82 -195 -851 -433 486 -1170 -252 -1386 507 148 -72 424 70 870 -286 -683 -128 594 250 -1403 433 -176 390 ]
[-282 -373 -454 340 646 461 377 -56 -801 666 -252 -85 -195 -185 263 -711 -190 -607 -300 183 202 -455 497 -91 346 -439 622 -561 -62 -699 42 425 -366 -152 172 811 -118 -147 -462 238 391 -26 60 -872 870 -796 -96 366 237 -1089 -256 340 510 312 -675 218 297 347 -114 298 -19 692 108 262 473 554 -86 -466 1229 -958 -467 394 463 -213 153 -95 305 -213 -113 -323 572 -581 -267 25 1473 -32 -1129 1152 -89 447 -817 794 -266 682 465 313 -397 168 1114 -215 -143 137 -713 -539 -226 -462 201 365 924 -102 104 648 48 -120 -614 ]
[-215 616 258 365 -743 -2 1351 -274 -88 1171 -412 66 431 -1295 354 -218 -209 -366 31 119 -15 878 289 659 -196 -115 130 -64 150 493 -491 -286 -270 -729 -342 -787 99 -47 867 803 -287 317 -601 311 -165 -340 169 -650 405 -893 105 -580 -20 -374 208 -544 -298 -394 339 211 229 -262 -201 -161 422 -249 -38 -1237 194 606 -325 451 -110 285 -235 331 0 357 -902 882 634 -168 -1021 275 8 283 43 -122 580 -239 564 1045 522 -1168 -632 -988 -181 816 64 60 610 -1329 -305 777 -245 899 -326 -969 288 518 -717 -985 767 106 254 ]
[-323 -245 440 188 -60 -337 262 -1290 -125 809 -513 -371 -86 -872 215 -199 -1087 -149 -589 857 197 274 1018 473 -558 -261 -400 193 -665 -736 -263 -27 -123 -860 -242 91 -102 -579 47 -541 -661 683 -1121 -294 220 -253 -706 -39 -40 257 1185 992 271 554 217 -289 518 218 825 508 46 -1013 -1004 -10 340 -96 78 193 -20 104 -218 -358 937 -642 499 -331 -735 1046 493 -814 -196 -398 -563 732 -858 -165 -575 -156 -539 666 179 353 -583 -979 235 -540 -21 -105 516 -92 -231 -92 -543 -520 -210 561 697 -805 -453 2 253 289 42 -541 -191 ]
[-510 838 -933 171 609 319 372 135 168 396 -697 -338 679 23 839 -855 -609 546 -17 -443 -48 840 278 -414 -662 65 212 -713 -364 75 -904 -370 -1029 -144 538 137 -341 742 608 828 985 -821 97 -622 -8 -338 -158 -275 10 325 1025 533 -11 -921 -573 -509 561 -302 868 -383 -315 7 82 1452 368 -203 -123 -20 1187 -191 316 298 -258 736 131 13 561 248 11 413 457 890 500 -299 767 -671 -120 -239 -84 -327 -469 230 -1369 -55 -418 497 -504 209 1118 191 -151 613 -623 -897 -410 1017 -637 -181 814 -734 -650 -60 -845 834 266 ]
[-217 -574 -203 -433 368 -668 679 -628 -381 528 -474 -98 -765 -1011 692 -161 -392 1066 -1007 -509 642 644 -196 382 1198 1074 -131 157 118 443 -1578 -313 4 -860 538 -287 20 -704 160 -974 -615 305 173 -658 253 825 1517 -558 163 -376 870 245 792 606 -74 92 -315 -256 -55 73 1 390 -85 -394 -393 -466 943 -587 381 -582 573 -173 -306 9 1061 -131 893 -94 -180 694 436 -536 519 546 -902 -356 -685 -799 392 671 420 26 637 -1105 357 137 -456 3 -136 -456 56 -333 -995 449 162 -98 -730 -149 951 -40 148 -380 297 -1023 -127 ]
[-225 225 713 -250 480 413 21 26 -281 -546 -322 54 372 -464 51 186 97 116 1365 -892 326 -951 1037 446 183 94 -669 -147 -474 -779 108 290 114 -16 479 211 -640 -799 -818 389 30 315 403 -30 -19 34 62 640 725 82 744 -187 -740 131 1145 102 -82 306 322 481 717 -379 230 -631 -440 -1357 1233 337 -192 -630 -421 -858 534 -1033 -86 822 741 -439 1140 70 -99 -322 451 -310 -73 -636 -214 372 -642 515 109 -783 602 -1745 -478 110 -1042 201 626 287 -825 356 -826 -552 281 31 460 -1286 201 -216 -54 -208 -149 -16 387 ]
[-260 184 1 472 474 304 -482 149 492 4 -174 -177 -786 -53 -11 -734 615 -285 836 366 1119 -301 374 715 794 389 -194 28 -200 628 118 -677 201 -182 -208 -345 -374 -316 -695 262 -409 1195 -269 -95 894 -89 1111 4 -463 -377 -59 481 706 1500 -152 -404 -401 -66 -649 376 -651 -481 1160 -981 827 -220 1153 -1015 273 -656 -4 211 -171 -363 -430 627 -255 -3 -152 -735 791 948 -611 402 -273 -326 204 57 -241 420 -210 263 279 -498 -362 57 -359 -443 -387 -268 -568 -1024 279 -183 -983 691 117 -570 -9 102 -720 -92 22 384 -88 ]
[572 926 780 179 -588 211 9 -641 -736 61 -71 -982 -699 196 565 -240 89 -321 -1046 630 1418 330 -198 -234 1187 -641 217 647 -270 411 1121 -42 524 -495 100 -204 173 -353 449 -729 -452 334 -231 700 392 -521 241 -185 625 315 -194 160 94 590 615 -346 -453 874 650 769 -297 27 -38 311 1161 468 -483 -660 85 -594 236 -664 228 -69 -422 -371 -331 219 1242 -681 -161 33 -221 166 664 -526 -511 -777 941 395 677 621 241 485 -284 -504 128 -173 895 182 960 -419 -1028 780 -77 -465 -357 -49 -764 300 215 -254 288 24 132 ]
[192 322 -202 65 -525 530 -98 -604 136 440 -8 256 154 -292 -754 -102 -651 -203 45 -365 -914 633 189 -4 290 -415 -296 270 448 223 -254 89 -349 -501 -416 -97 128 47 1044 -394 -616 639 -585 315 174 342 -790 19 842 1135 173 623 58 82 -39 933 75 831 263 1229 223 -31 -295 772 946 -483 -170 454 368 -617 123 -390 272 243 259 827 -471 -658 507 -192 -226 143 -261 -421 981 100 -375 -533 582 -179 203 -360 121 -363 -1096 -291 -496 283 600 -574 553 -36 -266 -812 255 920 510 -448 -1067 -1399 -307 -216 -440 612 99 ]
[-680 717 -586 342 5 -214 -21 -288 241 965 -888 406 132 -822 -689 393 -618 -55 680 -50 363 432 188 693 373 -812 -430 -1407 367 1172 505 -55 -578 -410 -583 -160 -43 165 -533 531 -14 216 -142 239 138 361 -448 719 -482 42 -300 416 -771 -181 -889 -677 -48 -16 -1310 5 8 -257 1189 530 -265 -9 816 -457 652 -473 292 853 87 863 195 606 -73 1073 114 1149 468 -139 362 -80 -333 -132 650 162 13 520 -509 -306 650 390 -1295 219 -990 1152 -21 -215 136 -388 -352 99 -267 450 300 37 218 -473 236 -192 -515 310 -520 ]
[195 994 308 36 -83 142 237 4 458 102 -411 -24 55 237 -731 -121 -67 143 808 -24 -154 39 271 120 227 979 591 733 490 965 -917 523 -420 8 -89 -160 672 -563 18 491 -288 -1296 -291 -547 -424 -96 286 63 -286 -37 -489 -275 513 546 -377 561 -1053 -879 -17 154 127 142 330 -255 40 168 155 -961 829 -1148 192 88 -85 1059 -206 415 641 -851 -501 -19 171 1559 726 302 745 106 -694 237 32 -138 -25 -244 -734 728 568 -509 232 -24 -110 -113 341 -410 -33 444 25 -38 -664 912 -405 -224 236 539 401 287 1 ]
[-787 -532 -598 172 -190 -662 -42 -94 634 408 -1405 734 -259 -542 -943 -173 607 217 661 327 5 571 -662 -18 -140 -597 539 -102 566 488 377 -115 -412 279 1037 333 499 1338 -1142 450 -111 -393 -197 132 75 -233 777 -222 -180 775 -1206 111 -219 367 -1689 -189 450 349 -1160 895 28 -298 664 250 27 328 531 -347 -474 -144 643 1082 138 616 467 758 -371 -565 -286 727 38 -1001 -171 647 183 706 -124 162 315 -659 -937 -800 578 910 551 -77 -1037 -359 119 462 -147 659 -38 -414 15 -154 819 409 486 -1411 -75 1033 -209 688 57 ]
[-488 -320 -214 884 53 -728 -360 -935 317 372 -225 366 426 -161 -141 -120 -770 295 421 -924 -350 108 179 906 168 252 -184 -862 -1468 -251 -476 -265 -459 -335 501 -1398 -1130 824 -740 -79 -610 1212 1059 -249 -524 -149 73 -362 -486 933 167 386 -27 264 -201 -878 1419 -110 -86 -675 -115 -93 123 20 -239 -848 174 689 -392 -515 452 396 -397 269 0 391 -237 388 -473 112 698 -85 54 -373 -1095 -590 1031 -1027 -433 -485 -412 -639 802 -1245 -287 988 226 0 35 -175 -350 262 183 -1364 -628 651 436 -632 -103 -1024 -447 -429 -1450 74 -210 ]
[-274 -886 878 -323 527 242 142 -631 8 -282 668 353 -473 -228 167 120 1095 215 102 -250 -309 137 -226 551 -188 -261 -1265 414 627 -394 -44 -628 -496 651 1236 40 -3 295 -568 180 -662 59 -601 -284 -435 143 -519 385 355 958 477 -47 -163 253 719 907 -445 1411 -264 -207 504 983 292 -499 -960 230 -792 636 288 -196 491 -727 -695 244 -274 -331 -251 -151 898 -472 -152 -12 490 -657 -295 -311 -488 323 278 -127 428 -356 174 58 131 419 149 -23 104 727 462 -68 -161 206 707 -15 478 -677 -77 -204 -645 -132 -383 -109 -367 ]
[571 306 599 -128 -289 455 431 59 -165 156 -398 443 -806 54 0 64 -252 -182 245 -1113 656 811 -292 -424 -138 -256 416 346 396 700 -246 -554 -4 -41 522 -42 674 1005 114 599 375 472 923 234 304 -774 227 -443 765 -386 -338 -112 -37 -1515 -147 -502 -298 49 -344 -673 -512 -758 208 653 572 -87 -378 -453 118 226 657 -764 -815 703 187 327 225 406 774 63 -1000 287 738 71 621 60 221 127 8 -617 473 362 481 960 53 191 -81 112 -323 -641 255 205 22 -339 -404 -26 -180 -420 213 265 -896 -1066 248 -482 -91 ]
[-217 730 743 -566 -1025 596 244 -551 659 -210 -350 -290 -136 568 1123 -318 254 523 -348 -1441 600 29 -45 431 -324 48 1455 -114 -763 -294 473 -56 323 -220 596 -143 -140 1168 1078 -153 623 -1022 568 574 396 -880 138 563 -331 327 -220 -714 -933 -752 -464 -769 28 -134 -310 -1180 124 186 267 222 26 936 -52 -558 187 398 799 -705 -657 -109 247 -397 13 -220 36 -161 -251 78 538 74 -87 -535 129 -8 226 -226 -273 -2 276 1668 -232 1238 681 -708 -117 421 156 340 -126 -297 -821 -82 -675 -151 -122 -100 -370 35 431 145 423 ]
[-434 -190 -346 713 -732 -511 31 -234 574 -351 -505 -557 442 829 250 235 -46 -259 -972 933 192 -1337 728 52 236 -240 1447 -212 156 -687 796 -678 659 246 -14 425 594 -957 -70 345 469 -424 822 429 -487 -465 587 870 703 -826 260 226 102 -233 -63 -217 -339 -829 294 -473 -315 -721 -273 -684 534 -417 32 -546 431 -997 228 45 -427 171 -310 -510 -79 -292 121 131 -545 85 -642 1091 -71 -10 187 884 91 74 -598 424 -453 -3 715 -254 -33 18 6 -110 -94 556 -138 -705 317 -998 -110 8 813 623 846 -1170 331 286 730 ]
[801 -44 -116 17 -12 -345 859 417 -580 153 24 173 396 363 221 146 -98 275 85 186 -526 481 -404 392 -140 721 217 235 -64 -550 -300 -260 -325 37 410 996 -93 -1497 1016 -383 -330 -200 454 213 -665 890 -590 -468 -986 -153 821 -1517 -87 26 -457 1836 -928 -209 -89 -302 449 1263 19 -855 -644 256 308 -43 204 44 -215 -262 -621 -539 96 391 -156 -476 157 -163 -223 52 513 -145 -560 -28 -888 536 -606 694 174 169 153 -415 759 27 385 599 -312 731 -30 -911 169 271 1370 -473 -163 1003 120 654 110 296 427 38 -317 ]
[-131 973 -144 83 -596 -27 -849 -281 -150 959 18 287 42 -720 -524 -272 -741 -121 -937 450 459 178 15 548 57 -280 -169 213 498 502 542 172 651 -488 -180 301 276 925 22 542 -977 711 60 -82 1016 493 -381 233 -191 431 392 -76 219 35 -94 -667 80 -265 -569 341 142 619 -318 -307 358 22 -193 -1001 -216 122 96 374 863 279 90 14 -626 -841 -367 146 289 -576 -239 421 -433 -937 52 -770 399 71 402 203 301 -531 -216 -256 -803 1082 594 520 810 -1388 -886 -463 388 206 60 80 371 -128 -400 734 165 593 -310 ]
[-1055 -218 -1040 237 446 265 -650 -448 109 116 -272 -444 760 -859 -362 305 -206 740 188 -633 -1146 111 -258 -267 -318 -99 -137 -329 261 -374 28 409 -604 -996 -627 -31 -494 313 -233 422 -88 260 -259 -1065 732 415 401 1024 -472 500 -341 1253 267 146 -1138 -666 225 -571 -131 -44 -106 -168 71 42 -27 -493 1432 1117 1055 -907 -58 1207 630 79 285 702 207 -309 -1203 371 -84 13 -341 -84 -868 -488 -341 1313 -425 -360 -1340 -65 44 122 -301 961 -337 -8 192 347 124 577 633 -691 -410 665 541 241 309 -1098 -521 438 -220 917 -293 ]
[714 1507 1331 -163 -83 90 -931 -51 920 -198 242 -692 406 -145 -901 -68 480 706 315 873 76 -540 92 -489 102 97 553 254 731 305 -148 1159 -282 313 401 -98 834 -53 -862 638 536 -637 -200 330 -320 601 -435 12 -417 -789 -516 448 -451 -858 219 -385 -178 -189 263 259 277 -774 60 957 -252 163 -329 -44 80 117 -558 -201 726 234 -462 313 -99 120 -778 -819 -517 -297 -306 11 -157 471 -660 -100 -177 368 1110 -142 -602 386 56 -840 253 210 246 1162 -425 -388 -482 547 -191 -289 -653 492 -23 236 293 1446 -481 335 298 ]
]
