[[-115 296 -4 -405 -162 160 83 317 -564 -89 -402 454 -777 -289 -263 369 131 113 -88 1217 358 -158 680 23 338 591 -694 -789 -264 -566 186 116 348 244 503 -101 -97 -711 414 -19 -557 9 -419 21 -152 264 -638 -164 897 -146 365 -338 512 -627 -915 293 -157 31 -419 -290 379 -590 167 327 -11 263 -269 -308 -125 -145 296 -351 217 415 1 463 199 590 -328 102 -609 170 253 -391 15 471 -3 -577 -75 199 238 341 541 105 -118 268 585 624 524 349 499 395 67 62 -836 542 -285 618 613 76 -127 173 1085 -771 22 ]
[717 -514 -276 492 -296 -158 249 184 176 -37 103 -677 20 232 489 -401 403 12 -29 -602 -1014 663 -44 42 -545 -406 207 450 231 167 -514 -233 -405 355 882 -60 211 -216 12 627 11 -390 -1125 -314 -220 473 -142 87 -316 -150 153 -127 -177 759 775 -284 468 -22 288 187 -287 488 486 -25 -551 -102 693 746 111 -74 62 -655 -127 -276 -118 -92 92 -864 217 48 310 -788 -490 -873 214 -397 -329 468 -54 531 -493 751 -624 -184 -20 -153 -1111 -343 -706 347 83 302 80 -87 158 -494 920 -19 -894 181 -503 -305 -508 -122 159 ]
[191 -3 540 -165 359 421 85 510 158 174 240 -1063 -37 -431 -645 322 63 -517 -27 492 -69 53 278 590 726 150 225 299 700 -487 -261 -113 -366 61 485 -324 472 -266 440 -261 -731 -268 -857 21 -836 283 -1400 112 367 -203 101 -315 -193 118 113 202 767 48 -311 -316 521 419 248 323 54 13 523 -213 -669 -615 228 -616 -116 -284 -549 759 524 -20 178 43 -520 -202 -477 -609 -442 552 -1182 -328 -372 487 276 1167 10 134 -392 -321 701 -127 -129 160 -169 -16 486 -115 -878 263 -164 58 -422 -557 -679 -615 -115 -142 -18 ]
[-192 -41 565 347 -315 67 -79 311 477 75 44 -601 -389 -576 427 443 218 -252 -216 310 112 -611 112 113 -410 254 -120 548 -597 -498 570 198 -398 -271 88 -22 -632 -88 -566 -415 -473 -98 81 -105 -299 -33 -1115 -809 745 -466 28 160 172 334 -245 22 237 -45 -506 -123 1086 -133 97 -123 -86 95 148 -571 -255 -455 301 -517 237 639 383 490 98 631 -281 6 74 127 -474 -121 -473 731 -716 -534 264 929 730 -193 -250 118 -177 -579 784 155 301 566 410 338 364 -99 -292 548 228 -667 525 -499 -465 45 -989 -235 518 ]
[-57 87 480 514 -57 -668 70 -612 -321 135 0 375 -170 -27 829 -127 683 -72 -575 -1279 8 -624 -451 -181 -702 -408 -217 792 -759 8 -378 37 577 222 152 -359 -69 -284 -358 506 65 642 -254 -329 0 -494 452 -509 -87 89 -34 338 -286 844 24 -196 437 -82 -1 901 -110 490 -422 -792 -104 -645 250 300 -104 402 405 -184 -3 341 289 -364 -170 -527 -620 -353 -345 -350 239 375 -570 -281 306 -177 468 -339 -95 -14 -525 -368 -375 97 -736 149 -202 397 193 205 5 -637 721 139 343 250 403 -314 -148 594 -1438 -156 58 ]
[21 -1185 172 516 -467 842 511 46 162 730 96 -620 86 -411 -446 -33 -673 -243 -555 -84 138 74 226 -376 -566 -78 497 277 239 -232 -10 139 -410 -657 497 235 -281 -99 -928 646 452 26 -170 -721 -398 -189 -266 98 792 97 -784 195 558 -2 320 -278 522 35 -517 431 729 180 95 -318 -361 254 165 50 -198 -329 -264 -328 527 351 509 665 475 -78 232 -205 -151 -748 -741 -34 -230 28 -727 -169 121 841 593 83 -357 -54 -44 49 -129 261 -28 312 -539 -491 -106 -619 -288 -2 -39 -451 -803 -229 -208 -757 -75 172 727 ]
[199 300 535 -84 643 -69 -276 -222 434 308 524 -432 -166 -71 395 638 352 -454 -558 -713 939 -686 -714 -488 219 -690 378 414 -756 579 -230 -330 595 -388 -994 -794 571 449 310 -513 -873 -1 20 -129 -10 -122 -97 -530 -803 -38 -74 447 -704 54 -49 77 713 -516 -207 263 -314 -354 -78 -292 341 -558 -960 -355 -515 -882 -186 135 -509 -835 -462 139 -456 -385 -378 455 -307 477 -176 192 -634 -112 241 74 -148 -615 504 437 -81 318 -293 -747 -24 -771 -64 115 40 225 -124 -136 623 24 506 -600 183 -169 -118 -61 -1380 335 -455 ]
[84 -527 -135 -238 -957 -50 126 -2 -21 14 -1092 379 -383 -66 554 -411 -179 98 -713 872 -70 27 769 -720 47 307 314 -971 -643 126 -58 103 710 199 -51 995 -540 -557 -812 372 -433 -275 -102 -103 -254 1037 294 -230 211 115 -433 321 578 -494 -433 575 219 46 -171 373 -331 -994 -238 127 -146 301 -577 -470 -180 -10 -557 149 844 1176 -367 -424 -7 238 -420 291 144 -203 -339 -365 -295 -107 928 -16 103 -140 963 -267 788 238 188 872 381 529 294 259 -164 811 -3 292 -569 755 311 -5 306 -1 -94 -349 769 -406 557 ]
[180 -167 -436 77 -989 -327 -340 -208 -96 207 -404 74 104 172 1060 -630 -147 631 380 -9 -660 395 -339 -11 219 -536 -21 374 -547 920 -52 -452 -339 302 -63 746 -210 -392 -290 409 -38 -714 -186 368 74 481 595 88 -123 142 5 -107 -234 -207 508 267 44 -627 191 21 -921 -91 -304 57 -617 280 -231 362 35 333 -20 648 -12 43 -294 -1302 122 -1306 -898 -262 450 102 628 -774 612 -37 961 809 -45 -311 -596 -277 -289 175 467 -198 -422 -874 -878 -476 -480 692 294 692 609 71 596 -560 -183 481 -439 -493 -242 -344 -27 ]
[-988 551 225 3 -618 -480 -111 -218 -462 -831 606 572 389 67 -66 546 150 255 395 -671 452 -796 -693 211 -428 -262 -1499 567 -709 445 906 -503 -392 -270 -516 53 -680 -13 192 277 95 791 1388 49 758 -965 429 -189 249 -496 742 123 -125 189 -319 -411 222 -537 1010 -101 107 -324 -753 -658 -258 -864 123 167 231 816 712 214 13 -40 230 -451 -1027 -278 -765 56 -778 304 1072 151 218 284 519 238 547 -1044 -275 -760 -1062 -416 -306 -580 223 -215 121 -100 278 676 460 -190 475 213 344 -81 489 -20 -65 566 -715 -533 -327 ]
[120 -923 -141 -572 85 -13 -40 -395 -243 27 35 329 716 -9 -1019 37 -462 -195 -391 -216 575 111 824 -26 188 -243 101 -289 -289 920 286 -575 629 -89 -296 881 454 -209 -936 -449 -275 169 823 -716 298 175 617 346 221 -24 -402 343 17 58 269 157 712 -762 198 299 -683 -750 -1438 -260 303 -824 -746 -123 -206 18 -687 332 654 -61 -689 151 73 -214 -682 425 -537 -219 572 762 -641 -542 -140 327 -206 -750 829 -136 -121 315 5 233 294 -283 561 -359 -264 148 -419 155 -508 387 -180 -269 -1356 -76 29 -538 -18 268 69 ]
[573 -299 -644 465 -395 486 341 -304 187 892 372 -436 -144 5 51 -650 -646 327 -28 -388 536 282 -254 337 -970 -652 121 296 258 841 -165 -630 -636 -664 463 -286 611 393 -384 -524 646 -366 155 -498 416 -733 -367 -264 453 -73 -427 111 638 -48 52 -228 -420 -72 -65 -177 116 601 -160 -556 77 -252 68 -248 638 -292 7 112 -15 -318 729 -390 295 -1142 -771 -402 463 -297 315 -291 634 -137 -698 439 -31 450 320 -60 -1537 -427 89 -795 -349 -863 -257 566 198 -375 -498 -190 -311 -1029 -302 -1279 -892 793 399 -413 -705 -137 382 ]
[218 -272 -264 91 -96 1276 168 60 1034 336 -46 -1080 -47 204 -704 -478 -711 -851 -568 488 170 -375 210 165 -497 -257 867 45 102 -47 -26 -419 -375 -1366 -1026 -85 18 101 -58 -2 336 -241 644 -305 -441 318 -227 212 220 -256 -153 -126 679 -84 -93 448 537 689 -700 -176 808 -163 -41 11 272 -486 704 -851 -390 24 -842 242 353 569 -182 519 -58 409 -19 311 783 66 -1216 -436 -137 33 -461 23 656 176 1525 -24 -98 -50 -523 20 818 -43 -165 1034 200 -264 458 -542 -777 -165 453 -692 -222 -208 2 77 -466 -16 -194 ]
[-105 -722 -740 506 -616 756 290 -151 754 -436 -87 -888 195 585 -429 -93 -186 -192 -75 -191 -1085 -92 -96 548 -834 -249 -203 -135 409 149 406 -156 -920 90 645 -141 2 252 -349 6 240 218 301 -17 125 16 365 336 549 306 455 -987 194 -297 41 -391 -396 -455 415 506 592 -519 831 146 -223 -96 64 578 -588 -201 -254 -234 -258 2 390 835 -99 -68 623 244 855 -153 -270 -433 -221 -600 -842 -189 -43 814 322 48 -339 -38 -271 -430 -615 441 195 161 483 -564 384 301 466 -234 785 -163 -962 109 -339 22 405 114 -198 ]
[100 -609 238 667 100 -37 366 182 673 259 29 -1097 372 176 251 525 -392 237 -148 36 5 -522 -68 -750 667 -403 1358 610 913 127 -85 -42 -168 -54 84 343 295 764 -773 36 504 -36 639 712 -145 -364 -876 4 -387 723 -828 28 -375 -295 909 61 355 -128 672 550 524 17 1024 88 -7 973 -640 281 -348 -1401 33 -198 147 521 -246 -175 520 331 439 -202 611 735 -873 538 -632 -54 -807 337 -567 659 707 -383 269 361 228 -259 -380 -427 -377 -359 -1026 -683 -408 451 84 -230 188 -812 67 -381 -492 -1372 -491 835 294 ]
[-522 -66 -571 225 -236 1120 83 0 634 -63 240 -642 720 -540 -192 276 119 -240 -19 -44 693 -150 -290 291 -718 349 295 -621 -563 87 317 -204 -457 -1403 -718 -451 -489 656 -111 -201 -253 -220 194 -188 215 -29 436 -52 345 -272 599 279 505 -436 -6 -258 249 -217 -226 154 644 502 716 -100 -169 -505 -297 -227 118 -731 -408 -277 545 -563 661 439 -316 -2 629 434 -427 -261 -33 -544 -290 71 -17 -482 558 -146 594 493 -871 176 -433 -251 -282 195 -115 899 264 -133 463 -193 652 -444 519 -258 -332 -235 504 326 10 -260 173 ]
[376 -90 -94 120 -409 1277 361 -127 571 -10 -869 -330 -439 -732 647 -361 388 -78 -883 660 -302 125 67 -643 -859 994 963 -509 -521 -321 -474 -145 287 355 -158 -123 -480 27 -451 1006 -275 -764 -596 -254 -923 807 -189 -201 358 667 -129 -586 515 -802 -58 368 -21 1057 -1049 869 85 281 -97 -524 -57 367 -71 132 -48 -100 -156 -459 223 1127 564 120 117 -125 -597 -297 92 -433 -422 -931 -702 -1 609 -687 408 567 820 2 -33 96 93 557 -325 959 120 700 -402 -4 284 -95 -57 422 503 95 532 47 -52 454 566 -1362 250 ]
[666 -300 563 -382 857 123 -753 170 125 919 398 -560 138 -283 381 -189 62 -789 -181 102 334 62 -925 -839 526 630 329 824 46 208 298 441 92 -314 -193 -175 -124 311 -526 -46 -477 -500 332 147 -115 157 -797 -227 -936 238 -568 -132 -626 470 189 35 -56 -171 -789 -287 47 -447 -689 -392 247 801 -771 -479 -328 -274 -439 252 -1253 539 164 -297 528 11 217 -637 54 672 -256 225 -158 605 46 -193 255 175 -368 -565 178 548 413 -1071 183 -953 -204 -684 -559 178 -385 115 482 355 532 -1324 745 -350 -627 -419 -1052 351 -107 ]
[979 -281 -250 362 -351 -227 144 430 52 578 306 -500 322 -52 1233 -692 403 37 122 212 90 495 423 -679 -473 178 -102 167 132 833 122 -165 -207 -815 190 583 -132 288 -711 104 24 -697 -602 608 533 82 -69 -175 -886 -38 -510 814 150 554 220 395 272 -653 135 -564 -104 405 742 -156 -604 645 -445 54 670 -1298 -81 -586 213 822 525 -1625 162 -118 378 -394 60 -759 -640 -203 789 489 -66 577 -111 768 4 340 -898 -36 196 -514 -303 -584 -773 659 270 795 -549 -646 204 -1282 424 -1033 -446 335 497 -1173 -613 -63 877 ]
[-72 -581 10 127 -142 55 443 54 -70 -86 865 629 802 -89 -738 308 -514 314 525 -326 164 376 103 -380 -563 -14 -998 -74 128 972 271 10 -928 567 187 615 -399 -200 -669 596 763 -108 220 -350 256 12 980 573 579 -24 -36 -56 -216 -600 449 -468 -420 -655 176 -537 -819 431 -1063 222 -605 -575 1016 1226 633 614 414 130 183 -130 1263 -243 -594 -885 -204 -405 -637 -1793 858 704 927 -291 406 862 -862 50 -1113 -772 -795 -425 745 -23 188 -4 786 -399 -793 -443 -545 -440 173 -99 -962 164 -1377 841 791 -27 963 51 262 ]
[-292 21 6 -388 275 275 -283 503 546 -700 610 -564 503 232 -445 1776 -420 427 508 330 521 54 93 -373 306 -553 -420 518 -508 507 329 -234 -1062 196 -638 -328 328 517 48 314 -343 -1041 674 -93 194 -419 -268 395 280 59 266 -541 -975 -1049 777 31 383 -435 202 -230 -361 -625 35 -156 -419 77 -235 491 79 -512 199 808 -864 -1645 -342 511 -955 -276 -191 450 242 436 547 768 251 127 -482 702 -665 285 -921 90 69 9 1160 -961 -26 -286 845 -1025 -396 -315 -348 291 -232 192 -204 -464 -690 215 -41 -729 -102 622 -655 ]
[42 -859 -360 48 734 -405 -260 -45 -767 618 495 1458 56 374 -444 5 -291 -296 -425 -437 692 -258 108 -771 624 133 -398 -301 129 -779 136 1000 1133 -163 230 -172 13 -157 289 -32 507 898 253 -473 276 159 444 -170 206 -377 -670 -194 340 203 -411 -676 -600 -389 -223 435 -344 -687 -214 130 -209 -200 -384 288 -152 -177 -449 -382 297 15 -265 601 413 956 -27 -425 -737 261 719 1267 -19 -645 284 -250 -34 -401 -354 -285 827 529 -485 955 -491 -439 235 -410 -30 -28 -556 292 256 669 350 490 673 -119 -374 268 713 197 515 ]
[19 83 271 -97 580 201 -418 531 776 -316 966 -623 -11 16 -63 563 20 -31 351 783 548 -52 204 626 24 257 206 342 13 100 257 174 -1137 -701 -1106 -820 -404 925 622 -815 -671 -1392 -591 -34 -564 -183 -627 -643 81 -1009 220 -28 -301 -344 -113 -57 340 -393 -135 -875 22 862 1190 383 -408 -402 391 -65 -61 -951 171 109 -65 -2091 -14 -56 -871 564 -176 298 152 13 -587 8 800 287 -83 433 57 887 -509 458 -431 264 297 -914 214 -542 299 548 722 616 134 -98 -192 -122 -67 -150 104 564 242 138 -288 -196 320 ]
[128 -667 400 68 -723 -163 25 27 -1369 687 62 519 -447 -174 -32 564 -153 50 415 362 912 -606 6 -704 113 -393 -405 277 -1823 347 767 -352 863 -1288 186 584 -276 -1010 -98 927 206 373 492 -523 1169 -856 763 97 674 359 89 356 259 399 522 353 656 -568 -1172 -76 -171 -601 -459 125 273 -114 -757 -450 -15 13 13 46 300 583 -70 198 647 143 -54 545 -582 645 -29 577 -247 340 105 342 883 -303 172 -364 130 544 266 -60 -755 -607 -950 43 214 137 -408 -665 446 148 1056 -133 434 -5 -679 128 -1098 496 -562 ]
[-209 449 -220 -730 -291 110 -460 -468 -477 253 -336 329 292 -349 178 -629 463 315 -516 498 124 368 -107 276 887 900 128 -623 -462 -117 -413 89 472 102 2 -154 266 309 539 -167 -456 -631 27 -190 130 -252 554 -160 -277 386 -537 -476 454 -153 -396 1150 -359 43 -225 100 -381 159 141 -219 390 196 -614 -803 -384 -243 39 -196 -53 -408 -35 -1167 105 14 -938 -1056 -596 -51 1082 502 -305 355 138 -1065 108 -573 -258 1049 82 44 543 452 374 72 -482 -435 437 311 682 -18 242 546 -580 163 879 -170 408 144 579 -535 604 ]
[49 670 395 -347 320 358 -231 219 -112 155 465 -4 48 -460 477 750 122 -47 537 685 287 -408 -311 -557 1446 718 190 198 -500 -172 587 -248 -524 34 -1082 723 -123 143 1078 336 -74 -325 504 960 447 368 -179 65 -658 416 44 -885 -612 -496 1032 1072 -297 144 -237 -878 -324 95 393 339 134 768 -109 51 -251 -503 36 -518 122 630 -107 -329 268 403 -132 -335 -628 790 -443 549 45 672 527 -209 -443 -363 -219 -280 810 662 241 -161 933 -690 -1112 -735 -498 40 117 39 872 434 -597 -454 729 89 -866 -95 236 -3 303 ]
[-274 133 -245 290 -350 -488 -206 -111 1034 -135 -230 173 -42 525 267 -124 -262 782 102 -876 -296 411 -139 -968 1113 -786 474 -323 87 -190 -48 555 -166 389 -626 454 -67 311 417 -343 597 -385 75 5 -151 288 475 405 -1184 -276 -884 922 -72 -146 396 129 -201 183 342 29 -953 -817 257 87 120 725 -836 -326 392 124 124 509 158 -561 -545 177 -363 -67 -175 241 658 649 145 -225 22 249 383 57 -505 -215 58 82 632 959 598 454 666 -44 -532 -708 -572 -219 328 741 1002 405 -133 -285 259 -308 560 -456 386 660 435 ]
[147 -827 -266 -185 -519 -575 -659 -279 -521 254 -92 939 915 -251 64 -1798 -226 -74 670 -402 -51 494 -111 1246 -362 154 1077 -369 -301 171 534 158 566 -868 -303 1077 -675 383 -1028 -800 279 43 -51 201 -26 428 755 69 227 -214 -327 922 665 1024 149 -446 -364 -477 -391 -234 233 783 -832 427 227 -326 -291 -421 218 909 -815 481 745 -114 120 -466 589 -245 89 227 218 -412 459 107 -307 -492 421 455 355 -1202 302 -585 198 167 -82 761 -114 -8 -164 -306 -617 -56 333 677 -54 -45 -88 11 -722 84 212 -91 -93 420 -177 ]
[-79 -20 -488 -131 -899 -92 -42 68 475 -544 7 -327 281 520 -516 -233 -389 116 -125 -385 605 -1014 395 1132 737 -873 108 -668 -458 -181 264 -906 381 -733 -184 605 848 104 651 -1025 -138 25 206 917 367 -532 -371 -131 813 -52 79 -246 697 -118 -144 949 597 -55 14 -139 -273 114 221 234 303 -1020 -175 -829 -559 -646 566 -343 686 -26 -1784 500 599 -294 -1027 534 -760 718 748 -592 -772 -273 -844 -86 -670 -765 1593 1135 -124 406 -1000 513 1014 -269 -858 684 606 717 549 743 -636 484 763 315 -282 128 -388 -391 -562 -616 172 ]
[-128 -921 975 -263 38 -313 426 98 -56 -730 162 -1453 180 86 -496 817 9 -49 -7 856 -894 624 491 950 -210 197 527 273 681 247 197 -96 -924 449 615 468 -377 625 -629 -385 -674 472 359 -778 -211 -30 -928 299 -55 304 152 -91 -1064 147 639 -210 256 -95 1086 426 160 -123 170 493 692 -256 718 378 67 38 -429 -258 -135 -332 -168 697 1 -109 1055 935 765 -646 -922 79 -863 -158 -672 764 133 1282 57 -401 -201 114 321 -455 -852 -375 881 -583 -345 -434 -529 658 -598 -38 507 -331 -682 -387 -852 -577 -88 685 251 ]
[94 538 -231 -686 406 260 -476 -564 -95 884 205 117 25 175 93 -869 -422 698 241 313 421 351 968 -98 165 -380 536 628 603 227 -858 209 -457 -788 -536 -147 464 252 134 -278 898 -882 -192 -424 -288 -489 66 611 -183 -243 -1065 165 112 -407 404 435 -313 10 -72 -108 -70 533 476 -461 70 574 -1 -194 548 84 -642 361 -12 -600 469 -480 26 -350 -1004 -935 -86 -147 741 439 568 174 -128 507 330 462 -439 320 -139 25 989 41 -291 -446 62 -141 -806 -531 -536 -265 -555 -81 -858 -68 -255 -126 921 -652 727 144 327 ]
[-418 324 307 530 -96 482 244 -684 1021 605 -34 -625 -903 334 -1301 -182 -913 196 -404 879 428 -1369 284 -233 769 -461 16 -252 791 -456 71 248 -687 -322 -733 1 738 -100 619 -699 568 -286 540 683 -564 -509 -398 1 772 -105 -323 -440 226 -1196 -565 1114 -444 56 177 -458 423 -27 569 448 -66 -49 176 -582 -1223 -940 1032 227 357 629 -308 588 84 416 -1046 -306 -219 1029 -198 19 338 -331 -425 -446 -519 303 707 -298 516 -3 -231 -308 1480 -28 329 888 -3 -332 1 -4 -575 647 -918 -23 391 477 -265 133 -104 -31 76 ]
[14 331 421 146 816 45 56 275 12 -409 -164 470 58 -291 563 847 371 -746 697 216 119 -714 -584 -198 805 742 -585 -206 392 542 -310 500 521 1693 534 -981 248 52 427 -582 -1172 530 52 411 49 -67 -289 -475 -16 746 455 -609 -689 -735 -380 -775 -651 -696 -72 305 -648 376 -81 560 445 -434 90 -183 -771 -509 286 289 -646 -115 97 391 104 957 969 183 571 727 412 877 -601 378 201 -473 -608 207 -420 -81 170 750 -150 -468 330 -27 805 -857 -569 -281 -235 213 630 233 -377 575 621 -560 215 189 376 601 -927 ]
[451 -952 -395 -573 366 561 -20 -103 290 -973 -162 -276 299 351 -634 914 -494 248 -341 -11 427 -335 516 -73 -380 -504 1307 -557 -89 119 -252 -695 12 -222 -679 714 -152 497 -750 377 684 -363 57 588 -105 254 -105 326 -494 987 -27 -309 -262 -1147 810 -62 461 196 -46 461 -118 -749 455 178 329 171 -791 787 265 26 -724 58 -262 -356 -449 803 84 -386 259 1266 157 226 -1198 -260 -449 -1036 352 576 147 -307 800 -385 781 149 -26 327 -887 577 330 131 -695 -556 -435 912 -157 62 440 196 -1294 358 120 -67 1397 143 -244 ]
[-160 -357 -17 -83 542 278 -510 1014 704 205 -79 -585 1321 -63 547 343 -293 -1261 -232 -441 -712 852 6 -427 -64 344 555 390 646 -289 82 285 -269 -1108 -1012 100 195 421 -36 140 -137 236 598 22 -86 233 -80 573 -655 -297 -647 222 -747 767 80 -277 243 231 95 167 344 -30 -443 -196 -245 321 299 -53 69 -89 -1425 571 -653 -46 -532 159 -449 1027 1675 80 399 -481 -624 219 233 363 245 30 -418 237 170 640 613 73 -338 90 636 -347 -96 -1055 -417 66 -319 -709 393 -40 569 -901 -194 -733 -41 -930 -431 949 220 ]
[113 562 460 -516 -203 54 -394 843 319 142 -232 478 -707 -51 797 -95 147 -323 524 575 590 -261 -375 -1563 258 377 -237 -356 -159 227 337 580 200 -55 -298 -741 -121 167 449 -21 -477 -1226 -419 262 -192 774 -413 -814 -305 -275 118 -242 -80 -127 -583 83 -897 564 -1413 -1186 -219 -1069 357 499 710 669 -592 -694 408 -121 89 -80 -1358 -426 416 196 -602 521 -190 222 61 -126 66 -251 504 607 422 298 -703 400 519 124 973 233 757 -29 1249 -356 298 -240 256 288 574 -342 -188 587 630 -726 1665 254 -127 482 490 -96 -654 ]
[-345 -369 -680 351 -1102 71 250 122 240 -191 -898 487 -180 797 1101 -1079 0 546 507 -90 -371 654 246 -171 280 -923 -299 -808 386 362 -358 208 316 1039 901 275 -83 -543 -330 -51 269 200 -1168 621 -189 1310 487 137 254 -36 -425 44 779 -432 -791 -615 -386 -270 567 295 -342 -256 1068 1147 -541 415 524 574 152 -14 -512 221 417 -185 -46 200 -38 -556 226 -101 940 -453 352 -825 451 120 923 590 -1161 178 174 4 260 390 56 822 489 335 198 -408 -431 270 685 1053 122 -200 243 699 -221 205 -66 -1031 1474 -200 111 ]
[-818 300 27 -50 47 -600 -140 743 196 -693 394 210 -74 564 421 1285 -349 469 52 -877 120 232 -1019 -675 -61 -652 -367 294 473 231 381 -310 170 59 273 -348 46 256 499 -127 739 842 986 172 931 -303 -441 -11 -417 -78 -407 527 -140 201 -443 -1754 -140 219 1041 -190 314 -335 284 149 -26 327 -302 173 615 -250 -249 139 -345 -636 -398 969 -623 719 842 346 120 886 -271 391 732 348 791 186 -977 -525 -269 -451 308 165 -160 -447 421 -518 248 -768 -525 -57 -493 2 697 -383 650 -240 748 463 404 -509 57 479 -294 ]
[776 241 -235 217 476 677 281 -8 393 510 -316 -437 181 229 -245 -1119 -604 -4 587 1279 104 690 -152 -904 726 237 1374 -177 678 1608 -744 -453 367 -130 -1194 66 759 324 89 -64 -191 -1443 422 338 -635 574 715 628 -653 580 -515 216 -349 -600 1038 850 584 457 -389 -337 -1370 956 -177 383 596 -556 382 -76 226 -1344 -161 757 793 282 -563 -944 772 -177 -79 -151 942 448 -343 433 217 346 287 518 -617 -262 443 -312 -213 750 347 58 371 -1020 -928 535 -730 -480 -203 -338 -145 -1086 266 -634 127 642 792 -56 -93 307 -716 ]
[236 880 -495 -986 137 227 -480 372 403 -437 -105 25 398 228 425 -32 336 310 -120 -469 -478 -89 -86 1029 145 -384 -142 803 332 -57 -534 -523 352 873 710 -388 1417 -145 816 -804 114 -542 -82 261 173 -441 -485 -302 -291 626 -366 -1096 420 750 -241 -17 -229 4 122 -218 296 229 -117 -384 106 482 -149 -256 -880 -104 115 -599 -1269 -452 -851 -216 2 333 -582 -845 -171 681 686 562 -253 -123 -884 -198 -910 -103 -528 1220 -452 -308 170 -361 741 -204 -150 -825 -125 -111 360 222 -287 -58 -515 397 -5 -438 561 -534 2 -175 -693 ]
[169 322 -493 457 -317 -751 -163 190 -371 -2 484 -187 841 347 179 355 -15 545 713 374 -272 474 513 716 915 14 356 363 -27 -437 77 14 -166 -648 -559 341 13 83 439 644 977 -177 -34 321 124 -212 -215 1252 142 29 314 305 -519 70 216 511 -569 -534 -78 -120 69 785 -392 486 -141 458 -144 385 671 571 468 868 20 -368 121 -1487 -255 166 -780 -203 641 -435 574 -58 73 605 -776 877 375 -505 -997 304 12 70 267 439 -561 69 -549 -697 409 -663 393 80 -247 -262 -357 290 -75 -392 -181 -461 -9 141 -154 ]
[745 -254 -281 -500 -322 -439 -731 -868 -276 181 -611 148 80 956 210 -375 -28 -367 -476 17 -275 -653 -392 -159 715 -262 473 381 -169 204 -868 198 -506 306 -216 -128 383 -417 423 161 46 -974 -16 -414 -433 -143 -173 130 -359 412 -82 -1406 -1182 -156 539 783 -143 -704 482 372 -675 -724 366 170 397 -682 173 335 -711 1159 -311 484 -935 -537 -150 295 376 -738 -1172 -156 589 558 882 -185 -294 -439 361 184 -141 -713 -428 617 691 409 461 36 -67 -144 97 -510 -5 370 15 615 614 1119 791 279 -447 -48 -1110 215 324 441 -575 ]
[272 359 -499 102 496 -790 558 -896 390 1617 -158 157 -442 445 335 -738 -311 -253 -576 -428 458 -398 -905 128 773 -107 321 245 -335 1043 -307 211 -192 621 133 -43 324 -203 -138 -1079 -353 -675 -475 -923 -219 1029 279 -484 -673 -507 -167 524 -272 509 311 146 204 -1126 204 -34 -855 290 -316 -430 -14 -129 -872 -260 -758 -373 -70 297 1331 -432 384 -1340 351 -1226 -1039 -667 -229 337 117 -152 -33 -189 537 85 -200 -720 -340 146 -658 663 -154 -423 -13 -400 -572 814 -117 614 -728 -68 801 -482 -1018 -654 -11 371 215 -29 -1063 300 489 ]
[-484 74 629 -256 -117 -864 -255 775 678 -325 -369 -740 253 252 942 860 -193 -588 -613 -707 295 -1116 -628 619 19 -196 94 560 594 277 -35 101 -802 39 -742 -533 -531 866 346 -633 -677 41 524 71 -675 291 -672 -1071 -326 -665 -220 170 -833 232 -279 -651 310 -497 839 468 -410 298 -324 -248 44 -503 428 -739 -646 -1 -468 241 214 -715 -542 -1007 -1285 236 515 315 25 339 -386 -152 -340 -266 929 885 482 -81 814 244 -170 81 -479 211 121 -886 320 -244 -1067 1031 160 205 -376 862 486 -1097 908 -567 -58 -227 -621 354 52 ]
[110 123 -276 -191 188 -129 -159 -312 -33 -216 195 676 181 -592 523 -438 173 320 897 513 -223 218 -301 1481 -73 492 -119 65 -271 463 334 -14 -881 741 -456 706 -851 -426 -411 -629 13 -135 -139 540 -412 228 304 -477 163 -287 1037 98 402 -400 550 -324 -69 -253 314 -308 -346 1078 -340 -97 -132 10 798 507 465 460 7 443 671 248 177 -426 471 -857 -55 179 597 24 -41 -384 279 249 1083 153 766 -461 -730 -1132 -578 251 -236 -919 319 -233 -756 655 115 264 381 670 452 -211 -757 -179 67 341 513 892 -38 -560 169 ]
[1054 -376 -81 457 62 -527 -47 -211 -94 18 187 -641 839 282 133 -403 143 298 -968 407 -215 645 207 -5 -158 457 179 45 559 -100 -288 -285 -663 -75 117 738 -219 234 -1144 -37 -642 -634 -225 422 -479 154 -720 296 -473 649 -527 430 -503 128 432 523 80 -347 797 -83 -835 1068 -923 -611 -122 -560 629 543 467 -152 531 -546 452 1368 -159 -1305 759 -966 -456 -635 -482 -470 150 43 -49 -142 -458 -24 -760 -296 -441 -155 -926 -96 -230 286 13 -126 273 1288 -153 293 -801 284 -186 -504 7 -437 -1018 156 42 -875 -492 -575 1224 ]
[-495 -376 69 20 259 -207 1141 -199 169 -271 -14 334 1122 322 -446 -48 -348 92 -97 -247 443 19 -215 -544 573 854 627 -836 1268 510 -989 525 333 143 175 671 40 1087 31 499 1011 -337 588 18 139 -104 163 294 -1042 747 -564 505 83 6 500 408 -166 900 898 269 -810 1315 275 -216 333 -577 800 -629 572 -841 341 348 692 279 -448 -1215 -125 209 248 -325 78 -620 -258 1000 -426 -23 180 -237 131 -463 -94 603 -232 -323 -32 682 144 -290 -359 126 -361 205 -289 -607 -132 -429 -338 194 1317 -176 1042 4 104 225 996 ]
[199 -542 659 -219 701 545 -535 -25 -62 -490 1040 -539 605 -348 -791 -618 503 -594 -264 -1212 1 -40 -406 626 -228 50 91 310 -90 -116 873 -584 127 -805 -246 20 -587 599 -886 -210 -311 1114 328 89 -205 -185 598 776 -290 356 -466 448 -125 708 754 -383 991 -311 -735 631 -129 -78 -765 -517 623 -147 -618 367 -394 -314 -722 -373 -187 107 -399 695 434 -655 595 -33 -1198 -39 -28 237 -1610 13 -930 -770 427 -228 1103 -286 71 703 -332 -355 -653 285 -354 219 -226 -186 226 -244 1107 159 713 25 -428 -373 -31 -391 -573 -61 360 ]
[-390 -67 317 79 -1093 -949 -124 -480 -533 -25 -410 541 -461 223 387 -298 245 558 -680 83 -696 -445 102 281 165 29 29 -1068 141 -567 -350 414 715 822 964 -279 -462 -306 -680 -272 111 535 -690 -109 -170 500 877 -599 407 219 -349 395 -46 241 -651 -2 -477 -278 -2 525 -160 397 590 502 391 175 18 244 -589 201 651 -528 555 249 -161 -103 -212 423 -197 -200 -409 -915 353 614 -271 -788 284 -68 -835 -278 -167 360 876 -79 71 1912 -122 943 955 317 -37 -326 486 39 133 103 -107 1576 415 -241 65 -19 869 42 481 ]
[-622 -103 218 618 -636 -694 660 -401 94 -21 -869 489 -110 198 -332 -397 -20 -374 138 307 40 -537 -195 -237 1152 676 418 147 404 -969 -40 1002 523 -152 1025 -255 -134 -458 7 289 406 -67 -334 -255 -512 437 -181 235 609 -48 312 72 -271 394 -324 -94 -181 756 -377 477 -166 208 298 575 -84 -658 -15 -406 -668 -165 716 -71 728 208 -210 310 631 724 -385 59 -208 378 182 429 -440 -106 -759 -367 149 -64 125 368 1148 306 -313 1081 -78 534 -105 16 24 -102 340 -636 97 946 385 598 889 -534 -1076 499 -806 49 -7 ]
[-663 -199 514 -208 586 291 329 -205 -180 -773 -148 46 606 -33 -1718 357 532 317 132 -19 631 234 906 414 584 -143 359 -210 174 16 148 -433 420 -455 -42 467 -114 -195 -92 352 222 106 194 -44 105 -255 540 1671 -541 361 -272 766 692 -225 154 381 1099 119 389 -35 -197 15 -544 26 581 -95 99 -375 -410 266 -446 -337 541 -51 -690 101 -314 230 92 194 -985 699 -376 328 -348 -70 -331 -56 779 -417 465 -56 65 425 482 243 -115 303 -269 350 -647 -156 257 -299 -36 226 -595 869 -338 -262 719 -26 114 -217 -184 ]
[389 852 1105 -278 225 -1058 -190 543 -168 299 637 573 -375 -1171 -222 -35 -145 656 923 -479 -279 229 -874 237 898 501 777 -381 260 320 -239 538 171 1491 -234 505 333 -109 154 -963 238 -992 223 -393 -490 619 -185 94 255 -339 -105 406 -694 51 1157 372 -782 439 -579 -908 -1096 932 -1538 236 984 480 545 -443 28 608 250 817 -237 -370 -248 300 -457 -521 -659 -387 71 -514 971 670 -508 210 -728 -137 -1353 -837 -800 -727 959 -131 1798 -328 919 -514 -173 -1353 -965 -703 115 436 -520 1045 -1566 -83 526 541 37 916 456 815 -322 ]
[13 -488 -527 851 -819 -675 437 -303 -227 -544 -358 673 5 527 -563 -1185 236 230 -634 699 -445 -251 377 617 81 63 -185 -743 1049 -115 610 697 94 118 55 894 -932 -546 -369 -124 236 -314 -217 604 -635 474 272 442 329 189 237 117 649 -507 -866 -213 290 -390 228 42 30 -379 -86 -48 -563 -327 -354 -126 -310 560 397 95 465 1215 -70 -231 445 260 -575 -103 114 6 391 -688 9 4 -241 -82 483 -682 275 -262 178 -299 -910 875 92 997 263 855 466 123 810 245 -156 -417 -142 713 312 67 -95 569 903 -1121 -187 ]
[-1272 -523 810 63 -690 291 184 -300 -296 132 3 -35 37 -1140 -1135 1070 -216 203 -291 102 -192 -697 194 583 412 123 -216 -16 -116 -598 789 -289 -300 24 311 753 -675 87 -632 289 -136 640 1184 -365 119 -731 -503 -115 921 -63 574 11 365 -168 128 256 642 -310 85 39 1275 201 97 -106 -328 -325 108 -256 -443 569 959 -135 849 334 -530 966 386 411 -651 263 -385 -35 405 524 -450 199 -644 -673 133 190 163 224 0 -234 -5 438 751 -156 74 -567 -755 -279 1188 -253 -170 616 -386 38 152 -909 -524 -99 -556 193 -203 ]
[230 87 372 -118 1247 461 -195 -27 -729 504 457 -100 56 492 -1207 451 122 428 137 522 -352 267 -207 -837 -108 -14 -57 11 673 578 39 89 188 -731 -570 -301 -163 -72 248 16 240 -97 -437 -59 -480 394 833 731 -1200 -250 73 302 -581 321 -337 -437 -54 -539 211 -472 108 8 550 673 308 -5 -105 680 -18 -235 -424 -173 -729 -256 359 215 -670 278 1291 252 -650 30 -1204 -92 447 152 782 -129 128 -431 -576 -416 81 588 -176 -297 -297 -344 49 607 -302 -672 63 -340 922 -259 634 375 511 -76 629 781 1150 885 -734 ]
[669 -435 497 -233 647 -55 -155 389 527 452 -223 -226 -90 109 275 167 582 -799 -1123 237 -614 811 461 -996 -715 340 -446 -455 18 -426 -185 -222 -377 207 666 -162 -432 -673 -1189 840 -288 -140 -989 -82 -391 691 -266 -251 -557 75 367 36 -281 179 -9 -217 256 834 -455 -28 -232 50 -67 -501 44 677 674 625 476 620 162 213 -762 858 191 534 -298 -464 587 -116 277 -1432 -948 -383 426 -55 791 -467 -74 982 -174 210 421 -679 -44 -98 335 425 944 977 546 347 -318 -516 527 -295 133 -88 53 123 -61 118 -276 -293 395 ]
[235 460 -136 -534 210 -306 -588 305 -610 -192 83 1051 223 -2 -244 998 29 331 -25 277 106 -380 -516 -636 420 441 -963 322 -718 -220 -604 484 1010 732 44 -586 322 -617 594 653 39 283 1076 270 94 -553 -103 -262 -236 -415 -125 -579 -331 232 -904 478 222 -146 522 198 -83 -1298 -1599 -363 -279 -542 156 154 3 443 514 -275 -723 1244 -252 -469 -495 1126 -542 -742 -360 455 1200 577 435 306 364 -451 -265 -863 -1027 -174 -122 -111 285 214 509 -118 192 -722 -61 331 -126 312 -747 1087 818 222 904 -244 267 596 742 -176 -275 ]
[-466 415 779 -47 -135 -520 -38 -197 218 306 746 -108 95 831 -700 232 -787 -657 12 -89 -614 -1229 -1186 -12 355 -415 527 217 509 -739 25 601 497 -507 -17 -118 122 241 850 392 337 1741 286 694 -191 395 67 759 110 213 284 -74 -228 129 -547 -440 -731 84 75 54 822 -375 40 534 485 -439 47 -777 -1050 -482 -228 -223 -342 1180 -471 1151 94 139 962 671 -464 105 -275 -114 -985 -314 -136 -354 -257 -1160 267 127 1562 -61 -969 294 309 53 23 156 -541 -355 32 -37 -540 1018 1225 688 688 -478 -590 -300 65 755 -646 ]
[-304 34 -455 -152 -717 845 -91 608 1098 -55 696 -718 156 363 -359 -132 -708 -104 705 -1369 81 592 -768 93 -844 -342 -508 23 204 -193 -365 800 -362 -210 863 -536 211 -122 -359 809 422 -194 14 117 -34 268 474 598 527 -256 372 -286 -54 -112 293 -565 62 233 403 243 195 405 138 -326 -946 140 767 894 56 4 -316 702 -463 190 -175 1438 -158 -793 1193 82 566 -513 391 -355 326 -635 -360 397 -407 -135 -1472 -265 -228 -212 245 -464 -542 -81 -51 -389 -322 -505 110 -148 -348 99 1061 541 -756 -42 28 -341 -253 310 -405 ]
[-116 -35 -881 355 -78 -307 72 -718 -157 540 -388 -683 244 1079 540 -408 -82 -251 -901 -619 -853 11 -37 -802 -112 -237 261 -273 -555 155 -1190 703 -122 -422 237 -195 422 291 420 586 -503 3 -907 -383 412 376 1347 293 -995 709 -13 -397 -705 -188 317 287 -722 -339 241 553 -719 32 1264 151 58 -438 29 574 -364 11 -556 -313 -113 -235 68 -369 632 -967 1044 -104 -493 -873 -612 -252 8 -1414 724 -402 195 -77 -719 669 643 110 -926 621 -1563 113 -901 674 84 -270 -136 -293 1314 79 1012 505 -74 -614 46 836 356 920 207 ]
[-240 -143 118 -200 224 289 98 -490 518 82 538 -137 969 -222 -552 544 -507 -264 -47 -171 1068 -1169 -1422 -1151 757 135 1570 -454 500 702 50 -663 60 -491 -324 86 -119 1038 -237 899 114 -455 1145 596 262 -506 -338 46 -851 49 307 271 -115 -641 1236 -193 657 442 465 -170 350 652 669 -427 67 -279 -411 -649 -77 -89 702 436 305 -70 -125 174 164 -138 -142 303 -633 959 306 -432 -343 -150 312 116 177 -1399 131 -414 -371 -73 705 -204 -90 -85 99 178 -1271 -82 -175 32 296 -194 359 183 359 377 226 -435 -688 526 -623 ]
[51 -590 852 -18 -190 -131 -129 149 401 -826 907 -834 178 169 -964 304 -21 -90 -1241 -523 -434 163 -584 49 -424 17 789 586 -592 -228 316 -310 7 292 690 174 -558 48 -1059 399 -163 295 624 -923 -507 289 240 180 117 -121 -702 100 -322 753 539 -519 828 307 -151 401 -154 -287 -736 75 255 -596 389 363 -709 925 -531 -321 21 -497 -629 1260 -113 144 -346 33 201 -751 -500 628 -937 -447 -1297 -68 -449 -110 376 -1094 -105 144 359 442 -134 285 633 -417 -262 -662 663 48 275 732 816 107 -700 296 -488 -44 -274 380 621 ]
[1132 442 634 559 -624 447 95 755 -255 356 -93 -245 -832 -292 -64 132 12 -209 -623 783 -645 -347 -68 -526 346 -478 207 256 713 165 -18 -345 508 577 -388 376 692 -796 1574 904 -448 -357 -720 818 -1295 795 -425 697 262 69 -47 -687 -243 -810 -455 560 574 -1211 -108 -27 -191 -706 -166 679 -580 328 -682 692 -1262 -865 -55 -210 -620 636 -922 24 -205 -86 -267 355 67 71 -412 -1190 -514 478 -328 304 -961 -513 649 827 632 237 -253 254 263 -71 -705 -489 -725 67 1093 -244 -1147 855 869 -74 -167 265 -971 -812 1106 -434 -1464 ]
[-517 109 43 205 -177 -230 156 -140 603 -132 61 -135 81 403 -402 -985 4 783 299 -1037 -167 670 18 -532 179 -959 1253 993 224 -358 -271 269 294 -781 -486 24 308 -105 -201 367 928 -254 -76 -977 -806 -247 88 538 -146 -381 -397 718 475 901 491 -562 830 1413 101 -33 580 806 -58 -949 -217 -153 351 -168 652 503 807 304 718 -99 -129 16 92 -454 -764 -470 -141 225 -95 229 -327 -225 -475 196 182 -366 -239 -170 -265 -259 174 -32 -318 -370 -768 -72 -537 -644 -37 -168 -139 149 -612 -8 225 -551 258 425 -1022 -191 -507 ]
[297 68 -7 361 265 1027 184 738 161 -350 483 -8 -459 -568 -1351 -101 241 -467 297 536 274 1011 226 -413 -203 -161 -550 -709 377 324 507 -650 431 -417 -242 -694 1272 67 1439 186 -850 105 -250 -709 620 234 323 171 -451 -599 522 -483 425 -325 -1058 -520 458 1207 -356 -1216 -604 -349 -838 707 159 -740 136 -359 480 -325 73 -360 -1196 -1222 -901 551 -650 -309 298 991 -409 -384 38 -1137 1364 -478 155 295 -510 -29 383 201 -443 -697 -453 -426 231 -1211 -2 -117 649 426 303 -713 -385 -991 -480 280 -32 1187 -539 221 86 -394 -831 ]
[1145 727 -726 -567 5 -377 -308 933 72 99 -289 546 128 777 -70 -85 -140 83 47 807 -132 605 -411 -1352 3 -65 -231 -367 -85 806 -460 -46 418 -328 -292 -206 405 -495 193 873 5 -1421 -270 851 -347 600 -31 949 -454 316 158 -303 -285 -824 -388 65 -117 631 -371 -107 -731 -438 -1004 -440 0 503 -808 -109 913 554 -2 1548 -914 1118 -800 -380 36 -34 -344 -321 1044 516 801 -1129 1087 247 1097 -100 -17 -1067 -270 -301 1118 -147 393 -392 502 483 486 273 406 607 -307 -10 -422 -5 710 -3 885 1296 457 295 5 -337 -1162 ]
[259 690 171 -199 -475 3 436 48 228 -296 -726 -436 -946 -214 354 -214 -19 280 -658 874 -876 -189 202 1463 224 -343 -4 699 742 -72 -137 -343 -1011 278 -77 62 -451 -801 1053 -474 525 -83 -349 -333 -555 528 -1596 138 634 -272 596 -732 -250 -358 -502 381 360 641 268 -274 280 113 670 -219 103 199 946 -426 -157 263 25 293 200 725 -723 311 -153 -220 -1145 -200 1017 526 -637 -1025 -1 753 -41 -431 309 683 645 400 284 31 -373 -731 1100 20 -381 508 438 876 417 148 -471 461 -296 -472 680 384 -787 159 205 -1398 423 ]
[100 -426 489 110 -143 378 -165 -123 829 681 275 -603 -237 -255 111 -783 205 -543 -497 -573 142 -50 -864 443 -337 327 276 716 -69 -549 239 903 -318 -128 41 -1333 12 1581 -44 -131 -317 -169 -479 -594 4 33 155 79 -197 651 -42 -147 -328 569 142 -380 117 212 -1019 1171 -354 208 -256 -374 80 61 -713 458 -562 -554 -163 -335 -565 -550 31 821 529 -507 216 -76 -236 -215 531 645 -1140 -745 -731 55 214 871 -541 188 -142 202 293 -366 -1344 -351 -60 -624 -686 -908 124 -532 537 -121 1056 -577 372 -913 -684 -21 -1503 313 -751 ]
[-9 93 -282 129 -490 -726 -564 337 -385 -510 62 680 -513 243 95 910 818 1372 -182 406 24 703 127 -26 712 -539 -176 -641 -181 -823 0 954 151 257 991 -342 -393 -434 522 285 1053 -498 -1238 102 219 -403 95 399 -412 -349 -198 513 -132 -914 -489 -574 150 27 53 -250 -239 -123 1281 646 -592 706 -327 855 739 -802 849 276 -551 -1195 -416 557 33 22 134 -271 226 293 564 -304 920 36 91 -135 -119 377 -1636 861 1016 53 1032 217 -737 591 346 -536 1008 220 368 478 733 -420 27 1210 793 804 276 303 979 49 523 ]
[-647 833 718 -187 -290 -227 152 -359 1062 -210 -253 -1215 -190 194 437 702 257 344 -803 -128 154 -604 -778 -417 65 -626 2046 811 -1537 570 -80 -879 891 24 -823 -398 14 552 -220 47 -92 615 1128 -244 131 -5 -151 -777 -197 115 169 1 -372 -18 180 160 101 586 142 -14 287 308 173 925 1018 -619 -61 -495 -295 -56 -88 47 191 -161 374 24 -292 -268 -363 414 274 206 -571 82 -812 -552 1015 409 -211 -644 1325 -849 495 295 -5 166 574 -460 -323 124 -162 -141 479 113 239 729 915 -293 972 -45 120 617 -1433 620 -643 ]
[-287 -21 -73 1334 -728 -543 1015 -268 -671 770 -733 660 -31 983 -308 359 -718 499 -176 82 -262 -89 -478 115 -161 -1151 -511 278 687 -501 -637 155 -813 -249 812 -370 539 -491 596 655 497 706 25 -93 -82 -1683 335 582 1215 567 592 -767 -104 -818 -660 -47 -303 104 1305 427 -211 98 -38 47 -608 -325 1047 230 302 912 709 1237 -281 311 -95 -369 356 -1163 786 -310 378 83 1017 -205 664 -600 -451 191 -837 263 -424 174 61 -1312 -583 574 -1322 -577 -392 -320 -176 -909 -920 225 -384 -456 -514 -112 236 431 -610 -236 73 469 -862 ]
[-543 740 379 179 -449 -1353 -81 159 112 267 -490 48 -835 99 704 541 117 547 -217 555 -79 -195 742 548 107 -834 219 -554 -473 411 -160 476 517 381 679 445 383 -946 -77 -1124 -546 -319 -856 452 -510 626 -922 -170 272 4 -261 695 -441 -429 -826 -180 -455 -870 173 -346 479 -268 174 125 146 542 -1471 -287 -614 -701 543 35 -239 282 -311 269 -433 -671 -346 781 -483 -120 -500 -556 -645 -26 327 402 18 -169 228 397 929 187 -514 -164 123 181 901 99 -384 134 -266 415 -528 675 -702 197 488 -373 43 191 122 158 -23 ]
[-193 437 -143 -548 348 665 -387 158 1413 56 -69 -577 722 -502 1007 361 842 -495 483 -179 370 -535 -312 -126 204 693 387 -17 75 -104 29 572 -693 48 -229 -347 242 569 99 -10 -879 -965 -5 749 -670 1247 -948 -259 -799 92 594 -640 -420 178 518 -132 -938 -175 128 154 428 364 651 -891 -312 660 -1086 -849 -552 -954 -115 -321 -652 330 91 600 -305 173 212 466 -50 991 154 -555 -1165 278 319 -863 215 168 -253 357 8 650 -88 -1088 485 -132 175 -61 -914 77 328 411 638 953 97 -782 496 -954 -143 -576 -474 158 -389 ]
[654 -566 406 448 33 -790 -159 12 173 886 -6 -575 -456 548 143 426 -13 315 233 851 -707 27 213 421 972 -346 567 -3 546 -500 -38 -128 -1103 342 -54 896 -102 -660 183 -9 968 -578 -961 369 -904 1034 -1569 313 -491 -820 -273 538 12 -238 112 212 -226 -473 541 -385 -289 546 264 759 -553 530 1044 107 -323 -121 96 329 425 -13 -433 -360 -198 -622 -585 80 1027 468 -1326 -787 692 507 1056 841 183 159 -484 298 755 544 319 128 655 -747 -83 278 -581 415 267 716 -108 496 -19 -947 169 437 -892 -736 -605 346 467 ]
[-560 453 108 252 867 -77 -296 -540 527 -39 -382 -533 299 -672 498 245 927 -131 -332 -610 119 307 1091 348 263 -181 -228 -344 -274 -770 -29 103 61 -35 -442 185 987 -601 336 -682 -764 1087 85 -214 -286 251 30 250 512 -235 534 640 -587 398 183 174 -518 -1071 663 251 -38 214 41 577 -448 -515 -332 282 -33 -125 -339 -85 624 -516 -254 1431 231 526 516 512 -418 -127 507 -135 -1361 -320 -54 -844 -89 454 442 509 588 506 -486 224 -22 253 800 15 52 -158 -394 267 650 630 -467 591 -1016 -797 -550 -307 -82 840 551 ]
[-75 -487 127 -216 777 -443 -521 -140 -1371 -326 377 583 19 632 311 733 400 -501 -154 222 575 -774 -142 -548 1308 -548 -630 327 -539 -446 698 -258 583 473 -128 -392 608 -555 474 279 -738 927 177 333 -795 202 -1175 -514 -40 -12 80 -985 -697 221 -507 -361 -18 -848 120 438 495 -1826 30 -225 521 -125 -503 701 -576 -150 538 -777 -1232 -458 -288 364 55 -92 -1248 174 -733 731 652 -218 -940 854 189 -386 -619 -625 392 174 92 742 -1097 -419 427 -481 -113 -74 412 99 271 1258 28 884 481 -34 587 -655 -1759 -336 658 -904 -86 ]
[541 166 -557 -637 820 -453 -104 -465 15 -187 612 265 -270 1073 -295 -1489 -108 -42 451 -577 -573 339 727 1110 311 -601 -259 489 891 337 186 -481 -172 140 -10 -208 1066 -462 1239 -1417 -15 975 -264 141 -134 -556 81 -376 -294 -1093 66 -446 180 1355 -177 525 109 753 715 -876 -149 -36 457 -484 220 -548 889 90 200 658 -106 -40 -260 -387 -1004 655 521 -121 -580 -260 -2 136 130 46 640 -374 -176 378 -479 56 -38 568 -433 265 -610 -109 618 -773 -739 134 1037 295 67 418 -101 -617 -20 454 -803 107 -374 -228 -253 -730 265 ]
[468 -92 -10 122 52 123 -493 603 237 489 220 -869 -182 2 -275 201 77 -609 25 -54 -606 688 506 94 -115 290 -984 367 527 111 478 161 -1057 -541 90 -204 -597 -545 -379 -296 -1264 -797 -981 -314 -910 1008 -27 169 -117 -733 344 333 -1068 1091 268 -74 248 -951 -268 56 -182 -442 -93 -248 -884 53 -686 -303 -658 -662 -321 661 371 -114 -427 -100 -94 333 156 537 101 215 -1005 -485 311 560 -749 -429 694 505 -154 652 171 799 -628 -711 160 -139 199 431 873 586 665 -627 867 108 600 -658 -478 -619 -542 -715 -492 332 672 ]
[-31 27 -38 66 -774 -63 -989 3 -646 -153 -530 457 469 72 578 -680 162 285 -174 115 -839 437 256 209 -220 423 -443 761 -34 -56 120 -227 130 -305 -170 308 -386 -227 -516 81 199 104 1132 -139 525 -138 637 274 -127 273 -440 -16 -183 538 302 -27 -112 -486 213 363 -71 389 -1141 -333 449 -399 198 723 551 863 -316 157 194 1123 -859 -792 1206 778 -588 -1135 904 291 1062 640 -129 1 12 -35 341 201 426 -281 -247 59 186 591 54 -780 -198 -972 213 498 732 -26 513 -76 783 -644 647 -104 -355 225 -433 -27 197 ]
[81 -665 -1021 -497 958 -248 -200 -127 -447 -113 -388 -15 295 808 435 32 428 114 -138 -900 736 -704 380 -292 24 292 -365 -228 -374 219 -255 967 371 -329 48 -447 441 -546 -605 488 224 -132 -241 339 167 213 1248 -240 -321 -20 257 -619 -570 209 -66 449 226 299 -30 242 -360 335 665 -605 -206 -300 475 768 88 -221 -1077 -139 -371 229 84 6 -101 123 770 -707 -258 58 -183 906 212 -833 1091 -187 30 -510 -575 169 457 220 -618 497 -566 -209 -995 639 337 270 -295 -442 724 156 1079 468 916 -428 133 1068 164 -231 105 ]
[-321 305 -116 -1006 -129 580 -277 390 766 -936 171 -462 375 122 -435 1177 -297 157 -139 690 576 271 197 -18 1122 -625 -264 -732 -98 575 -324 -601 139 121 595 -65 640 -438 679 -650 -431 -405 656 -130 529 243 -1424 490 -74 118 192 -593 -427 -1190 -458 41 395 695 398 -360 -194 -932 -153 312 360 -449 177 -369 -24 -430 553 -563 -858 -248 -722 1339 -629 -283 -384 750 -853 405 158 -740 -345 527 -428 626 -1010 -290 150 386 -469 497 233 -925 853 -712 753 -602 -877 -442 -829 751 -964 624 228 -92 -273 84 -9 -403 720 -458 -125 ]
[209 -411 226 306 105 -875 -36 -1042 49 31 -315 305 154 86 -383 -289 440 -460 180 -1288 -1693 -208 167 973 618 -190 39 397 554 -141 -523 -402 -150 1137 959 476 -83 19 56 -897 -286 915 -234 -523 216 22 -231 -430 -1145 -512 117 2 -763 1270 294 -102 322 -776 1679 832 -593 -40 -210 9 -274 -912 -274 126 -537 1076 -27 -194 563 -405 -665 -311 27 -135 -68 605 497 289 -604 -460 -206 -703 256 -83 758 -254 6 590 271 228 -932 123 -782 -181 9 -878 -66 1143 -73 204 495 485 -264 -158 -1069 -664 -582 -74 -642 729 288 ]
[86 249 318 373 292 -115 97 90 175 -624 -621 756 -166 713 844 -350 618 199 606 263 -780 -154 -308 447 -329 -596 861 1055 -752 350 250 -1025 498 244 -715 163 -95 414 -260 -449 -108 -505 -256 505 -602 -1270 594 -199 -350 597 -102 -339 -39 319 432 121 237 639 -681 386 -856 1086 -495 -482 665 -920 255 141 47 452 681 442 -348 -249 -379 -222 514 -73 -1159 -1 732 1172 477 -32 140 401 174 270 -299 728 312 -99 -974 360 -89 320 -263 21 -697 0 173 186 -287 185 922 -694 590 380 414 443 512 834 -1042 -674 -1040 ]
[-487 -662 -482 -400 690 284 133 -183 -554 -587 329 622 320 543 -1152 296 -993 129 36 -164 824 -862 -9 -249 608 208 -628 -401 977 23 106 354 -308 -348 53 -34 64 -101 529 545 593 168 561 579 -445 -910 -242 -38 524 328 215 -671 -42 -1343 -89 -679 566 -53 447 108 237 8 919 -807 -681 161 -1118 561 109 -53 440 129 -103 -389 265 771 546 -475 52 108 -620 579 359 -93 -320 -8 785 -168 322 -836 -4 444 186 212 -1142 132 -81 603 124 421 -892 -177 -691 -161 74 82 -156 474 311 513 36 -110 1413 -451 50 ]
[-460 -19 26 145 191 -321 360 222 -948 -352 -8 788 -210 -674 577 1583 -66 949 88 281 387 306 1216 -321 -177 403 -704 -148 -514 -495 -125 216 1027 316 504 177 7 -459 -244 575 351 825 -56 -452 678 623 -1150 -700 1322 149 511 -108 -547 -97 107 -291 -354 1116 -559 764 -424 474 -393 -174 60 -942 863 1041 1701 -314 402 -1147 618 570 -17 519 381 776 -563 357 -1209 -1161 46 1562 -454 -253 -194 170 -362 334 -109 54 455 -83 -83 1280 -387 -97 491 184 275 -484 -506 -375 -458 776 -172 545 691 -378 -674 608 460 -199 1329 ]
[-4 863 465 225 888 -65 -334 683 108 -117 191 -1271 -595 -711 485 1705 1051 148 -666 544 186 -273 707 -163 -74 -220 527 806 -587 -476 -287 -968 254 230 -294 -979 -457 -233 -290 -502 -914 9 -282 96 -307 -313 -995 -228 801 -425 405 -58 -278 -825 161 528 1090 -197 292 547 1101 -485 727 789 94 592 -91 683 -233 -777 -269 -1117 98 -192 420 613 378 153 528 -44 -648 370 -550 -829 -85 294 -234 -309 260 1205 920 -64 597 559 131 -377 -872 233 -152 824 470 604 -206 95 -505 162 761 760 597 -334 -61 340 -342 -428 -39 ]
[-113 110 -301 -126 -74 -454 -302 736 160 464 -482 -131 574 -169 -389 -7 92 -356 194 233 -13 250 -15 188 434 -506 -850 -764 -533 191 639 -172 182 -746 -790 891 -82 -154 204 -1140 -968 -180 384 370 469 255 216 71 69 -476 -82 721 -235 253 -611 826 208 -572 -248 -482 -619 -827 -1706 -255 -234 434 -1397 -1108 -242 163 159 602 94 101 -634 -862 -399 329 -202 97 -170 390 983 -689 512 116 213 756 -512 -565 402 310 -151 -90 -333 1 1286 -217 395 -396 564 956 -76 648 -276 -255 -453 -899 -200 225 81 -258 -497 -93 12 ]
[-39 -822 -354 490 418 -442 -399 -47 433 205 216 430 859 -127 108 373 557 941 -321 -714 -731 1515 -104 -183 -1076 -514 727 190 -898 -1163 103 1113 -530 30 329 679 -772 -154 -837 242 552 -727 -328 -1280 -41 477 643 458 -528 -430 -358 504 404 686 613 -352 -216 -93 -164 -243 11 207 -116 80 -1093 198 744 549 1172 485 142 -773 171 -821 380 193 114 -633 103 -198 449 -506 865 164 330 -303 -85 249 204 352 -1933 -283 -677 -77 1054 931 -965 -287 501 -306 223 -183 259 731 852 -376 362 198 -318 238 617 323 -814 260 966 ]
[607 -710 459 420 -390 -274 1071 560 -570 -2 362 696 -91 893 493 92 -736 -284 -123 726 749 -401 927 -527 -126 -273 -76 62 783 -69 169 156 -647 -282 -190 493 -578 -15 432 500 503 237 -275 -492 -73 -434 -1504 -345 168 97 -747 -462 -28 64 78 -115 -271 -157 404 -190 55 -423 398 -296 324 -235 901 384 604 119 555 -572 395 433 500 -266 -90 314 -320 46 -353 -507 -1126 -139 374 208 -96 826 -718 796 841 185 -111 121 -532 246 539 518 257 436 181 304 -1217 -14 -904 -675 -691 136 -160 656 -77 -1147 874 -370 873 ]
[-57 203 -375 -190 -608 72 -471 747 -682 -367 -458 276 -684 174 133 169 290 528 599 617 -358 80 -788 621 -190 -221 -702 -200 -438 66 194 -55 29 584 1123 -536 -247 -913 413 316 251 -338 308 138 44 -233 -812 -850 918 -56 672 -773 36 499 -456 -69 211 658 -176 -349 253 -60 28 598 -376 -420 1069 92 325 381 775 -374 -468 -328 -385 413 578 268 75 -330 389 860 408 -396 624 361 39 378 -216 349 -647 235 219 -111 451 542 142 -143 194 -55 954 892 354 178 -520 -450 483 646 1043 814 -389 449 -358 -421 -470 ]
[-112 -117 24 -594 11 636 84 87 -528 386 -327 531 -162 -169 50 -1486 -62 -407 185 -361 -512 321 -105 534 -115 12 330 -678 283 -809 -1036 88 989 -12 714 312 -369 -549 198 278 -454 999 -974 -227 -541 94 360 -126 -343 -38 -475 -137 1241 35 -610 -306 218 605 -308 60 -335 492 -380 -124 -43 -181 478 56 -78 829 -900 -169 487 364 -698 -291 -159 -1108 463 -279 -992 -887 -35 -762 -182 -429 765 -173 410 -296 142 785 350 -523 -448 1223 -593 530 -511 -129 -591 1105 155 -8 -660 269 444 1143 339 -429 75 103 1216 -733 276 ]
[-231 -382 68 441 -155 -297 -286 -2 609 315 -847 -826 -174 -469 790 -17 855 259 555 92 -351 3 139 104 332 391 446 -264 -38 364 361 318 -977 288 158 333 88 -355 -668 -37 -772 -623 -388 284 -284 1418 2 300 -282 -240 231 244 -863 394 821 218 213 -730 456 389 216 -49 -112 208 -662 -136 -113 220 -402 -709 -520 50 67 262 400 -558 116 -903 -187 -38 114 -20 138 -622 -404 -222 494 -668 -488 434 -211 680 79 417 1038 -581 -401 -729 -396 -350 -796 221 238 294 1206 491 -282 -892 56 -320 -888 -817 -642 230 477 ]
[2 535 685 -170 -942 315 662 177 674 -638 110 -1038 -899 1211 115 292 -643 616 -196 6 218 -304 -350 271 -447 -1102 -887 403 335 -208 -290 -361 -452 380 212 -200 290 -84 455 928 670 160 -64 372 -193 -1486 -307 -148 224 809 -308 -468 163 -600 -425 335 -57 415 729 577 -580 208 937 -140 451 284 428 749 218 -558 1196 -379 -461 -301 60 -76 -293 -765 -348 -239 74 122 -550 -439 123 388 -330 804 -377 834 -27 -85 -907 -426 360 -554 30 -108 -412 521 606 -60 252 -117 -33 -85 474 432 147 783 76 -224 -97 -101 87 ]
[687 174 -556 -621 -280 41 572 1197 532 -562 432 305 -447 1075 38 267 -512 595 -30 766 344 294 799 -1354 684 -626 -270 -809 -210 144 -956 -168 126 -405 -616 -589 631 -464 1545 288 90 83 -141 -769 58 -411 -203 46 -381 -947 -308 296 800 -958 -583 270 343 309 804 -719 -783 -1127 381 337 185 -192 538 -301 770 209 -139 544 -219 -576 -295 -158 -1436 486 -27 238 612 -766 -17 -703 711 -135 916 485 -292 -595 152 479 377 -134 493 8 842 -16 180 733 557 413 -551 -561 -936 424 139 37 738 345 1212 -7 1399 233 151 ]
[-116 -236 -238 143 -709 -316 441 -498 1171 63 -791 -238 -444 387 690 -27 -84 -129 -1131 -691 813 -339 97 147 -681 -785 198 -455 -1199 16 -607 228 514 243 -26 170 94 -90 -752 -794 -7 279 -32 -1296 55 374 932 -720 -4 640 -606 609 -200 355 -627 587 -393 487 -581 662 -267 78 -916 -45 688 -718 1015 -434 47 -455 -497 785 395 375 111 -130 -320 -345 -315 155 805 -981 -381 914 -804 -657 0 228 198 124 591 -788 -111 -127 89 -63 166 595 725 905 631 -177 -398 -599 -135 165 -638 -413 613 -377 871 513 -1190 749 437 ]
[-58 -103 -476 220 -196 -206 -12 300 -178 397 -339 1013 110 -26 483 591 -29 273 1744 430 -543 1022 -57 557 89 19 64 -804 -896 -461 767 -62 -578 -301 -412 359 -115 102 303 -160 -592 -637 -795 243 323 -88 -72 843 283 -121 890 346 -649 -461 556 -7 -864 -453 -351 -163 -640 -94 -243 -291 88 657 -688 574 833 1021 271 1532 396 -1143 241 493 -642 -43 267 933 714 168 547 -619 294 266 -283 326 -362 -75 -911 207 247 492 648 -157 -446 773 239 -919 442 -580 -2 495 776 -309 -46 -391 -408 6 -405 436 566 501 -740 ]
[853 298 -810 -203 -640 42 -8 55 -61 246 96 -415 -45 441 -70 41 292 -179 -214 -677 -661 -814 -164 1015 -629 -420 -764 315 -693 1114 82 -463 -16 203 560 -12 -172 -395 477 -374 -977 -358 -66 -408 240 451 42 -395 -68 -1025 578 -800 -23 609 97 764 864 -736 506 -56 213 -1319 4 -497 -418 -679 463 -501 -702 272 -362 -837 -61 855 211 -966 -464 -496 -325 -393 -73 179 396 -697 -557 193 -1090 646 487 -46 575 693 -1316 -188 -101 -253 -392 -1052 -541 318 1370 410 710 641 -325 123 1296 -358 -299 -305 -189 445 -697 -384 -254 ]
[-493 -28 -553 28 -309 258 -15 -207 -195 -403 183 260 -239 -23 -559 -515 -443 251 24 525 -144 -11 312 -129 267 112 -195 -73 973 -134 266 -153 50 -596 -214 311 -293 -587 -275 -19 565 717 486 -624 -41 -310 397 431 189 -141 16 277 464 -737 -953 -803 -212 -578 334 26 117 -859 275 94 -420 146 -894 256 224 706 162 641 -578 -1105 -60 -452 -239 298 -461 152 -250 -269 309 -804 1339 12 83 563 458 412 -583 -117 -283 -168 -220 -111 -736 -190 252 -429 -45 360 109 -48 296 -360 -426 535 -477 -31 365 -268 1301 -674 -53 ]
[-385 402 -23 482 -819 705 269 -1060 244 1027 -1349 387 -625 599 860 65 -484 -73 -593 1067 663 -868 -242 211 -30 162 -251 -312 -77 173 -538 304 -275 -74 38 -695 154 -196 -355 136 139 -115 96 492 -328 275 -415 -407 307 1391 -107 -657 -501 -606 -1033 831 -1004 -18 -45 1224 -929 694 -642 -575 238 -278 348 -307 -572 -1 325 991 -227 1020 -651 -1117 225 -448 -1327 -20 753 951 -91 580 -326 -163 407 -20 321 107 239 90 136 181 -347 387 275 -360 911 348 -142 -402 -345 -382 390 -333 -378 -496 982 -607 -935 -516 -1027 0 207 ]
[180 476 -436 -323 210 -5 -123 -797 389 -438 26 -15 435 746 59 96 281 615 -800 -353 -556 1080 -32 -804 -202 -572 457 -252 -330 280 279 -595 165 428 -1193 530 -135 128 -50 -270 19 -72 1525 -1091 244 481 1041 158 -1117 -173 174 313 -490 785 546 101 -402 782 1472 525 -897 -1223 -970 -925 714 85 -512 -134 386 958 -1199 731 -595 -42 -610 511 -1032 -624 100 765 901 776 -277 195 -1024 -581 506 -62 292 -413 485 -1369 3 403 176 -263 468 -96 85 -317 1132 489 -171 691 556 199 378 -250 66 -600 -248 536 -196 178 -32 ]
[269 803 449 -346 31 -275 -107 3 -854 86 1371 681 568 -388 -293 693 -813 817 1468 -136 387 188 -67 31 -76 56 -842 961 901 969 -95 -344 337 -216 -39 259 270 402 -541 -830 693 -614 886 444 425 -978 473 307 -206 440 -409 508 -596 -691 153 -32 -556 -89 321 -668 -636 434 -195 -42 -283 -166 -93 549 904 -893 600 721 62 -60 -757 -674 341 318 -158 -281 302 125 711 1457 1099 185 -918 870 -551 -95 -1022 -977 -283 -874 493 -465 322 -1177 351 -1299 -400 -578 195 7 -414 -1075 -182 -120 -292 291 716 -666 -549 958 -163 ]
[-1321 14 247 420 282 -193 -500 -739 737 -26 -472 -201 506 234 -13 -811 -148 294 664 180 -1083 65 -805 581 681 214 809 -787 1054 361 30 1025 -108 708 180 -291 -194 847 -834 -576 127 187 -538 846 154 280 1250 -256 -599 139 378 90 115 -79 -19 -1145 -877 574 115 -307 -702 1288 513 961 178 305 83 157 -240 107 117 294 -663 -630 -37 -647 85 -171 1228 -361 -309 66 -31 -115 675 -646 1156 -72 -764 -107 -934 -653 743 171 450 140 -237 -135 211 -172 -698 -453 -52 689 1175 -74 -532 746 944 115 107 71 108 477 384 ]
[723 531 989 426 66 -510 -444 -47 1032 829 456 -177 454 -690 793 244 682 -299 95 -472 663 -188 -765 -262 188 141 607 183 -796 463 639 -214 168 26 -697 -179 147 696 -789 -1270 -759 -731 -498 307 516 -107 123 -325 -297 548 -86 600 -484 -144 519 -843 -605 -1224 -803 -81 -1385 1683 -1020 -274 761 -232 -1463 -744 -8 -346 167 28 305 -39 1168 419 292 -253 -321 323 -522 -115 824 813 -931 673 17 -418 -698 -544 208 -267 -446 803 615 -750 261 -146 91 -135 -1108 -608 -349 -365 1392 412 -671 -990 -697 -318 219 166 -915 1117 -851 ]
[-540 162 263 -295 -433 -513 163 -275 -873 -309 169 481 79 48 -841 -318 99 214 533 904 70 -394 61 972 83 582 -764 -352 -316 -412 1273 -356 -73 221 455 606 -156 -472 -752 -762 -271 468 -14 247 438 -350 -264 -570 498 -310 1060 -26 475 1109 -556 326 -51 -852 937 -510 618 120 -216 -54 308 208 72 -58 -517 344 885 116 82 34 -601 -522 -340 180 -773 10 -566 -64 -57 365 -90 223 -858 -634 -192 -484 -5 -438 34 -503 99 -678 1074 555 345 298 1266 1011 735 160 -578 226 -994 199 75 -83 -1077 93 -97 -84 196 ]
[445 -230 17 -377 610 -1052 -602 -241 -471 -77 -311 -432 196 409 -25 109 295 -699 -545 655 43 75 1019 237 349 318 -385 136 69 263 297 95 -536 199 -853 155 -137 -203 -639 -687 -515 140 330 -108 266 435 308 -528 -497 -285 318 81 -912 1111 -368 572 475 -461 21 -381 243 -834 -413 751 521 -123 364 -715 -376 584 -480 385 -686 51 339 -690 -570 673 248 357 530 -646 -918 498 361 677 -387 -393 566 19 471 -680 177 -562 53 -660 846 216 402 125 1578 388 143 -306 -613 321 -1241 -539 -512 -512 -267 575 -99 1124 316 ]
[-127 280 -43 -488 126 -766 20 659 491 -357 -1017 -902 -41 -235 -19 623 -87 -711 -967 -565 -628 522 10 -350 10 -1279 801 -43 -76 105 -842 -514 705 203 -353 -84 617 -715 467 130 -637 -241 212 -673 15 579 -748 -216 -832 -314 379 345 -671 938 333 -5 1679 537 -32 -334 183 -1052 -195 544 348 -84 474 -388 -182 597 -108 22 -244 -830 -1463 183 -617 173 615 851 284 -700 -975 -1077 287 -105 54 847 -631 -81 688 1162 -63 -515 -330 175 296 -693 -335 -422 -67 666 53 189 -869 -366 883 -455 57 -559 -110 465 -157 231 -675 ]
[445 -1489 -383 -27 -534 493 365 442 280 -126 90 468 160 637 -616 368 -842 -49 -562 90 -534 -409 -258 -1645 180 -82 428 392 119 1036 166 -339 -39 -460 395 495 -1095 -487 -586 1496 437 -634 275 -533 -960 489 655 421 283 -437 -182 -491 128 -534 200 -30 1463 108 -204 269 -340 -748 584 -277 -1414 -761 394 444 -190 756 -267 247 378 404 -523 -145 -187 -269 -569 14 659 -409 -444 177 348 -17 764 712 66 -281 -331 157 219 596 616 542 -532 -584 -546 -158 -1212 363 290 -652 114 806 1584 -232 407 453 -348 -424 345 -553 -161 ]
[588 -119 1202 -717 -456 -461 179 954 -789 340 605 -184 -1063 -538 589 241 -485 -725 250 -710 -97 -38 -451 172 -330 743 -16 442 -812 -397 129 226 1086 343 1424 266 -523 -894 -605 -506 -1147 -39 -1439 -625 -346 1390 -996 -1102 334 -1052 -192 843 -242 1340 310 -774 774 586 -821 -224 303 94 -750 3 27 142 225 -310 -760 50 -548 -940 498 882 -97 1485 171 -176 810 997 -1186 -775 -1591 -283 -603 -52 -667 -104 -265 -418 38 -61 436 28 -542 -197 302 236 -228 -140 -713 99 -250 -348 -1298 1034 511 -278 -670 -595 -1094 409 -623 546 105 ]
[698 -551 -322 328 -148 909 152 -709 -637 428 3 366 -685 46 276 531 -321 87 -546 -674 11 105 -462 -373 -719 -755 -855 491 -541 572 248 -529 281 120 800 51 496 -1516 -276 281 22 588 -770 -265 172 -863 880 143 1279 308 214 68 260 -354 -414 -596 139 24 -578 930 -551 -875 -994 -472 -118 -32 -652 558 -172 120 -135 405 -362 288 141 869 494 -815 29 295 -128 640 -111 -722 -42 121 -179 -35 -216 -182 -44 -437 -112 250 -771 -1293 -296 197 -279 488 1251 -86 -836 -145 1300 274 619 143 -420 777 -281 291 -1045 -624 -163 ]
[-440 -24 -731 -270 106 0 292 -591 -112 -65 -131 475 -641 680 -692 -491 40 559 -304 55 1217 349 257 -1223 -425 -265 -993 -714 279 413 -615 8 -270 429 1831 -675 971 -451 -268 1097 453 -409 -102 217 -93 -212 -439 68 832 307 96 -680 520 -709 -143 -344 -805 159 932 71 33 -437 110 -793 0 468 -936 137 688 -571 769 220 -490 -45 897 800 -27 -1061 -939 -93 -966 87 1123 -616 127 -370 -112 -171 -229 -704 -83 198 82 -617 307 -743 -815 794 1295 568 186 -57 -1141 -251 -1206 295 -548 199 72 1111 366 -179 1338 -717 -319 ]
[1224 -300 20 -157 444 -767 -67 767 -102 503 -516 697 -360 663 528 -340 -472 -401 -356 371 590 308 308 -245 -765 -139 536 -158 -125 883 -350 -259 841 -14 332 253 150 -183 -444 -493 -172 -464 -784 -343 -220 803 -889 -728 -191 -296 -216 741 -190 1055 148 -328 284 -384 -407 -634 -40 -309 -412 474 -3 23 -363 -222 426 -334 -109 832 -41 -571 -219 -763 322 427 -88 916 572 -138 -1228 125 -60 -34 269 964 -689 -310 772 150 195 73 248 -324 48 -155 428 364 247 75 -670 -339 -562 -395 -221 -598 -267 620 357 -455 -109 959 -584 ]
[-314 -206 283 866 383 -86 -335 623 375 -19 687 34 -108 98 -1515 455 -679 -308 747 368 -87 -26 74 82 -189 358 -298 172 882 -439 598 4 -721 140 -870 324 -425 -195 60 -290 834 -398 538 718 -198 471 -914 139 939 -835 -879 -289 -157 -558 -92 -326 428 115 206 -751 424 457 -1000 -57 -588 -13 988 392 -350 -303 591 -479 777 398 -52 323 -282 621 -670 -111 -724 621 -153 354 1083 341 -136 604 -36 -129 73 -1133 -333 -311 -686 81 1264 21 708 -224 -818 -188 490 676 -1011 300 -615 -494 -756 595 -330 496 734 -698 -284 ]
[-57 -239 211 248 -21 -511 -314 -287 866 120 -161 -1284 -475 -309 203 -325 114 -67 51 387 -426 370 -145 247 32 193 1096 516 -46 360 -487 -213 -288 449 448 -155 293 222 -381 -444 -332 -421 -132 -392 -217 328 -360 165 150 279 30 429 -245 -126 607 427 55 251 -325 496 -2 -310 -364 290 337 618 -644 -554 -92 -551 -253 237 -355 -566 44 -653 532 -1352 -170 364 662 -39 121 -369 -301 -137 -77 414 372 958 188 303 -178 227 834 -323 -1030 -1017 -565 -439 -882 -490 -211 512 -120 299 358 -851 178 180 -213 -759 -1352 -165 -202 ]
[503 346 -250 33 1262 543 -351 -110 621 -323 432 -85 916 -123 -117 144 542 -591 -245 -557 -100 46 -338 -335 489 310 -258 556 798 -51 222 232 -743 464 -849 -78 152 215 218 -307 717 391 884 352 -157 833 175 683 -1348 326 101 -682 -910 799 604 92 -479 -598 480 -139 -258 -867 108 -472 251 153 -335 703 278 281 -515 -603 -669 119 -259 -33 16 634 271 -269 511 342 57 861 -562 225 -733 -309 -541 207 295 -167 108 772 -176 -333 758 -401 -659 -1137 -217 -635 659 -18 1389 -4 -303 -1178 -878 -701 -222 -254 830 266 479 ]
[506 815 -310 349 -272 1365 -197 663 196 2 -588 -202 403 -870 278 531 -942 170 -17 803 173 49 -283 384 182 700 633 23 -317 -555 87 207 -265 -346 -1111 645 -630 197 126 612 -323 -1392 -638 -178 -563 870 -112 -211 998 396 -364 -882 -214 -1337 596 68 288 950 -1623 -408 -496 775 -193 -314 -874 -107 547 -369 393 -1 -571 561 311 -86 -618 -685 750 -365 166 104 112 293 63 -18 -584 815 -155 -69 602 -358 137 130 347 -282 73 774 390 -95 -104 -537 -553 180 515 288 -410 474 -906 -575 -143 -240 -275 -396 646 -272 637 ]
]
