[[-139 467 200 549 -362 -198 147 429 -518 -428 425 -455 375 699 90 247 53 116 -5 -180 -20 -175 -424 -350 -60 -422 919 203 -549 -625 -195 -166 698 39 281 169 -208 -245 -260 456 94 -76 -296 -661 -411 -490 257 521 347 -430 254 1054 553 -267 -553 -400 -130 -658 -360 270 330 335 334 -359 -730 182 -166 86 -193 -138 507 -459 28 -79 260 -118 -668 335 368 364 -389 147 -203 -607 241 -796 -518 -48 -304 -213 562 -88 -487 -258 -280 -721 770 114 -168 366 356 -149 35 113 -81 219 -219 -511 -617 336 -255 260 29 -589 -446 ]
[579 1 256 -191 677 -169 -415 -201 -134 -336 -405 164 -318 -1 538 31 -332 238 384 -9 -258 -237 197 352 -469 -550 85 -162 703 242 218 211 -641 -397 391 -61 195 -10 -140 -660 513 -718 -434 -315 470 735 166 -109 130 -205 598 17 849 189 -375 268 -31 721 -625 722 211 -650 11 1025 978 230 209 218 -73 -319 -673 469 12 -41 110 439 -68 -615 -81 -621 156 -247 -221 447 -351 162 678 -10 -472 321 365 605 646 33 -15 51 -22 899 -25 374 -993 -936 -232 241 237 170 -170 321 539 -1 -313 272 171 -358 -47 ]
[-1 753 -210 -333 -141 -299 289 -592 -404 378 -203 295 -37 608 -197 53 -509 1114 -460 -141 -35 -270 119 -296 -711 107 -106 640 -820 -524 -555 -513 254 -165 -216 145 -166 -426 -707 836 -1 600 -478 558 -771 -603 -417 237 259 -166 97 3 -871 394 -164 -613 -798 -155 -505 -530 -455 -432 -218 -373 -1111 457 -664 -447 100 139 251 -265 56 -281 -187 57 -609 653 -71 -166 -300 653 -403 -536 -369 -591 -799 47 629 293 30 -535 -391 -37 -542 -978 -65 114 376 -98 481 80 165 428 -2 346 -400 -252 -513 -183 318 353 133 58 -623 ]
[-31 -108 610 372 -116 696 -214 137 -198 200 349 -948 -50 308 990 -763 184 -547 -135 411 415 -1025 -642 -701 368 121 68 -135 -423 -63 220 -245 -196 125 365 179 260 198 637 247 882 420 741 265 312 557 -533 -268 -109 206 -356 -84 -76 6 652 -365 391 -541 -229 145 -186 302 98 -290 -201 -673 8 -647 106 56 73 -106 -9 -565 158 473 -134 -262 96 223 -109 32 147 525 -82 593 -201 213 862 -216 -512 -58 -336 -70 418 -103 -400 -633 -185 -654 943 533 358 -911 -161 60 60 331 172 -734 524 398 -604 333 -393 ]
[70 248 -773 -723 -194 568 405 -182 458 350 -679 390 -495 336 -1216 457 16 322 -190 18 174 922 886 -311 -77 164 -464 798 742 -153 -440 122 -340 -1033 -173 -50 -5 -149 -410 -393 -773 143 -619 438 354 -927 393 70 -182 586 -646 -564 -790 314 -218 257 -541 363 979 -541 -48 184 -23 -138 182 797 -421 -664 541 752 -124 315 90 863 400 -396 245 97 -229 130 -184 525 161 314 -244 45 -695 -151 484 42 -671 -678 399 -364 -376 162 10 -500 120 216 -49 916 -303 210 -715 -316 695 -762 453 -357 165 -647 -2 364 74 ]
[-188 217 312 -287 -235 388 -194 415 56 194 483 106 -355 -846 459 -450 819 -787 851 122 251 -513 -1048 -190 381 -193 712 98 778 -125 504 -536 -713 385 590 439 369 437 172 513 660 -864 308 -490 276 552 422 -46 111 250 -191 299 41 349 638 337 158 262 -605 410 533 594 -359 -69 -158 -84 660 -938 -377 -447 121 128 -5 -363 539 -279 -5 -65 902 -95 -193 -759 -185 271 -683 262 543 457 -29 -219 -156 -91 197 -626 -125 378 323 -449 -153 -12 166 934 223 134 -429 -244 -283 172 395 -1164 47 470 27 -313 -182 ]
[-53 906 -178 1181 -289 601 -209 -600 -212 284 -415 -379 51 197 -373 329 -375 127 -696 -774 552 479 300 159 442 -380 -586 575 -406 169 353 -419 -54 -206 -249 -39 -325 -2 248 -429 -768 -276 236 -257 514 -388 -318 -639 564 -121 -126 48 246 -698 30 -148 -547 -330 521 118 14 310 558 -445 -246 279 -658 17 -42 760 -216 456 305 776 415 -127 269 -730 -170 -6 24 457 586 538 174 -593 -242 81 -611 186 315 -46 -274 266 742 -121 -182 -305 153 966 542 -647 -62 -223 -9 -447 150 -280 160 573 222 -313 364 316 196 ]
[-496 164 -551 289 -806 -16 459 281 122 -725 680 303 581 -372 -273 -191 -189 282 -189 -257 -115 908 -599 58 282 73 -103 -13 -990 -228 -5 -375 296 548 -748 194 -271 -275 -112 791 -1002 -79 98 -704 100 -603 526 318 349 -45 196 469 -263 -134 523 -332 -66 346 638 -270 282 25 -71 -888 -96 -37 -497 417 -775 110 7 -345 418 510 212 -189 832 353 -268 -416 -174 -305 423 2 660 121 -224 -436 -150 -501 937 167 -577 -6 493 593 -485 -49 412 950 1131 -435 713 519 264 675 -339 324 -463 1132 -627 -605 894 280 -74 ]
[-743 52 165 79 -403 406 212 -594 -754 519 184 26 -246 -220 -340 1079 -402 -216 70 -185 797 471 671 68 807 235 -998 6 295 99 222 -671 343 -241 -178 -382 -271 -470 81 -778 -235 -899 291 -70 502 -759 -198 -464 -67 112 -308 -633 -458 -54 -500 282 -350 -551 -31 -589 259 1190 588 360 -231 -622 -176 53 469 445 -170 231 -120 7 718 -927 220 52 -96 242 181 308 -86 159 -79 -145 15 60 -476 -124 -204 -476 -450 327 -646 185 -87 141 -231 457 -585 124 -114 -329 -667 -225 111 -691 175 466 -114 -243 341 -535 162 ]
[-450 -283 438 -932 -125 2 -630 -535 758 304 230 130 104 -166 283 524 -85 -843 636 806 403 -206 -287 636 289 506 571 -790 -175 -185 -465 30 -103 720 -321 -815 -565 -226 158 819 420 5 320 604 -304 -711 372 -265 -290 392 -19 -548 -459 283 186 13 462 -518 -749 -486 357 469 -27 139 -6 -1011 177 41 457 -935 867 -894 -997 -516 -55 -398 -191 212 282 446 672 -272 -374 -718 335 -157 321 395 24 114 -640 131 -697 274 -1113 355 167 230 -182 -212 -258 306 14 -164 -295 257 49 394 -59 -121 -217 348 -278 -345 -6 ]
[72 -77 640 502 -330 27 -967 209 -431 590 613 -458 151 -57 565 453 -572 -845 45 -76 497 69 287 237 131 248 -1004 -343 -403 571 495 199 141 -96 212 -359 -523 250 307 -415 524 202 1150 297 6 -62 -166 -838 -511 453 118 -24 273 -712 -621 170 159 -756 -112 370 409 890 263 -153 2 -891 -29 636 -139 80 421 -488 -451 -609 402 116 119 -742 567 818 134 -28 535 984 786 190 -212 201 -247 -227 -559 126 -179 1049 -137 312 69 502 -216 170 -649 -164 -309 -308 -246 -82 654 385 -191 612 131 530 445 648 759 ]
[-330 37 76 -472 -143 409 -487 6 -25 317 129 -40 -241 -656 -408 989 -420 -147 -113 -10 840 433 1032 28 -36 481 -102 -30 51 1044 480 -108 -160 227 224 -312 -829 141 -56 -385 -447 378 -71 132 448 -1470 634 31 -345 -132 -497 -451 -90 210 37 547 -339 -59 282 -56 661 230 152 225 -172 -200 -544 150 593 321 226 -294 -347 738 104 -938 630 -585 -9 609 33 265 285 532 347 -186 -284 225 40 -674 -463 -375 193 453 -611 661 67 0 -182 1184 -694 -196 -439 -156 -968 226 415 227 110 603 -969 -78 536 731 430 ]
[353 -600 -516 -966 285 427 -496 15 1361 708 -203 4 -243 -418 -185 -401 701 -802 1445 314 -167 609 -275 645 255 -2 648 213 785 -535 -687 366 -927 43 -98 -78 295 196 -142 -26 -228 -120 -364 226 -112 -4 514 -215 -139 660 -504 -797 -619 -198 920 -247 -324 614 490 -62 684 -378 2 -340 782 149 -4 -378 -117 -173 -57 231 127 -563 -703 153 36 -551 -611 33 443 -584 18 -180 -151 642 -222 -451 341 911 -150 -495 144 -375 67 750 -26 87 584 -560 481 1028 86 738 188 227 741 -131 283 -405 185 -114 181 30 -272 ]
[-275 -623 -135 469 -500 381 -73 1414 -385 -948 926 -928 708 481 114 -662 1109 -391 650 -355 -94 310 -912 -440 694 -128 833 24 -38 -821 162 577 722 -79 227 784 494 -560 435 882 -138 -601 -215 -526 -744 676 696 570 -406 84 -101 323 146 -403 134 -464 -265 -184 942 257 362 144 -125 -457 -497 -171 40 308 -727 260 -63 -168 482 -317 -461 403 -201 438 12 561 78 -448 574 280 892 513 -528 -685 527 -217 659 -973 85 -249 838 -71 1075 -419 -13 -523 927 424 585 130 403 -143 79 -641 -602 -20 -63 0 609 213 255 ]
[-132 757 29 1001 -276 82 -69 351 -220 -20 368 30 -227 -1023 148 228 -210 -561 -901 -189 380 -523 -276 -428 542 81 -733 -156 -140 814 429 -19 463 744 513 388 -246 814 234 -18 -446 87 356 -519 -328 -448 -245 86 117 132 -330 793 159 -502 -443 228 228 -794 -123 -109 177 1102 -266 -459 -713 -8 -144 191 -505 -247 340 -499 199 213 -378 -242 185 -22 881 352 -776 -916 343 216 471 -982 -442 725 -455 -723 -408 605 148 -113 422 172 -73 -1170 -678 604 331 -71 -410 -662 17 -550 -493 73 -1071 -468 83 -166 -327 1021 555 ]
[238 708 -424 -975 -438 -568 -143 -745 329 -387 -715 728 -234 585 -602 17 268 278 -856 576 -450 -157 -61 259 -744 -322 365 -106 -484 277 -641 440 -380 -301 -820 -1049 66 403 -124 371 -202 837 42 775 -121 -234 153 732 80 -678 382 430 12 344 -20 39 -73 524 -635 171 -311 -757 -67 -357 -190 420 165 -416 408 -369 260 -296 -796 1031 224 91 -261 168 -224 -346 -63 751 -222 -319 -659 285 508 619 66 202 32 606 -286 622 -724 235 176 153 224 145 181 -475 9 331 -227 233 -1 -665 69 116 209 -349 254 -174 -236 ]
[297 515 -280 293 -504 748 -416 152 -437 -141 -175 -583 -643 -194 22 301 -166 -777 -298 -518 13 -64 436 -426 957 51 644 21 -50 212 4 -99 -205 -156 78 61 81 -227 -172 -907 344 -11 -527 -243 410 -605 45 20 174 -143 -287 -238 -148 -64 740 -139 -437 -167 416 70 714 64 344 180 -273 246 -826 -378 236 -448 -1436 331 173 211 -254 -514 831 -1007 -1173 256 133 61 138 1275 -176 410 -318 434 332 -251 490 -404 -337 35 436 1058 -340 -222 24 195 574 -162 475 -321 162 932 -174 -771 -256 363 -781 -236 319 720 116 ]
[-718 -843 144 -717 949 -149 597 -406 -379 -187 126 -107 -22 381 249 -144 279 977 -11 729 41 -904 -237 -156 660 -185 -227 -756 709 376 -261 310 287 -115 395 488 471 41 947 -184 651 -27 -170 299 265 361 -595 510 -626 -371 -143 -531 58 703 -246 -253 -286 26 -231 -187 31 -503 -286 1054 31 -690 474 -394 443 -31 -160 25 1 146 -359 12 -693 782 158 -565 739 276 -719 -75 -401 383 879 -70 578 -232 -548 -446 527 -364 -65 -1019 232 637 -64 -384 -256 -218 -199 -519 -677 193 -533 190 945 -725 380 -11 -329 -371 160 ]
[236 -474 -22 313 195 806 -623 703 60 -905 752 -1277 -65 386 1160 -531 372 -969 861 694 -58 -691 -379 -177 103 87 209 -436 -668 -36 -737 820 314 -29 131 -621 -265 -47 602 664 -639 -268 286 409 331 152 466 396 -613 -85 124 -338 175 -529 322 -607 114 -23 380 48 763 -386 68 -446 750 -1426 -821 360 -116 354 175 -753 -456 -110 -516 649 -241 1 -612 522 -774 -266 1256 865 1031 457 -408 -342 733 139 133 -34 -217 596 -194 1266 -25 -90 211 -38 1063 -447 -145 256 -376 155 555 -427 -529 -36 -83 -372 366 215 -465 ]
[343 -159 -365 939 1440 -49 -276 -533 494 -120 95 -243 -283 550 431 154 -594 507 -429 -258 -666 -428 101 1160 -373 -582 28 -563 -713 139 -214 853 19 886 137 -131 -303 337 287 7 -237 -412 -628 -379 35 -417 -595 -396 703 -315 301 881 758 -1071 -676 -323 307 -175 -350 272 177 -81 602 114 -325 282 -73 603 394 115 613 -231 221 88 -834 779 -239 -762 21 -700 -13 225 142 -591 417 -1301 -182 -158 -1300 542 28 1188 72 -179 328 -198 -164 -54 -337 1147 -197 -1367 118 125 670 -290 -23 200 -4 313 126 -85 -553 122 -413 ]
[315 1022 108 236 920 492 -725 510 206 1025 208 -278 -71 -1964 528 -428 163 -382 730 -48 179 -590 -468 392 66 191 -504 3 585 1695 327 34 -949 883 331 26 303 1543 388 -418 -899 428 386 -346 220 252 -310 45 230 4 -110 -66 405 -311 1215 45 363 445 -389 838 883 -517 -662 -376 920 37 -25 -370 -592 371 -136 239 148 45 -793 -248 194 -889 502 -588 -620 -1665 86 780 -127 336 921 -336 -755 191 202 317 333 348 454 984 -189 539 524 581 272 -605 -1065 744 -167 -441 -712 1008 -703 -338 105 104 451 476 -230 ]
[380 181 226 201 231 625 -1214 -375 909 -103 213 -1289 539 1143 -241 -384 1303 -945 468 -330 107 -230 -583 147 686 65 1581 -302 40 -353 -300 1550 -545 -1 -134 -663 450 268 684 -22 995 187 -415 173 -708 302 -100 237 21 95 11 211 325 -208 199 -74 878 -1037 556 861 205 422 329 248 110 -328 977 106 1310 -617 -60 198 -496 -519 -192 535 -572 -1222 -167 868 852 247 -94 -76 199 714 536 -219 288 713 12 -72 -422 700 -95 246 698 -564 -405 -1372 -61 153 730 -498 790 -193 215 -597 183 -57 -346 331 -653 -338 -344 ]
[-727 -41 -311 -475 424 152 811 638 -623 -353 338 -16 151 -366 -234 367 -349 873 -356 -106 163 -125 -405 165 -331 892 -17 210 -573 15 484 -851 875 1252 -696 -443 -111 -1029 -519 1513 -649 -273 -425 196 -822 -915 830 -15 156 -270 -323 614 -816 120 643 -620 545 -44 -818 -970 -161 -199 -495 296 -1952 427 -514 116 257 136 238 -523 -303 -138 -804 -889 32 1105 371 -410 25 77 233 -313 336 -779 -52 -404 -81 -276 152 -609 -56 -234 -705 76 475 -511 -27 364 620 -626 125 695 -448 -287 -755 216 -1106 160 -94 776 451 -47 -349 ]
[-478 -766 -261 -934 -385 -1409 462 65 -485 123 241 980 -279 -231 -9 -233 411 -185 -47 347 -361 -806 -948 -103 240 162 174 -731 -256 252 481 -492 470 686 -679 424 313 707 -301 336 663 1281 756 954 -1304 283 -404 290 -228 -771 9 28 -855 186 -263 -11 370 118 201 -413 -720 57 -702 -376 -1369 -462 877 -279 292 -731 90 679 -72 -293 48 -441 241 633 138 851 490 1096 -31 176 -340 304 303 782 1017 -64 -99 -491 89 206 151 145 -35 -131 304 -1753 155 778 194 -49 -87 383 -329 13 409 -54 80 560 148 598 773 ]
[62 241 150 -677 -375 276 478 -322 -450 22 502 133 -531 734 586 203 137 106 822 926 -165 -351 -249 -739 -153 -327 -907 600 -470 -320 -1048 -514 527 -1198 27 -450 326 224 -765 -110 -567 194 45 83 -713 -599 222 772 -421 115 -254 65 -1074 114 -630 -1015 325 -204 392 -393 101 431 -289 -286 -500 -317 -543 -265 5 327 -287 326 50 -161 -174 36 -473 975 69 204 -576 344 162 -5 -398 169 -920 -247 1418 595 643 -613 160 -44 -663 664 -475 332 207 -732 493 593 -246 818 -788 624 573 -1099 -1045 -163 310 -433 445 -142 -558 ]
[-268 252 -1175 -137 132 -308 554 -29 -13 -114 -315 591 640 -753 -527 -439 490 616 208 -846 -143 419 -1214 68 106 -306 5 783 236 45 51 -362 -93 739 -1254 515 420 154 -342 174 -1079 115 -375 -143 -777 371 152 866 857 -727 384 -171 -600 -434 1013 -598 -1959 769 725 -17 -250 -1313 -389 -459 -301 671 234 -54 -512 198 -941 1383 655 631 -64 -205 -11 374 -552 -161 372 383 140 -119 -400 -130 154 -54 -245 174 1164 -1199 270 -45 197 -937 226 455 996 62 1341 -787 370 843 528 -224 -611 -214 472 549 -185 65 829 -424 112 ]
[687 1117 -517 -80 -709 157 -283 252 708 70 -417 -252 491 561 -761 -352 -403 835 -1075 -622 110 76 -280 -588 -929 132 -560 1264 -1225 146 -21 97 -639 -432 -590 -489 -470 -473 82 201 434 478 296 150 -154 -228 305 2 794 934 -99 776 -635 119 530 -386 -427 188 -256 516 -780 7 -150 -485 -688 1249 -184 90 14 521 -410 -265 -277 457 544 650 309 -271 225 -225 -99 609 419 765 -538 625 -606 158 211 -497 -163 -146 -200 -124 -133 -87 -600 -189 529 703 972 -154 170 -188 440 162 402 590 -181 393 81 731 58 977 7 ]
[578 312 521 -273 232 143 397 4 -407 91 -752 706 -949 -208 224 -111 -496 -276 72 373 -801 637 -364 369 -202 -199 -375 60 540 317 191 -457 184 -170 -335 62 649 90 -738 -1201 -937 -278 -184 -738 -627 382 393 -329 -421 90 21 781 -312 -822 -530 163 1075 686 45 743 305 264 -6 156 207 1018 -257 -258 -988 -193 -1007 911 322 6 -236 3 517 108 -240 -661 -304 -754 -187 514 199 -130 215 -241 -179 175 677 684 586 91 136 841 191 533 105 -378 -149 -517 -471 643 223 -197 -301 -155 -818 472 -89 -355 533 -5 290 ]
[729 221 162 1140 966 715 -249 -547 24 -457 377 -660 -101 364 523 -599 -326 324 -1215 -449 -348 -34 450 440 -391 408 -66 -290 -383 343 -137 688 -46 102 474 347 -825 92 434 -164 594 1 -246 -113 104 460 -122 -1143 -472 196 629 605 267 -376 90 745 102 -617 272 629 27 -275 -632 1441 -222 -44 201 509 -148 -673 -673 -387 -285 -156 -443 675 699 -320 390 90 -414 -111 289 1385 1149 -452 201 -87 30 -661 24 709 990 663 142 -255 -110 -113 -738 11 -968 -1759 1122 -202 382 61 -424 1174 270 -377 -418 528 -359 981 190 ]
[173 -130 214 -344 -906 -247 33 731 -662 -1281 336 47 479 1044 -41 704 -377 504 660 115 586 110 411 -122 -440 -126 -392 2 -50 -518 266 334 -153 -914 375 -218 -105 -1087 -325 514 201 -390 -90 440 273 -650 813 1085 308 85 291 245 276 1194 -757 -276 144 683 -43 18 -247 287 281 -50 556 -189 -71 424 -255 668 304 -810 318 447 1510 352 185 78 74 148 -349 324 -68 114 712 943 -448 -291 -251 -714 -308 -161 -567 -542 -724 -128 593 632 -355 1335 -416 261 -103 -330 -84 87 547 -37 -113 616 -740 304 308 -477 -96 ]
[-385 576 196 955 -22 188 -501 -11 -137 -1259 812 -600 111 181 315 16 -232 -22 -670 -430 -320 -347 775 54 -121 140 1179 -782 -162 -272 -118 296 205 -190 762 -389 -745 -591 157 326 800 -1188 -1171 -990 890 199 487 -30 56 62 547 -181 1101 -2 -133 696 -132 -560 137 -21 -242 -281 -582 1191 140 -366 -219 726 838 -615 -484 -210 44 529 -171 -83 244 -17 -231 7 -313 391 -25 166 592 -356 -2 -5 -750 -180 580 869 538 104 147 350 -393 -158 -1058 375 -1136 -1149 1110 -668 137 280 -356 109 -520 43 -854 -183 -1072 83 134 ]
[-429 -332 -324 -854 -641 -50 -416 721 684 -1081 -785 643 317 -100 -243 -134 -120 -4 249 873 300 198 -675 35 -497 -434 776 169 899 -615 294 -53 -266 -335 -100 -317 -136 -958 -237 683 -332 -826 -407 -309 632 -55 1763 718 -73 633 -471 -38 1 328 -237 213 319 1018 -214 403 275 23 -193 44 889 169 -301 382 -459 -195 672 -483 338 1007 872 -94 187 286 689 88 565 11 544 161 485 142 -218 -19 61 -421 -553 660 928 -543 -310 311 348 231 428 277 548 458 -635 -1013 -614 -40 865 799 622 -160 -9 38 -85 426 454 ]
[289 552 -852 -744 -85 363 -939 -58 654 -23 -1097 -155 346 -43 -650 214 -324 337 -484 -3 162 737 304 119 374 -556 -269 -584 395 541 -552 1087 -203 -846 -698 -158 216 300 243 -276 -1495 529 -602 42 20 -236 -431 546 -64 -143 132 -976 393 -261 -996 157 -992 -34 -109 606 602 31 698 -194 1483 843 -627 67 -455 459 17 -211 29 1278 43 539 -114 -314 443 -152 500 -566 253 -34 382 -310 -4 -204 209 121 -198 569 -104 912 462 -131 570 278 428 326 142 -755 -1083 -690 432 -384 -35 -159 171 233 260 -764 670 779 251 ]
[327 140 -271 305 528 -881 280 -954 205 -1458 -47 1028 450 -59 267 154 -734 678 -96 265 -157 -100 307 119 -935 176 -781 -696 362 -423 -1025 203 7 -120 -308 -807 -594 -862 -739 249 -141 -446 -1109 579 -224 472 547 239 -177 201 965 -347 30 715 -285 252 -70 -209 299 -946 -1099 -963 -880 732 893 -1026 198 1178 211 -499 -385 -254 -234 215 -207 392 -354 546 -720 -232 -346 324 4 -515 217 -589 173 144 -621 499 679 275 356 580 -451 -119 -891 740 -402 99 -864 -1290 592 693 446 127 -322 581 -364 179 -872 103 -314 -525 226 ]
[-126 758 -214 496 -9 -485 -99 -69 6 -1413 -892 42 1038 182 -199 -236 -440 972 -400 64 -712 331 -366 398 394 122 726 -354 149 -271 -519 426 152 -212 -231 -31 -402 -730 650 726 -290 -853 -503 475 470 432 231 298 234 159 926 57 880 610 856 -135 624 76 68 -325 -44 -769 -476 32 1435 -1042 73 666 -271 -420 -60 -840 -502 745 -186 -232 88 460 -326 -307 805 -428 143 -152 496 -402 1299 73 -1039 272 770 727 -743 166 400 20 58 859 806 493 628 -567 -582 232 390 146 -1042 166 394 656 56 -415 38 -313 425 ]
[222 -946 -726 -1269 468 90 599 1185 312 274 466 -301 -240 -16 495 124 -307 -181 409 218 -692 75 143 -211 -51 249 -20 -266 -25 241 -706 -70 -463 284 484 117 -596 192 -277 -435 764 352 -89 833 1138 -911 670 -51 221 308 136 326 -205 -219 1271 146 -792 911 76 -259 884 -191 166 40 581 129 161 -615 242 -152 -63 -643 8 -252 -23 83 747 -249 -398 322 12 278 467 909 -126 599 -477 -400 -164 -335 -436 -618 292 -901 -608 255 27 356 195 1220 -123 1117 86 827 -756 1090 519 455 881 41 87 638 170 533 -366 ]
[774 257 126 943 575 -237 -82 143 -6 203 -6 329 -105 -687 -59 -170 312 -527 5 -671 -221 -182 118 329 176 -288 90 -121 441 936 897 166 -28 1174 518 607 234 735 112 -427 742 251 702 181 227 395 -306 -742 -396 -527 507 741 123 -425 995 526 404 -219 127 998 15 -266 -625 490 -393 761 232 -273 -1219 -862 -350 -116 20 175 310 -6 446 -717 907 -52 1101 -92 491 1469 -182 -233 1621 975 -318 -695 -294 34 823 550 328 -38 417 -103 -88 91 -425 -544 580 8 231 -831 -308 1364 579 -544 259 1086 460 470 1156 ]
[-191 -819 -174 -278 -711 -637 649 109 132 -892 471 -130 292 -353 -363 111 172 -520 340 235 514 770 -200 205 273 161 1005 -690 -281 -636 376 138 111 864 -363 -396 -69 87 -892 -119 84 1030 -36 -510 -631 -728 578 383 550 -1084 -254 629 -1 368 412 -320 1135 -1100 129 -105 -902 -291 68 195 -170 355 68 1016 164 -627 -72 79 125 -191 823 -527 536 -87 -655 830 5 301 253 -943 570 125 84 24 -120 -173 484 126 -733 -60 302 496 -558 -619 10 -829 594 -105 771 -208 955 823 216 176 -300 1240 -1292 494 -110 -631 -248 ]
[-75 -847 -386 -1084 -1254 797 162 946 -700 -608 117 544 -41 -763 259 524 313 -612 -85 601 96 1316 318 -586 146 599 -1039 901 1022 -316 279 -267 227 -444 -92 33 691 -290 -845 279 -250 -520 -29 -42 -366 -722 1466 1043 -567 578 -493 -129 -1121 683 635 -349 -72 -44 69 -773 105 -92 -531 37 -276 577 -147 588 -276 24 -404 267 -73 -454 -519 -579 674 709 178 234 -138 -924 466 76 17 89 -991 251 627 -167 51 -750 562 -833 -783 504 -472 -357 -290 -437 479 1221 111 397 -245 598 713 -1320 -545 -333 219 -744 246 537 219 ]
[-527 -150 215 -407 -208 313 -1056 727 40 893 -28 -109 -555 -49 689 278 -133 -1937 166 671 -426 -827 400 115 255 -102 551 -1055 -209 957 61 1133 -567 7 -86 -221 730 290 387 -1108 364 381 -139 -306 -145 391 -120 322 247 523 -679 -454 -34 -318 -188 986 909 144 -111 899 20 531 226 320 59 -230 147 -169 503 -404 201 472 18 273 -832 115 700 -666 -310 406 574 -423 -250 431 -316 1236 -272 -300 -553 108 -156 152 342 7 440 1368 -152 342 492 -816 -162 1153 -530 -603 563 452 234 45 -999 -288 132 -224 -212 1170 121 ]
[-1182 922 285 339 -356 -24 631 -401 -962 -564 -449 84 -806 -330 161 58 -336 209 -101 -15 62 -837 -279 318 1275 -5 185 -383 83 488 538 -484 -39 -288 506 573 -239 -327 697 -479 -485 -1689 77 -487 640 508 -297 178 321 -322 -134 -405 -56 414 318 664 -39 1224 847 -85 377 447 -472 193 569 -1086 -24 -127 -452 -459 -792 655 721 886 133 -425 1016 167 -779 -173 -100 181 255 1093 462 624 451 4 -835 -210 669 168 8 -401 490 1099 4 85 236 1064 -159 -186 230 -330 -72 275 -1009 8 278 -32 -629 -373 432 808 745 ]
[-910 -444 -451 613 267 -424 1021 82 -306 362 1117 -236 -416 -805 -17 -288 308 887 303 -5 -241 -1253 -87 438 242 -134 -487 217 -1129 105 -259 -828 862 398 689 -209 -15 -394 6 261 -133 -594 -104 -626 177 -533 -364 488 -262 -582 -1625 739 -741 179 403 -597 -490 454 -682 -514 1125 508 768 -353 -1978 -691 -984 -175 -1027 -140 238 -745 1146 -399 -1024 -575 -623 917 262 -996 -960 540 270 -186 -712 -332 -636 -286 65 -514 388 -461 -115 -343 -366 891 -367 -76 354 208 1028 94 156 302 -807 620 45 84 -1273 -330 -237 450 1013 -80 -274 ]
[-162 -476 -333 635 -291 167 146 1067 -245 -936 526 -91 -341 -1026 7 -172 684 -538 229 -110 299 -355 103 104 489 357 -55 -471 376 176 154 -164 489 476 -50 130 125 -1148 975 693 -3 -1366 -115 -123 320 -27 6 286 -64 -95 -530 -537 107 1146 -124 408 499 -188 -794 -591 336 379 296 21 -970 -801 10 130 -583 502 89 -840 -169 -221 -789 -161 435 -105 -489 -761 -373 -397 -619 141 -109 554 605 -3 -534 -505 -226 -115 -986 -569 -475 1104 -100 -642 -272 583 -18 9 554 -57 -133 171 -142 37 -273 -704 -335 -147 336 -269 -456 ]
[120 943 -462 833 -509 356 -210 -246 760 -131 -716 -153 -262 949 -270 410 408 -1846 -716 442 188 230 492 147 632 -486 987 -186 15 -499 -541 838 -39 -94 -594 -522 275 -382 128 -262 -318 614 -166 355 5 -320 -267 338 391 -181 -127 -147 435 -766 -217 401 565 -582 383 -35 -50 140 808 -1102 280 186 -324 -179 36 -811 359 -89 -60 388 -794 614 -300 -1344 -933 254 720 28 -146 -93 375 -252 -296 142 -616 890 -24 521 -597 331 305 -182 490 -1523 -695 32 226 186 464 -959 920 -556 82 -1022 -481 -762 393 -387 -822 533 -512 ]
[-1260 492 383 465 -428 -209 -58 -529 -951 -5 1381 116 339 1379 323 -484 -185 -27 -948 274 -276 -23 -558 -52 703 -496 -282 -970 -1105 -155 -418 343 829 467 -576 174 992 -769 31 331 336 511 -244 -306 -382 158 -1036 760 -238 -46 139 89 -145 -101 -664 -379 267 -468 -208 -32 -287 76 531 -826 -730 -536 -687 -450 505 -13 396 -272 377 -325 28 530 -482 318 -551 -845 719 434 -1251 -236 42 731 308 -519 309 111 350 99 -896 623 235 -816 -285 616 127 -158 1060 -323 732 -738 271 321 -932 -205 -878 841 410 -202 -207 -363 -824 ]
[167 -327 -137 486 958 204 121 26 -320 -245 -419 97 -948 29 927 397 352 -564 -150 478 -937 -471 -6 1145 504 -679 134 -775 -45 961 274 870 356 325 -55 -182 579 849 303 -1001 -296 257 492 404 -593 216 -684 180 169 -747 119 368 318 -129 396 -113 511 30 -70 649 148 -539 593 567 -694 -19 761 -71 -370 -1012 -272 501 -124 612 -505 150 862 -539 29 82 973 108 91 512 42 -69 678 526 -557 -180 -91 213 288 -32 -163 448 103 327 359 458 -36 -1063 76 -222 227 205 236 133 720 484 241 217 -97 378 121 ]
[-980 788 299 -468 138 96 89 -1480 -19 -32 233 195 -157 36 238 105 -734 1227 -781 358 461 20 -254 887 -923 65 -436 196 -672 -161 126 26 -667 -16 -685 -1387 -583 -286 -56 738 164 -80 -18 -479 -50 -362 -169 -169 379 54 311 395 -48 -253 -239 100 -52 300 -957 74 234 -462 -14 452 -552 176 1 426 479 -336 392 -93 -265 -336 32 330 -586 121 -30 -1175 -62 -394 -4 -448 87 243 187 -292 -996 79 -9 1063 384 1058 -784 -708 -12 -625 -428 1227 -993 -1704 793 265 267 245 -823 166 -341 129 -91 -158 85 -102 -717 ]
[-428 472 -132 -817 -560 441 -442 471 411 405 -18 -202 9 83 533 -378 264 42 -32 602 -55 -197 34 -69 292 264 1105 -98 127 -253 -373 -78 -1082 -382 127 307 -16 395 -101 368 951 710 -86 -402 -115 -1183 -243 894 876 464 -194 128 -129 595 513 121 905 -609 -834 304 698 414 -670 -81 337 358 898 -297 542 -135 354 -27 -356 -452 -377 88 174 -287 851 53 -278 -521 -769 -721 -171 710 -52 -119 70 34 299 709 -309 -520 59 124 -310 -85 89 -484 -180 1276 428 -376 181 1046 -149 -148 -166 -1057 67 -162 -995 651 -1059 ]
[-69 654 2 426 -208 317 58 245 -330 177 797 -600 235 -432 -922 899 872 -1040 582 -447 1415 672 569 -358 323 -50 -160 1091 907 -110 188 -58 151 50 322 -829 71 424 -601 81 -660 -172 134 -255 310 -1122 122 430 -284 -355 -162 369 65 76 -340 368 764 -1015 -151 94 826 906 486 -218 414 205 -314 586 279 15 708 -1163 10 -632 1010 -804 -611 -517 976 534 -178 -867 532 -265 -218 -496 484 -352 63 -189 -468 -155 -179 104 -713 -95 1018 -1179 -669 795 -573 245 -749 255 -371 -578 255 -387 -538 -426 270 279 305 -631 -1013 ]
[-500 -570 362 86 -84 -365 247 1188 -1010 -527 61 -153 -96 4 -12 -51 -99 -104 -258 -366 -496 24 317 -276 72 649 407 84 695 338 692 1230 627 438 670 418 462 -184 210 -327 827 122 -102 -388 -391 -547 -190 1020 -427 186 222 938 14 100 251 224 -355 143 342 686 561 -141 -310 698 -436 15 343 200 -352 -302 -192 -780 143 40 321 -330 356 479 133 329 254 -792 -66 268 854 888 181 237 399 -2116 -515 -76 592 -76 87 -717 1009 365 -151 197 2 156 169 -797 53 239 -208 30 5 201 -248 69 -136 404 946 ]
[624 853 -384 -636 -531 779 -916 -65 -41 -691 692 -106 42 789 -324 425 543 403 600 -106 60 390 -345 457 180 -598 690 -123 510 -962 -365 107 -496 -399 13 -611 -375 -319 -391 760 240 -959 -824 422 -99 -115 643 301 265 251 1160 25 511 468 -313 -38 -161 802 -554 127 189 294 -11 -370 508 878 202 -93 110 -40 -260 132 -19 -336 153 542 -67 -297 294 -194 356 -649 216 573 58 164 -154 -156 -877 793 369 -23 -270 140 -852 208 763 -406 -802 809 -523 -123 297 538 13 -476 -847 -822 -168 17 108 192 254 -149 -668 ]
[-499 52 283 -784 5 -231 204 228 94 -468 246 -188 308 -1240 939 -925 -65 -178 -293 266 78 -959 -1557 -812 486 487 -1016 -573 335 490 -762 -19 39 392 -181 -185 9 66 837 9 841 -944 449 -306 847 628 -385 497 -122 395 -51 70 -707 97 758 78 54 -381 -880 214 681 339 -431 109 795 -902 290 196 -399 -506 23 -708 -366 -564 416 34 0 599 87 -539 116 -1140 236 157 -435 387 985 196 -137 -667 -325 775 -298 -75 -982 534 -951 308 104 185 104 -134 304 435 61 1151 -741 1105 269 -417 -59 -73 111 161 315 ]
[-340 -433 -251 307 210 182 694 454 676 445 -234 670 -55 -395 503 -258 374 -1057 -76 909 -62 300 -23 456 -57 4 923 -255 145 -261 397 -404 -421 672 -324 931 462 48 60 -275 -52 329 647 36 -12 717 62 -490 533 534 -308 31 -337 -163 709 843 789 563 -469 -178 -514 -270 60 -176 378 71 1131 -642 -635 -944 752 139 -443 -357 -139 -158 962 351 -25 14 407 -1065 -821 -607 -51 265 384 -434 -310 -211 -465 685 273 -361 41 -308 -253 -472 278 -147 85 676 808 -214 711 -508 13 903 511 -556 568 337 -1100 -282 -559 ]
[-9 153 59 -274 -425 -282 -545 -266 270 -366 -250 777 -565 765 -456 287 669 -300 757 -487 -625 215 -377 967 47 -747 850 -230 -636 -1291 -569 17 135 626 -769 -377 -204 -599 -753 1563 -636 -207 -1042 569 -1404 -649 371 -413 644 -10 358 261 -523 -34 117 -427 -652 1123 -90 -572 -53 -228 94 -979 -1518 1341 -804 -770 -295 -172 212 -124 997 -80 -214 666 158 354 -425 -282 -130 -378 370 -350 491 -207 -816 -227 108 656 855 -460 -384 -832 987 692 1086 -616 -92 325 512 471 303 1066 815 620 -304 -585 -794 -11 75 -544 872 561 -135 ]
[-269 -1115 -56 133 -420 -212 1089 965 65 -323 -82 -182 -71 -449 -683 -49 941 -1249 82 -563 748 161 284 -425 735 981 -138 -463 778 -405 262 -82 216 307 -40 -446 586 -878 -158 -1223 361 47 521 -254 126 611 492 -140 86 85 -936 44 418 767 457 185 -48 -58 413 -671 -831 133 6 604 89 77 987 310 634 -132 -335 533 -285 -184 496 -453 90 196 -643 583 -286 -143 139 -567 -82 572 407 22 194 -443 -607 -968 337 -842 335 146 -460 -917 -526 -972 86 1244 318 -407 148 87 842 20 309 182 -539 125 -1007 -470 540 ]
[-529 -630 -174 -858 336 -188 1076 -333 -234 -312 -598 12 441 1142 -492 640 -400 323 -154 936 1132 505 336 -379 152 -197 -1175 -449 962 -18 29 -193 301 -359 -559 -461 -167 -737 -197 -683 -421 -77 39 302 -357 -400 790 135 -82 237 -323 476 -109 -247 -929 867 788 -199 574 -94 -453 593 355 909 382 -428 486 198 446 573 153 512 -202 449 523 -24 -172 99 289 406 -186 117 -143 56 912 421 40 -1087 -272 -61 -129 -225 894 -6 -244 -498 279 374 163 -294 -967 418 -249 -521 -563 -222 91 98 273 352 -596 233 153 -309 -144 ]
[93 -965 -131 140 845 -138 -3 1282 -518 35 -415 -1002 -65 914 -203 601 -290 47 300 140 215 -26 445 -131 -297 -360 1119 423 188 15 784 409 -94 100 -196 580 -229 -211 -16 -586 30 825 -516 225 -374 -107 188 -462 -236 -217 -305 -106 531 -565 -590 -503 -180 -194 72 242 566 -430 786 20 -411 380 -497 128 488 628 14 236 -534 -50 -301 -338 -526 -374 -510 609 249 1442 195 259 -48 -290 -533 -22 429 -357 -213 -1125 139 -94 749 -800 1318 309 190 -90 483 -308 -1096 -109 6 -669 477 -431 436 -28 -511 1087 -76 -261 -47 ]
[-43 -542 356 374 89 -783 549 -419 -973 417 249 469 -630 -425 142 -269 -364 348 -420 65 -642 442 767 502 -405 26 -910 218 -260 375 -53 -809 1164 21 271 400 -141 -303 -226 -753 287 440 325 464 -348 -518 -1437 -343 -476 -247 -693 176 -431 -304 -22 -138 534 -260 -528 -288 -262 609 577 30 -1331 -475 -426 26 -1129 162 -137 -713 291 -771 -303 -511 375 870 153 -21 714 -164 -190 153 -626 -860 790 716 297 -469 684 280 -256 779 145 238 -273 645 317 -95 -579 276 -384 -119 -133 -198 -17 -18 135 275 903 -67 736 307 1003 ]
[26 659 -885 37 28 639 -271 -67 507 -294 -831 232 365 -194 -388 -156 -613 837 -678 -458 260 514 -129 89 -404 -293 -564 313 -215 -367 -660 -135 202 53 -472 567 -1054 -418 -217 1331 -1432 -993 -652 -190 -339 488 162 -623 565 440 623 -535 -129 424 -305 418 -295 689 -529 193 13 -241 -610 -191 1345 1463 -928 409 -639 408 228 -641 83 205 75 750 501 560 683 -729 -1037 -610 464 467 897 -621 91 -705 -697 751 511 345 117 120 -103 297 363 234 444 1060 -436 -1205 -206 641 369 -536 -560 1000 500 -469 16 -295 818 799 -198 ]
[29 -1136 -666 -198 -258 271 -127 -182 171 -82 479 88 37 51 45 -236 271 548 -1003 766 -1093 1036 975 -29 30 402 -690 -92 -369 735 -268 991 263 -653 412 185 257 786 137 -803 630 1136 333 570 102 -781 -340 129 -1022 -33 -284 76 -909 430 1036 210 417 -812 486 -187 -72 71 49 215 27 -18 295 274 230 -463 -491 -546 -23 165 -399 -138 698 -75 -139 209 572 863 -187 417 92 1074 -257 -3 1153 -650 267 158 90 1174 196 653 -642 -217 -183 -410 144 -292 1236 -665 -421 652 897 -220 482 296 51 100 377 636 73 ]
[103 -47 -300 -357 -556 -204 462 669 -64 -324 127 -101 -513 870 438 152 413 -1173 98 882 191 -87 -853 -142 737 -405 -150 -574 638 -713 -236 -3 112 -381 282 -281 384 720 -464 -165 561 1016 1321 1160 191 -395 51 123 -169 321 106 1102 1257 309 -402 -49 1135 31 -360 310 252 426 340 -565 682 -313 267 -896 -527 -834 1172 -462 -860 -44 1469 -15 104 143 732 535 -13 -590 783 1181 576 147 431 526 289 -263 -966 352 -346 -645 -3 -140 189 -422 -51 -592 1021 1541 -1225 197 -1096 -137 111 34 510 -787 1350 654 -249 97 29 ]
[545 183 197 576 704 656 289 -334 -401 -77 -417 -188 72 379 791 -405 -357 1053 -1122 -207 -306 -587 -618 26 22 -427 -832 26 -903 -248 -116 -116 359 133 -115 34 -112 -357 -192 -171 538 -596 36 250 661 903 -478 -679 173 225 383 421 164 -298 451 -853 -353 43 -1132 211 17 -596 219 550 186 397 -676 -502 -673 -112 -1096 -155 284 -251 490 760 -137 134 197 -1320 -408 16 -6 889 436 -234 172 -78 -173 -70 -184 915 -268 160 108 -648 -471 506 -360 43 522 -1663 373 -286 400 71 -93 395 234 155 225 432 -180 -688 -248 ]
[1122 -123 48 -821 -322 -461 27 372 -358 -1236 -81 440 -157 -62 225 596 -611 344 817 308 -206 109 1028 -791 -1026 -6 44 434 36 613 -409 -540 162 -1111 316 -534 192 -158 -37 -766 233 -71 -788 117 -76 -461 600 736 238 -255 360 -101 792 963 -228 -122 -641 530 -417 -204 -355 -662 166 983 358 -39 9 261 -240 -551 -1089 -444 -265 656 -82 -337 273 405 -844 -327 213 -138 -677 -209 -709 788 -268 202 347 -652 415 82 -1 -317 -678 492 -14 414 -8 1228 -355 75 31 608 -297 1249 355 -398 -482 798 -96 -167 795 -709 -300 ]
[1520 968 235 -24 -1125 94 -855 -58 807 394 -1173 -11 -683 420 -920 371 18 -699 -7 96 -151 376 646 888 286 -562 608 -55 898 -71 -136 673 -1085 -961 754 -281 -420 -50 102 -1361 -198 -270 348 -226 -120 247 500 -815 257 522 160 737 893 -148 -389 1008 192 776 -381 847 273 939 399 -400 1157 1318 329 -289 -913 -878 -141 57 -779 475 343 624 363 -501 251 343 19 -1137 301 209 287 552 42 738 -1209 171 97 847 -124 -120 360 790 1127 -305 -434 488 -356 602 -586 -652 570 -843 150 -771 -599 -412 467 509 -9 346 781 ]
[650 -632 -1 166 1980 -350 197 -402 -166 909 -331 39 -466 69 -213 755 -980 856 491 264 -397 -814 885 175 -1035 67 -545 -191 544 123 27 309 284 -306 -91 -372 423 -679 -348 -1608 -655 -227 -822 -123 -237 268 -444 -281 -243 171 -97 -92 -163 -417 -788 -289 487 199 -341 328 -476 -121 383 1050 -509 173 44 258 353 576 -670 323 207 86 -1003 180 17 -221 -724 -554 293 -147 -667 -292 -850 -191 -599 -490 -236 117 346 -171 297 46 -208 164 -535 1277 33 -449 -790 -787 -759 -175 -19 -352 -61 159 -456 764 -284 82 -38 -475 -268 ]
[778 -335 365 452 -622 507 452 380 234 -357 -39 -277 -234 -374 399 -441 263 -1202 -634 706 -752 488 -79 -706 509 -299 -115 316 -514 -33 -724 -744 303 -178 202 -92 -453 1042 -325 -688 -56 306 712 247 678 719 -97 -915 -830 382 382 56 -108 -786 1460 98 -117 -602 283 -522 -39 696 207 -321 1311 75 -288 -552 -696 -492 -941 -387 -132 245 552 -189 949 828 51 434 -597 -15 485 793 29 36 -116 670 291 -708 595 403 -273 -62 904 719 -86 -693 -564 -124 975 359 27 -58 -155 -351 431 -246 -226 -230 554 -405 -466 -153 225 ]
[-472 -798 548 -270 405 300 -138 316 -126 581 298 96 129 -899 232 -630 384 106 109 236 281 247 -430 -991 147 391 -881 444 1141 117 768 -45 239 -94 530 1548 352 402 134 -26 376 -234 841 121 -75 504 65 -353 -1076 870 4 -240 -878 248 -153 1389 680 -403 -319 -22 420 906 -897 220 961 -1306 513 -91 -76 -156 244 -1 22 -1280 -6 -261 573 605 673 984 -556 -1464 71 1184 456 428 -251 -352 1406 -1000 -362 339 283 -28 -175 -264 -437 -676 65 -1655 -258 754 -993 -653 -600 -559 -1117 406 306 -1410 263 -25 -300 573 -401 ]
[-538 796 357 435 289 -126 -801 -690 803 253 -280 603 586 -844 -256 857 -423 -2 -109 -826 310 -372 354 210 672 198 -853 -69 -317 722 -31 -431 82 266 -861 -980 -913 -514 -1 -316 -894 -865 350 -395 1243 -398 -303 -424 785 130 499 -1234 678 -203 -23 114 762 212 -464 -49 305 -127 -311 1140 1235 218 -310 1026 787 -167 -534 83 -594 504 365 -50 -182 -354 195 -397 292 -264 -50 -307 -18 -269 1618 234 -1240 386 378 827 -224 735 -256 651 -549 433 -75 659 -1458 -1463 -801 -539 -228 -813 -145 536 -49 501 -553 -453 -216 -877 109 ]
[-153 484 100 958 91 320 455 -725 -446 -941 -301 428 380 1014 533 991 -309 -711 -242 922 146 -67 484 -154 632 50 -555 -578 -75 -466 232 -487 454 -2 -948 -1139 378 -96 -5 -466 -1019 66 518 938 243 16 558 148 28 -222 367 535 189 -529 137 -337 1898 -710 -27 -295 -482 253 164 13 445 -996 44 352 -268 -851 63 10 -357 256 -154 88 139 40 -334 101 411 -202 886 131 381 -479 253 11 -273 710 749 361 -590 296 439 581 -415 -26 27 -708 262 -247 -132 -306 171 -472 -249 -586 -1112 171 536 -266 139 -430 -67 ]
[620 369 289 -659 56 1088 -492 39 329 -254 -136 -704 -823 318 -434 -130 180 586 -541 -420 -596 1088 940 -157 -340 316 573 -106 -472 592 59 684 6 -1051 278 -623 -625 342 415 -880 -384 768 -126 -146 -126 256 149 -9 -462 -68 -225 487 970 -296 520 216 -59 14 277 1244 70 -193 328 69 161 857 -294 -14 442 180 -684 512 -601 874 -341 216 279 -161 -34 -1 -232 -278 707 685 261 256 -23 -188 89 -150 232 38 384 575 132 840 274 -485 -74 -73 -927 -206 -658 398 -87 -232 278 -752 -311 838 -684 -758 420 627 678 ]
[-139 -15 -459 -372 619 22 885 596 -644 187 -199 -4 232 -588 -189 -104 485 469 1245 -635 778 5 250 -137 -237 894 397 365 532 -311 174 -954 864 912 -402 642 -384 -352 132 34 -631 275 -305 682 -2134 -67 307 142 903 -661 -94 -413 -413 -2 510 -281 -197 -732 -591 -713 -1071 -149 -686 602 -1161 -100 777 568 406 761 -454 778 -168 -667 -1409 -895 -9 456 -9 707 267 -511 -315 -955 243 -567 29 -561 164 -90 309 -959 64 -182 -212 -1108 588 -789 272 -940 111 31 -551 41 509 -752 -1491 -421 -801 -34 -148 828 -169 -684 -766 ]
[161 -903 -175 -421 583 -162 -631 -320 228 234 -391 -93 192 493 -41 196 654 -343 -200 456 -218 67 -630 791 501 -369 -645 -823 862 476 -18 1135 822 749 -560 230 655 666 835 -205 -607 -89 5 625 -806 -367 -739 6 -603 -210 195 -836 -527 -454 -953 65 714 -177 256 480 670 151 -10 296 77 109 680 486 350 -270 779 -171 -34 -431 -647 400 -55 -375 -278 251 828 83 206 -236 822 277 941 -203 107 434 -515 248 -1 411 207 8 1033 304 -206 -510 -555 -677 -79 -439 244 -307 -157 217 546 -40 1057 -40 320 463 -299 ]
[-49 -432 1049 311 140 -97 61 -132 -556 397 822 -309 -101 172 984 -112 841 -345 749 -252 -565 -530 -215 268 -134 247 -278 -52 -1087 56 -34 297 1492 171 302 -586 -445 197 207 -404 -158 -882 926 -55 -283 129 -1357 883 -7 -820 104 -71 -645 -957 -171 -621 76 -414 -524 894 187 410 692 -646 -677 -766 364 1020 -265 265 142 -109 343 -988 -214 475 -142 524 -4 494 -493 588 950 -792 -326 -827 -417 209 3 381 50 171 -623 526 -1545 186 -177 144 -273 -675 -388 93 -237 -631 236 -16 537 -528 -174 695 -59 203 -319 -831 -743 ]
[392 -934 450 183 -21 -30 -429 -19 -378 686 -109 -92 -364 332 546 -630 103 -569 204 -139 -462 372 809 222 -653 -97 -477 47 -1028 14 333 199 440 367 23 -165 552 -284 141 -248 -32 -350 574 341 -339 931 -405 -97 -613 -372 132 -238 -78 -235 74 743 -1021 -60 -568 880 -426 -63 741 250 189 144 -105 103 -777 170 266 -245 -115 -550 186 1195 -260 576 -11 -35 100 208 749 179 -604 386 365 117 98 203 82 -213 -280 1000 -446 102 393 507 441 -478 -219 242 375 83 545 -745 1258 -220 76 -13 1307 155 1088 -314 351 ]
[-54 1230 -264 -563 -547 -529 252 659 -948 -4 -21 28 -98 735 -935 139 362 870 146 -426 -345 -366 -408 -441 159 -223 638 387 -59 -670 15 527 -77 -296 557 345 789 141 -331 286 245 -69 -270 -36 -107 -211 -488 778 345 26 535 564 -276 577 101 -77 -655 683 -45 181 -87 223 -245 -756 -199 1158 433 -706 179 305 966 -314 230 -157 722 304 -84 515 193 -101 21 -427 -219 439 -778 408 -77 -471 508 -38 -502 -346 -688 -194 -135 -301 652 -125 38 288 -6 891 111 302 631 -137 -397 -603 118 -461 621 350 98 575 -153 ]
[-1055 -502 -365 -98 -946 788 1142 595 -749 -795 335 -1022 -442 431 -425 -294 -168 -412 -1015 286 488 1086 -888 162 1486 -199 85 -47 409 -630 103 -194 164 -218 -159 -110 1193 -38 358 -413 128 -604 -212 -968 740 -833 -65 617 -21 -278 -908 716 770 -801 -296 -1154 90 -451 -172 -36 912 418 954 -63 131 237 -631 -263 -321 138 -320 -412 549 -234 439 -107 -163 -245 -1029 -828 58 433 -355 39 313 771 -126 -480 -807 -306 -643 248 -1149 -767 125 -134 68 -856 108 392 1378 325 536 102 -238 546 895 -1403 -372 312 859 -698 448 -758 -435 ]
[-2 -545 -554 -1499 331 18 252 -1007 638 -188 -309 -203 -1014 -149 -909 908 -197 41 544 627 749 269 701 1508 -5 -20 -220 -465 954 -162 -92 239 -775 -717 65 -1514 -78 -536 394 -489 -28 -905 -412 283 -102 -228 666 -716 -143 -528 -841 -20 491 166 -1120 -94 -1000 -107 -1784 -474 -7 83 634 751 -358 -455 407 276 -27 39 -329 -552 26 -220 -445 381 -720 -695 -695 -651 -156 535 -123 -242 -6 160 -295 -238 -636 1032 -640 57 -399 -128 -699 228 824 -499 -559 460 -688 -466 117 -143 -154 -154 667 -901 421 -22 145 1062 734 -595 -198 ]
[714 624 -382 221 260 -536 -560 839 48 812 -659 -695 436 11 -1018 18 -375 314 715 -1159 151 -873 360 -258 -155 346 672 866 534 522 150 355 104 -394 541 266 263 -239 401 179 375 609 -393 372 -504 -104 318 16 -73 -207 -406 209 50 312 89 -318 -267 243 497 507 946 -574 -355 69 -690 -423 -462 -616 220 -55 -23 -309 -303 276 -401 -750 -745 -742 304 681 604 120 -40 1054 35 47 389 15 512 -253 -152 -1381 -39 280 300 83 778 634 1228 -509 328 264 -1169 530 -491 -269 -15 -41 -495 -18 -236 518 900 976 694 ]
[422 190 42 410 130 -1001 -116 -367 -272 352 101 1189 -265 -707 -229 582 -598 392 233 -496 -625 242 789 -159 -397 -615 -726 466 -94 768 671 86 -312 422 109 595 714 536 -428 64 12 -26 -143 -796 39 581 -656 -758 -508 -128 512 23 -117 435 14 595 -212 1010 396 -110 265 -140 -253 -223 -319 449 -495 -309 -546 -203 603 542 48 -167 -147 -77 679 -784 158 -1137 350 -62 -222 999 -707 178 -10 -193 69 -499 794 -112 33 216 848 964 -770 670 588 715 -418 223 378 1295 441 360 -804 404 285 -12 -479 -198 1555 805 199 ]
[40 1228 -577 -1094 -731 1 -50 -1420 33 377 -286 193 -542 -668 -811 476 -171 -36 915 105 1496 -12 -16 366 38 -962 -114 163 1322 -196 -233 -360 -971 54 229 -331 -9 493 -401 -174 -682 -755 -345 -795 440 -1072 640 646 820 -800 -72 -42 -607 52 -277 -108 -1229 430 -490 422 554 -353 218 104 104 376 -624 -345 -139 595 1 355 281 472 429 -449 126 -870 -898 -396 -473 -612 -552 -450 -474 483 200 325 -50 90 -500 535 70 137 -759 -308 -364 -280 70 559 622 -477 -213 -340 -207 -117 -749 -430 -361 274 -999 -373 257 -947 -1112 ]
[816 -191 -755 614 -5 750 -678 170 776 -1002 -49 -213 93 586 962 -226 -261 -698 1209 447 -322 -705 -30 264 125 -648 291 -811 141 -432 28 212 -147 43 -127 -733 295 -764 602 396 1078 -855 -85 -143 630 613 664 -205 -156 871 317 -132 200 -379 373 -416 545 153 -39 467 195 -416 630 -243 340 -884 -214 17 -16 241 -487 129 -556 148 -525 215 -260 -468 -378 -1072 393 103 336 954 -536 756 564 272 -292 304 -21 308 397 151 441 783 -782 535 83 -511 1093 -510 611 -577 405 -517 242 -135 -401 -642 123 93 -930 -581 57 ]
[1121 -32 -984 494 486 -573 -95 524 -137 -297 630 42 526 -747 387 -917 525 906 905 -244 -144 -673 -519 -270 -981 -297 -1496 1244 -56 -311 -873 619 -233 -433 133 898 186 5 152 -44 -246 -343 -33 -34 -140 1021 -262 -80 853 465 165 -554 -402 235 186 -562 -1175 642 -267 -49 525 -578 -372 328 415 -58 271 875 -1165 -14 320 19 538 -1104 -439 743 141 252 0 -429 -529 -1169 310 1029 96 557 -447 -550 39 -29 387 62 352 229 -432 -54 -726 414 534 -181 372 9 119 874 951 222 -225 146 -85 -390 334 -148 904 319 -854 ]
[-448 459 533 314 -125 223 369 -932 -25 188 -269 343 -491 -693 360 869 -283 -469 51 47 941 -470 -476 -221 7 304 -863 -6 -839 805 478 -290 182 714 118 -359 -853 444 248 73 -798 98 1293 752 -1179 -1138 61 -80 -101 -370 9 184 -844 33 -154 -565 502 -1071 -445 -320 -654 1079 -439 -224 -761 -996 370 828 139 44 -255 -325 -288 -158 -207 -236 -555 -260 267 1148 -455 238 1212 210 139 -1492 29 1344 20 413 -28 -332 -463 791 -315 389 -215 -846 436 713 -37 -629 -1070 -340 -35 -401 -362 -367 -513 211 -514 328 698 380 593 ]
[131 -112 744 -580 962 -77 216 -158 -99 790 298 164 -162 -409 1170 -335 -1157 860 342 412 148 -803 861 -743 -391 44 -492 -447 -208 320 7 -282 69 -605 695 218 -139 198 -81 -536 210 974 -705 -425 623 820 -758 -80 -689 330 34 -1637 714 336 -57 -722 -885 497 -316 -65 403 -864 -234 692 806 -138 -829 -290 -261 -44 -330 101 539 -442 -1305 587 -354 58 8 -1082 338 -644 -626 78 -129 355 -388 -700 867 167 -196 61 835 37 1048 -605 -891 797 -117 110 -685 -27 -530 -29 261 877 312 1202 -585 -485 332 -148 -24 635 288 ]
[358 -184 226 592 -71 530 440 372 125 -48 23 -80 856 714 -825 -7 597 -326 -215 -232 546 1259 406 -189 -250 391 -195 58 363 -278 -254 735 520 -521 -82 438 47 -171 370 -670 -1042 869 341 -331 60 681 131 -651 -408 113 -348 151 608 -83 -436 408 235 -680 864 160 363 490 334 -472 502 -324 793 621 -488 482 923 -475 3 130 442 -141 -278 -81 702 1030 -184 243 -218 -817 813 -289 -672 -514 -185 -804 -677 -826 368 476 -810 -1078 808 -144 -186 -197 -373 549 137 -121 -433 -662 1065 277 484 236 -438 -47 -283 -169 -368 ]
[-317 239 -254 -260 -725 258 1041 1065 107 -425 -678 -733 861 217 -1243 -337 -69 611 -718 -264 91 1038 -228 -357 -258 596 406 623 453 -964 152 -690 -74 -665 -137 104 472 -123 -417 550 -402 529 -129 -430 364 19 737 -304 -287 107 -534 757 -86 568 838 -73 448 -321 693 164 -605 -214 67 -887 249 1069 -41 -339 -69 627 307 -9 462 813 820 -760 158 111 -332 -82 -264 368 -100 -869 365 -503 -477 -643 484 -212 102 -299 -413 -1159 846 -404 -308 -616 -148 -300 946 606 341 301 94 49 -183 102 265 426 261 -68 -487 555 -12 ]
[-748 -1107 648 -162 -704 424 133 206 16 -665 -488 285 395 -294 489 620 -576 200 -326 195 56 972 556 65 -517 649 -697 8 -1036 688 1036 -452 372 333 -712 -538 -321 -129 -716 124 -456 950 1048 207 219 -491 586 -576 -575 -71 381 -525 -82 448 842 159 676 45 101 -656 -333 -271 186 -203 807 -65 -249 758 429 42 399 -28 -453 27 250 -364 1033 359 -909 89 992 255 981 -138 734 130 95 0 664 -576 766 249 -150 464 281 594 -764 -466 -144 948 88 -797 75 240 59 348 522 650 343 1324 -125 -767 361 639 374 ]
[-127 91 377 10 -948 -178 -873 -956 -347 -452 -418 689 -299 -463 -125 437 527 -774 -262 -145 1094 -152 -86 49 1483 -47 -64 -454 206 420 1488 -287 -281 2077 -286 143 655 236 341 609 258 -371 448 287 86 -437 253 -208 180 -447 108 -248 -266 -86 681 -70 452 55 629 -365 189 -111 -763 218 -842 48 -434 -350 319 -513 -230 285 73 2 -616 -16 224 -1224 -1139 -80 652 -178 84 468 322 1048 1128 969 293 -32 -410 39 145 128 861 832 66 -1454 -422 -95 -240 404 1166 -959 427 86 -605 -617 1 -435 -517 -534 291 261 362 ]
[-110 -174 1121 -179 355 299 583 -293 -513 -449 -475 -497 475 504 117 -96 -589 133 657 437 802 229 -490 -1017 1124 171 222 -493 795 424 693 -294 -164 -132 21 -169 593 -899 754 -643 1148 -151 -117 -280 855 756 277 -141 -344 -464 315 239 -221 480 161 201 1389 -380 -7 571 -149 66 86 368 1479 -555 69 365 1077 -242 -1323 829 366 -380 559 -235 -594 -894 -569 -317 945 399 -72 900 8 876 1064 -568 72 341 207 -286 -162 38 758 -296 32 389 -120 -922 634 164 -618 -599 118 279 -910 262 783 271 -569 108 -79 -249 -140 ]
[-751 145 606 329 -483 -108 488 -1141 140 593 -12 -18 1113 -144 -106 -374 155 100 -445 -287 601 591 123 187 926 527 -673 99 -681 513 512 -1305 371 170 -268 306 -682 270 502 1228 -740 -189 1422 86 638 109 68 -922 351 -578 -51 140 218 117 823 201 -169 63 169 -920 55 239 174 -827 445 -1432 188 -361 -438 -134 872 -91 -388 193 484 -954 711 918 644 -58 -24 -480 -26 -1075 356 -626 587 -300 59 15 318 833 -1206 -21 355 -419 -149 -272 190 239 396 219 345 -143 -672 -17 -395 614 313 325 439 -317 241 -1537 203 ]
[855 472 -68 845 558 -122 -505 196 633 -973 -755 -407 -684 381 355 143 25 -1204 529 162 -680 -396 -323 609 852 -728 967 -239 1414 -409 -373 670 -94 -659 514 -1333 711 196 -554 -44 301 -1193 -873 75 323 81 671 431 -280 502 100 531 790 -820 377 -650 -587 -241 808 -528 1115 -152 134 286 523 17 102 113 -100 -1048 -342 115 -147 305 -714 466 -425 -755 -73 251 530 413 724 277 -30 -1063 -329 567 -557 440 -72 419 352 -159 236 615 864 -236 -513 -76 974 6 8 314 103 -263 1265 -1017 -110 -433 118 404 -503 -56 780 ]
[116 661 288 866 -459 -663 802 172 -333 -1481 223 -207 384 1313 448 -1021 561 137 -7 -209 -226 -752 -137 -597 -110 -926 119 -107 -609 -781 -48 -597 172 -550 -705 -58 -68 -351 -32 1168 463 537 391 328 -505 986 -316 60 398 -169 793 -18 432 162 -302 -213 872 -162 941 -21 -1517 -691 -566 -273 -277 -12 -236 -62 -783 115 -632 270 573 149 448 912 -158 347 191 319 -127 952 792 500 95 327 278 -180 617 97 672 -76 343 -453 1273 -85 -249 -404 148 -727 64 2 624 81 616 316 -501 731 -189 -239 -259 428 -119 167 111 ]
[175 -5 -563 -1019 -425 199 -640 646 -297 239 29 453 -332 -1602 -70 -435 526 -104 635 -109 -48 781 511 492 -987 168 -284 -140 748 486 572 873 -789 229 916 -29 38 529 -139 -609 -400 -913 -445 -4 -49 219 639 1005 -26 -38 -219 -639 110 488 425 913 -1709 451 -91 625 33 -421 4 417 571 61 150 386 -303 519 -404 387 427 20 -270 114 387 -707 -630 573 -293 -150 287 146 -32 1138 -503 247 -326 25 -201 -102 787 307 -378 490 -196 9 247 549 -483 -65 -201 -609 187 -56 426 -596 -309 153 -425 178 548 251 -255 ]
[-114 -949 -1165 -964 435 -1297 31 695 -30 -352 -98 226 -779 -519 -151 -262 -35 134 -1044 -340 -1362 -148 833 797 -1086 979 -857 -631 -463 656 157 1009 689 -98 -226 -333 65 88 -272 109 -521 71 -51 607 -1151 78 57 784 -282 -569 -344 95 -387 -462 -927 466 -1340 545 -880 -234 -671 -977 74 279 -835 463 398 935 860 -160 150 77 -333 -186 -983 255 3 1105 -262 481 -658 445 701 -333 450 -240 -251 265 365 54 -360 18 1126 -20 -239 78 330 -734 -154 -648 -540 -752 -875 -400 548 -541 319 -562 -874 -253 111 617 -363 1028 685 ]
[-177 -2 -617 63 -381 -459 94 -120 1068 245 170 -346 747 -519 -661 112 1137 2 901 414 579 6 -82 210 315 154 1583 447 -412 -756 -640 -39 364 161 -567 0 -1039 -539 -268 905 -570 -680 -48 -428 -445 -702 -181 595 -224 -121 -365 -678 -954 74 321 423 -184 -715 -302 -674 1028 75 425 -731 145 -270 -370 10 -192 -346 595 -491 -656 -961 -22 -744 -596 887 8 388 -497 -643 189 -1154 -17 -1016 186 191 71 -186 636 -438 -759 314 -734 137 461 -686 532 -433 217 147 107 221 488 229 -350 -166 -151 -176 -1304 32 181 -1240 -507 ]
[-187 -375 -347 107 -1040 112 -165 38 -418 290 730 112 -180 -924 -577 223 1050 -589 -377 -796 530 641 581 -369 285 41 -1460 341 54 476 351 -341 -548 95 392 495 -351 372 741 -643 662 -700 1051 497 780 -281 159 60 99 -242 -766 572 -447 46 -271 846 -1052 84 -809 -127 794 1485 299 -536 -511 -1135 1053 -9 -429 595 427 -181 245 -1117 -56 -459 36 -721 -293 533 -1016 -111 358 275 -727 367 11 440 -140 -128 -299 -416 -38 141 -380 151 -196 -1171 114 458 -518 1328 -221 -251 -135 -512 50 -1315 -110 -469 124 -121 999 366 -363 ]
[153 287 -479 -379 483 -418 228 22 -6 -19 -479 352 -283 478 -626 768 -729 34 -532 98 -36 935 862 163 -579 -156 341 134 469 367 324 -444 243 281 -366 75 233 205 -802 -736 -166 -335 -718 -735 -18 -520 332 -617 -360 293 294 697 243 -605 -1101 1365 1121 353 -35 279 591 247 127 797 560 790 -267 511 306 -1066 163 -18 -246 -452 130 -441 113 -258 229 -123 346 239 -568 425 39 -698 -172 -1148 -208 -163 -348 1228 843 319 -1040 96 353 640 197 84 -1293 74 -80 156 5 -220 -52 -51 -128 300 97 417 -502 -189 -345 ]
[-194 -188 86 -464 1178 -419 -279 -356 1795 139 -330 579 -322 -756 358 -438 568 -229 -338 -303 -1058 -745 -664 288 -768 234 805 143 66 516 196 361 -281 661 251 -565 -187 676 84 -281 517 -697 92 -348 -38 579 119 199 269 466 -309 424 -68 -673 100 -6 690 618 -737 432 102 170 -263 357 -207 129 908 255 577 -933 36 -191 -273 67 -1342 -105 222 156 -206 -338 79 92 -331 -1212 -1004 -910 342 611 82 488 -158 1431 846 -292 -476 578 -225 -318 -459 -344 -649 -252 -395 -592 359 -842 9 -32 -251 -354 -313 -69 -1620 -587 578 ]
[8 -179 -58 -136 -20 112 253 138 264 738 158 -515 458 760 -54 181 -320 762 -294 190 -190 -912 27 -44 60 1013 -1330 -426 -1237 243 -454 529 193 -652 -694 -1109 259 -125 556 -2 634 1627 1089 1008 233 418 -458 -594 -249 594 -504 -265 -526 76 419 -1239 -8 114 -196 -278 -562 -463 -188 -505 -276 -386 407 -68 310 48 -144 -794 -283 -158 72 50 -534 405 -139 -601 -167 561 830 274 -457 1037 -536 -420 388 -255 -656 -1071 -628 468 369 186 -198 638 360 -332 505 -79 82 46 -583 334 344 384 -410 354 613 558 161 420 178 ]
[324 -341 -71 235 -758 62 496 206 -611 -617 -63 91 -459 689 250 190 -752 105 -593 55 -534 41 26 -1010 -827 -336 930 -168 -1124 -584 -216 -401 450 39 -127 -367 -403 -658 -1010 -42 -37 -187 -628 -503 661 -138 505 -47 261 -62 667 734 39 -736 233 -232 701 21 1089 -11 -148 229 189 -444 -347 604 -1177 -96 822 127 151 -74 -36 946 308 -174 405 550 -975 -390 466 953 414 -435 -427 87 -1193 236 -692 -111 207 11 -212 -244 -60 564 -214 -670 129 529 590 651 593 634 -97 425 631 -725 -1007 1003 -315 -1003 19 -211 244 ]
[-494 -562 -348 -742 410 -621 556 158 1176 -871 -874 38 -130 317 -888 169 -510 971 763 607 -434 437 -202 348 464 -957 16 -83 1373 -500 -264 401 252 -193 341 200 -178 81 472 -282 85 -1141 -292 -763 -117 -71 500 147 390 391 137 232 1296 177 -1262 -363 147 617 303 -556 -74 -340 -440 589 1279 -358 -81 964 -126 -438 12 1077 -29 251 -602 296 -834 406 215 -271 885 -158 249 -809 365 -178 494 157 -705 732 -53 532 535 -880 70 -631 -435 183 131 -455 -228 -276 -1340 -223 -154 -598 -339 -196 604 141 -9 -287 -587 -388 667 ]
[-750 203 -441 263 -446 -342 -385 -333 -99 408 826 626 106 -2142 375 492 -564 -689 217 -269 432 -189 -45 234 357 128 -299 -248 126 890 -17 -218 72 526 300 -468 -699 388 480 -645 -714 -575 728 -814 746 221 -190 170 403 54 11 -766 541 -616 541 526 -879 -437 487 -454 79 85 12 -209 306 -1832 -44 1060 136 -445 124 -144 -322 292 -600 -833 660 -494 -510 592 343 -740 -94 -503 -14 -602 -202 414 -842 -174 27 428 23 -15 140 379 -1730 81 313 678 -98 13 -143 -978 -45 522 -136 -72 50 1160 -445 -534 -388 -86 -34 ]
[300 343 237 131 1263 283 355 -678 162 -351 28 -386 -441 1348 -921 781 -150 840 53 327 -506 -76 570 592 268 -7 1046 -438 767 -7 275 1431 -195 -277 424 760 634 18 -15 -803 361 123 -965 -185 -238 -191 -364 175 -134 226 -520 -70 184 -126 -1187 404 377 58 633 229 -430 87 460 796 251 701 243 -466 339 -773 -327 595 408 296 550 -167 -293 -547 -90 -331 575 398 -733 -258 64 -169 -224 -171 -18 -420 -928 -84 315 -862 -241 -877 971 -73 -890 -17 -544 -517 151 -707 255 -748 -691 -14 63 -481 -1038 410 -1198 -228 -446 ]
[87 938 123 -77 -425 135 -498 144 -48 352 117 -721 164 -566 232 -222 383 -1193 -2 415 456 -448 -398 383 938 586 56 -447 121 190 -134 -172 -75 104 -93 -471 174 -141 811 141 200 -128 360 92 230 602 -483 -484 -212 218 -548 -1187 341 732 646 165 396 -953 -887 -476 -531 777 138 -477 526 -700 106 -691 -27 155 -129 -353 -481 -353 -141 -404 117 -76 27 156 20 -323 -567 360 13 -340 789 153 -102 522 57 301 -1329 -3 593 715 -137 -511 -682 -504 140 -32 -332 -943 513 -682 -409 -107 222 -919 263 518 -695 63 -88 ]
[-347 -520 -1078 1040 -296 -906 548 137 278 1013 -126 -82 643 -462 -974 28 178 -324 -102 -760 -307 1010 540 199 351 423 -552 -451 -39 -353 -232 -841 478 809 -532 905 -602 443 662 -1565 -665 -96 804 20 159 -225 -726 -1055 31 -270 34 -351 -691 -1625 -443 635 -673 -592 515 -239 -6 1278 935 -873 622 -242 791 597 -289 659 438 830 461 -368 50 -788 55 127 -242 633 21 534 316 -701 225 -1286 136 89 -393 281 322 -251 -428 546 1057 -299 -548 149 196 -769 -499 189 -445 -460 726 -972 -189 -80 420 946 -16 -118 -46 274 610 ]
[128 -176 -321 1069 566 -690 845 213 328 102 -485 243 -6 350 -758 293 1150 -396 1011 -701 -628 761 175 119 37 133 1962 777 749 -875 -626 327 937 -302 277 513 98 254 -491 -595 -404 365 -266 -439 100 -402 -742 123 515 -428 131 157 1026 -198 -647 492 111 274 827 12 903 506 523 -197 1439 -209 842 -152 102 -604 602 234 279 -559 420 -727 -453 86 -231 1341 -356 -208 -113 -408 126 -684 317 -1008 -180 562 877 -10 -304 -141 224 -925 1394 117 134 -768 -438 718 -622 87 -302 -473 454 -758 1133 -262 -2 -382 -731 -1668 -479 ]
[124 397 -900 383 -856 -759 -363 552 445 -184 -217 1010 -63 -1498 -571 -132 -102 159 -858 -940 -935 34 -149 118 -924 362 114 -10 -775 325 613 599 671 397 -844 -315 -472 52 -87 766 -809 439 248 -4 88 602 -551 -307 -206 41 296 -1311 -488 304 275 463 -992 869 494 -564 -465 -369 -787 -584 -646 321 254 233 -192 -319 295 247 -282 697 763 -239 767 53 -2 802 -242 789 795 590 -83 138 259 868 -169 -844 181 77 -284 1576 40 830 -674 -243 755 11 -280 -497 651 -146 177 -407 115 279 709 919 -462 -385 435 852 900 ]
[-59 -115 -439 1129 305 379 -72 112 -651 187 -39 -21 215 48 15 921 -597 -120 32 -353 320 -134 1145 514 471 1014 -802 -202 -638 232 566 81 342 14 -972 -566 89 -165 -176 161 -566 568 188 200 -470 -741 -290 166 163 36 -454 -79 -496 214 47 -275 1631 -517 999 -546 274 872 261 -190 -416 -613 338 854 816 116 -18 461 -83 118 80 -878 723 -730 553 232 -249 239 701 -63 125 -417 -170 343 -582 -718 -244 -39 -535 850 -679 1207 -804 -351 126 -116 -372 268 119 43 233 212 279 -164 -247 1025 -1143 -828 -178 339 234 ]
[76 -453 -457 40 535 130 662 -531 197 -514 -293 850 -430 -334 -399 504 439 1115 -297 -674 421 -536 776 -774 341 344 -990 8 718 413 175 239 255 -365 115 -205 -70 -985 158 -1098 -26 -633 -364 536 536 148 288 729 -546 63 -649 -180 -1025 164 -517 702 -519 449 258 -231 -389 8 215 1358 -328 131 597 -23 801 373 -833 99 -163 450 -381 -117 -432 368 -730 -410 -103 -17 -93 -371 -1001 146 333 -206 499 -3 -1338 -706 1325 -393 -741 -443 -110 -886 -374 75 -1109 162 -688 -186 -452 -805 515 -97 -144 -564 -349 -398 -388 -586 101 ]
[-382 333 641 202 -125 430 -208 -490 -800 -239 -95 134 -646 34 1033 250 -531 31 -584 826 230 -670 -154 93 353 181 -696 -497 -500 729 -523 -486 247 154 -101 -87 -525 -915 643 -109 533 18 696 347 311 356 -713 -858 -384 353 -237 -586 -307 1080 600 -88 344 311 -789 -203 -303 57 -431 336 -554 -540 -422 129 -634 -346 -117 -239 -512 -215 -588 175 426 406 -155 -859 -438 -150 34 1133 -296 -190 206 296 125 -293 578 -620 -510 -113 704 363 -531 784 -222 191 138 -815 -129 -255 -239 911 -1348 1114 58 -1047 -81 733 528 1038 165 ]
[-961 322 -290 1531 -222 -435 979 464 -791 569 346 -400 27 -298 409 358 -30 -311 -951 -328 140 127 682 -115 927 328 -569 -514 -1471 536 373 -477 935 -69 6 296 -408 224 301 564 -398 993 1894 20 717 -359 -1427 -625 314 -526 100 176 390 -46 66 260 298 -890 534 -322 -287 439 158 -300 -735 -229 -194 -235 -822 146 376 -1052 244 249 954 -494 217 348 397 -20 -1287 248 -70 -1 452 -41 694 -609 -53 -281 -203 -33 -1149 399 930 -373 85 301 503 836 -330 -66 -47 -148 -382 205 -6 918 -45 555 885 -197 56 -223 21 ]
[-98 164 -88 -259 -1241 -992 -342 461 671 59 -375 794 -455 -640 -101 -312 536 -684 -68 232 -819 493 373 8 570 221 419 408 689 -533 -247 382 510 -682 793 96 276 -289 209 694 600 -347 412 205 -450 172 968 514 -508 347 -254 -81 -677 126 245 68 -397 331 80 109 496 -433 -1049 -1040 -259 415 -272 171 -522 -939 -86 -780 -152 -57 -1530 212 -318 93 -79 34 386 -654 1 -500 190 302 -244 233 492 920 -82 -24 120 -603 240 683 262 -539 -277 -325 -564 1155 263 178 163 599 451 -771 -1095 -601 377 -425 190 740 1283 ]
[173 -200 -826 261 157 -262 90 40 276 -34 42 -435 691 -285 -605 -210 101 1132 951 109 304 920 -968 1081 368 -482 -102 -314 -37 -720 622 -786 -474 698 -949 31 -140 277 162 124 -1066 967 565 -179 20 314 569 -1145 106 -165 364 64 512 -496 -38 -852 -180 652 409 -356 -40 -578 3 -1004 426 387 -79 697 -1114 847 -66 708 560 63 -625 -92 5 -424 -233 -349 110 -67 445 524 906 625 -398 -1149 -401 599 498 -84 160 273 1391 -5 151 316 580 -86 1220 -1391 -241 461 126 -135 -246 627 -198 445 137 211 649 322 31 ]
[-156 1120 -135 -125 305 -735 5 124 -660 602 -340 287 -643 -1583 -78 -571 -244 -740 19 604 598 -845 -572 704 -472 736 -577 -373 605 599 -139 -166 145 652 21 -390 75 999 -197 180 -1683 1192 847 830 -741 36 -170 -287 235 -734 -485 -462 -140 -302 -2 223 742 7 -259 -521 -146 -40 -310 -530 -437 -834 122 -172 -656 -642 773 -347 224 -55 -756 -676 364 -118 -435 1045 -1067 -740 -582 222 555 -440 197 143 -387 457 -434 543 -277 1116 -576 525 189 -584 -71 -768 238 -361 -706 -353 -452 -865 -350 -94 -1025 -136 895 136 -72 297 -573 ]
[-387 962 532 -759 9 292 -65 855 -44 109 556 -575 -107 -162 353 -234 -25 715 -710 -555 -888 -633 -601 -808 46 605 643 611 -592 219 -178 426 149 -44 1183 117 -160 -127 -559 1728 1289 90 -737 -134 -843 -975 704 402 -189 705 -245 578 -348 319 899 -643 505 -477 -481 -383 536 3 -807 175 -1742 748 -418 -565 723 -695 68 -771 -283 -831 -421 -189 -138 338 1031 -396 -280 284 64 335 -243 -9 -853 314 866 148 -90 -467 -103 -1031 -1097 -33 453 -371 -131 424 157 459 -42 269 -662 955 -69 -406 -1180 -813 317 797 -539 885 366 ]
]
