[[287 -65 -151 -650 276 -26 133 98 21 -537 -264 299 251 692 -653 -283 -217 97 293 263 245 22 -726 -24 492 1220 -26 -407 -28 -163 -121 1032 944 474 -476 -848 -266 170 -877 98 -850 -554 -54 303 101 325 24 -406 152 735 504 916 262 -179 20 -505 -1002 -12 -488 395 119 402 489 -223 -802 72 572 36 -317 147 -28 123 130 119 -360 -313 292 528 75 -414 -409 385 302 283 -127 890 67 -366 35 -355 -304 379 152 -205 -332 147 -260 118 342 -94 168 16 220 -435 1131 110 47 204 -161 -155 94 371 -154 -373 -259 ]
[-629 -290 192 451 13 84 338 58 350 -213 -352 471 96 299 -946 -422 90 -160 1357 -121 400 103 -1097 -298 -427 28 -654 347 -764 703 -202 876 62 531 -448 209 -29 507 342 -107 -130 -218 -38 -264 -543 342 446 228 2 165 213 -541 505 130 127 -379 284 -698 330 503 -170 355 -587 221 -245 88 449 222 -206 -544 -404 -390 -66 436 516 465 98 35 216 -488 77 -258 230 -371 179 -772 9 -91 -947 226 -475 423 53 -705 -268 -105 84 879 -14 -27 255 2 600 -334 693 230 -152 -1 -130 346 424 -139 -517 -693 -185 ]
[42 698 330 -159 524 202 201 -460 370 -359 -789 405 121 -107 -488 247 631 -121 751 -877 -305 537 -163 958 276 734 327 574 140 183 -319 964 -27 163 71 -269 -548 479 289 -173 178 70 -756 -235 -735 427 -395 335 -6 350 339 195 170 182 221 134 97 -310 697 -625 -161 807 -308 -143 -728 -465 1117 528 -173 74 -161 23 -416 182 384 328 714 -502 -474 43 -646 -37 35 120 184 -91 81 -619 -276 -709 -632 277 275 -173 2 -142 -530 228 -12 -92 -147 564 -19 -254 592 -379 -233 985 256 107 905 522 438 -369 458 ]
[503 828 591 -160 202 -591 127 -261 517 350 73 -8 910 -192 729 554 -47 58 -513 -458 -57 -269 838 555 522 401 1091 56 191 -207 392 -143 145 193 501 302 486 -43 61 52 -208 541 -240 -69 -131 205 -273 -425 294 -222 0 -4 222 -352 312 423 -578 237 483 -1007 -487 -288 37 40 1141 340 100 -71 -683 439 -556 -2 -98 466 -130 -728 98 -236 -271 839 -126 -118 23 729 1084 -279 393 -799 -3 185 -446 -757 -501 375 74 37 -816 -261 288 -198 -113 108 213 398 296 -354 24 587 -34 36 347 178 1012 137 -331 ]
[1377 862 665 -548 46 -221 -727 558 284 101 -303 555 295 207 -103 50 -262 244 -760 -136 -873 -21 359 1049 370 -38 529 12 574 -317 -271 -371 604 228 147 -149 -160 -405 297 -66 -91 -530 -73 -416 -711 -176 -122 209 -430 783 133 1189 561 -104 440 -126 -302 746 178 -1167 -342 26 785 -99 -298 280 1040 246 -359 356 631 -416 1089 -145 -77 -435 277 -496 294 -66 -517 779 211 656 607 450 740 -389 269 -480 -656 -559 145 341 -111 383 -137 -118 -155 126 633 174 -174 442 650 -35 699 816 -161 -186 467 405 -103 153 -592 ]
[683 774 -10 -639 79 140 168 1237 227 27 187 -382 51 -285 403 207 -612 492 -496 -644 54 496 275 244 524 -368 169 -654 166 -817 206 -89 251 866 -243 -888 -276 314 196 83 207 -388 -95 -399 -157 57 -419 121 -538 -45 553 529 -93 -422 -177 90 227 488 319 -962 536 -613 348 -324 29 -364 707 -110 -653 279 596 -779 835 105 297 -1089 575 318 346 -520 145 321 221 491 331 388 570 -212 524 -242 126 -397 82 -26 160 -742 -223 277 274 399 26 -74 -315 716 81 -52 504 389 -779 73 663 -145 -225 377 -204 ]
[966 346 -24 -613 -228 140 -113 486 426 -197 -526 104 244 213 -1113 -756 -229 934 612 97 221 389 -583 810 -5 -174 -478 -384 176 -836 -285 1005 341 607 -803 -372 209 -421 15 -62 20 -746 368 -538 -175 -311 -407 242 -124 510 254 358 -13 -154 -35 -991 449 548 315 -295 254 221 219 -27 -695 -265 1192 358 -35 -55 294 -618 87 814 644 189 623 261 884 -822 -102 391 198 -62 283 -403 -49 278 -442 -540 -280 514 651 -267 121 -276 1223 615 510 -726 -41 -335 24 -184 211 109 -84 304 -1311 674 129 692 -420 315 -707 ]
[-660 -623 -20 761 246 829 284 125 774 -723 354 -58 -123 -177 -420 -582 459 119 1057 -78 592 694 -360 -459 50 343 57 241 -455 1005 266 425 118 -29 -257 153 -136 281 91 -354 -319 -13 465 -133 391 64 253 -213 -25 -313 1059 42 -404 269 -173 -193 451 -931 -228 599 303 672 -1299 87 350 -474 203 721 -222 457 -295 511 -264 -201 314 -781 -787 707 -6 117 -187 -55 -31 -521 -564 367 -266 -342 77 -162 -36 -242 -464 -177 672 -684 -10 -137 117 -24 -405 -477 -9 -579 346 1 -376 -350 -558 -414 362 -29 -183 -766 207 ]
[-415 107 339 617 27 225 -314 -998 514 570 -950 -283 -172 -724 -428 607 348 144 405 -122 -196 157 -340 400 -523 -418 -416 180 -463 252 -726 -105 -56 -86 226 -161 460 355 593 313 1455 151 -477 38 -796 -488 279 448 -471 199 -356 -1223 544 200 408 1093 464 312 427 -756 -90 19 -219 99 61 -69 -28 292 345 786 16 -51 -582 -28 604 598 684 -1102 -162 -580 453 -514 -549 436 -244 -788 -594 373 -273 -729 50 767 926 11 168 185 74 1255 180 167 375 73 109 903 -478 559 -483 35 454 457 454 -622 107 290 466 ]
[-548 -41 250 519 -238 273 -355 -259 187 -469 -310 -151 -95 -925 357 155 746 521 -231 -1009 -490 913 -179 59 632 -16 348 6 -84 10 92 -562 -420 -103 -194 210 571 947 262 454 1000 -297 -165 -590 -234 -654 133 -186 180 -40 -39 -308 159 -876 55 530 1111 -111 297 -732 -117 -12 -630 -279 270 -860 -911 104 -158 181 -38 258 -197 -1221 711 -714 -213 -458 -265 -343 218 -969 -1338 281 -808 -321 -654 -96 176 -509 455 -21 418 -29 184 -103 242 -13 381 -121 -198 113 -637 360 -725 38 227 -170 549 -364 369 -206 571 28 1181 ]
[267 -182 -67 -131 172 -638 294 -120 213 257 -599 -145 805 -481 345 45 -309 1100 134 -380 -448 -381 -292 682 386 -123 246 -328 -462 -353 242 198 -430 434 -315 203 1250 400 395 711 283 163 -132 -41 184 -332 306 -471 869 -555 381 -434 72 -247 -241 -549 218 -265 445 -124 -534 -202 -980 173 619 -285 -916 -503 19 -76 -383 -577 -339 78 -64 -591 -66 394 578 -66 460 -533 -552 475 75 -1191 -98 -116 -824 334 70 -535 -280 138 301 -1133 -207 -24 838 -700 -456 202 -198 -49 55 485 -777 -226 -1087 326 -207 -347 540 452 1139 ]
[318 -914 -356 -21 487 558 -128 86 -15 209 -534 629 -24 -2 91 -399 -404 202 904 616 -356 -1181 -1187 -323 140 183 -940 308 -125 910 -703 -97 -232 -337 -660 504 -378 -45 5 -73 -547 -31 420 358 414 270 73 131 -506 -337 624 753 -556 959 -167 -969 -251 -398 -792 1462 517 204 -373 163 -55 478 -61 -306 440 47 -83 772 -254 -115 -877 650 -726 -158 200 567 21 -180 606 -343 36 885 -244 268 -86 379 -272 -554 -466 339 318 -714 189 -1150 -437 -235 -315 64 183 -667 276 -289 -628 -84 221 -52 -380 136 -430 -96 352 ]
[179 310 -360 -26 -859 533 -824 1145 -707 -781 -55 -439 -417 290 111 525 150 -721 -955 -1166 -296 1020 928 414 71 -961 -241 662 383 -109 279 -600 -383 12 51 190 -800 -242 383 -625 -51 -219 -376 -890 -16 590 -6 147 -80 400 -122 281 -440 -244 647 237 917 92 542 124 -224 59 390 -336 -1109 -693 153 473 -142 -1032 717 -1169 828 -531 948 56 131 -104 -691 281 78 354 23 -700 -247 2 28 326 515 -43 997 444 -115 -567 201 190 -285 97 -705 803 475 -287 -429 -100 -342 -381 709 -149 400 -344 -55 -21 -353 -315 149 ]
[325 -533 107 -727 -922 -289 304 987 233 -286 574 -1 -282 195 -297 -847 160 327 -789 168 -451 476 502 273 -58 -562 744 -450 905 83 319 -212 -318 -131 -100 -391 -59 -494 160 304 23 333 515 -544 1033 -575 338 -27 -116 -669 326 174 -417 -931 -931 -731 789 -68 174 -489 262 -294 -230 -206 -197 -716 -167 -319 133 -710 764 -228 596 -67 974 -400 -757 840 1099 -751 -342 610 -726 -188 -638 -70 392 -15 92 78 701 -166 503 27 180 60 1690 -769 50 -27 -265 52 -575 -51 -473 10 485 -346 -1632 322 -279 471 -574 820 -275 ]
[168 71 306 -193 783 -100 298 -374 61 522 -708 -209 -517 -338 -853 -213 55 -410 159 149 -396 -759 -370 811 -35 223 430 -337 -36 612 -464 108 -637 -1007 -124 217 42 -323 369 612 390 453 -459 308 -466 247 592 534 -617 -347 915 -193 220 -20 437 317 -14 -190 363 61 613 318 -902 -160 409 -118 610 243 891 235 292 934 -730 -568 -38 307 15 -654 -358 133 -668 -280 -285 323 -123 427 145 -283 128 -400 -635 -632 694 405 491 128 -155 -362 33 -47 -4 233 30 516 713 268 -531 138 -282 -77 516 -73 202 409 275 ]
[-391 98 684 303 886 243 -128 -184 558 390 658 -243 729 -215 406 -718 -19 576 307 807 463 285 430 -173 -430 -686 530 -379 24 -75 1050 -159 1046 285 412 -722 345 -968 254 -165 -125 -316 -10 12 -305 -380 119 -205 182 452 -193 -246 -155 496 -96 485 -321 324 -1121 -425 -97 -262 55 466 949 451 -298 594 -498 1353 326 -469 803 282 -395 -1504 -518 1168 499 -50 708 685 588 194 98 195 81 144 695 -241 483 -229 -206 589 -95 -1206 -184 514 289 82 275 -439 -42 45 -149 921 -161 -150 -671 -598 31 -1242 -907 -620 -1129 ]
[112 414 -105 529 85 -361 852 -270 350 194 497 371 -1212 231 -557 -438 -20 -54 343 682 -551 -188 1127 153 -1221 -1131 -265 316 -521 504 280 -246 -855 -471 268 918 240 -772 935 -21 21 1104 878 -119 -334 347 51 854 453 -60 380 -1018 -31 -24 -447 -1243 17 -853 824 -6 -292 548 -780 296 -58 279 999 -58 874 -584 -95 -81 -252 232 -133 867 -73 224 520 593 -52 911 217 -720 223 -1289 520 766 -971 974 -111 -699 -448 -162 -87 63 512 129 208 -154 56 455 -117 -736 394 471 -387 -299 -778 388 -128 45 -615 402 29 ]
[-526 19 746 301 -96 -495 -152 -378 -41 284 462 -591 138 300 191 155 -140 -755 -160 131 534 -281 383 -703 -813 -265 125 690 -1128 218 952 -390 -48 206 72 562 571 -739 505 -316 -652 657 -5 -354 -17 820 557 -78 1174 -165 -1310 -1497 578 -738 -36 308 -377 -312 -136 887 -147 -159 311 221 916 808 -789 -269 -332 -972 -425 -294 -642 66 114 708 -86 586 -577 1016 764 28 -11 -296 487 -1354 -413 51 -1208 892 1375 493 158 -378 -688 273 6 157 642 -139 -2 -84 158 -555 30 -210 -315 -1254 1072 467 -517 -950 -186 -48 -616 ]
[-449 -968 1293 725 -353 -188 -626 184 -307 426 223 605 93 139 -698 -742 51 -264 2 173 229 8 -748 -870 -410 -76 253 499 -815 1207 -372 -1255 287 104 -158 1024 900 -684 492 55 238 -413 599 -107 46 -844 987 324 -1118 -758 -360 -688 1123 -129 596 2 624 374 -22 -399 -294 -356 -191 173 1453 732 69 -57 -286 -289 4 402 -252 -420 980 152 -619 -660 347 -554 -351 -398 -714 -184 421 -690 -72 -182 -755 -433 -1057 -459 841 -307 283 1336 1196 166 -318 -209 271 -290 772 1500 2 -475 597 -598 -554 -256 -258 184 178 533 -957 ]
[192 138 -304 83 188 -43 420 -808 15 168 55 -416 105 -880 1579 1094 242 798 -769 -27 -840 -211 1313 440 -365 160 670 683 -122 -33 803 -596 -208 8 741 83 460 94 616 -1005 -466 516 8 -378 633 166 -535 98 1207 -17 -64 -73 -330 564 -34 367 492 -231 -488 33 -4 328 -47 -27 130 220 -297 245 0 386 -375 -232 -202 -739 -1025 -761 -17 446 -438 1299 631 -60 7 150 -108 -573 -223 80 -343 565 1024 -485 -967 1381 25 -707 -689 -325 551 -122 -363 460 -979 -854 -313 258 -234 -868 551 -734 -435 -472 580 -50 561 ]
[696 447 60 190 179 560 -715 -200 1127 -223 -563 569 351 -296 -130 551 16 291 222 -521 -1131 250 -853 469 -116 129 -473 468 -83 101 -481 248 119 -463 -473 556 -49 -262 -254 182 -337 -202 192 -574 -198 -970 -517 -141 148 308 -625 240 -48 -121 43 -746 59 301 512 373 -395 245 92 -21 -449 -47 223 -330 548 -533 -220 337 -276 78 21 1064 -180 -181 -351 449 -102 -158 -107 147 271 -139 -996 425 -651 -72 -76 241 45 -438 -301 665 380 -1072 219 -989 -680 -704 145 -1205 -158 -549 -188 357 736 462 563 891 399 -164 292 ]
[1039 28 535 -694 -996 254 -528 753 558 -367 -476 -108 682 -444 -882 -695 230 -505 413 -208 457 73 56 606 469 -553 -136 93 983 -342 -613 292 -130 -138 81 822 -334 358 85 -523 612 -199 -76 -711 -38 -115 183 342 -625 -14 622 1175 90 -413 489 114 981 330 258 -531 1024 277 -347 221 52 -575 1109 933 173 119 419 337 100 264 1079 228 -441 -760 659 386 -49 -417 -594 198 665 184 25 -749 877 -519 -512 -83 135 -174 762 -48 514 -373 -479 -483 387 -718 85 391 500 -767 -13 1117 -658 712 -149 952 377 24 -328 ]
[311 161 -951 -1072 693 215 1152 -484 -451 -331 -233 741 -110 -74 200 -605 -70 11 -147 285 -515 -285 208 552 -712 644 272 -934 1356 239 72 -159 144 -182 -183 -341 212 -1107 -466 -140 -625 -191 199 -1026 42 214 -430 180 -337 544 733 882 -1051 56 41 -959 -81 272 -290 60 741 -361 250 -1025 -163 11 1023 -219 628 -530 280 437 346 -384 -249 -364 -221 -88 -68 316 76 98 59 425 426 824 -270 223 835 97 -187 -471 -247 726 61 -20 654 -1163 -49 -296 -313 -60 86 -385 17 100 11 654 -407 -244 323 698 -240 -196 -599 ]
[-206 432 -939 360 443 -292 691 -1002 -259 26 -723 310 429 327 267 989 20 -221 209 -909 -245 -458 308 600 -968 149 35 687 -467 551 -64 13 -469 -308 -26 251 221 -651 -84 84 -109 1034 -563 -239 -243 443 372 -423 -88 -294 806 -917 -381 -286 359 -475 -459 -500 1179 -114 -902 471 -769 -379 156 203 540 139 148 -270 -480 -416 -247 495 -380 -297 -260 -27 -491 655 138 619 -109 558 958 -606 53 170 -539 26 -364 119 -351 232 451 464 -774 549 533 333 378 115 632 -461 564 158 -953 43 -780 451 843 -246 282 -289 638 ]
[599 -107 676 800 -276 -50 -574 307 -961 -43 421 -354 -473 309 -900 -694 173 -553 -257 202 558 -957 67 561 -388 -270 755 1226 39 -243 44 -799 -971 -1187 323 445 -1227 -325 1033 -194 -44 -3 -142 169 -221 143 578 439 -268 -563 -428 301 534 465 223 663 -143 -396 429 141 -563 459 -609 164 236 -218 -297 521 173 -406 900 551 -104 46 -316 653 -374 -422 -513 -320 -600 625 -24 -71 -521 446 1252 -281 -26 -158 -237 -158 -23 224 243 163 286 -98 -877 603 32 298 -308 282 -290 -428 228 -108 238 565 486 -363 -757 374 -198 ]
[-201 -1088 -120 1068 -642 -58 94 -1206 805 1199 437 122 556 1 282 240 624 427 40 546 794 -1425 -585 120 -506 -85 74 121 197 -386 -775 -253 -145 -1076 572 166 163 -192 -489 -501 -239 503 314 628 533 -855 -340 33 55 -741 -539 -562 -246 913 162 575 221 -13 -776 -182 -1075 -41 -330 219 1262 457 -682 -83 194 701 -840 707 -780 1419 -378 -17 -356 -749 303 -109 -38 -970 -126 -63 -449 -401 -52 340 -450 78 -303 -110 400 889 121 271 958 536 -116 49 -215 -245 432 454 -1011 -100 -603 -453 51 564 -128 -88 286 290 -515 ]
[-511 -903 -827 -498 -558 417 208 175 106 -230 -266 92 433 518 -995 615 -66 -817 313 -717 -31 441 -268 242 -96 -342 -431 298 36 -203 -1068 291 -348 463 418 -869 -295 -163 -517 -42 220 235 -371 358 -64 -49 -337 105 -63 -521 159 427 -1007 986 -125 -276 257 -40 540 -310 -397 198 -644 -199 -988 -576 167 -230 406 -131 165 -1014 -3 328 781 475 265 339 561 -516 217 2 -387 115 -559 -455 -522 -373 -226 -98 18 531 362 -892 698 -921 -1020 224 3 187 -441 42 327 274 542 175 -924 682 -1158 507 -144 621 224 -137 1461 ]
[39 -589 -467 -165 -479 923 15 -395 414 -816 893 62 -360 301 -858 147 471 -268 -70 506 1192 -164 166 235 209 783 788 306 1282 -462 -861 546 899 -453 450 -977 -443 -413 -1197 -752 -695 526 561 574 458 71 -457 -386 -212 374 440 959 -1154 761 -602 322 -860 29 -335 -403 -167 426 -69 -573 -58 -418 196 278 -312 989 493 712 -510 420 243 -378 -389 -474 40 -39 -440 1017 311 506 -463 1402 -326 -109 1302 -634 315 995 79 246 307 -157 389 -579 418 479 -363 -322 -67 131 -13 -315 -512 -84 -532 471 19 399 -281 209 -217 ]
[415 -446 171 -1326 -358 -1063 -91 -40 -1350 758 46 -219 89 340 301 -379 -505 -35 180 1250 -367 -1330 -769 239 354 456 -3 -342 231 197 -511 518 -839 -525 -303 340 -91 36 433 -94 -278 -103 281 -151 -112 591 702 221 -481 -508 62 879 134 505 -622 276 281 11 -186 895 1345 -491 180 421 119 439 -545 372 125 -722 77 194 325 -462 -646 1152 -413 -114 898 167 -644 445 174 260 353 87 595 -411 -351 386 -221 9 454 397 -163 -214 382 -370 137 132 11 181 -20 162 682 273 537 -369 57 148 -63 -17 -640 305 -881 ]
[-580 25 -427 -726 569 324 1432 941 958 427 164 1277 231 364 448 474 -595 -228 -672 68 -405 -490 -442 -267 -102 687 199 -244 -82 243 -698 -31 555 840 37 -966 261 81 -222 -28 -252 288 4 452 181 -294 -608 236 -371 -242 752 297 -643 226 -351 -892 -307 285 -199 -576 106 -355 247 -353 -68 1127 1043 -1002 -946 478 -245 -886 868 122 -578 -1133 -455 20 756 -766 -104 531 1257 368 651 732 393 -379 -483 230 -682 -1087 91 733 -286 -109 -205 171 413 447 131 395 497 301 514 492 167 508 -614 -466 699 497 296 250 -523 ]
[835 -115 176 -663 -71 -24 -449 366 -78 -325 -1969 260 -68 -647 -874 -715 356 102 1054 -920 -700 -558 -188 1049 -208 -1051 -85 595 41 -187 221 -486 -1704 137 -183 954 -54 -589 1179 -183 233 -425 -440 -1044 -586 704 -82 993 -473 242 159 285 -442 -452 555 -962 1607 179 108 142 654 585 -1203 84 -429 -264 477 747 101 48 711 -215 -367 -531 469 -53 -396 -205 158 31 236 -651 -253 -361 86 -261 426 -46 -284 71 -212 -420 333 1229 429 -1269 670 -396 -90 -825 -242 1166 -569 -522 285 292 124 534 -167 29 209 741 -219 -99 346 ]
[-115 919 482 -319 957 -1008 299 12 810 884 -316 -270 561 -294 421 443 26 -185 -5 -326 -764 521 -418 585 365 557 52 -1650 -855 -849 49 371 440 351 471 -605 765 306 -156 626 -212 -305 -616 287 -846 -376 259 -26 685 982 400 -24 978 -362 56 -574 -454 368 20 -683 -701 171 161 379 -154 128 533 232 -196 244 -359 -502 73 -215 -102 -548 1037 492 235 -768 -347 -438 -392 4 -421 -339 500 655 -823 -705 -688 -1059 656 -256 -937 -311 -1077 1098 894 -164 -127 311 343 311 1020 923 383 896 -288 -317 1056 123 358 -120 -722 ]
[243 464 -1065 421 -678 -117 437 64 125 -140 376 243 -418 707 679 2 -619 214 65 -485 -27 738 801 -83 -360 -585 -911 -503 337 -381 151 246 -35 450 -90 161 -215 152 478 -414 -125 -187 653 -1129 -351 511 -694 266 754 596 -109 167 45 168 130 -494 233 -277 342 -518 -605 -373 344 -318 -336 -665 888 -40 406 -610 -446 -769 1196 529 222 -753 478 -322 158 146 583 -26 573 -277 -175 -935 345 -409 69 762 -371 -517 -1163 -749 -452 718 -100 734 -326 424 559 -324 -606 -210 -231 255 196 134 315 19 -505 -65 -106 -645 472 ]
[1115 276 540 -244 -1094 -183 -613 783 1166 776 -940 -918 684 -795 217 1226 175 856 -732 -541 -1002 498 -60 1117 -553 -675 232 -237 -55 109 358 108 -81 795 416 -22 643 657 766 33 339 -268 -1005 -425 472 -644 659 -145 -630 -80 458 -165 862 -163 317 862 901 603 643 -1014 -920 -25 116 277 -421 -281 -200 206 49 338 65 -1377 356 432 1114 -284 855 137 206 -806 300 -626 -456 -224 26 -823 344 363 -631 -300 165 -173 255 905 862 143 149 394 -391 -244 99 -430 -110 525 -918 374 503 -212 -1121 596 622 -174 488 159 255 ]
[295 170 588 -444 -616 -895 -366 -19 -456 1141 76 -9 806 171 656 107 4 380 -277 151 -36 -47 21 70 55 -592 49 501 270 -211 -273 190 -143 92 -29 315 -19 41 813 -277 123 820 -168 115 125 745 -130 -393 687 -769 -561 -584 466 -493 -1068 -269 -292 -7 452 -456 -975 -65 649 420 -81 419 -578 -313 -601 -216 70 -298 -613 1003 396 612 615 116 582 203 134 803 -238 -682 1071 -1259 258 314 -472 190 201 -28 151 310 -320 -353 412 263 828 -471 317 667 -103 -284 -591 -687 -202 -257 -447 836 -754 -731 -105 664 -441 ]
[-171 -393 38 -190 -330 -808 186 -305 -517 634 183 198 -373 -135 116 602 64 -863 -404 319 -295 119 -316 -429 -1477 488 343 -501 -71 1269 -162 -242 387 123 146 759 397 -140 596 -256 -900 75 255 -159 -120 -379 1002 362 -808 -267 157 -149 925 137 -242 35 113 134 661 -1 -113 -149 -116 -178 120 -19 -219 332 475 -622 332 449 -233 -566 638 361 -75 -546 22 -371 -573 599 -326 -52 -243 -474 169 657 44 -426 -833 -462 504 498 -392 1472 191 -254 294 272 -287 -63 362 508 54 228 1292 -1279 -197 -203 183 287 -107 686 -789 ]
[83 -4 -35 679 -537 181 40 129 -31 -28 749 -196 380 1073 -305 -470 -357 -138 131 -253 1407 519 376 442 145 -40 -148 231 628 159 -213 834 156 339 -38 722 -445 -474 606 -877 -701 -139 628 -585 -715 991 -796 187 176 -1052 -53 43 -267 775 108 426 503 344 828 -296 -404 -453 -256 -193 882 -397 48 437 -771 -243 -302 -861 582 1575 1478 124 519 -352 6 129 -719 571 789 8 167 -849 137 -1254 295 468 -293 466 -503 -842 524 -542 18 615 -259 429 49 -413 339 194 -231 -411 -110 -142 -336 -151 -151 90 -570 -157 -634 ]
[387 -604 244 -325 491 -360 -502 478 229 483 560 676 -158 -203 772 -222 207 1228 -259 -469 -821 -375 -363 324 208 -1755 478 161 245 -154 -392 -11 -353 -537 -51 99 -506 45 -135 7 227 -51 -80 -623 -195 -683 -230 725 -659 -1125 -249 64 -573 -743 -404 -274 1723 -352 -735 -36 160 -168 -921 167 526 -60 -69 -347 10 -214 184 120 380 -180 -239 -193 -930 520 586 409 -489 -241 -568 -750 202 -318 466 -121 -340 222 -265 -881 155 957 236 -734 329 -941 184 -318 -144 26 -672 -172 36 -661 610 -343 -577 -508 484 -235 -207 27 11 ]
[683 -184 469 -745 203 -213 -93 535 204 -154 493 415 -44 136 -124 -611 -59 -1208 -143 21 -588 651 672 652 -366 -287 655 -392 333 -126 488 -508 234 -668 1270 -94 -506 -104 429 -322 -300 -331 -8 -252 -104 -420 707 552 254 64 -153 653 221 436 -274 325 -266 -260 -103 265 148 -110 -23 360 -393 -1005 74 222 435 -1108 906 85 473 273 70 147 -23 -195 702 -255 -344 845 71 293 -788 253 626 -138 777 -513 374 55 693 -899 -442 62 -143 -488 -444 276 -181 -368 -201 289 697 -334 614 376 -145 -194 -224 496 -471 456 -162 ]
[-138 -1121 -418 214 -62 581 -363 315 -376 83 -1016 1146 -658 -70 -58 177 -555 68 0 12 -725 -1317 -762 255 -618 -1729 -592 286 -272 261 -916 -435 -45 -62 -127 -414 -764 -436 698 -51 239 189 -312 -161 192 91 88 583 -766 562 -337 -915 -288 546 162 6 559 -482 -467 712 247 -943 -195 -9 -498 538 301 -885 409 -683 1402 -621 333 189 277 222 -658 -290 260 -159 781 -58 1057 -361 371 -125 81 1223 132 824 85 471 -324 24 -755 -672 425 376 -729 1051 266 84 508 -224 87 459 60 -12 113 569 -85 -1001 -864 288 -107 ]
[-326 388 306 -182 151 -374 505 -276 -629 163 197 394 -901 799 -890 -184 436 -218 16 679 399 -233 -104 -211 825 466 228 275 84 544 17 1219 -303 -217 -528 193 -1513 21 -172 244 -234 827 -193 678 -660 1696 -959 -87 -144 -566 -118 -92 160 -1513 -219 136 -674 -639 272 -235 815 473 415 -221 -315 944 544 -418 -382 131 -372 865 -316 135 -373 1346 560 663 -878 380 -1056 427 -224 -73 312 444 665 -1189 72 828 137 135 -32 -145 -266 267 -213 -190 -19 629 277 907 234 -729 1070 -696 -129 114 627 -419 560 6 -352 -315 -111 ]
[587 885 -11 -1369 275 -65 -459 -407 -855 -794 -1103 393 678 -212 -219 79 -210 -126 -49 -328 -275 -305 -620 1017 623 1176 -262 -41 517 -690 -171 471 -31 -421 -1259 208 -563 -68 50 691 -94 344 -89 -319 -279 -186 -103 -485 710 682 -129 805 -202 -1250 358 -587 -990 298 890 -34 552 -29 189 -491 -536 -455 -48 222 369 -262 603 507 123 -366 -682 749 -787 -721 -697 584 -123 531 -794 1752 26 329 -668 -291 501 -341 415 59 430 -702 -663 209 -226 -424 719 32 67 -254 -471 -609 608 231 -625 929 1199 -179 606 690 59 291 596 ]
[727 -54 -69 -157 -1090 71 -151 872 429 -617 -182 -1012 -40 -50 -1097 -674 232 342 457 -562 945 252 -687 468 84 677 -107 -109 78 -1555 -347 681 -372 79 -613 -17 -717 520 277 -1168 -905 -1044 214 -404 -252 150 -467 41 -118 223 524 729 1071 -315 72 -406 1132 -73 594 -107 278 849 -307 -188 -562 -1325 1754 1596 -305 75 631 -103 7 651 559 -924 292 -299 160 -979 -1164 -87 -250 -50 -283 -67 943 -274 -127 -766 -1044 61 902 -117 -135 193 1077 1240 459 -167 463 65 -540 -155 154 442 487 33 -598 302 558 413 -538 -318 -1010 ]
[102 337 547 -232 -251 171 410 902 -228 324 758 -367 -43 -459 388 -458 -35 219 -39 -420 -368 -21 147 -564 191 -1157 128 -518 1261 -46 960 -642 -1193 -1307 167 -132 -1261 348 -252 926 885 -107 -573 -715 465 -484 -240 554 -1238 -1062 -146 414 -68 -491 -380 758 738 61 -637 -499 473 -938 -110 215 132 -989 -701 -374 598 -154 287 590 810 -359 -111 -494 -623 397 382 -418 601 -194 -346 -81 -181 880 346 88 1505 83 189 -193 -327 362 156 -139 902 -963 -1178 -110 -102 -237 -713 519 -624 -187 952 425 -204 -496 412 -505 -624 -386 552 ]
[314 642 -279 580 634 -514 662 -139 922 -29 818 -89 -229 -604 -13 350 525 397 -195 -792 454 -375 443 -193 -36 -400 828 -154 -821 -945 837 132 289 -338 -35 -465 -279 1327 -178 -167 6 -238 -39 269 -300 -870 288 409 739 31 977 36 803 -743 450 61 385 -386 173 -743 510 676 -889 116 207 -551 164 583 229 388 -292 737 441 -276 -739 -2251 288 727 592 -128 182 -763 -313 839 -715 254 352 -809 308 -49 8 -451 -1 298 -187 274 -1017 658 632 -34 15 31 -813 -244 1095 -11 64 -545 -318 -517 380 -29 441 -317 856 ]
[-419 -165 520 -209 -23 -925 -793 -472 -379 -398 1067 -177 114 418 7 -344 513 188 1022 509 -64 880 163 -1099 -354 404 194 853 -215 -98 530 -63 -209 815 -6 263 914 262 -236 -469 -372 -338 1022 -662 -583 -488 710 -461 277 275 -675 341 311 -126 -542 -587 -30 -186 339 170 -269 427 243 414 -183 111 21 780 -119 -731 -359 422 302 -377 -486 962 -430 517 334 403 163 218 -706 122 279 -752 -366 -387 -829 352 212 397 -471 -1064 -348 690 -20 -293 184 -634 69 -219 -512 -561 -6 -71 -28 -313 -16 161 34 433 -472 -1324 -35 ]
[-484 605 -69 -559 -464 261 -161 285 -540 575 -368 -606 829 216 245 281 -233 -690 -414 394 447 -147 -256 -134 383 77 -788 -51 405 -420 -94 273 33 340 -488 -400 -347 1214 25 223 822 -322 -683 -135 -809 718 -393 -637 -478 516 -202 448 139 -599 517 740 -52 330 456 -310 467 -588 735 -184 -725 900 -115 477 -550 520 69 -760 1025 -294 106 730 161 -102 -453 -173 996 -338 -289 165 743 754 -177 456 1055 -42 635 337 -812 -338 85 -961 -522 905 -543 793 761 -156 361 298 -234 397 358 626 543 129 745 -690 -256 -575 -426 ]
[-629 -814 355 982 -564 236 375 -779 221 -101 975 505 475 348 113 516 45 433 592 -377 -192 491 -1157 -1115 -97 628 368 933 -761 1097 -307 342 339 -365 43 -383 242 369 -307 -32 -670 565 671 -71 341 -1029 992 -940 226 238 458 42 497 475 -920 -89 -782 -838 221 23 -1266 756 -764 424 624 -448 -318 -251 130 -149 -584 375 -640 -682 7 -812 -689 627 524 -249 363 417 -735 162 -34 -706 -579 -303 -1035 -147 -899 -160 5 -557 -59 724 -438 -248 949 -474 -225 -446 392 -590 806 -551 -45 -566 -746 939 -170 -445 213 -296 569 ]
[-369 330 52 513 -52 221 -101 -754 201 566 -80 -191 393 -187 738 1025 1176 -149 -1356 -226 -561 572 45 764 318 594 493 -386 572 678 13 -85 -470 -962 260 -276 -277 -141 130 430 498 -44 -325 432 -141 -1298 264 -616 282 -606 322 271 -447 170 -177 1143 95 614 712 -473 -227 111 -351 35 -117 -98 -1004 193 306 598 241 81 511 -271 58 -723 -743 647 29 -133 -996 535 -372 520 -1050 216 -623 -636 711 -433 -46 24 791 810 605 71 -505 -83 328 71 -57 -509 -131 -723 -665 243 305 296 408 -308 644 -99 312 -184 1039 ]
[-143 -223 176 -12 539 336 -159 -100 -533 100 -456 450 -277 -421 364 -930 1049 106 215 729 -546 771 698 269 -236 -163 278 165 -4 553 229 -869 -854 99 323 642 950 -328 878 -288 559 -526 588 -420 -549 -45 174 335 -336 618 -215 -99 -486 119 340 -36 946 56 -235 151 1009 610 416 272 -78 87 653 1136 180 -433 406 348 -148 -1072 -183 455 -444 -581 226 409 -56 -6 -204 -804 -54 -347 179 750 187 -691 7 -95 792 381 267 46 926 -82 -3 -158 197 100 -775 54 -602 8 863 -94 197 -483 -113 399 -382 29 -908 ]
[1242 739 42 -1214 217 -365 379 1570 1281 -36 -92 350 -498 260 139 -297 -517 97 -299 -175 -699 -160 96 752 999 -219 28 -1049 210 -89 199 233 -398 189 -221 -23 -264 -226 92 1432 -340 180 -119 -189 -427 613 -362 488 -428 79 577 905 -689 -1224 -159 -568 -579 -256 -276 -447 468 -35 171 -201 106 -796 -124 -558 -185 -10 -348 -435 1101 -38 -100 -549 87 -349 558 -234 -537 460 479 -187 -478 728 1543 -530 -154 278 257 -1478 559 139 457 -425 197 -839 -128 717 -385 -205 -523 602 696 305 166 209 16 -207 1114 725 -328 185 845 ]
[-26 452 280 -596 32 284 355 337 69 -616 174 1110 13 494 -156 -470 552 -119 -147 -484 53 1214 707 28 -204 64 282 -13 20 -831 239 -66 359 994 135 -165 -115 755 -37 -498 120 -729 -138 -281 -681 180 -582 98 100 30 125 811 671 -1118 -474 -802 17 -734 344 -1264 -222 493 53 -179 -1327 -449 1350 -254 -157 -507 312 -498 283 376 -59 -171 408 427 772 -178 -533 1223 -70 -132 195 -204 443 -156 490 -869 47 370 908 -675 -414 72 127 141 401 73 482 108 -397 -183 778 -709 718 248 -583 487 673 49 1 142 1005 ]
[-369 -190 670 -783 471 -582 -607 -591 -437 673 -1031 168 -24 8 643 540 131 -951 810 -98 -502 -795 -1403 367 1112 1158 183 298 -381 1129 -1056 298 -477 -923 -194 -240 -187 320 183 426 348 489 -521 444 -51 851 925 112 -212 -338 307 -519 166 48 -67 454 -209 -696 13 556 195 5 -236 298 -114 296 81 849 -255 523 145 817 -442 -468 -388 -234 -756 -1001 175 130 -725 105 147 -159 409 712 327 -102 -279 -590 -760 609 523 760 -486 509 41 911 607 131 426 794 -97 858 899 351 91 12 546 -596 548 -165 309 -158 -90 ]
[-394 -794 -666 -25 -718 286 288 -363 -629 175 850 -35 175 -250 693 941 462 -163 -730 -604 -332 59 755 -266 -386 -359 360 265 259 521 144 -864 -43 -56 247 -102 37 -109 -242 -591 -448 -3 -329 -355 921 -2 26 -262 -274 -1292 410 576 -47 866 -391 -108 97 -263 110 -777 -366 -488 -623 -282 177 -732 -610 50 170 -776 -585 -227 63 -322 150 -605 -122 675 178 628 409 -24 -468 92 -393 -270 -362 119 420 33 774 -256 207 -174 1058 110 -1233 -1054 203 728 -933 -228 9 584 -237 -348 53 -621 -843 -285 -587 -525 107 40 799 ]
[1273 597 -508 -223 -223 677 -133 181 379 256 -232 -255 -1354 -137 -85 1328 -101 136 -322 -288 -708 237 624 1374 1063 140 161 -634 416 134 -106 612 276 -1134 178 -719 -999 -196 -53 -514 -326 389 285 -103 764 600 -90 -233 357 824 1119 24 -211 322 -48 -375 -388 -77 380 701 648 416 368 206 -1302 -418 1877 611 667 214 413 149 -556 34 38 -58 1182 -39 -280 447 -601 478 564 -482 -145 910 154 604 397 -396 432 437 195 -368 69 425 -161 -37 276 203 -381 -13 9 -699 643 -677 108 314 -667 -119 -192 503 221 374 -508 ]
[-613 -714 534 684 61 224 -294 -391 717 52 -145 247 392 -256 -830 -525 493 197 25 1063 -998 -569 109 282 -379 -935 187 -5 113 139 -67 46 560 -993 446 653 632 101 17 742 303 220 -410 486 -349 -1148 973 271 23 443 70 -886 127 894 435 534 70 -67 -264 344 243 286 -32 616 -467 -179 -1185 -46 1085 -336 -138 -339 71 212 637 458 -313 -527 985 51 499 -222 468 58 -160 -309 -567 1019 404 76 581 476 765 -703 -472 -90 271 -248 -482 -63 336 -793 1083 -287 145 957 -220 -196 -382 160 -850 -353 -655 322 -40 ]
[-358 557 398 -707 638 -726 -299 -504 309 -305 15 257 -88 -73 -76 -3 -22 -123 206 -389 -115 680 380 -435 -911 408 736 753 -441 -1227 396 160 723 773 714 -700 315 -742 57 -347 -159 -214 -883 9 -1033 -84 -815 -234 341 413 -1586 -53 417 -339 -499 250 -263 302 285 -1390 -124 176 563 -165 -342 308 411 85 -439 413 94 -118 -82 137 -166 -539 232 763 -461 -100 222 471 -69 369 796 -468 285 -1087 -527 -101 -611 -186 -333 397 -983 645 -1193 -172 803 -707 -462 304 -235 -255 208 73 135 657 429 191 136 448 764 -619 55 ]
[-637 -438 601 -209 -155 -265 383 -699 -1508 -560 728 470 27 1256 135 -1580 668 -170 -1145 436 198 -273 42 -577 984 529 787 395 232 3 882 -837 -612 -867 -276 169 -180 -356 52 374 -373 -718 -169 76 -352 -540 -315 -34 95 -365 -25 701 -108 -340 364 -31 196 -108 -328 -259 -378 -231 -352 248 320 -231 -1377 -412 -366 -210 -216 126 350 -812 -181 -828 -958 583 354 -302 -297 222 -187 -604 -783 568 71 -344 346 96 -78 -789 -191 777 637 -501 296 375 -851 -95 -630 306 373 261 -527 -126 947 -26 481 -1103 -147 17 231 34 237 ]
[-972 -716 605 205 -745 338 416 1000 -558 -678 276 196 271 -77 245 13 750 -844 -522 -1409 1043 -143 732 -304 971 573 864 110 85 -244 514 -1304 -747 548 557 65 -147 196 387 -110 418 494 -309 -717 684 359 -216 -1012 341 -589 -174 -107 -452 -669 87 688 276 -554 -53 -365 243 -515 -308 -473 1049 -112 -531 -390 -1473 -1071 126 -171 -373 -88 452 -666 -486 -40 -555 153 352 -1343 -1097 -218 -21 -268 300 -963 -121 363 914 -430 153 -918 501 -852 -518 -255 -401 995 -796 -29 344 570 -398 -1311 63 991 140 581 192 152 409 -330 451 ]
[-327 -435 805 646 360 340 -216 -301 918 -283 28 1036 207 574 -992 -791 -342 14 -49 536 1039 -497 -252 -269 196 571 915 48 -15 326 94 -142 1728 -40 376 -289 71 -626 -97 25 -801 -312 119 604 -196 -430 118 -467 -409 405 -41 -24 -68 393 511 427 -945 553 -798 171 7 -225 -454 172 528 973 -388 -174 -821 1342 -138 282 -752 908 480 -988 -329 285 -44 -613 -572 365 681 436 298 1264 147 -653 441 -26 -379 -159 157 174 -155 -171 326 30 -140 -7 -332 -67 1442 -34 557 53 21 -153 395 -238 269 343 17 156 -659 ]
[-884 603 110 1029 381 15 405 81 924 273 141 -1022 -361 -518 -651 -1191 218 105 536 37 275 970 -827 -461 -9 21 -697 -1200 -3 -381 640 807 -23 -568 -471 210 1074 237 -454 431 660 -845 -161 -477 -810 -880 -40 -344 162 -322 -154 -799 234 -569 -231 804 1270 -75 -23 500 818 -347 -378 -330 548 -339 -409 208 37 -593 -217 315 -246 -32 685 493 469 861 -217 -967 111 -1450 -784 -149 -393 190 -816 574 -178 534 932 754 427 -1032 99 144 1187 175 120 -457 -343 -743 695 -285 -1263 416 -558 -710 -276 299 395 -426 -99 -355 -429 ]
[-314 -679 330 492 583 162 -70 148 -744 93 -363 -272 549 283 -8 406 -1023 -620 -1021 524 -173 -243 -530 -25 -770 24 -295 182 -442 458 -309 -711 471 613 204 -412 -61 -736 175 278 -355 -277 -806 813 98 -342 230 502 286 263 -689 -302 130 1267 443 703 -1100 656 -562 653 -1144 -9 559 -72 -219 719 -865 -631 -220 490 651 -570 455 -218 -201 230 810 -176 -621 -898 766 469 801 249 -1157 66 -486 318 -375 83 411 51 -48 429 -228 -277 -1235 265 -782 427 276 139 441 478 -28 628 -415 -26 441 -239 -1310 -551 -273 502 -267 ]
[97 314 -380 -759 6 1054 798 -477 -520 -473 919 164 -247 -98 153 38 158 777 393 17 633 913 517 -238 9 154 650 135 501 -878 322 17 -134 142 155 -599 -1292 208 -390 -1008 -100 -74 453 -672 -454 552 -1504 362 130 -97 29 1158 -1340 -170 -484 190 411 -899 8 -470 1058 627 257 -499 -758 -724 750 416 432 680 38 335 -390 -167 -746 -70 548 327 -336 530 224 465 -265 65 212 202 16 -118 611 -676 303 -118 315 413 104 -1285 -670 -65 766 -361 -525 325 -447 -404 191 -1063 643 419 168 20 691 490 -169 92 -558 ]
[35 -172 -375 263 -868 -251 -130 1343 -952 226 1133 -573 -865 -458 83 668 -253 304 -913 -124 608 -398 -225 -205 -511 -360 -627 -334 278 -654 -349 -330 387 -193 -71 -25 -152 774 -221 -592 -45 -519 381 -504 -1 -417 622 -375 -630 -54 -554 626 714 142 -35 469 1350 544 -44 488 1155 -1004 551 -97 13 186 -425 -484 201 -1839 284 -577 1001 -919 355 512 48 96 -99 -663 -515 -698 -743 320 5 -242 409 87 409 279 106 852 -515 -796 -455 516 423 -109 -516 529 599 -546 -528 701 -151 -282 1299 -796 286 65 528 -513 -1262 -274 -251 ]
[757 -676 -167 -158 1170 125 307 326 -72 528 -678 -72 -114 -338 15 419 -39 177 -802 622 -438 -147 -336 1088 72 222 -41 93 15 656 -910 92 337 224 135 236 -217 -305 1119 -141 -106 -154 7 -149 -138 -310 162 565 -200 -270 851 285 78 654 659 -481 -391 511 -397 363 111 394 -398 241 -510 -198 403 540 -420 2 588 -39 -447 -659 -251 105 14 -512 -30 -699 269 529 361 153 -775 420 -249 187 312 -990 -31 -438 -13 256 444 -288 -291 379 628 376 158 -351 -696 -13 699 29 -337 -963 -463 -1184 -163 -443 -855 455 -310 ]
[-1493 -158 365 -70 811 -121 550 -315 138 -378 -452 719 -590 -567 -949 -992 532 -123 854 -105 399 777 -86 -868 -481 -259 -313 -812 690 643 -151 369 492 -406 -38 972 1205 -157 -651 468 1127 884 205 -264 -588 226 542 280 153 -110 483 -1111 -674 -1628 39 -512 358 75 -213 -98 607 -81 -186 -392 723 -192 -516 -573 63 -220 -452 1224 -929 248 1462 461 460 -1038 -365 38 179 -537 -872 -717 186 -271 -1000 141 794 239 782 326 417 -242 -54 368 669 -811 510 -590 471 81 503 518 -220 -537 -914 375 156 -199 -362 375 -150 -342 -139 ]
[102 -249 44 977 -332 116 130 698 382 -411 -125 -1002 -1233 -310 -641 6 -210 -398 207 -308 431 835 185 -577 281 -226 -176 -493 -283 291 104 -228 -490 -127 343 165 -264 640 1255 211 325 -377 32 -95 -361 -179 11 -1 507 -610 -226 -1112 1282 -513 -377 917 268 -375 295 600 820 23 -592 -25 -16 -1527 28 -282 460 -260 838 655 -401 -17 966 -143 705 -306 -85 -596 190 -85 -1 -276 -1207 -406 189 -329 618 -25 268 834 -181 -914 294 134 -43 528 -148 -343 -252 -450 -454 -98 -995 -90 -211 -467 394 376 -475 -507 -319 188 737 ]
[-479 -375 -307 -45 -503 244 301 782 783 186 -603 1 -832 278 -823 310 -139 169 160 -82 429 200 -759 -945 -430 178 -1701 90 -40 -350 -882 722 479 535 -394 -462 -268 36 -73 -556 -458 -10 897 -176 285 -147 -680 -136 43 742 -218 -172 -36 -343 -540 -921 120 599 -541 792 633 -375 423 -245 -892 322 649 -432 -530 -349 500 -283 -52 80 543 -139 -10 398 141 -1007 -348 -72 371 -436 -345 -265 -809 216 -698 743 263 672 -84 -628 -982 345 462 877 803 -294 651 -328 -162 -997 71 677 93 -254 419 -19 -432 0 -1061 -687 -576 ]
[-302 -104 321 505 -300 217 585 -416 361 278 772 -534 392 -242 115 183 345 626 -124 868 966 615 985 -1000 573 957 577 -45 -283 526 196 -384 582 156 44 -614 -673 744 570 -158 382 994 440 520 1337 -218 64 -822 -552 -885 868 -172 806 18 -110 261 -819 -396 164 -1216 451 316 113 254 -342 -63 762 204 -3 1383 -304 1080 -1130 260 -95 -533 -234 673 197 281 321 796 -57 -32 486 873 26 -92 908 -1332 -326 -663 -665 87 290 573 137 453 -78 450 -44 -393 174 320 -101 -564 69 -253 -622 250 483 -425 380 780 -394 ]
[349 -426 522 -354 -260 -898 -575 -1191 296 -276 -757 85 937 -56 -316 -409 -74 317 195 610 -300 -596 92 -252 353 815 176 -1243 -73 243 -290 -556 250 648 494 179 721 -605 -756 418 -66 -146 137 -35 -595 451 224 -292 -343 336 -808 770 631 -429 223 724 -266 526 -863 -1046 602 -553 1091 127 846 523 -874 185 -427 659 -49 562 232 -624 57 727 -48 -479 414 797 6 -283 -855 1264 -49 -287 -135 -545 384 -344 -91 193 492 160 -159 -403 -390 -752 135 298 -209 427 300 547 283 77 137 542 706 500 55 427 445 84 -650 ]
[-39 -548 93 284 -456 -304 702 -236 644 -257 876 240 158 -412 468 298 -293 531 471 212 1031 -635 -905 -1442 92 -6 -547 467 -1656 -98 112 276 312 965 -192 609 -233 2096 253 144 108 107 598 1101 -196 -607 -422 -160 266 -648 17 -906 1053 -1303 -698 56 -336 -822 457 -473 25 -171 -652 389 1290 412 -1425 -587 -658 492 -410 -197 -111 304 -330 -430 -522 -121 694 -65 314 -536 -667 644 270 -905 83 -343 -126 384 -299 135 -606 -473 -143 -846 -211 897 646 -11 -136 11 -287 -266 263 -232 -446 -887 164 114 65 -756 -133 146 1067 ]
[-489 847 180 -358 1198 -236 612 -202 -907 235 59 366 431 500 -65 339 -436 -348 354 -1155 -404 129 298 314 -664 -750 403 365 -196 -142 188 849 -188 174 333 -761 -850 19 229 238 -491 386 -1064 -135 -962 1060 -212 922 151 -487 -353 125 -207 254 -109 75 -352 -581 428 -917 -176 100 -126 -57 25 -575 531 -154 357 -1348 -280 -1137 798 331 -130 189 931 375 -184 306 -123 622 452 394 -31 -951 1052 -306 -233 194 392 262 267 -836 115 -699 -1396 -93 -96 1223 -390 953 -483 103 802 -237 -384 192 -173 28 499 -681 -763 -286 877 ]
[-606 -48 458 -55 782 158 -124 -339 -844 -613 286 501 -329 -224 -610 -12 869 -674 408 28 -576 465 -12 -241 -156 747 507 557 1116 273 -13 -171 282 42 15 254 -424 -343 -339 -448 -18 -1180 -390 -436 -1138 -419 -280 648 -108 41 -823 1484 447 752 150 -407 484 294 -848 -663 463 1163 -262 -396 -584 -312 298 604 20 44 23 554 1134 -1561 -459 -15 -112 46 52 -389 -359 -16 -36 312 -600 878 -107 -739 744 -952 -194 812 212 333 -249 944 -260 -1338 -345 -467 202 996 -681 327 440 -424 654 207 231 -1307 -565 764 -325 -765 273 ]
[50 -680 -1025 -574 18 487 345 489 639 129 -36 -253 -663 -168 155 138 53 199 61 136 -476 299 -721 8 197 585 303 -44 759 269 -553 58 630 448 208 -1818 -328 -392 67 -288 -144 -535 336 -191 586 -184 81 -159 -494 1 62 815 -928 782 -200 -724 678 117 -620 148 -78 -219 155 -533 -400 -639 -113 -125 -136 675 164 -331 730 -384 752 -94 150 -45 46 -1420 -9 -417 -8 -338 -905 1125 -81 -257 -113 -661 352 -338 -270 91 -15 -215 728 -537 -133 47 -779 1 -314 252 -1004 -274 -226 -141 -337 -15 676 637 227 -285 -378 ]
[-77 306 261 -170 -436 448 -299 437 756 184 303 -339 -746 -36 -785 -158 -322 -1071 -798 550 -225 1443 136 523 -994 -996 -503 -70 155 595 -18 251 311 -528 454 478 109 -741 481 -326 823 30 10 -278 -721 -272 436 425 -267 365 -104 98 -231 321 231 951 62 126 479 -355 5 139 301 183 38 -252 326 52 615 -539 258 -976 588 39 805 596 -124 -492 57 -318 9 772 50 -293 -130 -673 -96 -548 480 -224 150 -118 788 -752 278 612 722 -9 -258 385 1010 -1170 127 613 53 -215 -161 -238 -301 207 -365 -279 -98 255 403 ]
[272 -762 500 304 -102 39 -1282 39 -684 -660 190 1267 361 622 107 -674 319 461 136 239 -865 646 -311 -64 -242 -709 -280 594 -111 -313 -82 -512 238 -413 -179 1037 113 112 154 17 -427 -91 -340 16 -818 297 552 -311 279 692 -533 182 153 -571 -539 -865 255 -596 -222 182 -1171 606 265 695 -357 -317 -763 183 -164 -8 643 -386 690 -587 352 427 -758 -571 329 393 342 1236 -841 -471 -402 -468 178 1359 300 -312 235 -96 -303 -325 -324 -407 192 -71 26 564 406 226 -465 -220 205 269 513 -93 222 -823 -649 -693 -795 173 315 ]
[-60 394 -235 395 -891 -512 -347 -1341 150 455 -551 74 284 91 812 554 321 575 -164 -576 -730 -122 934 587 438 437 -392 619 -161 -516 -998 -308 -196 -57 455 566 709 89 503 -756 555 268 751 -532 -497 195 -523 -385 771 254 -370 341 147 360 10 -19 497 -618 30 -443 -642 272 -196 -285 12 321 677 505 -391 296 -1076 -277 -211 70 -664 -120 243 -529 227 793 -550 149 188 -159 900 -1232 333 -92 -987 244 -405 -648 -375 -57 222 8 -712 838 811 192 588 473 -12 -85 -168 261 -293 125 857 630 -211 -56 855 -231 604 ]
[157 -608 161 754 -3 829 -530 764 583 268 -166 134 999 253 600 -511 -293 -263 -27 -155 971 80 -764 -191 -535 40 -278 63 -563 785 61 -593 597 672 -597 -409 -388 918 1559 -707 -429 -907 186 -967 351 290 455 -79 -11 -450 851 102 365 702 430 402 256 -140 -831 407 -54 -620 -250 -224 657 182 66 292 -853 260 447 -367 731 866 865 -1156 -245 -191 526 -585 1015 -268 523 -29 -187 294 -95 -639 584 64 890 -132 -389 -92 317 -714 616 969 -284 370 368 -723 -165 155 -571 -258 -420 -744 463 -274 -235 -966 -352 -31 117 ]
[-99 583 -56 825 265 -229 -519 496 845 155 -513 -81 -619 93 -1111 -372 -226 158 786 -128 -230 20 -420 -119 -102 87 -676 -1087 21 -135 -871 600 462 -344 -244 520 199 -732 -543 264 216 -716 963 -408 -532 -545 -770 400 -60 746 -716 -134 895 -677 565 -917 321 733 -1077 451 -194 316 -61 -304 281 694 1338 158 107 603 -74 935 -548 -435 -160 436 518 -298 -606 -558 -1204 279 349 -539 -18 370 -327 217 -470 -539 -857 -497 409 624 -698 1174 774 -42 406 -435 291 -152 329 -419 114 732 -150 -423 285 -387 825 170 -22 -618 -1254 ]
[-820 298 340 971 -135 968 -260 -352 -948 -381 173 754 -49 -80 -93 -779 328 235 659 -136 -227 -620 -496 -678 118 -722 -533 1149 126 994 475 154 274 -1267 -1191 951 -1354 615 395 -547 -120 -156 481 -901 -550 -144 338 637 -506 470 426 366 473 50 953 -89 1057 -143 388 -111 412 29 -385 -69 178 345 269 966 93 -263 -292 425 526 -334 5 309 -1016 138 -205 987 232 -60 99 -201 559 465 36 472 589 371 -180 -349 -488 72 -654 80 38 92 -423 462 598 316 896 -1119 422 -148 1204 160 931 -471 356 -197 -683 -179 -967 ]
[-49 -421 113 -216 -450 389 -780 215 622 -151 782 698 -207 602 -6 -421 -1129 432 780 -1049 550 527 -991 -290 663 407 -363 520 -551 -46 -635 -118 187 157 -935 4 -8 -118 -169 -48 -214 -674 971 -969 -390 133 -622 -371 -141 -393 -242 390 103 -453 -778 -1029 413 -66 603 -420 -378 -247 -903 -13 476 -521 253 447 -506 -278 -548 52 367 -49 901 -281 -54 -31 252 -349 -714 -27 -439 109 240 -332 -18 -652 -1319 21 -383 -211 280 -1659 308 244 177 -339 195 139 -726 -426 -26 305 496 -504 -17 94 24 -160 519 833 109 -506 7 ]
[-680 -160 -661 -324 -585 92 586 430 -132 -146 793 -148 105 489 -244 587 492 -967 548 -817 1254 854 565 -1241 -606 -251 -576 330 -367 -137 532 76 12 531 649 -184 -744 208 -475 -367 -206 -48 -296 118 746 -228 175 35 -453 -1013 596 -212 -922 61 -325 -345 -121 -542 203 389 97 231 -686 358 -461 102 679 326 -528 -195 -506 -434 -696 1293 588 38 -454 695 469 181 357 1021 431 -754 75 -32 260 422 358 -344 34 -135 -269 -339 1146 66 -612 950 14 245 -758 -1087 1072 -206 10 -558 -107 -184 -697 212 119 326 79 -509 400 ]
[-429 -1048 87 -819 615 1008 177 1583 245 -82 -615 112 689 -94 654 372 -781 -76 -8 -382 -760 -245 -385 -633 -68 333 -72 -241 54 696 -858 -989 762 -115 566 -1440 -1084 30 157 -482 -43 162 -428 752 1226 -269 -65 528 -835 -472 1486 729 -558 818 435 -199 291 869 -1276 -213 770 -317 239 -256 -733 394 623 -192 -290 915 858 -210 549 111 -21 -1361 -102 413 126 -645 -103 -156 -30 164 -330 1913 104 -61 427 -709 36 -410 542 699 -125 -1148 270 85 -365 529 250 591 -351 134 569 -87 -351 933 -219 -1173 455 394 -950 -234 -587 ]
[74 -1138 -660 451 -245 361 17 -420 331 -1111 -47 363 -835 348 -680 -902 59 382 -790 1139 27 128 948 113 193 -59 790 -353 356 511 -17 -560 776 -885 142 -271 -84 -320 -136 250 304 -28 607 788 686 -333 -71 -491 491 146 377 -161 443 -383 264 -957 -642 -130 -518 101 -625 512 -116 -1 -260 -319 161 160 289 695 347 650 -486 263 167 -414 -280 -132 8 -68 -1017 448 -453 -444 -406 808 124 213 470 -996 147 75 -487 382 201 766 1317 208 -312 -308 464 849 -122 -320 -413 260 -523 122 -179 -781 -677 152 246 621 -380 ]
[-316 -156 1048 -648 -711 19 661 42 355 483 1011 239 370 863 -202 -729 3 435 887 518 1235 1032 279 -1295 1060 133 -58 297 -135 352 953 673 14 1063 -482 -341 -254 154 -310 234 -12 267 1214 78 710 304 -495 297 579 -1088 -371 283 -79 -907 -415 -626 -270 -33 -122 -674 408 -357 -81 431 457 -177 168 141 -140 431 -453 851 -250 856 841 285 443 1420 712 2 535 169 -466 -609 -360 -575 -357 -843 -323 624 925 -273 73 -892 466 -483 246 -7 315 -392 -937 -144 -404 644 415 -565 -43 -407 -558 155 -661 472 129 225 352 ]
[266 -225 -274 -357 -703 -850 235 -86 965 207 94 -378 -227 71 -39 1594 311 95 -364 -259 324 -89 196 -328 316 59 -107 -79 -148 340 95 1070 388 -127 222 -415 -338 170 -1005 -709 -825 639 41 207 970 -150 99 -474 88 -205 318 -1235 392 -371 518 267 34 131 248 556 377 -361 715 156 194 178 1211 -573 203 -381 -535 -330 -360 1551 260 -16 563 58 -206 465 -435 -426 38 155 890 -733 -503 -696 -540 847 -101 591 -4 -354 -110 1118 -106 965 -365 67 498 -772 1106 -639 866 -95 -765 -361 -516 -500 -726 141 529 -118 -343 ]
[-109 -396 -251 -1047 -45 1357 181 306 517 -905 -195 13 -29 14 -574 -512 -46 296 275 411 -109 505 262 -388 669 103 -351 -32 47 -211 -384 788 -119 -72 -357 -626 -161 -708 -751 -46 167 415 501 242 1385 29 -807 203 157 201 157 970 -1615 157 -22 -467 -109 -35 -874 -165 1095 290 393 -331 -196 -259 824 -29 543 273 -159 330 -514 -379 -282 -415 -739 533 -86 651 -161 -769 421 -483 -618 893 -859 -596 404 -339 633 -194 385 -17 600 4 -118 -470 242 -147 -542 -274 -853 -238 -348 13 -954 556 -450 -467 -853 761 358 -86 76 ]
[-354 -1055 -549 -462 -259 528 490 3 -205 568 107 252 259 -552 1700 -109 578 -561 -319 419 -719 483 994 199 -138 -481 -267 -267 1093 415 -169 -925 -506 188 1044 83 56 438 -153 -361 483 444 233 -309 865 -218 -72 306 -556 -1187 -120 213 -1362 -6 -314 -529 1502 166 -745 60 1172 -421 -245 119 113 -283 -125 192 326 295 98 8 896 -156 -80 1051 -446 413 458 25 130 -485 -619 6 -690 488 -130 746 929 41 848 -124 16 -250 580 -1087 97 -755 -948 848 -726 800 5 214 -852 -141 210 565 -754 -504 -15 839 42 386 -135 ]
[683 495 -365 329 110 444 -131 659 -295 -452 690 -971 -392 640 512 -206 -939 1162 -882 283 690 -36 690 -71 1324 345 446 -232 -412 -711 906 741 95 250 -186 73 585 44 -683 419 -775 -223 623 -112 553 466 -77 -870 35 94 411 559 -453 -232 270 339 -285 218 -69 571 334 -92 283 -588 812 31 -154 180 -196 -285 -17 -269 109 -519 -294 -664 -289 409 -996 982 -467 -172 876 -537 763 653 198 -166 184 385 179 -755 -782 -157 521 -313 -367 -1071 6 237 -341 -1115 -198 -416 -86 -699 392 -987 -348 302 -123 -128 719 122 -377 ]
[92 -319 385 -62 -677 -291 -431 -326 -1106 -395 -670 -593 89 547 -251 126 404 37 -562 -417 -168 -36 -727 419 1786 965 -277 237 186 75 -641 311 228 -1022 -373 -919 -975 -59 -895 619 259 64 -512 -34 1032 -280 492 -320 243 -327 -214 522 339 -323 458 383 -353 213 -1061 223 -39 472 357 -53 -265 -763 -259 -59 -257 85 -396 464 -467 -277 -84 549 -314 -219 -408 -242 -119 298 -1167 162 -1200 449 -36 -516 -478 -955 404 615 721 90 90 947 340 210 595 249 118 -233 -78 718 416 -551 107 88 1032 -369 -661 -136 166 731 349 ]
[-491 -47 -6 119 206 811 -234 749 1278 -278 -76 -633 -733 -1098 -494 393 898 -170 1630 -1165 286 941 -900 -97 322 76 -105 -517 344 -177 206 701 -831 -976 -345 416 52 784 -280 424 1272 -239 -612 -271 -738 -741 589 -602 -899 77 165 -340 33 -650 -749 285 1216 -80 575 149 787 360 -726 915 516 -1422 574 930 105 78 11 830 -782 -741 631 -19 -783 -886 -199 -346 -756 -425 -246 122 5 42 57 49 1005 -1486 -606 1097 923 -303 59 1141 827 -193 469 -255 -77 -441 -518 45 -461 -261 148 339 -118 455 1051 -30 246 -1079 644 ]
[3 236 510 -234 60 -113 25 958 -1032 -452 176 195 -285 407 -558 -1162 -758 950 467 633 364 89 -1633 -912 619 493 -1145 57 -556 -711 -296 2 -41 1667 -1436 -722 973 430 -506 458 18 -868 660 -448 -374 -150 196 116 -526 71 330 230 44 -393 -564 -1515 -505 682 394 -396 -5 -609 860 -715 -342 825 568 -677 -897 -918 59 -414 266 118 260 949 49 164 392 -1376 704 48 -30 550 1015 65 -460 210 -1156 657 286 449 475 -667 -576 -178 1101 -102 558 -204 424 480 158 661 118 207 242 447 -551 779 116 -119 -1255 351 -680 ]
[179 -74 -119 1163 889 525 -652 -769 -445 -1184 -53 35 -358 -254 320 11 68 -79 640 -412 -81 813 160 -279 609 810 -128 498 -654 538 563 -81 222 -907 314 376 114 282 -511 100 -352 -267 283 -465 -298 -74 111 -445 35 148 580 126 165 -237 -20 -92 -586 -247 201 93 1 341 -38 -267 525 -353 628 -95 181 -625 -110 1323 -1055 -216 -520 440 -207 177 -1319 969 -332 167 -943 741 346 472 -243 -41 770 -521 -176 966 -812 -689 -65 486 -497 -741 367 -144 -141 -698 444 -960 720 -1569 -12 460 -18 -269 -76 170 98 9 315 ]
[248 -149 181 218 -729 892 559 883 130 52 636 236 326 -507 -166 -811 -78 342 77 170 1265 -620 -34 -640 66 -656 -1167 -262 370 -468 36 -471 547 539 -278 149 -1228 6 92 -657 -436 -81 874 7 594 -333 -160 342 219 -307 509 1108 -665 871 184 -1163 528 -131 -418 208 720 -238 18 556 -439 575 598 352 -362 580 665 -217 502 650 94 -198 -460 518 1105 -72 673 -269 691 -150 246 5 -306 434 543 545 -319 -741 -850 288 74 -2008 -65 178 -415 -466 77 86 497 -213 -408 -646 785 1067 -499 -114 -402 541 -745 152 -1492 ]
[-803 461 -60 495 -431 453 -138 1070 -58 -609 552 -479 772 -123 682 179 485 -726 186 -1228 -172 982 95 87 904 -581 169 1750 -587 -427 660 895 -455 -235 236 269 -558 1121 -376 14 383 -61 -1214 -217 292 55 -396 162 1221 -341 394 1063 140 -26 -220 89 939 -873 -106 -323 -789 1118 -769 340 179 -861 -632 282 -170 -452 -389 -1019 909 -968 -175 -705 -734 1336 -299 432 -145 -22 -310 -578 -99 -325 264 -283 -345 -227 110 162 -1431 -368 855 -1166 -876 167 -279 73 -17 91 -205 -446 433 -153 -992 40 -631 -664 551 -301 740 -1224 1991 ]
[-394 455 -174 285 172 -585 310 -794 -513 321 -26 -850 137 471 -8 185 450 177 -162 -169 120 -497 -124 671 278 747 -8 -834 168 -178 -105 1072 -665 -845 -722 -729 -366 528 -242 1276 517 -282 -782 635 -413 -394 315 -207 195 -455 -30 -678 596 -232 557 651 263 223 243 927 -76 105 -549 232 -558 -459 -1000 178 983 95 -526 -84 -121 15 -872 -141 25 288 -28 -418 -1256 -33 -48 191 -863 -62 -323 -555 187 -903 -322 566 700 65 120 217 -816 865 -155 -123 608 -167 -551 -75 227 857 156 -282 727 -575 663 -632 -9 -515 918 ]
[39 -466 722 212 -603 36 -142 -425 -564 82 -111 -55 -385 414 -272 -767 232 874 -285 1150 -681 -77 688 -338 941 93 -63 432 540 -84 -141 -1127 -637 -151 753 470 237 -220 -165 86 644 46 473 -242 17 -321 -593 114 -744 411 -45 260 339 -543 -387 216 -295 809 -489 -906 341 101 731 303 -214 65 300 623 -297 1014 488 810 -282 -1171 -19 367 -415 154 240 -313 838 583 -950 106 -242 320 -222 1137 -130 -92 354 -21 -92 545 496 24 902 90 -207 -37 -18 433 211 256 -823 290 648 348 -448 -354 -449 528 -701 282 -814 ]
[-572 -1030 783 -648 -35 237 -344 908 -757 -391 -891 188 218 373 -246 -370 68 -656 869 -788 557 -301 -796 -571 765 667 127 94 62 573 673 183 355 1039 -939 -153 -15 468 157 -269 -842 -611 -898 257 243 1350 41 -296 66 -436 24 466 617 66 341 30 86 -654 -569 1123 117 -584 -300 -755 140 387 -96 -405 -547 -804 -7 -46 -324 292 -22 -142 76 -25 -968 816 -709 -1055 266 -222 218 451 103 -979 -318 99 326 -267 -125 -683 23 -765 -264 -823 -925 40 -353 740 104 -22 392 -706 -491 -218 766 -268 -1066 -531 -103 -606 649 ]
[1031 522 -1078 -157 610 526 -300 104 -131 -1065 -985 157 -304 -125 222 -712 -250 729 825 -1004 -388 849 -4 653 9 53 -277 62 -102 -182 -191 -110 330 463 -231 -734 23 -739 294 -273 359 -354 63 -931 342 120 -411 0 -688 847 375 -83 -1018 -185 -17 -674 585 311 -7 -23 656 465 611 -686 -677 -585 719 92 -288 12 113 -178 -35 -56 -334 -841 795 113 -82 -451 596 266 231 -1 431 640 345 413 -438 -655 -3 743 115 442 829 228 1061 242 255 269 -479 -183 -189 85 -857 -862 -66 344 -405 440 566 425 -46 392 -223 ]
[674 178 740 -53 254 -788 -548 -267 -1024 -349 -861 -126 666 22 82 -824 599 -471 -415 -190 271 -397 244 1392 526 1501 955 89 33 411 476 62 447 -16 266 545 -406 -691 261 -394 -922 -621 -549 -684 483 213 659 451 573 94 335 1122 483 -274 767 234 28 436 -797 -245 67 593 19 -105 775 491 -141 1442 -1104 -175 75 161 322 -817 -482 -473 -740 157 -416 476 -788 414 -322 283 -1228 755 1086 -741 -147 -1042 11 -460 -19 1200 83 383 -221 -291 -566 829 -132 282 -146 -186 621 -29 594 -14 -26 -389 322 297 142 56 -1074 ]
[-225 -1051 -155 -511 -150 300 503 -638 1185 721 -676 -497 -180 -29 -500 -69 -193 -42 1055 863 119 -793 -540 -368 -232 -448 -940 -1350 -164 790 -490 729 -218 -628 -276 164 51 -1461 43 652 180 606 583 474 294 96 352 41 -510 -430 668 -620 -626 233 300 -231 21 -70 -779 216 1153 -937 -1167 456 1051 -51 -235 -100 749 537 -510 286 -241 507 664 -78 -389 691 1357 379 496 -446 299 -491 -225 -230 -643 69 -220 158 -9 -374 488 -212 512 -729 701 -131 287 -77 -440 -1249 638 216 973 867 -928 -33 -887 444 -45 -436 -163 -173 -269 ]
[581 419 -148 98 447 -258 -256 -349 206 -261 19 253 825 -1159 -313 -90 -196 1162 -332 891 430 -432 -443 -78 -143 456 -199 -866 399 426 -155 -787 1255 879 -1297 13 1163 213 -965 694 -482 -871 713 -448 370 -416 397 -896 38 864 -635 61 707 560 345 -1076 -1008 648 56 -59 -648 -747 501 -172 106 53 -102 -784 126 127 -633 769 127 232 -95 -92 660 -522 17 -12 194 -585 -271 406 380 -33 -715 1143 -82 296 -832 272 -799 23 -328 885 618 -347 -279 -959 -227 -123 369 361 -795 561 249 411 207 189 -208 -163 238 -150 -537 ]
[1038 235 -319 -112 -120 -250 -181 970 20 312 653 -496 307 495 320 142 -550 357 -1126 -115 -319 -601 -21 606 -176 585 820 -410 54 555 170 164 670 306 -475 472 254 340 113 423 -584 -229 265 -28 499 -21 1224 -21 -221 -1111 1699 484 668 222 417 -76 -301 597 784 68 -426 -287 -158 -490 330 375 -364 20 -401 -553 -95 -750 485 83 45 -1083 -114 177 219 142 -622 199 97 494 404 537 758 -952 -124 -2 -69 -924 243 444 962 308 241 -578 540 89 280 -278 -46 325 243 -387 361 -1171 -1083 -670 113 39 177 370 223 ]
[-564 -373 -216 473 289 475 318 197 803 587 -771 -96 139 196 464 1029 -283 -459 131 -1028 -738 -369 -312 468 557 -765 -272 295 -586 -331 -40 623 -1647 -399 304 -269 -891 411 228 330 315 758 -631 33 -393 303 -346 281 -98 -469 -63 -906 -1041 -60 -472 -213 417 -165 516 -27 -282 -37 -1100 281 344 -2 -147 -671 -38 -220 -302 -1669 8 300 296 423 -847 361 -100 -40 84 -261 678 2 -176 -139 310 276 -728 240 577 354 824 -125 -35 -1338 104 -594 355 659 -379 715 111 -947 -316 -207 -164 48 -60 826 504 -46 -510 772 413 ]
[-355 -261 -628 -350 859 324 497 126 -1071 -73 587 309 426 132 1315 185 363 -31 -637 -1657 237 190 -365 61 -332 369 -19 367 147 -1042 38 314 -54 499 25 -1389 -741 953 -1005 -120 88 -572 -1191 21 117 -4 -222 -390 605 -442 -667 149 -265 -207 -661 599 602 -704 -36 318 -135 -108 245 -743 -384 -297 -136 -753 23 -1574 537 -985 740 -260 -346 38 25 548 -205 85 305 -621 -585 -64 -213 -108 -569 -474 -169 -47 18 594 473 -539 -41 -761 -926 -600 -193 92 -33 561 -396 -600 -488 -1162 39 456 80 595 390 -448 245 -113 1347 ]
[379 -564 -650 235 -242 145 -591 602 2 868 107 879 -948 526 -222 841 -399 158 -118 143 -1292 -939 -321 232 -518 -1581 -1179 410 -878 467 -922 -259 -747 -1035 -678 107 -37 -581 13 -307 441 931 700 671 -97 178 431 598 -876 -235 383 -611 -558 787 258 -15 718 -551 561 -142 -647 -408 140 -118 -318 669 204 -487 501 -807 233 -228 424 405 -272 884 -30 -365 787 495 -686 529 -1 -176 707 -827 93 508 -601 707 440 45 724 -154 -197 702 524 -295 30 998 1072 -152 -295 682 705 -131 -19 -622 -585 -270 -183 30 -501 373 487 ]
[121 440 757 578 104 -289 -722 -637 -313 803 109 -598 59 -188 -686 -63 123 -2 69 555 359 -994 283 278 -200 -410 587 811 170 121 -284 -425 -190 -420 66 -39 -918 -125 599 32 1249 588 -121 1363 -659 -334 894 232 289 -394 -355 -115 411 943 -460 694 -304 -192 1021 -609 -186 572 -394 1054 -234 458 -597 764 609 1092 682 405 -229 5 -501 600 23 176 576 -36 -614 965 -110 285 387 -677 554 -461 -522 -353 -838 15 339 792 -165 -409 -705 277 141 -69 235 1192 25 -287 98 221 -44 466 -160 720 -372 -103 -459 357 -212 ]
[147 -471 78 -499 -63 326 184 419 -400 -427 -232 441 94 -120 -579 -611 195 137 504 -337 476 -585 -555 17 348 -322 315 1243 207 -549 -8 -455 -258 1120 -652 -142 9 275 351 -102 160 -278 -609 187 -69 210 -454 -14 25 -1009 -937 45 -365 -236 -303 -275 22 -303 375 -169 1011 -369 79 -166 -28 277 -186 -886 -618 -876 -7 -397 -81 794 35 396 -385 19 -15 329 648 -385 471 837 1070 -298 -122 -645 -222 645 574 579 -29 -286 -160 -531 -91 -548 -158 -665 -311 282 264 182 -417 -1003 -491 890 -102 746 -110 510 -279 -15 -293 ]
[-802 59 -121 260 -485 852 12 -115 -137 123 136 78 90 65 -114 145 738 -1188 -104 -222 103 305 1054 -287 26 -499 569 494 109 146 347 108 -299 -769 664 521 -889 -20 149 -101 129 510 -112 186 666 -137 -1184 269 -226 -619 -634 -666 -689 60 351 18 -163 24 -70 299 23 119 -510 -28 -1049 58 148 -203 389 467 -231 954 -1065 186 225 444 243 154 -632 57 156 -84 774 -1281 176 929 -511 364 761 191 368 -66 -335 275 418 133 -623 -737 -479 -318 -909 -584 657 -277 -1040 -565 517 112 166 216 -72 974 1074 242 345 ]
[609 578 834 724 -1029 -268 -803 470 343 948 -116 -1316 778 235 -144 287 366 -439 552 -395 765 -536 -375 331 195 -496 -313 -78 383 -218 -128 -5 -618 556 -423 729 502 -315 899 349 -323 -265 235 -680 -1720 475 12 34 -529 148 -944 -674 -29 615 348 791 588 962 1260 -19 -275 -876 713 221 888 326 -900 856 -559 -204 -329 -1328 551 620 1843 572 664 -1203 456 122 165 -758 337 190 733 -1171 -340 -448 -631 223 123 613 467 -455 -76 -236 470 513 -284 -420 -265 -410 388 409 -613 -99 521 -211 292 1680 134 -15 -464 -198 -962 ]
[-752 -713 1006 -472 -573 -1 -99 1037 -539 -421 809 31 -350 483 -1549 -837 -289 -698 -379 220 -633 1452 -1236 -1350 -17 -871 -160 -521 -1203 -233 338 -331 -118 -310 -173 -614 -803 36 284 120 -472 -873 379 58 -270 -368 404 751 -585 -82 -173 115 755 -1294 189 378 162 -861 -141 99 104 -305 -365 -164 -57 -466 440 -242 -27 -644 693 -357 982 -655 1225 -180 -445 1246 498 -1226 -309 465 -916 -475 -988 -177 154 106 198 257 -65 -779 958 -1708 -106 -576 220 381 -65 701 667 -569 481 441 750 324 607 378 -93 -642 456 -291 -716 -18 -232 ]
[255 453 -30 410 696 -173 -306 -1184 729 -673 466 259 -534 -340 631 374 263 492 212 191 -836 586 1681 695 -715 -754 1111 993 22 881 -101 91 204 71 697 -5 398 -1838 503 -424 147 460 257 -841 -310 -159 -668 185 -649 279 -413 -615 -1040 1198 -314 336 584 411 967 -1296 20 -348 -48 158 477 325 363 891 -238 44 -95 -2 -242 -16 594 -40 -281 632 323 1291 -199 799 56 214 901 -732 -583 -345 -416 -490 385 911 -870 436 520 160 7 -408 153 -53 -926 -131 11 -379 -301 -376 -363 -22 -569 272 386 492 234 -103 -855 ]
[758 576 -64 -883 90 54 188 487 -154 -639 -496 729 -109 201 -838 -268 -918 336 -471 -558 -719 128 859 370 -21 166 222 -778 213 -230 -192 -1020 879 -383 425 77 461 157 -393 827 683 -13 204 -438 346 -489 240 303 -143 549 -254 -294 288 -527 584 -295 -752 575 1 -648 -302 -532 482 -986 -638 207 691 -927 414 -375 165 453 -427 -429 -615 -298 183 -1103 -172 -269 402 86 -334 641 408 479 184 261 408 -459 -528 -528 -22 59 -523 1224 312 -24 -12 -142 530 168 -287 1188 275 294 887 985 -168 -265 47 491 388 767 364 ]
[510 -43 -189 361 -582 406 -138 -346 124 -399 -597 -15 744 -626 844 55 46 416 177 -392 -473 575 554 -170 279 89 -429 839 812 248 114 -749 -29 -292 -86 1292 1176 170 -271 -254 279 -158 414 -861 303 -787 -560 -342 30 -499 -77 212 -728 -75 335 -213 795 264 280 109 -339 -299 -161 -150 871 -526 -92 103 -415 122 -293 386 -244 204 -39 -545 -1076 -1054 -347 931 768 436 51 796 507 -492 -976 2 959 332 410 -426 -1061 409 747 15 419 -388 140 -686 -200 -646 187 8 -881 -315 -212 144 309 -363 -779 -72 527 -275 492 ]
[-186 160 -362 -692 331 -90 1089 377 -727 -833 668 439 -1200 481 -650 -402 -136 -122 177 322 959 545 581 -214 -113 26 -79 -380 -761 -1246 780 132 313 1350 -218 -662 -141 298 -640 -15 -353 -365 557 539 172 387 -1023 814 835 77 -316 40 -689 -467 44 -522 -61 -757 -36 34 773 378 -427 -546 -1048 136 972 -186 57 96 232 -178 -500 156 -233 150 627 1314 155 -384 -23 175 -63 -713 -643 -65 798 185 -495 665 -29 -131 -240 -114 -334 -705 -124 963 368 -130 -752 343 -99 40 723 327 725 -33 -432 -335 119 1315 571 913 702 ]
]
