[[-57 328 -66 231 138 -655 -268 -129 -736 -482 -506 -247 -474 -98 -222 411 258 -333 -146 270 -464 9 7 -578 917 93 436 -268 -56 -205 -334 410 912 -139 -345 360 10 242 313 217 -281 -845 104 -269 -77 1036 37 -8 269 588 85 782 -167 56 89 382 -539 -571 -382 -365 209 307 -269 -186 -645 -69 -421 587 -199 124 93 -310 334 151 263 -206 -401 -399 -802 229 -168 323 -469 271 -97 627 165 -142 -286 145 406 153 335 -293 173 -279 -281 748 -788 760 -696 -278 -1007 -11 336 -764 46 221 30 432 37 292 274 -12 -118 ]
[401 -291 -24 -156 573 -191 -370 -53 -419 -722 -511 88 -439 -516 59 -204 -550 -685 -17 91 -35 455 -49 180 -253 -151 416 -531 659 -588 -260 106 132 647 -341 128 -532 756 -695 -56 -72 -30 692 289 390 490 115 -713 308 306 1054 -172 46 -317 -183 -347 263 -896 -248 -434 152 956 -26 -394 17 297 -255 -474 403 -441 -345 -68 -350 178 -337 -256 335 -358 -224 -304 -548 780 -71 42 466 -390 28 244 374 -22 -177 -162 -216 570 294 -795 93 83 -288 296 -104 -742 -195 1006 302 -193 -863 95 -241 422 533 449 -337 88 79 ]
[-345 -248 -20 141 -168 56 -219 221 -209 -801 -18 -171 -273 250 -677 436 113 -188 9 -169 -481 478 429 -195 330 226 236 465 331 198 -225 249 -302 -38 -401 18 -139 -380 151 542 -942 -291 304 -847 -424 48 1078 -232 -232 76 321 722 -137 437 -56 -310 362 -320 -34 -743 -322 156 -761 299 337 112 -37 930 512 -132 62 344 176 -67 669 -436 -220 -318 -479 -495 -833 302 -877 29 -122 318 -158 -308 -354 133 -735 -134 349 361 852 331 86 -190 -475 525 -623 -904 110 697 -29 146 -221 311 -953 177 308 1156 1144 -313 559 ]
[-534 -453 -409 -426 -670 -681 -350 619 268 129 -5 -115 -95 352 -601 511 423 -884 98 261 113 259 63 203 654 -255 -210 -296 -486 171 180 -293 116 247 -979 -27 775 -726 1481 396 -18 -1049 -782 -552 77 4 -223 81 -476 -417 -303 643 326 700 614 145 -371 300 198 -660 300 -785 114 219 379 -314 -600 651 -63 -71 460 73 621 -279 948 -210 -359 -177 -279 -797 290 -75 -849 88 -901 248 402 -110 -860 334 262 -330 569 378 563 -122 415 661 -515 -81 -121 125 -412 -309 627 -254 1037 51 -487 248 -393 403 272 -1117 267 ]
[71 258 -618 -148 163 -530 550 19 -213 -408 793 661 -458 870 -573 419 -474 -878 -153 725 510 -262 217 -369 429 -415 -301 -406 -423 -483 134 -223 504 -175 -688 345 422 156 111 -6 299 -761 -204 -285 213 -406 -187 -384 -55 -215 -611 -712 465 365 434 369 -304 197 -626 29 196 -750 -96 151 624 -600 -427 173 -74 -464 240 -130 446 -550 347 20 -541 37 -508 122 1392 -793 618 -127 -37 -52 538 81 -558 680 29 -562 90 -72 -638 -221 496 709 527 -326 -142 743 -480 134 464 -537 103 182 425 -250 -429 -153 -640 -628 57 ]
[-113 -35 421 325 -928 -766 -500 105 -151 1310 -670 360 421 346 -197 378 0 -175 154 -588 -368 -574 507 -401 371 -643 157 141 -610 -360 740 448 661 -846 -653 773 159 172 784 270 561 -637 -159 107 145 465 283 -146 813 -783 -415 383 -149 295 588 450 -392 242 -259 -100 167 -678 138 -296 374 470 -664 265 -312 86 -92 -396 588 295 -420 -156 -378 -311 -439 -65 425 86 -351 411 -608 1455 675 -260 -106 549 1507 -233 55 -406 194 -142 353 868 -366 206 -253 684 32 -539 460 -257 402 -356 695 150 -1137 -276 -179 -289 -710 ]
[722 430 -289 -587 490 -967 242 156 55 -116 153 -110 -101 -790 -206 729 473 -282 45 159 20 1123 -616 784 788 84 216 -950 -349 -67 -301 -416 913 317 -586 -212 -22 -198 436 -712 68 -795 111 -571 -241 442 -1089 377 -567 760 -173 343 -119 355 -152 -237 -849 -781 -94 -100 694 316 402 -181 190 -268 43 1056 -767 -873 310 -500 92 -436 527 106 124 -271 344 -644 343 -94 -216 200 300 -98 -378 -108 -95 284 622 158 546 20 -366 -84 383 390 -441 124 -132 572 -719 -186 590 -405 1026 157 -163 389 365 -656 332 -620 277 ]
[-954 -398 -1087 -223 -826 218 -331 -382 785 288 138 -489 183 294 167 172 373 253 79 373 647 -951 -365 312 -416 625 -198 -120 -1145 200 771 -25 -441 -239 -175 -70 710 -433 1177 716 133 908 -514 331 118 -521 -845 411 -296 -2 56 80 830 94 375 753 -11 785 690 48 -257 -561 759 186 103 -676 -359 73 422 210 473 462 551 -97 593 307 -136 285 -144 -728 91 315 -368 -349 -612 -720 -241 296 -753 662 136 295 459 449 -56 -342 205 -484 284 -331 566 -344 -579 -1069 -839 -7 245 289 -439 -434 -34 -278 -413 -721 718 ]
[20 193 8 -223 -31 401 688 -68 -370 305 -16 -1002 634 -827 546 -585 930 -180 -168 793 47 424 -351 261 253 569 -88 -503 141 475 -896 435 226 -213 657 -725 -751 -81 270 -50 371 67 -479 -143 -349 -350 -892 1155 -876 636 203 322 -1072 274 220 -201 -165 -630 291 1104 142 175 272 -305 -357 -148 674 287 -347 600 81 -255 68 -89 125 -224 360 296 387 372 -141 55 -106 360 1053 -315 122 147 281 -228 348 625 -3 -273 -695 951 -14 47 -419 -883 221 855 -711 -361 128 188 1228 -471 -20 -70 371 -985 528 981 -615 ]
[-423 -108 92 -343 874 554 -363 -540 736 -123 -535 -1 12 -204 929 -875 -227 572 -565 751 396 -1482 -643 -686 -1348 739 524 -75 -102 356 183 264 -550 93 698 -1 339 304 -393 -489 -384 166 -102 705 289 -125 -700 155 83 418 567 -48 -95 -471 -460 133 645 -323 464 1114 -226 -301 296 251 -244 -73 279 -683 -55 935 414 722 -356 -339 -582 312 381 -5 12 195 -788 121 -340 -636 71 -918 -132 561 133 -807 -657 1423 -54 275 -412 -333 -648 -510 447 -732 485 -576 33 -674 -251 -473 262 -688 273 -304 409 -436 -546 791 -541 ]
[227 448 400 353 -1160 -73 827 263 -120 455 754 287 341 540 -755 679 -718 -124 168 0 194 1078 -51 960 141 -256 -598 430 -577 -170 -526 -1021 -293 791 69 122 62 -280 195 -490 758 359 395 -268 38 -566 -35 -208 -584 -681 -670 -365 388 -344 -352 -626 -797 457 -43 -398 -118 -214 -397 171 948 161 583 367 383 -906 -380 -808 261 -282 462 640 -276 122 1075 482 457 -337 493 164 58 -104 -472 -412 65 219 -868 -254 -42 -325 344 283 869 -260 1062 307 277 1480 692 723 89 338 57 166 -48 -18 -71 -281 -184 1 -105 ]
[-132 -768 -76 273 -269 -455 -233 155 1228 647 -237 -399 377 354 317 -565 71 276 165 -347 171 -556 -144 485 -746 -150 175 335 -42 19 648 901 12 -1063 -633 114 588 -446 651 628 -455 572 154 -586 -512 -889 445 -20 -255 -19 -81 -40 101 546 -217 48 1010 -133 322 17 400 -1160 805 543 452 1239 -16 498 453 466 1220 432 -17 -182 -30 -134 357 -125 -198 -1149 -261 137 -685 -333 -232 119 180 -6 278 398 153 178 -463 1093 89 708 -65 -54 -3 -812 -167 -453 732 -527 -636 -2 515 -188 -534 13 -191 -154 571 -309 -109 ]
[115 -168 37 -146 -852 -141 -852 182 778 389 -811 316 222 461 295 295 -971 -177 262 -591 -161 -568 152 599 -440 -342 134 328 -664 -45 -37 -110 -472 447 -200 351 947 194 561 29 184 61 802 256 505 451 358 -927 248 -281 489 38 697 -776 144 -438 298 -617 304 -886 677 -223 802 -173 610 578 33 55 141 -240 572 -117 -318 -203 636 -514 1050 -960 -126 -274 -651 524 -572 355 -502 133 46 -73 394 -311 -298 -365 -340 761 565 -861 -67 379 -10 -215 6 -1337 470 9 -529 -8 -1035 -138 111 535 -795 257 110 -118 -41 ]
[46 754 -937 -71 78 438 175 -719 671 305 589 600 14 -448 -69 -33 354 -112 -23 -623 -52 358 82 -914 472 291 -365 -355 52 4 -96 -369 212 -805 110 341 -367 234 210 339 199 -251 -459 206 334 -3 -660 603 321 -220 197 -310 -225 485 299 522 -85 -328 -484 756 155 288 169 -71 101 -611 -384 420 -883 95 -574 251 321 -249 -435 344 -720 604 723 -250 747 -949 245 484 273 -433 -279 -232 -32 568 889 355 289 -90 -921 248 328 -552 -480 -23 -16 50 0 62 -20 517 1149 -75 369 -887 -245 -339 -292 -784 -145 ]
[697 30 -7 272 -519 279 -108 474 106 315 -504 233 310 286 -697 424 -304 -1091 -203 -838 -290 1007 849 1017 107 -326 -437 -444 137 174 38 -506 -825 441 -757 176 -148 -115 652 295 1023 -1117 -181 -324 505 116 169 -384 -1077 -375 1023 -43 -205 462 -76 -790 162 -1155 -481 -332 -124 270 -225 -370 1326 605 215 498 176 -567 -397 -244 45 225 382 -160 406 -207 578 -381 215 256 -655 1127 6 -409 314 115 -39 49 -277 -1120 -734 365 238 177 450 478 -722 -119 75 -3 88 1004 -29 926 122 -1062 58 103 -226 208 665 121 -508 ]
[204 -1023 864 634 -40 313 212 818 -29 820 -943 -543 355 1 -55 -654 -54 -102 -169 84 726 -224 -203 808 -588 -35 -352 38 231 126 -88 -408 -748 883 290 -61 -450 -263 9 -283 -106 124 -540 426 331 227 -66 -138 -465 -343 36 -322 -42 289 -767 -168 -165 625 907 133 -672 732 -581 30 14 226 340 -1059 103 406 -158 452 24 571 -541 661 142 375 -252 366 -394 697 -272 -183 -1109 -776 -233 753 -289 -960 156 -559 -237 -21 510 35 -258 -230 -149 92 868 573 143 -250 704 230 -222 -364 -1005 467 471 -284 -179 589 257 ]
[301 92 -424 -859 -394 -215 27 387 -805 -203 495 -321 -201 446 614 223 -269 49 438 663 44 203 -492 -172 197 257 333 -568 -741 -41 -72 -275 277 1048 497 58 391 -47 -25 -686 396 -335 212 149 39 125 -730 455 -131 549 -801 311 -44 -334 724 -128 -829 -476 617 -140 658 -237 527 37 -492 -32 102 23 -370 -181 127 -296 556 -620 418 -489 792 -289 550 69 623 361 554 -119 75 -208 -474 204 -118 -225 42 508 -2 -75 635 137 137 124 722 -580 101 48 181 122 124 -565 -404 483 834 755 -277 -36 -619 -204 215 ]
[945 110 467 -181 56 630 365 -358 891 678 6 25 637 161 334 -427 -176 651 455 -718 -637 341 707 -634 -260 14 63 323 52 411 -1053 208 -1314 -205 830 -106 -814 182 -332 70 -946 -409 -226 -1105 -606 -352 672 645 -885 41 725 -340 -1268 1122 51 -554 427 -1176 393 583 291 -608 172 -89 224 632 1111 549 -427 815 -130 610 276 -774 149 -725 1036 428 398 -97 -512 -327 -251 323 115 -242 -919 133 389 -543 254 322 -226 708 -99 1576 -479 -861 -56 -932 238 -1070 1237 -176 70 1324 670 -732 -339 300 -37 -653 1182 724 87 ]
[-28 843 1270 130 632 -601 475 -476 -1184 -339 851 404 -367 -440 -286 246 -382 605 -73 228 -278 -297 -119 46 451 -1068 286 614 609 -212 38 -45 43 185 405 -87 -491 341 -832 -1268 418 -290 -173 -330 -233 338 56 -460 377 -564 -582 -105 479 -705 -279 -214 -1143 784 -835 41 82 -136 -557 -558 -967 -157 183 -191 -118 -261 -1024 -427 -398 23 -275 103 -671 484 -186 657 26 -324 407 -81 -245 940 368 -386 -343 -694 24 88 900 -667 -369 -462 338 292 -164 1074 -33 502 16 -262 774 183 -520 532 651 283 36 -145 -779 439 -23 ]
[369 438 308 -1798 553 374 -449 -253 236 -207 319 481 389 -119 565 716 -919 -319 147 269 -14 -376 -232 -70 -1060 -589 708 -170 -340 456 690 22 -467 1028 284 139 -293 434 -740 -929 736 -294 568 377 604 -32 -668 -60 64 -578 199 -348 -82 -515 489 -924 -450 -844 -61 483 394 171 930 -860 176 206 -247 -573 275 -1109 -933 122 529 -756 -344 -575 286 -221 603 -534 9 78 99 -122 131 -513 74 524 -165 -179 667 336 85 398 242 -745 76 -227 985 -782 784 -354 667 -631 554 28 149 83 605 176 119 -211 -991 -452 -290 ]
[357 -2 -1138 245 545 146 671 438 -247 -912 360 -493 -1016 574 -729 -1 374 -1067 -287 224 139 451 -197 841 504 -369 -722 -610 668 321 592 490 1052 -472 -304 587 -13 100 436 228 -17 -473 -633 -294 -93 -301 -72 71 -777 817 -868 -998 68 537 -487 -589 -330 -631 -725 362 806 653 -98 -138 -452 47 -786 577 -475 -477 183 359 517 -124 -11 192 -880 264 102 -484 1245 -368 -283 310 181 -1130 389 626 -566 114 696 -873 -305 395 67 523 -248 136 -968 -128 -383 290 -1121 260 -162 -388 311 434 -423 113 569 506 -246 -549 485 ]
[307 -209 -391 836 878 318 268 -529 -756 -335 813 -8 -414 118 426 -1124 -436 -102 -203 523 803 384 -32 -673 -4 0 -724 -586 941 -405 26 -719 -648 509 363 -548 -409 494 -955 297 624 143 -669 321 355 -743 -638 -374 -407 -77 62 -605 452 -491 -266 425 -679 70 -191 -591 -129 358 -393 -492 -913 -425 734 -1142 38 408 -980 199 -543 26 -158 467 310 970 1105 485 497 -306 1089 198 220 -544 -270 77 -493 -667 -635 -247 -417 233 -485 -298 72 -312 36 -179 694 180 152 1018 -231 316 -739 221 1345 -514 229 -66 -1634 362 -58 ]
[500 -77 -24 748 206 -106 -256 -121 -898 267 -592 -526 575 570 132 440 -189 -633 -171 555 0 232 439 -97 -454 276 -84 26 -376 -346 -24 126 250 -113 -296 152 -567 421 -922 442 153 1033 254 304 45 -488 243 -399 -306 457 518 -236 -473 -72 123 569 168 -543 -69 -545 -601 -11 3 -246 247 704 109 258 1197 -208 19 -739 177 -68 116 495 352 142 134 1020 -328 341 583 191 575 127 -11 660 302 253 -352 -413 -789 -796 -1124 -44 87 506 797 -427 62 468 -124 4 -868 -319 -858 -35 483 -116 150 -397 -195 458 -214 ]
[-1354 287 -339 -830 -316 111 -594 -197 79 -111 -129 32 -59 -85 -444 95 528 -641 -52 586 -239 -360 723 -909 50 -454 -106 -367 429 22 -61 457 665 -669 316 -551 -135 -72 471 312 167 -926 -825 -250 -855 -232 5 1026 321 -846 -274 382 -528 334 1684 -119 -19 279 -134 167 192 -572 241 -364 -430 -809 -245 -891 28 246 325 248 660 -126 326 -934 -397 -165 -379 56 355 -196 -237 -445 433 805 661 -265 -375 476 534 576 130 -112 734 -466 -314 301 199 -361 -70 225 -1112 -333 974 -415 884 -136 -199 -609 -348 -103 298 -245 -19 ]
[608 -404 -377 -518 941 -341 -671 379 -70 -379 -119 429 -893 552 -272 92 -18 375 221 198 555 -841 -40 -3 -263 -350 -799 -756 -23 -1078 415 -551 80 642 -23 182 363 224 -441 -326 -609 -1249 -1246 249 239 184 -320 -435 122 218 -260 -760 593 424 302 456 -207 994 178 -141 537 -425 261 307 -106 -1268 -439 -979 -418 452 289 765 -640 0 -285 456 249 636 -458 355 361 139 -107 -502 -809 -1264 2 817 -666 -547 -230 -182 418 18 -834 -862 -931 -331 -182 -43 491 -170 -1362 -426 520 -351 -491 169 288 181 -262 -460 -902 -381 1309 ]
[-49 183 56 -495 492 -75 790 -22 -198 -70 1091 699 -176 -300 327 -560 242 454 284 231 244 -538 -334 1401 580 -821 -335 -437 -697 889 399 -238 -68 582 169 -460 398 -229 -77 -884 746 393 -177 391 -137 -695 -963 -173 -557 389 -384 -590 581 -1128 -85 -215 -485 566 -73 246 -159 -538 -76 -430 266 -573 344 -401 -573 -375 -353 -746 -726 -5 786 -446 583 -380 792 -597 842 -1053 906 -238 404 -406 234 -590 -45 -440 -28 -846 -170 -203 -323 -33 531 357 254 -4 317 742 -18 -621 -209 630 -431 63 622 436 -131 -262 -648 350 -111 ]
[10 -165 -1350 -510 -281 17 -488 385 105 -770 456 415 -1374 556 -254 -216 594 -404 422 -296 -320 461 473 611 -43 -1135 -621 -139 652 -744 3 -421 390 450 -481 127 74 -33 -171 421 25 -64 -834 242 -98 -399 285 -127 -393 78 -11 -1007 843 -166 665 422 646 -64 -168 -938 304 459 110 328 -140 -179 -1189 -577 152 -506 91 127 -428 -23 557 99 -162 189 662 -641 443 -379 556 -391 -217 -2024 361 315 -202 343 -748 -478 -256 63 -468 -396 -247 -429 346 -59 -560 -913 -967 709 -613 43 -594 1049 -582 -10 176 1027 -540 -910 945 ]
[193 31 121 -169 916 -316 -989 234 503 -483 -144 515 -294 188 -109 514 186 -34 176 206 -644 447 372 119 -285 -501 -298 58 177 -327 -172 -90 22 135 -933 238 378 629 -466 77 -276 -344 -244 302 -146 30 229 -815 -454 -265 697 -414 527 -534 -219 -398 119 -771 -523 -1122 470 63 430 -621 -133 359 -67 -355 -533 -321 -54 125 -643 79 375 362 75 -122 852 282 -412 -271 -534 4 667 -400 590 271 306 -538 -577 -251 362 265 -717 -511 -1051 -390 284 -565 -171 -617 -192 230 -445 -604 424 -320 34 153 130 236 -328 -156 -439 ]
[85 -207 633 126 -344 216 -527 74 -101 91 -946 -451 252 13 819 227 63 898 -340 -171 256 -1487 -401 -319 -739 49 828 23 -638 -94 912 749 553 34 385 516 -73 -179 321 -388 222 -98 712 341 -445 801 368 556 1197 746 -534 451 -668 13 -786 320 33 54 154 1033 -183 995 -265 -411 -199 558 -72 -77 268 -129 99 417 928 139 -1214 -414 229 -496 -470 -480 -762 804 -80 -903 -450 443 -142 409 -395 198 1235 844 16 -380 1317 -184 -163 -406 116 276 -123 -147 -271 -820 47 -668 -582 -138 608 -234 328 224 -22 565 -656 ]
[-189 14 910 -861 -526 398 -397 794 490 164 -308 -282 1047 -29 -481 920 -109 -588 10 416 42 -672 -555 404 86 7 -331 149 -298 307 -1274 -581 179 209 73 355 280 -472 1119 -318 334 -640 -457 259 285 538 66 72 173 -578 303 514 228 192 440 -364 -509 588 136 549 1119 -494 767 -674 -181 -272 167 253 266 434 190 268 385 -169 210 -142 -91 339 -654 1176 -932 -171 -910 554 -342 354 355 962 135 -1041 242 -148 603 -460 -444 -350 99 428 92 -548 90 275 -351 -1324 653 -200 805 -757 -425 176 -667 -808 174 207 -430 ]
[629 476 408 348 1603 -183 747 -282 52 130 467 541 -305 -6 -186 -441 353 155 -211 351 -391 54 271 394 -428 -849 88 -165 1160 -228 75 273 -22 -919 -44 -127 -1098 737 -1376 -993 134 202 -632 -675 -462 -956 -622 224 -818 -128 -668 -1120 -310 -118 -385 -401 -138 -826 -129 370 131 311 -359 -308 -877 430 688 -622 -476 -214 -73 -218 -364 -27 -687 639 -492 714 701 230 146 -1120 -341 -75 800 -130 89 234 460 -1032 -353 -49 -350 -156 -927 480 -443 -231 662 20 300 913 161 -9 206 297 213 261 31 91 460 -1066 -153 477 198 ]
[233 -127 -561 1047 34 -842 799 -263 43 -459 117 101 -809 -426 -16 -668 639 114 -354 946 379 140 -878 675 -45 97 -51 -237 -308 -537 -624 235 743 -117 -360 -379 -35 453 394 -231 -420 676 552 -189 -254 536 -686 -570 -256 1325 651 -460 443 -59 -1510 567 93 -306 -363 379 -248 687 -583 52 15 95 -123 299 -142 -53 425 -75 -240 -219 119 276 92 -350 -28 -638 166 -214 1089 -178 293 -1172 50 -98 -2 492 -144 6 64 72 -238 209 665 354 -808 439 -632 319 -1146 50 -55 -818 0 -624 -268 -244 825 108 -450 219 -859 ]
[12 279 203 -793 258 299 23 119 -199 -763 1066 -676 -330 -281 542 -224 469 897 982 430 459 -303 -1025 -217 256 401 47 423 167 566 -24 659 -226 376 861 -1010 251 -524 -513 918 -566 591 705 -106 49 500 85 177 247 172 253 1152 71 -136 543 -381 38 564 353 739 -15 -102 577 427 -1031 -638 -145 -588 423 401 -388 1318 53 280 -128 -727 118 502 -944 -182 -395 880 196 -33 -259 -548 -426 -614 -363 -171 443 -135 434 167 154 303 -532 -692 -670 0 -20 -1287 65 -542 -316 69 -512 317 -209 207 273 882 204 -627 421 ]
[595 -1016 776 -45 -303 -174 -314 -271 117 704 -787 191 208 -259 93 -44 -125 961 -361 -684 -208 -248 720 379 -515 129 426 -937 -1219 -466 825 232 -421 645 -580 966 -644 172 107 -248 -595 -626 -85 149 -536 -513 251 -186 -755 502 367 -137 -133 677 -1282 -109 -523 -441 530 -386 -526 370 -681 -471 1455 335 28 655 -257 -132 -638 -86 188 101 300 -36 571 -534 513 -1084 -784 423 -1272 -261 69 -3 -629 209 -591 399 483 386 484 1070 911 343 696 -852 -209 119 474 532 302 -154 69 283 -54 -49 108 554 661 432 -83 757 49 ]
[6 -72 825 -446 629 142 -526 -72 341 -391 201 211 -161 -289 -151 162 633 539 -551 289 5 565 -224 787 -1222 786 703 -725 470 87 655 -913 -498 -493 -357 -1158 -134 -741 -335 -1150 -514 470 -424 -490 -837 -737 -361 560 -1018 573 198 903 -19 210 -655 129 530 202 745 268 -479 475 -193 555 205 -491 717 478 590 -576 352 703 -663 -774 246 251 239 541 448 -969 -1526 28 -722 -489 414 586 -818 -325 48 -316 -1387 555 460 -284 -175 -148 1029 -776 373 -154 -97 -88 475 -203 -463 -76 -294 -352 11 -1088 969 -78 838 -170 252 ]
[27 -431 -257 588 -635 -1136 753 529 -646 337 14 -929 1144 442 -735 1166 500 -250 -3 201 -115 460 216 550 353 229 442 208 -882 -140 270 917 -511 -139 -600 39 -883 -168 620 304 114 580 615 -1022 -10 410 8 381 -56 242 -238 -240 -615 1512 -209 -59 -624 -113 407 390 -1091 217 189 -82 92 993 -4 972 836 -335 103 -422 1579 278 -577 -258 -64 -68 -800 -778 593 121 -41 286 -170 567 157 570 37 946 790 -677 318 26 828 1332 344 552 -279 279 270 556 663 -473 454 607 185 66 -851 1416 75 -253 689 -600 768 ]
[284 103 -25 -304 572 -551 324 395 -809 -764 277 -38 -1036 450 57 -411 -282 29 570 1223 71 -454 -298 221 114 -1010 351 -503 335 -1237 -554 472 954 852 -263 96 -131 501 -612 -690 -308 -316 68 -116 -130 831 -790 -567 206 312 -657 -529 1138 -597 365 594 -560 430 570 -1000 573 944 22 17 -1352 -641 -642 -1666 -207 -125 -336 -394 22 30 489 -51 -883 -202 -864 200 1259 401 412 -425 -638 -879 -12 232 -472 0 27 -452 -86 50 685 -491 -835 569 453 744 103 -10 -1022 -555 1191 -1396 -388 885 -841 454 552 244 -785 -430 377 ]
[-594 -83 281 -424 -58 191 -501 -157 753 566 -156 283 566 223 97 359 -905 200 -1198 -46 655 -830 296 -683 -1093 -411 49 250 224 -376 598 111 404 52 488 228 -722 291 -446 -523 149 419 451 835 -458 -875 282 -68 1190 -347 -31 -1003 -50 -298 -134 -216 25 556 56 252 -447 770 249 25 976 -284 -191 -600 101 -797 -423 70 44 -594 -364 219 -275 -286 236 26 -391 -163 426 -1076 -129 -224 13 503 -218 265 796 776 320 -27 -234 -1114 503 -289 1066 -1186 911 785 364 -390 116 -524 243 124 419 -1048 319 123 -977 -201 -314 ]
[389 -1098 388 -1107 -133 725 -428 1191 209 -290 -100 -202 170 -436 -63 1173 963 -221 246 -861 -759 197 794 680 -452 -270 487 428 -556 162 784 -338 -534 600 -887 247 489 -814 611 230 -242 -202 -230 48 394 961 723 -99 377 -647 -257 100 135 883 175 110 600 675 31 -615 383 759 176 -210 -74 118 -770 -59 -205 -396 -217 182 475 596 -49 -296 186 -181 -259 22 -315 385 -493 384 -1118 223 371 926 -310 284 726 -1080 574 -48 460 236 197 -35 -478 60 271 -359 214 -822 262 439 -212 -139 -786 471 -149 1312 331 -545 633 ]
[-399 -394 -124 -980 1232 -122 -439 -279 701 -673 1141 317 -347 -90 43 782 -262 -274 154 182 -1 71 -309 970 -610 -642 185 176 -160 183 1015 71 -79 235 -765 -104 133 -149 150 -559 -1209 1326 10 -866 -472 -911 -243 -576 2 219 -369 -838 20 -34 -590 186 483 544 162 -530 318 -507 262 416 61 330 -341 489 899 -798 -117 -456 248 -741 629 131 -563 -156 455 -1763 -738 -277 -217 -1384 -557 173 -91 -41 -603 313 281 203 649 1084 500 -251 345 -216 -262 -31 3 -380 355 -885 319 573 684 991 -1103 170 927 85 -253 -1367 843 ]
[-710 -921 -518 489 -799 -551 -327 -46 988 1105 -197 276 46 181 -59 225 -335 -36 -781 -106 450 -912 557 -338 -736 -354 -485 633 -836 -536 258 -192 -231 -148 -75 -270 641 -341 628 489 77 76 651 221 57 -271 -266 -290 351 -904 -237 62 830 -786 -288 322 43 848 563 -840 -832 -77 -6 762 1257 -378 299 -148 -316 -98 930 650 -621 -373 395 273 468 -523 -6 -475 -439 -188 142 -267 -929 -726 43 -816 -481 50 -434 -13 114 674 -75 -774 383 -44 122 -184 841 218 -301 -167 -48 -526 -368 -54 -106 -827 -1150 51 -294 -501 -244 ]
[-41 -195 662 -422 -357 350 -97 554 -86 824 -772 216 279 1020 -549 -177 -92 -213 -54 710 -810 -677 437 -366 11 123 -143 74 -868 616 -259 -301 -1164 581 246 244 98 189 795 -748 -750 -458 -679 -11 326 -50 -434 -329 -383 -144 746 865 -313 -134 99 -542 380 542 1117 409 -912 -872 -887 577 663 -773 -24 33 -584 768 -35 351 -149 -182 631 -202 -413 122 -820 333 -465 112 -1371 471 -977 83 -171 -467 40 -1480 -743 -306 195 -95 743 261 553 371 -566 307 383 42 -92 -582 548 -100 -231 -1058 -336 361 -564 152 781 48 35 ]
[-576 -316 237 -362 182 -285 -622 4 -937 -397 -812 295 383 -629 16 239 -537 -1025 -717 768 2 62 -125 115 258 163 95 -670 -300 313 -380 -29 313 616 -35 -475 -349 274 -153 -766 -72 -97 415 534 174 175 340 -290 567 779 381 330 -1319 -952 -38 -103 118 -802 541 44 -811 306 -373 -112 1597 -808 276 918 278 -341 -311 -756 -102 -654 413 -278 558 -1402 44 -970 -1409 187 130 -590 647 760 296 -247 329 103 -84 -162 609 -795 -120 -1223 810 635 -172 -227 -84 236 -190 327 325 -368 -272 -333 312 11 156 -205 581 341 -669 ]
[15 839 -487 441 4 388 -88 -1066 268 -134 3 268 23 -1049 -494 48 153 601 -44 -743 -779 -6 1020 445 24 -733 -209 164 728 318 44 585 380 -534 183 -699 -388 11 -503 372 221 78 268 -560 -1288 228 952 137 -1022 71 234 -824 -142 -87 -172 -706 627 -420 -712 -290 -274 59 -530 -687 67 465 128 442 6 -283 -103 -436 -369 220 929 -533 -105 -633 400 -626 927 -492 563 -203 653 5 284 -5 -67 877 151 -384 -727 234 554 743 -647 138 -293 621 -689 -402 -341 58 -812 391 324 -21 -336 -547 621 221 1267 650 -389 ]
[590 410 -244 -901 307 -138 301 769 163 44 493 456 -450 -536 -17 876 74 -108 353 -247 410 595 -45 732 171 -8 -687 -522 -222 -313 113 -1145 290 -102 390 -367 604 -749 -347 -1340 343 -665 -485 96 107 16 -163 709 319 -110 -1596 -88 -144 177 322 141 -182 664 572 833 1023 178 498 690 448 -1714 76 196 -866 -645 840 396 69 -1153 -515 97 505 365 -368 78 282 -601 590 -65 -199 186 17 -421 -218 22 232 -396 946 -809 -981 -530 51 -304 -220 -472 235 479 -281 -374 799 322 -439 674 245 -476 -761 -29 616 -790 1152 ]
[-110 -941 855 209 -354 -257 -75 648 189 -201 -744 -37 -587 -134 300 -26 336 -159 -541 248 518 432 -119 753 -737 -158 -42 285 -91 -321 -49 -52 -789 471 -507 -309 630 20 -69 -304 50 461 -146 658 781 63 781 -367 16 626 -8 -435 -36 -415 -1186 -555 297 53 455 -144 -237 1041 -198 -200 207 -448 160 262 -593 -273 444 438 -458 85 -304 955 645 -29 130 -80 -1686 109 -646 -213 217 -177 6 292 515 -435 -1134 -535 702 -75 -379 -666 297 -702 -282 -182 34 -408 334 449 -355 -215 -866 -495 30 -107 552 596 -194 859 -308 ]
[211 -445 -869 675 -393 -725 571 -444 -1044 -344 -185 -670 -314 414 -155 -438 -536 -667 -311 900 -292 -512 275 -814 1330 -967 -184 -344 114 -621 -641 353 425 -15 -163 975 -406 983 825 57 779 -397 -897 191 350 182 -70 301 765 38 -237 -728 218 79 347 711 -1320 511 -629 -221 314 -781 -249 -817 -820 199 -202 -76 428 896 -544 -711 900 -12 -455 -82 -991 555 121 223 827 -131 13 139 -202 706 256 846 -45 -409 557 -54 103 217 959 -79 212 808 506 891 -49 448 -536 365 403 -69 -28 -73 596 450 -464 -342 -962 183 -203 ]
[-327 -84 -103 967 552 -295 721 -1197 -202 -638 529 -158 -690 -35 -150 380 468 1704 -642 -976 -454 619 487 284 782 755 430 -313 -285 -623 448 42 -375 -1200 -267 -62 -4 386 -54 540 -987 742 -259 -652 -1058 293 412 227 30 781 -880 76 698 729 -1106 713 -357 730 80 -316 -390 369 47 308 -1085 -810 493 704 40 264 -275 -328 273 709 -120 391 -736 375 -683 -510 -101 -391 -159 -446 240 1477 -656 -458 -244 856 57 9 928 124 484 230 -177 -437 -438 825 163 -552 500 -151 -514 716 -375 281 -594 148 890 75 581 374 1426 ]
[252 190 -413 239 533 -517 -35 -242 45 148 105 221 -727 465 -538 1427 -844 593 -12 -364 -481 512 397 -160 -56 294 -3 520 -1131 -382 427 -313 -250 182 -256 974 569 10 499 -328 -373 -1227 -167 -747 -434 198 152 -282 -300 -383 -627 653 193 501 -369 -307 -863 -786 -81 -677 46 -747 -257 232 1269 -504 572 1619 -568 -133 -331 87 760 -672 448 771 -398 -781 667 -322 287 371 -711 75 -701 -483 -527 196 -1422 384 -456 1439 744 -4 429 113 -137 -162 -47 -332 72 -14 -593 264 241 83 1169 -564 -344 -24 -363 -89 -47 -190 327 ]
[-115 258 845 -118 758 554 -559 80 -267 317 -833 28 186 -729 -127 551 -407 696 -181 -626 -922 -774 85 1300 -612 -510 863 51 -44 40 905 369 266 -585 -568 359 442 86 -67 -357 905 300 654 433 -184 1292 -7 -353 291 -53 -658 625 440 -1274 -351 -642 438 -567 219 13 233 887 358 -670 -947 258 366 -133 -532 -521 287 -682 -96 1076 -420 502 -133 -891 -421 486 -35 655 -808 -45 48 530 213 402 180 136 37 -112 -401 -539 189 -758 -518 617 -179 390 -86 -208 -674 -620 -702 -634 -429 -441 -344 285 508 -268 183 494 -608 ]
[-96 187 543 -277 618 -397 -339 -317 -176 -601 0 912 -716 -84 -357 -55 -458 -291 -319 -42 -824 593 802 448 -692 -377 324 -255 625 -393 155 -605 -6 269 328 -175 -227 544 -1066 -1071 -730 368 -103 -84 -953 -518 658 -190 -183 73 164 -465 -203 -321 -188 75 481 179 -221 -585 -278 -268 -17 362 -251 184 403 -1039 595 221 -155 -294 -823 -279 60 -1004 405 -189 480 -56 -476 -830 489 -216 743 512 50 -257 500 -611 -1557 243 -323 -226 640 4 64 97 526 310 -351 219 292 399 302 470 -1849 67 111 670 -69 550 -85 522 791 ]
[-579 -444 -271 -223 -475 406 286 -421 -927 -811 295 -397 -517 573 -143 -179 -770 260 21 567 -237 -288 -448 -917 -535 341 719 1036 396 29 267 1044 -362 -555 534 396 -441 598 111 -75 -1100 834 171 -115 703 622 566 -486 658 246 332 -298 7 257 120 443 39 -5 -324 -28 -372 175 -154 440 -641 190 -2 -78 402 438 -545 253 398 -51 -286 -89 -588 -365 -454 -245 -15 901 101 -203 -390 -678 93 567 -166 625 -139 488 230 96 416 241 506 -35 -7 513 -479 -381 -356 346 251 -297 -810 451 -675 458 544 31 -1061 -650 267 ]
[-579 -915 -153 -955 -206 386 -183 -348 -665 413 -385 591 913 86 -542 -172 -1045 -186 390 -101 286 -1201 787 -620 -440 -347 -81 -205 -262 234 1258 429 -972 32 144 -76 -301 435 -919 -134 -396 -652 -462 264 435 -1119 578 -891 -331 -1166 -209 -831 -208 600 1092 -250 140 266 209 -18 32 -1600 158 -411 1303 -727 33 -180 291 336 -673 336 -14 -438 94 -1005 719 -279 -406 -187 830 -229 31 -147 -227 262 983 759 -983 291 191 -275 422 488 -141 -58 260 162 127 -527 997 279 653 -346 260 440 -754 527 646 771 -343 305 -535 -201 578 ]
[91 70 154 285 143 -825 -385 133 -784 653 -257 380 -460 135 -64 423 266 466 74 -199 -89 -907 1134 -433 823 -811 62 -475 -177 262 601 428 531 413 94 107 948 -96 111 -710 408 -1111 -780 282 -529 188 -353 63 -466 80 -691 -27 17 202 266 -439 -968 -187 -8 -1101 143 -648 -549 -758 -337 -50 402 -83 -1325 407 -136 -577 219 410 996 -292 391 -754 396 -114 828 107 -592 -181 -957 1041 244 46 -715 -613 814 -258 -203 175 1260 -170 -169 1014 -784 707 155 302 -463 -398 553 -5 -413 -499 1236 407 -529 190 -75 24 -378 ]
[-523 -214 15 -94 -408 -550 -883 344 630 521 -447 432 -139 146 -192 111 -481 409 313 -286 -153 -906 268 -80 -651 -957 712 160 -255 -491 709 -195 -698 1035 -759 337 840 -41 677 -601 899 -567 -82 176 -368 521 -785 -561 624 -506 727 219 764 -412 245 -490 931 96 -153 87 334 -841 -150 -399 -588 782 -313 -789 -32 -215 220 206 265 51 -832 -27 381 -102 -46 -453 -78 591 -794 -1278 -1033 -394 127 -194 -316 -143 -387 673 -49 923 1784 -590 45 -57 41 954 392 -829 212 377 718 -405 -141 -838 -142 220 -171 337 -321 -311 -383 ]
[-801 -309 150 -402 535 -524 -183 4 -1003 -853 -4 885 -597 424 -707 -360 -555 -824 240 652 -200 -621 -452 -73 44 -167 430 -569 366 -489 163 484 -276 -220 -262 509 -707 883 -61 -611 -865 -32 -13 -188 503 -560 84 -756 1263 149 628 -129 -101 67 348 331 96 139 -42 327 -280 -286 -657 -364 287 -327 -819 18 926 -452 -706 337 348 -132 -365 -790 -523 110 -811 -1081 -115 324 -314 -171 226 146 414 434 -388 -203 -152 125 709 143 305 -972 689 531 -470 340 -211 -718 -3 252 295 111 -214 97 366 369 219 785 -788 -440 -165 ]
[387 -24 -286 -215 580 -497 248 477 -32 -1402 630 -780 -776 324 949 148 524 675 -130 422 -204 -1335 181 469 768 -400 458 69 -486 -334 469 579 -366 1160 -574 -51 502 -475 633 -106 -224 -272 -365 -756 -743 -334 222 104 370 828 -143 129 805 215 -27 1154 671 438 51 -706 -579 -224 -381 805 -200 -99 -726 61 264 127 444 418 -269 617 769 -483 -201 19 -808 -858 25 34 -932 -852 -555 -753 -8 244 -1059 -528 -922 -138 735 556 351 502 -395 84 -199 680 -457 -711 -768 -225 -870 5 -993 1041 33 386 -196 1718 466 107 883 ]
[-218 -1263 470 -505 -397 -714 -723 -72 -120 -609 -1036 -155 -489 -305 144 602 663 89 406 -947 -521 577 -434 432 -228 -558 663 563 309 -683 525 455 63 532 -696 -42 189 304 188 636 -1141 729 -399 47 285 267 819 -931 722 -158 164 491 448 287 -537 81 152 803 -464 -1063 838 130 -81 -719 -1070 51 -871 72 1906 -342 -791 -467 -454 525 -677 -592 -112 -391 -796 -612 -1919 451 -1023 -687 -155 1049 835 196 -205 448 91 649 652 366 1380 -1020 -57 -124 197 1434 45 -1023 -487 -495 169 61 -364 830 -711 364 355 848 -433 -289 826 ]
[21 -497 1168 -421 130 -1005 -433 787 272 276 -874 622 30 237 -181 324 425 -222 -172 265 -314 181 512 -535 -13 -454 624 90 -484 148 -798 -508 33 322 -124 -713 543 123 311 -886 -1275 -1192 -733 -792 -534 420 -97 -55 -442 -722 -880 220 -95 1475 -19 246 163 270 497 -539 337 64 459 -418 -585 -435 -529 -332 -660 -68 1194 341 25 -128 634 -379 694 -29 -995 231 -361 -575 -426 -501 -1159 686 324 62 -54 -282 86 -203 583 166 526 -647 -181 850 -469 -164 -23 -150 40 -732 1647 -928 502 -233 -410 -11 -173 -517 469 -432 201 ]
[110 -341 336 609 186 -334 197 123 -428 491 150 -175 182 -137 -181 -475 437 244 593 -314 -336 -110 -105 -264 410 416 412 -633 -397 518 1253 538 721 -506 -113 670 663 -824 175 490 454 524 57 468 -121 -580 -296 457 -235 61 -634 882 -49 230 -135 438 -495 394 37 125 -541 -485 -135 -383 -606 1131 -739 -468 569 33 -256 -440 374 1445 -162 -8 -354 -55 -724 -411 1287 331 164 581 -420 1517 419 -463 132 710 771 -331 -1540 -438 959 534 285 607 258 1127 -304 619 245 -352 -887 -130 -324 327 747 252 -39 277 -6 97 -517 ]
[-861 872 175 664 21 372 -193 -602 -375 -448 -1171 -135 -773 92 -510 -54 -253 -583 -289 -623 -843 828 98 -97 316 1168 1041 -295 717 492 -147 -771 -371 -467 86 788 185 509 -85 -16 115 -214 -1056 677 -155 316 152 474 -174 -199 821 594 -77 172 207 139 306 -947 -844 25 18 -540 19 -368 -799 28 -267 152 375 892 -861 66 772 337 -534 510 -867 640 29 716 -3 515 -234 236 214 142 -570 482 194 -25 -383 548 228 -794 376 -298 -594 -237 367 716 244 -635 290 126 -164 104 188 -1449 -344 -238 724 33 -158 836 -79 ]
[588 -606 261 13 12 -51 -302 391 675 235 -229 1179 200 915 -1208 35 -332 28 397 -1105 -180 108 688 -443 -62 -540 -1012 -429 -108 -768 455 69 -694 -30 -355 481 -402 116 -141 -158 -698 -1243 -430 -1029 -211 -760 420 -451 80 -78 201 -396 -566 1130 175 -8 41 -377 -127 -769 184 -416 -223 51 1230 -445 219 -69 -603 276 -224 -23 -131 -116 325 -423 644 -214 146 -519 1044 -604 -188 149 -342 -71 -442 -7 -279 578 270 -299 -110 589 149 529 120 -509 -132 23 653 347 -112 178 143 201 -214 -604 516 99 -91 27 -69 -578 290 ]
[88 -359 -653 1259 -12 -612 -526 -420 421 741 -607 93 -735 387 136 371 246 -370 -28 -1113 -64 551 -204 97 -171 330 551 345 -35 454 1531 126 528 -567 -77 317 428 540 376 1115 -696 1099 227 87 415 382 250 -533 -43 124 -199 -157 -187 449 -969 159 115 -396 -583 -79 430 616 54 99 -496 840 -759 684 118 -402 55 10 378 -67 -876 325 -199 157 70 -781 -34 269 60 231 -925 -102 -61 328 -776 229 1316 -235 -387 378 87 432 9 517 -813 -362 169 -647 1404 -152 -1487 24 154 778 90 69 -68 1111 -188 -775 252 ]
[-416 -328 222 -245 -1135 -379 357 815 837 214 -79 293 -318 737 -307 -558 -879 -242 177 -160 712 277 -294 290 23 -1161 168 1095 556 242 -259 293 -284 382 -138 787 330 188 408 551 -131 169 481 177 512 -806 1036 -751 498 -245 309 -903 60 200 -344 -862 956 402 -837 412 339 -187 82 207 959 528 -507 -40 595 -44 -328 281 130 -357 -822 -521 -211 115 268 -222 -1075 -399 -286 -10 -649 -955 716 -52 418 -109 -330 11 -234 422 834 -23 434 -294 -300 -287 -338 196 816 854 914 808 -53 -241 -736 224 14 741 -510 -205 -209 ]
[20 -757 -618 839 342 356 199 431 -1 -8 389 -367 -1151 483 255 -1096 88 -411 -69 552 344 -290 -164 -858 1427 40 -179 105 783 1067 -849 157 732 -153 28 179 527 -181 374 1127 -416 -403 -666 -56 -23 -48 472 -127 -430 574 -966 -541 -713 155 -170 287 25 -756 -49 127 102 -148 -1349 394 -302 309 7 30 -780 920 72 300 481 -136 377 -69 -252 -400 -34 255 -96 -414 71 -447 -648 -667 128 192 -693 -799 908 -225 -711 79 441 582 -577 846 79 -892 -299 -35 -428 822 -287 -451 597 -7 -401 245 260 417 -212 -27 -483 ]
[-216 -300 739 193 -679 -247 217 207 -99 438 123 -422 97 938 242 -62 -78 109 560 -348 -146 235 768 682 46 -932 456 643 -363 761 1010 701 -508 233 -423 -388 575 -135 366 590 19 36 -718 -435 -626 -263 661 153 -1001 -487 -1040 -512 340 57 0 -538 -520 546 4 -375 290 -879 808 -297 -408 368 -24 28 -815 122 -295 29 -101 60 360 -540 52 303 254 46 1091 -24 -36 -7 -321 341 347 -224 -638 404 5 -838 3 322 408 1261 -1398 103 29 -1109 731 -367 1171 -718 -698 -89 441 -80 44 624 -108 181 -278 661 -120 ]
[4 -210 535 -619 1099 -195 -577 -198 -305 -411 374 489 -291 -114 321 -156 431 292 793 339 315 451 -43 -243 -846 -576 707 469 403 750 1047 329 -251 -313 -610 -700 -88 -392 -1194 -592 -811 -157 -296 -633 -395 -164 429 205 -753 -294 169 219 -454 77 556 -55 -237 -308 -209 -514 -145 -258 218 136 -656 466 321 -4 -503 -443 219 510 -128 -674 289 -620 -66 -395 899 -687 -154 66 -258 -622 583 278 -150 116 -114 -109 -475 88 202 -181 -561 -81 -315 -528 350 -355 -749 -634 661 -304 152 -76 -476 802 278 307 250 -159 -223 -1007 567 ]
[-939 474 -19 20 -47 325 -157 150 -841 -578 255 -714 1021 555 -68 -646 212 -633 65 1598 -67 -1066 234 -223 539 4 97 -302 -867 767 -933 30 -827 982 383 -184 223 -43 363 630 -56 -367 -706 -113 216 -296 -273 282 -605 38 55 -577 -206 -318 1130 37 -261 -97 341 -338 -249 -580 229 -774 -176 -476 99 -173 271 892 -68 -146 234 -158 1007 -339 482 397 183 841 88 -419 -257 489 116 -477 76 242 -95 -331 -843 -360 385 139 -453 380 -132 203 205 -338 844 -424 43 -752 -172 74 110 287 187 614 111 -136 -1 -137 403 ]
[1058 -229 219 -300 -39 35 708 -456 786 195 288 200 62 -386 516 -559 -639 969 452 -10 -169 -242 -215 -105 -302 -504 267 -53 -436 -848 -279 -235 354 -325 18 693 659 -59 -58 -1234 -3 -274 213 -502 -428 22 325 591 397 648 -940 -1193 -86 -159 -532 287 213 755 29 50 1346 -280 330 325 434 70 302 46 -1260 287 585 38 -405 -979 -454 -173 369 46 37 -370 164 -698 301 184 -84 268 -277 -284 1013 127 286 337 303 97 73 580 113 -877 564 289 128 874 108 -239 1006 -247 -485 22 290 -91 -600 -1226 110 505 -112 ]
[265 -670 570 676 720 244 655 460 -375 -411 228 264 -100 17 -190 -332 292 -111 -160 90 -20 -432 49 571 -316 -441 -230 679 188 175 331 658 184 12 -103 -157 286 31 -768 -90 -843 -504 -94 -417 -411 -387 564 -1400 -394 -542 -339 -857 422 145 -67 -489 242 437 -537 -203 175 327 -616 -204 798 -110 -135 34 -531 77 -499 65 -693 -108 -179 -180 -769 -513 -538 -214 790 -174 21 -134 -339 -795 1133 426 -293 346 -33 -930 47 -266 -442 724 -450 40 -470 -29 886 581 -77 -150 479 -223 366 -311 -394 -164 401 219 45 425 202 ]
[-363 606 120 -83 262 -205 940 -362 444 -359 956 365 29 -957 157 346 -415 187 -401 570 607 -122 -996 56 -401 558 -327 501 -500 29 -472 55 -978 354 528 -198 -369 21 379 -1243 -39 283 300 -600 165 -188 -738 676 620 -101 544 427 -266 -775 -425 -273 -67 -90 -101 1044 -653 -185 -421 217 281 -342 605 946 -376 -503 36 -44 73 395 -339 414 -692 174 -30 -675 -423 87 -511 -189 580 -192 -97 -113 149 -164 -719 603 1037 490 -279 -5 599 -578 -344 801 72 112 -214 -36 26 516 439 -116 -16 -1342 -323 -1171 600 22 -254 ]
[82 328 -325 459 -1007 881 -469 -177 -411 195 -228 -6 -70 179 -227 -232 100 -308 -128 -285 -434 -834 -868 95 403 551 -405 -216 -264 140 -53 -15 402 254 591 1094 -862 55 238 -6 231 -793 -762 103 67 536 -511 182 -151 264 263 676 -583 253 757 350 -315 -381 -259 1071 565 -380 -310 -2 -458 310 -664 171 310 1432 26 -154 1032 203 -564 438 -394 1010 325 -16 -632 0 -934 545 -482 -1504 -615 756 -621 -182 98 -235 170 -267 -27 914 349 -377 -713 844 95 448 -265 -32 193 457 -244 -270 -34 -104 -85 240 -178 -140 32 ]
[-218 -287 60 1369 -1366 -194 727 -542 -1086 852 -239 -209 228 1122 -11 -617 653 212 -176 62 389 -396 108 -655 -184 318 -186 -125 -587 -720 167 541 785 -953 657 70 -835 627 -415 1305 -234 456 -308 485 605 -273 121 9 434 -303 -548 -393 -4 407 180 1563 -917 469 -22 62 -1193 358 -708 264 1078 -569 -571 -143 581 403 -904 -78 227 154 -806 400 -579 616 156 304 481 170 1528 655 68 -35 -54 -363 87 1221 822 -423 -391 -1048 -1440 236 536 166 318 64 476 1502 -124 -326 -27 -107 -191 45 384 -885 -708 -834 -478 505 -312 ]
[-40 -606 -505 -1124 6 -774 -191 -71 -393 -582 -1087 -523 -913 499 -434 -445 354 -321 -674 1167 305 47 131 -502 327 569 110 -1231 -975 76 513 262 71 286 -396 -78 -358 182 212 388 -909 -474 -739 127 32 -589 -435 753 -402 849 444 1216 -50 798 327 -488 -501 402 791 558 -679 -827 -531 186 321 -1279 -706 381 236 214 466 197 449 322 48 -215 -471 42 -1069 -310 -201 754 -1322 -396 101 -168 -89 103 -264 89 -180 497 418 942 856 -148 -4 447 36 -8 -3 469 -1284 -133 220 -707 361 -414 -201 899 869 111 144 76 897 ]
[-285 -423 -1426 -225 -7 -152 206 229 -758 -970 -490 -772 -633 216 -26 -417 -345 372 -36 -374 -483 496 -537 -393 1217 209 439 -873 -13 -103 111 42 739 442 -409 901 -31 183 413 650 459 -491 146 611 281 625 255 418 286 816 425 179 595 -76 -692 526 319 -169 -308 -422 -223 600 315 608 -229 -363 -579 105 -367 492 -276 -311 -198 681 -294 185 -116 -555 -412 -218 875 221 1251 126 -272 -1604 225 219 -43 399 -108 -188 -365 -201 135 -312 -185 -173 383 347 142 -308 -608 586 -712 -498 -477 642 -545 546 318 600 -925 -281 322 ]
[236 -480 479 -353 199 26 736 -599 1744 23 -221 1559 -281 -370 -15 -1092 -930 -220 -121 -457 131 -109 55 -1043 -884 -193 440 650 175 -68 -410 -513 14 437 137 768 506 100 -337 -505 -496 214 471 672 766 -154 77 -97 649 -870 321 -601 845 316 -783 758 138 487 -140 482 16 -756 226 472 253 324 -383 -1643 276 398 -130 -261 -379 -100 -716 49 -608 -603 -260 401 679 -1088 1133 -131 -345 88 21 -297 513 249 -920 1194 -1138 453 216 -466 -170 487 1218 345 -181 105 883 -30 744 -26 -232 -325 -583 338 25 -324 -814 44 -461 ]
[447 -121 420 187 -551 84 535 -106 -103 841 656 530 -337 -151 -240 -340 -319 590 -461 30 316 -190 -427 709 -304 540 -64 11 -70 -222 -262 -329 303 172 300 -47 -789 424 -497 -917 -234 483 871 324 -570 -566 -78 -332 -261 690 -133 -743 -228 -290 -1120 -202 -57 -158 603 826 -1067 324 -746 467 853 19 -22 693 69 -962 -738 922 -543 -467 242 -94 343 -390 914 -790 -829 -6 31 -351 684 -877 -961 -362 -85 -425 -252 747 430 249 152 252 1040 -818 -143 -193 -63 583 207 906 -388 10 -469 -422 739 -158 209 -4 -140 740 -917 ]
[-615 -99 -154 725 2 110 -647 496 -654 591 -135 66 707 -660 587 -926 -478 161 333 -812 779 -430 -499 -688 465 132 -171 548 220 -111 354 -67 -771 423 242 937 -456 -207 139 -211 -205 92 -73 1155 832 1213 210 -60 2196 -483 336 168 97 -258 613 603 -347 -91 413 -166 -336 347 235 -236 -249 -100 -569 22 -1016 550 -805 277 -1 468 -508 230 521 -401 201 -221 277 779 -234 -164 -971 523 -519 79 -326 -36 788 422 738 157 39 198 384 -183 -1525 381 -37 -1274 1178 565 -12 920 -58 207 59 634 -472 274 -698 -760 332 ]
[1222 26 346 -210 360 -204 -389 -170 157 -11 -320 -504 323 61 961 619 373 432 -215 830 539 -575 -454 -260 -252 359 526 -590 -650 -545 502 266 357 292 -1034 215 145 326 -303 626 290 -334 595 331 -47 933 -27 182 -644 763 497 87 -156 524 57 -70 -109 -706 -219 690 260 -508 432 -416 -881 611 4 -260 614 -8 332 686 609 829 -672 -195 665 -142 -951 963 -560 275 -212 185 550 614 685 1197 -244 -7 967 -212 -218 -259 -260 684 -498 209 302 -762 -566 285 -454 -679 -119 -833 -423 -681 418 698 5 -314 35 484 -530 ]
[304 479 46 215 119 -616 -750 869 -500 1320 -311 -163 -236 896 -122 670 -330 -152 -406 -512 126 900 100 618 482 -877 -668 -208 -315 35 1491 -961 337 485 -90 129 929 -555 634 -458 1005 -531 -1113 807 -102 -85 -496 34 322 -8 -518 -427 -327 -791 38 -637 -726 785 -56 -724 -620 -1024 -146 86 610 -136 80 -266 -586 -592 -272 -426 -289 154 296 535 177 -149 1096 297 444 345 -294 92 -469 318 -178 -590 -272 -998 207 81 -823 -1072 750 -584 332 960 -213 342 333 1269 -229 192 827 1 -97 -784 1187 45 -977 -112 -542 -151 154 ]
[-334 -1015 -209 704 -842 98 -265 380 139 1370 -1074 -464 157 367 -262 -1169 -53 70 59 -14 -182 346 -52 278 -1053 -215 -927 -603 78 -962 401 405 -554 -311 -51 413 -573 591 214 -47 -152 61 -713 297 -103 -566 -438 -8 -455 -260 409 -331 -335 -110 20 433 1 -6 1515 -279 -656 79 -36 245 197 133 174 -1350 182 522 -386 351 307 137 -517 -15 114 -15 474 -644 511 1091 -438 68 -34 -730 28 -8 2 -180 129 469 -780 327 1581 526 -143 -572 -102 -464 892 507 -10 635 550 -366 379 -487 -770 285 -118 -24 -92 38 190 ]
[-57 315 -9 -216 -498 986 418 1080 -145 213 980 725 547 175 -217 279 -429 -101 477 -372 367 575 -97 -165 218 304 -938 307 -80 203 -235 -458 598 985 1003 1049 -370 -990 -532 -143 -576 699 -82 1545 153 -178 805 -16 -23 8 -519 -1207 -354 60 -59 -286 -349 1108 454 712 46 536 -684 48 609 -184 -1016 -277 -283 -39 -1021 -315 161 233 111 332 -333 17 303 1022 1147 -682 559 71 463 -892 -392 132 -106 18 192 -311 -192 -575 264 1135 -168 -686 282 269 -556 927 1021 24 505 184 194 1052 -268 642 -194 487 -209 -298 452 ]
[-282 -240 48 90 -68 -513 -120 -517 285 211 -789 -932 724 -433 747 174 -482 150 -430 1345 802 -172 -1404 1135 343 974 618 -412 -715 -11 -142 -75 251 343 -302 -680 451 349 188 -959 -412 1238 302 456 870 322 -1369 -155 -502 318 -702 59 636 -567 -729 181 -867 318 826 -366 -125 226 975 283 -23 -152 86 34 -339 72 982 -405 -134 92 525 691 -462 -461 -243 130 -483 544 -738 -170 569 503 -22 168 252 -491 28 340 715 528 -214 -821 -179 774 80 -383 266 546 -219 -952 -402 -1160 -70 697 -463 693 858 -588 -556 -672 19 ]
[313 -1727 408 428 -518 -588 -108 472 -336 1538 -1501 -982 377 157 -708 -927 193 -186 1007 672 174 171 386 645 -1258 -897 -251 334 703 -715 -209 -70 -511 729 -846 159 -47 412 -231 561 661 211 -417 192 710 -376 884 -410 -469 -763 890 -602 58 -246 145 -1002 463 462 826 -811 27 -942 -401 -451 322 692 414 -751 464 558 -514 458 17 83 -616 706 162 684 278 778 -766 921 -243 581 -305 -359 220 1051 630 -672 -344 -132 -249 29 54 27 -156 -388 754 -298 1066 594 -183 193 54 -148 -391 -1096 -264 781 308 -663 -673 963 -406 ]
[253 -178 68 -488 -1026 -477 342 977 -253 637 -219 -302 -289 488 346 -904 -126 95 79 471 784 -437 -748 1145 -55 -173 -1038 -147 -519 607 873 404 47 995 337 -201 727 -676 228 31 567 -1 -280 683 311 -1023 -361 -70 -960 436 -863 227 112 -1079 28 -432 -356 -109 662 133 267 -1560 208 634 985 77 -209 -163 -38 -23 339 -695 -697 -117 490 269 1084 -411 410 -90 409 712 -21 -40 -437 -353 553 -127 -455 -428 -40 -445 -279 579 -164 -32 -233 357 -217 -565 -58 1103 -291 -148 -796 -250 489 -5 575 274 -350 172 137 112 -407 ]
[-175 228 -546 -125 273 -268 754 -67 304 -806 1272 -437 -290 463 -245 929 1018 378 -390 1161 644 -26 -59 488 -161 149 134 190 -596 147 1260 429 -321 -252 -293 40 324 -337 450 325 -98 455 66 -779 -804 -673 -163 68 -765 -205 -1082 -153 652 852 -204 -127 -1434 181 312 34 -104 120 -161 130 405 -573 141 63 -481 -870 129 476 761 -407 901 -167 -547 -13 -162 -550 994 -502 -280 41 413 -47 127 131 -1375 38 444 175 1265 704 365 612 412 -481 557 -784 232 780 -664 -329 -321 -355 483 735 66 -83 451 788 -438 -897 1104 ]
[772 -70 -361 -1187 -74 -673 -24 29 236 737 -252 -48 -618 91 724 52 56 -220 56 -539 207 -22 -76 449 -473 -807 479 -415 -748 -317 1072 -87 155 857 -330 -224 328 -450 -898 -293 26 105 -178 603 509 -97 -371 147 -640 88 -414 -707 67 -408 -52 585 134 113 214 -39 -421 -823 693 472 202 605 -668 -767 -1 89 44 -208 307 8 -155 567 738 195 -65 -354 543 41 1131 -639 -979 -1253 -369 87 -156 486 543 -709 -603 358 -637 -349 190 197 494 110 631 -65 556 -1023 -130 228 -1154 78 -178 816 271 160 -588 -786 533 ]
[-938 -786 371 -839 -641 415 352 543 364 -92 694 35 707 292 72 447 -274 -297 495 75 -403 -235 447 74 202 -338 23 940 -1215 759 -164 179 -565 688 -575 -114 1467 -541 516 19 160 494 580 -83 305 -496 31 -369 47 -643 -161 444 393 -1557 659 -457 960 473 160 -722 -360 -754 -123 710 761 137 155 -33 28 -835 589 -600 -186 -405 649 -440 -216 -940 -606 -39 -61 107 -426 -963 -198 391 599 -882 687 617 -608 -707 226 34 170 -511 -174 -249 1241 -119 496 288 308 156 -226 -460 204 728 -1049 460 -806 427 930 -415 -378 ]
[-166 385 -412 33 -918 474 -760 91 577 422 -265 -599 374 -357 -462 544 -149 -840 132 -40 -156 1203 -83 1352 75 209 -163 208 575 39 -981 -1383 482 1111 -343 -230 358 -753 1202 -142 1219 111 -332 413 44 1172 -881 709 -495 299 -197 -134 -130 -934 -113 309 81 -181 -205 -277 810 614 971 -40 -800 1007 -10 192 147 -58 403 -1205 208 -549 367 478 127 240 1455 564 -435 -256 395 235 176 -444 -28 151 627 274 -234 203 -123 -280 -269 -464 -842 119 47 -141 -350 209 -691 -193 -128 -289 819 -194 -334 -127 69 -718 157 -394 -857 ]
[-453 -233 -114 610 301 -292 -49 -841 -392 348 -1400 -92 -460 -692 -569 -165 -288 291 -277 882 -192 -753 751 -1245 -425 333 -521 -183 -739 -352 304 1038 464 -1163 504 -10 -922 352 -367 -96 41 286 -416 493 -235 -279 -105 79 452 259 802 666 -1030 -31 260 678 271 201 -303 649 -1454 -775 -664 -443 262 -684 -130 -646 327 838 355 -80 362 573 -56 -233 -509 -412 -1017 538 278 409 -217 -213 658 350 175 -167 -388 28 94 138 -674 -696 52 -581 187 567 66 1252 171 1398 -1839 -236 -263 -1092 -1130 -696 409 -709 -175 -310 282 730 -415 ]
[-1235 968 67 -819 459 -472 -366 -204 -8 -339 1255 -267 4 346 -330 305 -190 -750 -263 1198 210 -699 639 -1307 -417 -427 128 -429 351 -1157 -188 569 61 -423 -527 -31 -44 -571 380 -167 525 -522 -1443 -125 138 -807 -720 352 288 -1184 -141 -171 -146 320 1011 778 436 -426 -559 628 -616 -244 998 284 -430 -69 -686 -432 367 973 -645 334 429 -227 -97 -68 -1401 294 -199 -301 629 -396 -528 -201 -132 124 1627 -452 -364 663 40 929 1034 146 -1499 -106 336 -55 -51 -732 -45 -142 -543 -783 643 -226 1090 -18 212 -414 -291 -92 -561 -950 -805 ]
[-302 -844 -581 -43 430 1068 -390 345 -1044 -1499 -336 -157 -109 571 -601 7 353 -1548 -227 427 -791 778 793 -136 123 -461 -459 -493 310 183 -548 130 268 141 -681 24 370 -388 23 941 -617 -79 309 316 -27 -233 226 -450 -434 672 89 162 165 -86 149 -477 223 -796 -96 -791 135 1212 -62 -806 -441 -2 -83 538 631 -273 -251 -193 -151 -259 1003 -679 91 -1199 435 -313 204 -443 -76 264 758 -541 861 181 -44 427 -937 -1049 -797 -273 476 501 -236 360 -344 -227 -197 -809 -515 426 -532 -838 -278 47 -163 368 580 1576 -34 -71 -621 ]
[-525 245 -321 -727 720 55 -1335 5 622 -279 -533 15 110 -746 440 -129 -270 -136 -863 -660 -208 -823 394 -485 378 -395 574 -292 627 -1010 -549 247 439 49 -407 195 -170 111 -83 372 -288 -936 563 642 -158 1178 -194 -38 1303 -258 536 56 388 139 567 -106 413 -86 39 -325 441 616 557 85 -319 130 -262 -573 -603 527 828 350 -661 386 281 -311 50 -208 89 -268 -959 -280 -1315 -717 385 -345 -301 370 280 -672 -387 640 693 1285 191 -573 -770 175 -470 52 -125 -1422 247 274 654 -24 383 -77 -787 361 -19 850 252 -402 166 ]
[-386 556 555 -179 -225 794 496 -943 1133 1165 -672 755 -36 -334 -41 -898 -1277 -349 306 -472 697 -962 -738 -69 -692 460 270 431 247 601 -826 270 92 -392 1110 493 249 561 -350 -404 1 711 1186 707 535 -285 -476 -409 291 -35 1183 14 207 -785 -537 -526 454 -721 -422 672 485 394 291 13 221 190 -218 -185 -218 516 176 -419 -400 -204 -56 -335 -141 -768 -717 593 -248 171 101 471 82 -270 -489 -359 891 -118 250 836 -1133 772 32 -848 142 215 -379 102 0 -601 -17 -505 207 71 -479 -558 -337 -188 461 -222 -459 891 -973 ]
[-257 728 412 1019 -631 -50 523 -358 299 446 -494 -639 -304 297 -804 1095 65 -10 -588 -207 -761 192 1374 33 15 -1362 -766 828 120 28 -747 80 -634 -432 609 443 -166 -150 402 -323 506 148 -726 -327 -310 -347 535 836 172 -742 333 -347 -578 137 -145 74 71 194 -1016 201 -145 44 -337 310 -501 331 44 187 481 247 -346 -409 1159 -107 -788 1050 -1622 939 672 1241 -364 -225 -489 -314 -732 -128 38 305 -121 -42 -317 -230 433 -713 -77 -71 -496 -129 -115 926 184 561 -451 -374 -577 833 629 -684 -368 -744 259 749 825 395 -621 ]
[968 62 583 -718 1021 -629 -410 712 -249 -218 453 155 95 429 -32 724 -80 -40 274 -172 -421 624 -79 144 55 80 665 -773 -420 -280 318 -207 583 -309 -1175 75 -163 15 31 313 -317 -857 3 -1174 -495 263 361 -191 -226 97 738 537 -671 968 397 171 -53 -1195 -676 -153 351 -1000 403 213 456 1072 97 232 60 -218 480 -526 440 452 176 -348 471 -202 -711 582 777 641 421 277 576 560 -82 872 149 593 493 -613 -315 -111 -961 239 -292 1044 317 -1192 -228 344 -443 -109 121 -273 327 -810 301 727 -24 -799 -21 -163 -169 ]
[220 -617 184 614 416 -950 126 32 -70 -1041 -3 -191 -1400 -40 170 -503 657 -207 388 1047 278 563 597 898 268 -1552 -1004 58 -395 30 -471 -13 -619 984 -718 -778 752 -340 -489 118 600 327 -1416 -234 -187 -803 613 -85 -1248 35 102 -531 305 -277 -567 -159 -70 499 -461 -903 -205 -749 -649 -448 -169 -132 23 -658 359 333 577 -666 520 -204 536 690 -153 55 187 -288 -80 -990 826 -767 -36 -161 987 -156 -174 -690 -1075 -1458 -118 -285 -51 -89 -607 92 106 42 113 269 -63 -74 -28 116 -663 31 -583 251 508 540 -299 667 16 ]
[111 -440 532 73 405 -685 -344 280 600 1170 -739 509 173 -911 -28 61 -257 92 -102 -1080 457 431 410 1071 -65 294 716 264 145 847 1106 -441 -778 -193 -604 -137 413 -162 245 -609 -134 -228 27 242 636 279 112 -346 -261 -1129 -186 -508 142 518 -331 -667 -53 540 -31 -479 -237 907 65 -549 410 402 91 285 -1162 -1055 -160 -24 -268 211 -734 202 -266 -599 13 -977 451 503 -115 116 -834 485 422 20 -200 336 1465 -437 571 734 112 -663 -208 5 -18 -340 905 -76 836 -208 634 719 1251 -134 -711 243 361 -263 -86 -831 536 ]
[852 1229 778 -420 -23 293 -921 -1086 640 796 -489 225 556 -156 1101 76 419 1739 329 -1374 -344 -879 909 -191 -351 -596 539 -328 -841 603 590 329 241 -272 111 657 336 307 -355 -632 540 -77 -62 631 -694 884 -216 471 129 492 1020 -440 -183 -178 737 198 272 -1286 -388 410 61 -143 762 -521 18 1292 -255 -56 -932 -555 -93 -351 244 16 -295 -96 488 -266 810 413 -252 282 -97 -29 35 233 -762 -99 905 749 1669 120 -88 -121 -693 -187 -177 -505 -104 -66 -697 -446 -62 -727 -681 263 -408 -537 727 -299 -43 -500 369 -355 -756 ]
[-124 -659 896 200 731 -1162 343 -110 -499 -245 -1229 -253 -33 -679 225 -723 -558 -279 -610 579 438 801 -95 -341 406 -91 563 -184 -85 -625 525 945 98 -144 -1274 -46 -126 946 -734 57 -415 -231 765 45 311 14 127 -412 324 285 509 549 -230 -93 -695 -253 -243 196 -857 -677 -310 -654 177 -406 332 181 -286 -7 240 -167 493 -608 -297 336 -276 -512 197 -586 -813 393 14 882 -295 -303 1349 1579 604 -440 426 676 240 254 139 767 338 -713 -301 848 22 -116 -179 806 243 510 452 -666 213 -819 239 172 389 -102 -74 749 -1376 ]
[348 -1184 -198 132 602 -617 -380 211 -306 -133 -978 -878 -417 -337 401 277 399 -357 358 -52 984 947 -145 313 -95 251 -384 -391 -807 -57 542 -704 -425 920 -1197 -446 295 -323 -283 540 3 474 -120 807 911 57 -38 -613 244 646 694 -171 160 27 -248 592 -25 448 178 -920 -518 148 -572 -104 401 -994 209 129 826 -350 -90 69 49 -139 -296 921 791 143 320 -95 -1044 1114 144 -1089 -443 -54 -560 28 -368 764 127 -277 773 64 -216 -645 286 -384 -403 449 681 -382 -238 570 374 98 -490 -179 -419 252 1324 523 -20 -407 827 ]
[433 -146 -386 622 -1032 -181 -498 281 -601 596 -843 -270 70 1234 -450 910 -974 -786 155 619 -234 -248 781 -827 437 -52 -978 516 -859 188 -486 1018 -78 2 4 563 129 754 326 1036 23 438 264 181 706 189 868 -365 -143 398 235 -341 -1216 -131 36 -156 -60 -222 265 -103 -443 141 -67 -261 -337 289 -209 187 865 422 -65 7 902 -72 -61 -425 -182 -250 -615 1029 -365 323 -749 634 26 -124 376 491 -35 -360 -27 -763 -652 140 520 315 -995 730 -236 -129 -446 543 -297 145 -690 29 -736 -100 218 621 -1137 -586 414 43 -902 ]
[32 -153 313 175 636 -355 -83 386 -30 33 -7 -340 -190 -431 -376 216 1139 372 218 622 -322 797 326 303 412 334 44 414 271 668 652 173 -527 267 -556 -172 760 -24 660 27 22 -541 -1305 -410 -27 -685 -323 -129 -754 -345 455 344 -4 1209 -313 -306 25 855 -280 35 -273 -1321 -988 374 328 -598 -96 240 -241 593 -105 -258 -501 437 317 515 -686 402 286 -30 -307 64 -1851 -131 147 567 437 101 -284 -273 -909 279 446 65 -154 385 -454 328 -116 182 -224 1200 -424 119 519 542 1775 -788 -304 180 -40 -192 392 317 516 ]
[53 -758 420 426 -256 580 67 -120 -721 634 -328 -359 -782 71 -380 -1121 -294 822 709 -368 -77 1 467 1229 -144 307 435 -152 335 158 697 350 -441 -9 -592 409 -628 -76 -129 91 354 450 -542 161 -867 -488 545 -285 -1336 -102 69 616 764 110 -150 252 261 -490 812 -710 -689 -182 -367 22 226 -36 616 -35 339 227 -1210 657 241 -19 188 485 -40 -212 373 -553 -173 1073 -805 -462 -146 -595 -984 152 -1019 210 -465 87 -389 96 643 611 382 -865 461 -15 -261 31 -195 806 -602 346 -815 -606 -985 956 1051 394 -309 625 157 ]
[42 -778 43 659 1293 441 21 537 -951 -1011 -293 -1104 -152 458 -22 -165 681 -636 -191 684 276 -920 -229 -561 149 118 346 -231 168 75 239 956 956 -279 -365 634 -274 -122 -226 941 -364 -327 189 -538 -879 -612 560 331 -508 669 -57 -12 -695 679 -270 141 297 -775 -169 5 -249 -180 -1054 -599 383 283 315 641 274 208 616 927 362 550 337 160 188 154 -987 203 -370 729 -231 -603 -268 -364 -422 781 -317 -248 -18 333 -467 -61 142 782 111 -572 -423 207 -318 -522 -913 647 -53 -729 -360 -30 -719 419 738 -222 393 1119 662 ]
[791 272 -165 501 757 199 984 306 178 -988 -351 -295 -734 458 -205 303 316 506 -330 203 482 656 -459 936 238 882 18 186 -369 154 97 -107 694 121 231 -76 241 -530 -6 132 -1152 -540 1124 -774 -318 831 554 56 78 1673 -646 481 -186 -129 -1238 -183 69 395 -441 452 336 950 -542 503 588 -891 751 858 323 -708 283 124 -343 -864 -329 77 158 -693 -132 -176 -386 -239 242 166 534 -416 -289 -633 -529 60 -541 -583 -267 -606 199 695 -789 -493 74 -6 -71 195 -264 -238 7 -307 178 -214 -269 -726 583 484 1266 430 349 ]
[207 665 132 395 -583 -41 -52 322 137 1076 229 139 1102 -280 339 344 -491 338 581 53 85 -431 -126 -376 -227 463 -315 -153 -486 -645 -715 -900 133 424 807 468 299 -374 -39 -206 524 185 -260 425 -442 -105 -268 185 502 -989 -506 50 373 381 549 695 -577 117 839 -729 1032 -997 248 11 -345 657 450 -711 -215 468 318 -270 167 217 127 330 522 532 581 1842 826 -38 636 526 -357 1084 -412 411 -237 -820 -52 523 -242 -237 -322 59 -221 205 676 -457 137 1106 692 -256 -160 -20 -99 139 1052 98 -1343 -440 -129 -199 -418 ]
[-832 998 -283 46 566 589 -52 79 -20 -488 -203 32 -188 -214 119 -661 114 386 50 163 -395 -601 313 -974 1113 561 -51 -247 -44 1144 -1443 -471 -301 -309 1179 230 355 0 239 -69 -568 -471 -640 356 -136 518 -551 649 -9 -79 925 1405 143 -176 828 310 -186 -1050 155 49 249 -44 -127 -16 -674 -1082 918 -486 -548 1122 -12 147 337 481 383 -588 -268 -238 261 978 -673 78 -1339 402 -204 -352 -316 -349 -143 -1479 -781 887 173 -618 338 -327 -417 179 -672 -27 -297 -681 -202 393 469 313 -46 -382 -341 610 -122 737 710 302 290 ]
[-309 666 28 -1038 -22 -182 469 653 822 -338 508 148 438 -564 -461 692 31 -635 421 -534 -16 1532 728 0 1121 -672 439 -604 606 246 -924 -356 -155 -531 -566 -270 23 -208 66 335 -162 -375 -244 -442 92 116 267 959 -173 -958 818 -215 -14 1063 1456 177 134 -634 -361 -362 649 51 817 -19 -367 -521 -151 -86 27 -985 408 -228 899 -12 629 -420 -211 297 -648 615 476 -254 -734 742 631 521 -193 -108 643 843 407 -856 302 224 -361 -248 -25 210 16 -31 -240 -279 728 122 528 730 498 557 -904 -117 -278 460 1520 -1447 585 ]
[-687 116 4 593 -498 135 -691 -458 -267 -12 -1158 437 -61 397 -594 183 1289 -140 -260 370 -52 -164 356 -176 -176 941 -131 320 -471 135 144 399 -28 -668 -1176 205 107 177 247 1277 -513 567 -416 22 227 88 288 -451 -664 748 569 795 -295 445 -813 -77 401 -622 18 272 38 162 -1412 375 561 -367 -91 1262 205 250 -202 -110 264 -451 28 934 -369 -332 143 430 -1533 189 -1511 -239 450 -106 92 -454 -483 172 -369 573 960 -664 -364 99 -255 -501 -394 -20 -248 177 -920 -75 -683 -758 1236 -500 -1 -95 1015 261 220 -29 -720 ]
[-223 -409 132 199 203 -406 74 122 187 241 -10 -23 232 -866 178 -89 834 563 49 -677 -420 1308 54 -205 425 -363 -298 -17 854 543 276 -44 -702 318 498 -293 -441 296 -448 -525 -451 249 -534 186 -595 24 165 596 121 -317 -265 -416 19 11 -618 -934 -577 450 302 -930 -78 1136 -283 -794 -1172 106 548 -540 -1329 -464 -233 243 -493 162 -522 -120 293 494 556 -609 -164 -694 141 -329 408 821 207 -371 77 -698 533 -500 631 759 1156 184 -495 -1005 -477 916 520 -226 1167 301 676 871 103 756 -358 222 687 531 149 -325 644 ]
[-260 681 -22 119 766 1148 -1201 -112 437 528 -809 7 294 67 444 -609 -871 976 -76 -1880 -795 -664 543 -351 -516 -130 -234 564 1232 825 1321 527 -725 -915 787 587 142 -491 -619 63 90 -441 -555 797 177 -261 928 -281 420 -131 -28 210 -356 -775 153 -198 1233 -194 -99 -81 -27 -634 12 402 167 278 -11 9 116 502 -759 827 -1054 128 -209 106 294 -237 928 -267 -283 220 -1017 517 -254 -162 -230 -535 -82 -907 126 366 -590 -110 -324 -330 -965 -546 -715 61 -223 -979 228 -161 -892 685 70 -114 1197 -416 -670 674 226 164 -477 ]
[-1141 -718 -43 23 -279 287 476 65 -261 -530 427 -1058 195 -440 651 60 -914 -872 -672 1057 1139 -750 -780 715 46 390 388 160 -228 272 -329 689 -665 1400 300 -408 449 -256 184 356 551 752 1013 -202 587 -42 278 -238 -632 -174 -146 214 307 -622 120 -894 -52 208 828 -341 -659 754 -393 488 -281 294 -314 911 566 -148 695 -89 615 396 914 -243 -144 -528 -1577 -415 -56 764 -172 -317 -649 -476 310 1158 -644 254 -379 -102 246 1299 829 -306 239 322 -183 -262 73 -628 79 105 -15 -72 -603 1336 -820 339 261 775 -23 215 277 ]
[-176 -424 -314 78 1279 -711 -742 -459 -310 73 -523 463 -576 -233 -409 68 -186 -141 357 315 -525 -22 315 -325 -54 49 56 -946 -452 -1047 812 520 290 -312 -422 413 -516 1043 -879 342 -1184 1014 -527 827 106 459 -43 -845 1116 582 233 -723 425 -119 106 483 -410 1309 555 -146 -474 507 229 -113 -982 -950 -1628 -296 -189 -7 -174 -443 -138 36 -924 447 -1052 -145 -1217 360 532 -194 332 -44 555 1270 20 410 460 329 316 -530 86 -276 -595 -902 -549 517 -922 124 -132 -118 -449 -1285 -139 -301 -183 395 34 309 163 -136 -1169 232 754 ]
[-820 -54 -260 645 -82 701 -309 -956 -399 -467 407 -421 197 637 -581 735 298 -508 -250 266 -143 -302 976 -821 456 180 390 152 330 -181 -457 -115 -65 -750 368 -438 -592 452 217 924 -336 171 261 -948 -400 801 737 438 525 -208 -210 -454 -147 415 529 -60 -142 -26 -271 -353 -420 1247 -300 -364 -187 -408 645 -269 154 -326 -279 749 714 -624 489 -876 -501 -265 -742 -284 -369 -44 726 -496 -28 973 -217 -307 -355 138 1144 -552 419 -138 269 -70 -148 -167 31 -746 550 -891 239 -4 285 137 -173 225 -951 -216 213 -432 452 30 650 ]
]
