[[94 -211 281 166 273 233 396 74 170 203 -385 446 589 487 238 818 322 136 -560 -177 662 -232 -66 450 -400 33 321 272 -168 321 -348 -768 -687 -452 -447 241 150 -150 359 -293 -319 -548 953 -966 547 -949 185 268 -25 233 -248 -55 -264 362 100 492 179 16 -321 -162 728 -248 110 219 180 -306 741 -225 135 437 483 175 33 -75 627 193 1151 -118 745 186 269 -113 -110 -193 207 324 278 -360 -776 150 942 -155 444 403 76 -198 -157 532 -175 501 -221 199 408 -66 -30 219 706 -363 -40 487 156 376 255 -44 -159 ]
[-629 440 -84 -344 -689 189 -17 -484 458 -134 480 347 -68 182 205 966 -442 -400 6 578 39 -620 632 270 -899 -23 -150 -155 -76 -196 11 -70 128 41 -285 7 -148 -33 -600 -170 -350 -261 -297 -324 -495 -902 -68 -357 -1127 283 668 378 537 -184 -13 -186 -749 -133 -323 70 -15 -501 594 398 -366 -697 23 70 -523 425 139 -421 428 -194 -680 268 -250 145 -562 139 234 -518 -68 -660 249 -219 -66 -472 -582 609 380 695 385 -584 -396 -30 -492 -202 -246 -345 -335 -82 175 -459 -58 568 -216 -367 -437 314 369 84 -435 -16 104 ]
[586 877 134 -42 712 -13 -206 603 219 -256 67 -104 -358 403 -194 361 476 -41 -113 -37 181 412 -455 307 491 210 -590 -82 31 251 189 743 -126 -93 376 44 664 939 651 125 -196 160 -93 635 -122 694 331 370 283 300 -631 -138 10 -389 -69 19 77 455 432 -432 -340 424 71 428 -318 195 -194 -161 115 41 -405 168 -203 144 -393 -1009 374 148 -205 210 115 688 -962 -45 356 298 357 -382 613 41 -648 -597 118 346 886 127 92 -96 202 202 -172 128 -91 202 -126 -840 -18 -96 129 0 178 -893 -46 -1580 -248 ]
[-244 127 191 2 -231 -335 -315 -413 43 -392 749 17 -625 -765 80 -908 748 -8 -368 -270 -27 311 -100 -472 268 244 -813 -177 -416 326 614 430 346 225 562 -945 -25 580 -155 98 -796 100 -305 519 -68 523 346 -7 540 175 -719 -142 -370 -45 -61 300 -78 613 -146 830 277 433 39 -123 -124 174 -227 350 148 139 -473 298 71 -133 -48 -652 361 286 468 260 332 -258 -18 598 -436 124 -116 -107 323 -242 -577 -885 128 10 -281 70 -602 628 -144 -308 669 -433 328 262 266 -787 -1165 -224 -412 518 1041 -456 -122 -301 -435 ]
[-563 207 141 348 140 841 211 642 -154 -269 -431 178 195 1144 -204 204 -156 -325 -785 -20 -579 -321 -351 496 -707 114 584 -160 -11 290 178 12 -195 -1126 221 477 698 -216 80 -190 -798 333 61 661 57 -53 229 10 -40 348 -331 -267 90 345 210 -653 -60 -168 -192 -579 -12 -91 330 414 359 -487 354 436 68 -84 491 -384 499 -636 -573 52 386 535 -86 -406 -176 276 -51 -523 326 -618 757 -1171 -87 689 197 508 -387 -195 -23 422 50 -743 435 994 -1092 111 529 -67 -711 745 520 -337 -52 -557 164 -88 518 -328 569 ]
[74 88 32 -23 -361 -870 181 310 -810 943 -604 281 61 -293 339 418 -236 33 63 -848 821 -360 -163 125 254 -569 80 22 148 -954 -420 -540 131 225 -792 52 362 -567 573 -991 1080 163 437 -966 189 -689 -543 -429 -516 -176 326 395 194 148 96 870 -175 -147 -106 412 -164 -175 -178 -391 -265 -546 431 -499 -277 290 68 255 981 -213 132 79 -410 -731 -436 193 -64 -434 1176 -457 -240 157 -219 566 -403 67 96 -189 -92 -302 -599 -780 131 426 -46 -548 274 -315 681 -524 523 -362 -432 -606 -23 89 -528 413 199 335 -1093 ]
[-678 116 -140 162 -337 -89 914 -103 -642 1091 -439 452 -277 -205 252 -302 630 331 -1182 -1363 -766 -406 -849 291 287 -39 371 2 -836 -421 162 -790 -42 -987 -215 -319 468 401 -347 -890 105 462 337 -415 262 -591 -99 -42 821 -216 -837 -445 -355 644 -660 843 401 -482 90 154 801 165 -273 60 707 182 -227 545 472 -93 743 131 1119 -159 246 -275 1001 600 444 -653 437 -198 446 387 -1055 -255 -83 -233 -763 222 125 -639 -617 357 -525 -965 -448 474 257 16 -316 -783 597 140 -325 -279 -270 -519 -546 749 594 174 801 240 -628 ]
[-297 310 -728 -5 -235 -262 -34 712 -244 577 264 274 -144 901 130 817 -369 221 29 -165 -103 62 -1021 759 -257 -298 217 150 455 -746 -608 -138 -621 -577 -84 749 625 501 239 -1084 685 410 270 81 -397 -388 -391 -478 14 -644 -325 -97 241 -571 -274 448 373 -988 455 -951 726 -702 -339 995 281 599 700 -825 -463 80 -24 134 634 91 -123 -642 98 204 -589 -327 -85 728 230 -171 -274 226 -276 -706 -647 373 -687 -31 124 801 709 -824 873 224 -145 141 -634 246 291 42 130 104 347 -719 129 -719 -64 -326 -27 -459 251 ]
[-324 1255 -832 124 -141 -422 -596 216 -400 479 16 -279 -366 465 -397 40 -49 597 -294 -576 222 125 -306 260 57 -250 -523 466 48 -652 20 432 111 -860 249 434 460 561 -514 -305 242 28 113 515 -7 -359 -237 -392 408 424 -1547 -311 -101 750 -352 304 620 -109 33 394 -137 -192 271 784 334 -268 623 -795 -417 1007 92 78 1115 -180 -182 -1196 239 218 -203 -592 -82 545 112 -532 -5 -46 686 -911 -267 395 -813 -778 -95 629 -113 -735 -459 -43 -550 275 -670 -241 549 397 -284 -103 -408 -1046 -356 129 -141 -94 170 -1132 372 ]
[225 585 345 548 -225 216 655 -22 402 -331 352 -283 3 -87 37 -301 49 37 -712 586 -1190 -527 548 757 202 195 283 -61 -562 354 775 -704 -650 -113 417 -202 599 602 -490 628 16 182 -904 266 -231 -12 485 175 8 295 177 -141 -606 -289 114 -225 -386 374 384 -193 182 405 49 -321 81 612 -1274 393 473 -635 -5 -506 -407 319 72 -244 433 966 -410 32 -683 -102 -1056 629 356 -140 -547 -591 519 822 187 250 -309 -461 652 664 8 -646 804 -255 -148 306 -16 200 48 774 724 588 -210 297 652 296 -253 -297 376 ]
[-60 262 -653 450 -141 -541 -699 204 -377 162 408 -434 200 227 23 -1010 -863 721 975 616 300 264 827 426 622 -267 184 217 875 -73 247 303 -163 577 107 922 18 -1066 184 632 1367 12 13 -5 696 -465 -692 -603 -115 163 -52 723 -821 358 557 -14 348 863 410 -109 -1142 -188 -1117 -838 -141 324 415 -835 -285 495 -734 -219 219 -104 -5 9 -154 -381 -798 580 -438 40 -94 -17 147 191 30 65 917 -114 -410 107 142 -415 542 369 555 -99 -335 -549 447 104 -265 -47 386 -294 655 574 31 -375 -1165 -264 -178 316 -375 ]
[192 1305 -270 785 101 -776 -1 149 -420 -11 79 -86 -705 -875 -194 -627 -427 231 -265 -614 -147 290 379 -660 -142 -388 -181 206 -236 -768 117 -539 233 555 314 -266 191 472 -555 -595 72 1184 -177 272 -483 478 -606 -341 339 628 -594 -336 -311 163 -153 388 -53 305 8 189 -335 776 -673 -529 -8 370 -419 -407 -163 -259 516 818 792 986 -45 -382 -394 -499 -558 -262 -576 252 1064 765 -13 -349 -196 -252 644 599 -1210 -462 -145 214 -195 200 -208 993 697 -667 317 -242 516 163 284 -54 -1025 -21 -103 -382 -46 94 -147 -406 -150 ]
[-732 1273 -1273 -826 -434 -324 -125 -1286 828 -16 723 352 -749 582 530 642 -215 356 430 1461 576 259 -87 -241 -300 -104 -230 503 59 -291 -17 880 556 513 130 192 -919 88 -958 47 -730 -267 11 -82 -39 -2 31 -172 40 74 -301 437 -332 -362 -338 292 -41 85 674 -749 -144 -245 -637 1241 526 594 750 -739 -475 944 -487 293 220 490 -990 -415 -297 -225 -519 47 806 -189 -1317 -115 -425 300 -366 -305 -525 -621 -311 -547 956 303 119 464 -237 850 -859 -1322 -266 -643 -864 267 -149 -77 -654 -992 -778 919 87 -968 -526 -573 296 ]
[507 -494 -297 -369 -247 218 53 -125 283 -189 140 584 -346 425 613 1142 -208 -874 792 189 394 464 -727 211 -308 -577 -543 -322 794 20 -472 239 -133 -482 -319 134 -311 -780 1363 102 -785 -575 -133 -214 637 -622 44 -217 -1025 -225 856 321 226 -292 393 -106 -557 62 91 -484 77 -976 453 -95 -387 -728 1142 -129 -238 860 -127 406 215 -1185 -298 -307 -578 -175 -93 424 282 -131 50 -1196 398 -515 -250 -474 -331 -118 112 -31 612 -338 429 324 -85 -406 -473 89 808 31 130 -724 -274 -881 1175 -351 -229 -145 520 -324 -119 153 -477 ]
[-432 -308 684 78 -149 -74 405 313 -1060 -179 -559 -307 317 -304 -231 -303 22 297 -427 -110 -512 -394 -96 -308 -291 83 327 433 -550 -209 33 -63 607 209 -37 0 45 -227 -192 -455 -289 538 -302 -249 -564 801 -112 -153 548 -153 -429 -346 -524 -273 -718 -83 204 -238 -95 278 174 799 -1062 232 504 690 1123 723 101 -1524 -119 -383 504 517 17 314 -521 -526 -179 -669 -670 -186 947 104 -92 1138 -443 708 598 -263 -328 -583 -548 -331 -629 256 699 728 537 -585 -114 403 -91 798 -19 540 -1230 18 296 3 159 527 500 876 467 ]
[-255 -332 116 284 73 368 -403 12 760 86 603 335 -9 -400 -637 -671 -56 851 -205 752 676 226 1123 -85 -509 600 23 295 -298 -446 -131 -456 -1071 380 -70 134 -519 140 -1346 222 1141 288 655 -171 -290 -645 -318 -810 315 -902 -98 -317 255 212 510 607 342 -137 -345 74 809 -327 796 93 -258 573 -1067 117 -80 497 11 7 -586 1505 1299 628 728 -43 894 612 248 -226 117 709 12 353 222 -1 -767 197 152 715 823 720 41 149 -325 863 127 43 42 700 164 183 671 333 498 618 -95 -130 -276 22 -592 541 297 ]
[-134 797 -55 23 -172 -52 145 400 -50 1280 -508 -525 159 1075 445 665 94 14 -808 -139 454 -841 -1230 814 198 -236 264 479 200 51 -374 22 -293 -169 -177 1109 919 734 868 -1193 282 228 704 -422 450 -341 679 545 243 246 304 566 482 -105 -540 76 -540 -966 800 -317 232 -44 -149 1048 244 -399 -37 -609 28 339 20 156 583 -968 -702 -530 366 -254 -356 -519 383 -152 -644 -44 223 -458 -314 10 -1087 -17 368 561 -674 494 115 -1189 870 -360 401 -27 -1099 -554 -287 -384 -354 541 186 -1408 -112 -2 -226 204 666 -685 35 ]
[122 -67 418 294 107 -276 -82 213 -344 -113 540 -70 -229 44 322 -784 674 254 -1155 -570 568 588 -417 219 -333 623 -175 106 19 -142 -10 -106 -837 353 352 -432 1254 517 -90 -785 822 740 638 331 200 130 825 -397 909 -396 -629 13 -181 -177 337 126 -756 336 -772 548 466 228 668 493 -80 320 -718 -3 285 364 -787 165 -97 -518 457 -1218 1169 144 1071 914 -92 -717 -309 787 411 124 350 -472 -663 516 -220 -25 -230 85 103 458 678 641 872 11 566 88 1338 24 902 -174 275 -185 -173 -279 784 -121 529 -247 -728 ]
[844 495 561 -571 431 -390 401 143 813 203 -862 377 547 458 -90 1264 147 41 135 -312 305 -603 455 304 117 14 -387 -615 -112 -189 -812 -476 646 320 -909 -570 -447 242 172 -49 569 -584 -160 -972 -390 -333 -319 659 -1535 42 506 349 789 -31 -120 1107 27 -209 150 -523 9 -667 1488 157 -331 -849 -479 -656 -202 354 863 -215 -934 -704 39 344 -390 48 22 -91 155 65 -342 -465 -19 109 187 495 122 301 875 143 65 -424 -141 -556 -877 -705 -88 435 -948 20 67 -721 528 65 -352 -41 264 112 -267 -285 -835 -847 -33 ]
[306 -336 -681 -479 -167 -560 75 -1087 -190 545 124 56 -305 -889 445 90 -620 65 153 -485 99 327 133 -947 108 -207 -525 -311 297 -260 267 333 797 100 242 -400 256 -715 -1047 1132 -146 -692 -170 -3 210 -36 20 211 -332 132 209 223 111 764 232 -548 -276 622 4 855 -936 51 65 -917 96 -747 -400 -297 -178 329 -89 560 211 -310 -12 -1035 -338 -108 349 95 -141 -373 -130 -425 -349 -741 -342 497 -74 66 519 -339 -291 134 -488 -616 -394 -182 -1505 -27 491 -624 -174 -378 290 220 -264 208 -91 447 -361 704 -347 -433 -350 ]
[407 622 -318 81 -558 17 -729 43 1519 -29 678 -478 -640 -140 -289 -295 -619 71 -186 507 -271 724 464 227 760 -337 -1295 -24 527 -440 -854 168 -450 24 60 -47 -192 938 -539 169 866 -379 -634 630 -545 262 180 -586 -530 -458 -29 -20 893 -163 -128 77 -351 -592 -509 188 508 -281 1404 1028 -580 -107 -1105 -414 -616 569 -676 287 -568 -549 -27 -821 -1256 -293 306 135 46 -422 -203 163 350 -756 -14 -140 -17 367 -936 -99 150 -59 161 357 -559 -328 683 -186 503 651 -309 -195 410 -85 348 -22 -410 105 431 -311 -616 -76 596 ]
[394 708 179 168 250 334 -342 540 184 -706 205 69 86 455 -520 -85 970 -150 333 872 562 -130 237 -108 -10 535 649 236 535 211 729 366 -782 327 696 242 209 -7 -295 733 1020 135 -132 1051 144 -557 195 -389 180 356 242 195 240 361 1001 -866 151 727 131 296 -648 -421 734 -73 -113 192 -541 -352 91 530 -254 -554 -424 527 204 208 134 579 -719 223 -579 615 -811 -150 779 41 1060 -922 -194 -44 173 586 526 -489 726 450 -177 -1383 -567 313 -315 524 -205 475 111 834 1015 26 -22 -274 -1113 38 -469 -621 -20 ]
[-1166 -132 -1074 148 -128 315 -99 -309 -856 1020 -545 -598 56 -146 140 -1171 -1027 440 -566 257 -802 -393 -103 523 352 -366 710 462 -107 -129 -492 -314 42 -549 -117 852 455 -72 -226 -462 247 -1 844 451 -165 398 70 280 1200 667 -927 -48 -255 712 -494 -1173 595 -264 -602 -36 -404 657 -1432 485 761 459 324 -341 -212 -447 458 -136 865 -358 -39 165 604 -114 -658 -931 -833 -159 233 219 -504 -280 -28 416 -79 14 -164 348 -1219 716 162 -162 826 58 65 340 -41 -522 -447 403 -279 866 24 -181 356 220 -369 954 950 1176 495 ]
[290 -1502 -119 -814 106 432 -110 -695 -258 173 -108 -524 -98 -499 -219 -909 177 -104 540 -436 -1282 378 -151 -742 -288 728 -982 -655 -14 293 92 158 933 -79 138 -52 -909 -695 -130 712 -657 206 -359 356 -150 272 -25 526 529 -312 -375 31 319 122 -694 -317 653 195 274 -102 -119 394 254 -845 192 11 -64 400 350 -468 390 -333 -613 -468 -260 301 -69 13 423 -777 -152 555 267 192 -465 628 -262 350 307 -778 -116 366 -619 352 77 -779 19 -700 -1124 984 20 7 526 38 -23 -497 -861 728 59 -463 409 611 -187 551 460 ]
[-315 721 -596 -483 -325 401 -84 80 135 661 -240 0 -128 997 -185 221 -70 -374 -188 343 778 381 -840 242 197 -59 -297 -226 1171 -269 229 817 -550 71 435 503 148 -159 1403 -875 -203 74 -177 828 244 -212 -3 -219 -61 148 239 637 311 490 63 -380 -381 309 688 -913 -833 -483 -640 234 232 -719 270 -306 -379 878 -383 303 836 -312 -1046 169 -626 -18 -1429 -560 593 593 -196 -626 -506 -799 343 -907 -497 -453 -267 70 395 198 66 -523 505 -532 -625 275 -663 -536 -27 -685 -579 590 -154 -855 -226 140 -659 -298 -81 -868 -171 ]
[678 -173 433 -110 -746 -573 -448 -127 -110 -388 430 -1154 321 326 30 -541 -304 572 201 498 118 -558 175 481 -35 50 -490 330 747 273 421 -243 -273 457 138 396 -462 325 766 200 438 263 -929 -662 213 404 333 -209 -348 -287 -19 705 -896 -498 -75 186 -193 311 1151 49 157 -248 -376 -224 619 174 496 -573 183 102 -664 -562 -129 31 -597 434 -1123 -137 -1121 40 -616 -152 386 -25 -331 991 -1365 -163 591 -220 -136 163 -104 172 181 164 459 -502 -51 -43 -338 221 252 59 -38 261 -646 117 302 -485 432 434 -21 120 469 ]
[-132 132 357 6 -583 -770 294 94 336 -628 93 287 -297 215 76 42 168 -407 -1081 253 55 589 -92 595 507 -456 -159 -96 532 -432 651 -296 -472 -250 434 -573 1018 -644 -308 296 459 -51 -804 640 88 62 71 -854 -36 -920 189 101 -457 -598 448 620 -405 522 -285 -311 290 -80 186 103 -168 -249 -223 214 -19 312 -865 -267 565 -262 -744 -50 -631 316 -293 481 257 -150 -163 -988 -448 41 -155 -1003 -356 445 467 -531 778 -422 -309 347 -193 57 27 -300 211 198 1593 -1059 687 307 57 116 -665 455 642 -518 -5 -430 -834 ]
[-350 122 36 -87 287 59 -495 118 -199 -150 -814 27 -490 255 -1001 -902 0 -283 544 664 -160 321 -240 157 0 -324 -246 378 -48 -750 4 603 1267 -385 100 -37 -489 -141 -269 195 727 561 -613 1566 -76 188 -615 -72 -243 -440 482 48 1435 244 198 322 49 -1054 221 115 -533 -500 2129 116 -656 -557 -474 236 -500 533 772 -315 177 -722 -64 151 -620 622 -99 -697 -122 368 921 -1021 663 -395 505 410 -98 10 161 1173 -289 -150 -730 -51 -522 -1313 168 1049 -882 -503 -116 -429 99 693 21 -41 13 -1375 -836 -365 -100 6 1092 ]
[-211 240 -65 766 230 -143 -305 18 259 -1236 617 -49 419 319 30 1017 113 -493 674 -239 -270 -260 -120 -479 -1366 -376 315 169 32 432 -442 -959 631 237 161 1198 -990 -632 6 -215 -697 348 51 -963 11 -741 -517 25 -200 653 670 -58 -146 -556 -588 -63 302 -1068 266 -495 821 -774 -155 308 -340 277 1690 -551 -371 246 752 -378 -346 -584 -387 693 258 -538 160 -435 -8 683 -141 -261 739 -24 -374 -327 -357 -192 557 609 390 8 -492 -449 234 245 -72 -648 -153 655 421 -238 -472 567 603 -48 -83 -861 -291 -258 -697 790 1324 ]
[824 22 277 -469 310 -508 932 -309 415 906 -795 -343 -10 569 842 896 -637 -36 -65 -680 -107 -260 -822 752 -107 -374 -923 201 679 -399 -231 -597 -178 19 -731 766 -404 -557 1011 56 889 64 -632 -1539 529 -467 -280 -209 -778 -442 725 1131 410 -579 -432 949 -589 -388 857 -644 -685 104 -38 415 -514 -174 862 -116 -278 -9 93 256 408 -489 -941 -57 -834 -843 -625 -70 473 -174 130 -949 7 713 -1091 42 -379 -369 861 -281 313 -169 56 316 213 -28 133 -379 -72 117 -20 -450 -550 -49 406 329 -18 472 -129 -206 -40 340 -89 ]
[-255 496 -54 214 729 112 -431 209 -507 -934 -727 13 317 -1009 -1146 -525 1078 650 -367 -803 482 108 314 -21 525 192 304 133 -1585 -316 563 -83 126 -486 290 -578 569 1082 -258 -204 -256 260 111 249 -359 629 -179 185 1544 574 -611 -1181 -123 549 -80 213 635 -286 30 -30 -61 159 203 -308 71 160 -827 276 937 643 436 172 -275 852 613 146 772 552 340 -497 606 995 -190 389 -517 -210 791 50 -117 -433 -12 -506 -63 1006 -965 -1161 -862 -350 -113 496 -471 -505 649 160 -349 135 -658 309 93 766 -546 -107 227 -919 450 ]
[-39 -239 490 -323 -265 450 533 -746 -572 430 -63 412 438 192 75 -51 -472 39 -607 -305 -807 -149 922 692 -607 604 -322 -592 21 -256 384 -323 193 -332 -303 -580 520 399 383 -500 374 539 -437 -411 -623 -1062 -862 273 -630 131 -472 210 -451 162 -751 256 -408 363 384 -1007 -204 76 -389 -983 102 -88 -183 1111 302 -316 -9 -429 586 132 70 -286 1065 558 55 199 -62 -380 535 -174 -308 631 -174 -340 1108 502 -203 352 -656 210 -117 -217 -522 352 102 619 487 -858 671 -76 87 -333 -507 1051 -152 185 753 273 289 -190 -559 ]
[265 1416 412 496 336 174 690 630 39 747 -563 -171 393 -149 -25 298 423 710 -1327 -366 862 -363 171 -208 26 456 319 522 -427 -127 674 -389 -301 -356 -166 541 1161 -132 199 -578 -84 727 165 -613 117 -185 302 332 306 624 -670 -62 -912 802 -456 565 77 439 1148 -293 -101 681 -422 -577 74 512 206 1041 826 247 -753 168 418 966 232 -1099 1289 -247 -48 -371 -133 59 -1310 1 204 338 -8 -138 852 -130 38 -782 -76 686 195 -403 -7 743 126 -649 -240 -28 -40 264 10 -140 142 -391 -353 1093 -318 193 72 -1221 -298 ]
[-460 607 650 -72 506 -113 33 144 -618 504 -1216 -1205 136 -684 -729 -534 -426 266 -136 -286 -146 -775 515 414 -1021 -373 -379 709 -795 -800 582 917 599 -188 -174 -359 544 259 -319 -376 -294 388 -487 778 -580 430 42 -23 36 862 46 -563 -135 178 -740 -501 -355 -202 144 199 -864 -220 337 -196 -444 -47 217 939 71 -107 516 -309 614 -383 360 10 312 813 -503 -970 -686 -62 108 -737 581 -20 90 73 444 498 -215 175 -650 429 -660 152 -230 -120 -41 -252 -107 -535 28 267 -513 848 -767 -209 201 507 30 -45 -126 151 917 ]
[-155 -119 -269 -218 400 179 838 -95 -645 943 -1765 952 269 -343 -113 1353 -1126 -288 -390 -406 -82 -649 56 883 393 -805 113 98 -746 -1102 135 292 395 -722 -367 115 596 -720 -563 294 213 -617 154 -100 -307 168 -11 -101 -407 -294 612 -584 114 219 -133 -180 -123 -609 163 -1050 -597 -50 -330 -203 -164 -578 269 474 287 -195 539 -417 672 413 112 55 -348 413 -102 -875 -135 163 -501 -1842 -454 -590 416 439 -676 730 1120 -408 53 332 -630 -146 -526 -285 -458 -651 51 -79 -162 -392 -889 786 387 165 -245 1232 -1019 280 188 532 -79 ]
[-751 -38 -379 -856 -446 -269 753 -315 -547 -662 -405 120 498 663 324 1051 68 -173 426 -268 -251 232 -423 153 -1010 -128 1040 715 582 -515 -748 -213 69 -914 -468 -483 -4 -229 304 -1698 -692 -367 -70 49 -119 -467 -250 -15 -530 -178 158 83 -279 -224 -416 -249 -638 -318 -755 487 448 -423 346 867 513 32 864 -298 -151 -137 444 85 795 -412 -586 228 -656 789 -661 -379 -202 -1 957 -684 -74 627 281 -696 -887 314 -297 -174 308 -429 -734 360 975 -41 -130 332 -1248 -450 612 34 -399 1166 -455 -1426 227 -240 256 593 767 -158 811 ]
[-820 -704 215 -437 -328 637 632 517 -260 382 164 769 -4 -59 172 -369 -108 586 -1015 256 -335 -394 -319 784 96 374 207 -454 181 -245 482 -767 -1743 -618 -171 27 530 112 138 -602 1080 91 703 -215 316 -973 201 -700 443 -569 111 698 -91 347 725 -183 -652 295 -151 166 518 -1107 17 -8 512 431 -936 365 -250 -293 62 98 808 -219 206 376 699 632 -746 1042 -21 -1091 110 487 -783 219 -414 -287 -1246 97 419 493 -531 -281 -397 531 769 -504 -191 -48 -49 150 813 112 263 763 713 -248 -42 758 219 348 -244 894 -733 ]
[-16 -344 -882 -756 187 232 -376 87 519 187 16 16 -97 281 -175 201 -537 189 173 932 753 -240 -471 71 825 215 -203 -363 -176 -386 -45 10 -857 -899 -239 -128 -821 -93 391 -220 -28 -497 -333 60 -540 719 244 -514 341 -701 -1014 141 -418 -204 83 469 956 -660 -119 -1085 560 -534 -633 1140 -299 703 965 358 5 221 -1006 -327 -646 1003 325 339 -339 -22 -711 -216 -76 -94 -833 -275 -1177 808 202 309 430 -958 -350 -862 457 189 821 611 251 57 -34 -356 232 616 -536 295 -276 -228 294 -196 526 909 252 -456 -674 391 299 ]
[10 -203 121 177 78 -202 46 -365 -248 240 -595 650 -242 -765 132 -321 389 -845 -56 -927 523 461 -93 -133 490 -403 -186 -735 -909 -256 705 -198 327 515 -791 -727 38 -585 1221 149 316 5 604 -311 -226 158 -666 602 -28 3 87 205 298 48 284 1084 100 -211 -398 -136 -485 92 1132 -810 -657 -177 -435 453 2 282 -457 -92 -130 296 455 168 907 -55 395 795 822 204 402 -373 -48 558 6 710 116 -543 342 332 273 125 -291 -35 -991 211 -127 205 1340 -451 1048 -298 337 -1411 63 410 -202 482 121 -238 -115 553 -1121 ]
[684 -597 -25 -347 290 -60 27 50 -294 -291 1029 -444 56 -790 -356 174 658 1174 239 -691 289 621 -921 285 -31 43 -805 808 21 -516 -316 -66 -411 -898 -299 -88 -872 1501 357 -407 307 46 -1175 -932 213 156 -190 -551 1047 -1198 231 -517 -175 -532 -934 450 -240 -885 568 484 300 -1043 185 553 447 983 2 719 163 312 -318 597 82 381 674 -858 -861 474 250 76 560 -44 -304 8 -353 598 -1009 748 -256 -1010 -1063 -932 -210 1019 -144 -429 904 -129 445 -361 664 347 -475 388 -653 -1301 855 1084 433 -150 305 -324 274 65 1024 ]
[-616 962 -668 190 -542 -312 315 -20 241 503 -6 -764 -268 463 -163 -799 -1459 1036 -84 146 -902 -525 262 549 25 -380 -277 190 254 -1000 177 -710 -627 -789 -187 741 -47 -436 -386 -1238 459 279 -957 -153 312 -538 -759 -1154 224 331 84 12 -123 -233 -254 803 91 -411 415 -127 -137 -164 -619 -61 -51 378 -533 -459 -48 -92 408 514 637 -224 -871 756 -1217 22 -1149 -160 -91 -149 203 501 -408 -410 -661 -591 -376 153 -1144 -458 -685 -157 -670 398 415 -506 363 -544 -949 -457 937 -232 -225 341 -357 -747 -973 101 -546 174 -260 463 1010 ]
[581 -630 -57 -97 625 390 -227 -416 49 -407 -919 281 748 -155 227 525 -267 -280 754 308 358 579 75 -226 86 -459 264 -45 109 -112 -1096 313 489 1073 -165 -150 -152 320 608 216 -174 -463 467 -422 -653 916 307 933 80 -258 490 -70 198 -208 161 -868 -78 -605 313 -1383 -307 -169 -353 408 877 264 568 -695 4 -504 -261 -63 -1213 79 -72 282 -723 -888 590 400 -299 522 -706 364 60 205 -339 830 392 -596 203 34 45 328 -406 456 95 333 97 -342 397 751 -682 763 -107 610 -11 466 698 -162 -873 -30 -263 282 539 ]
[354 -951 322 -691 -296 -258 652 8 491 967 457 -775 -419 484 1076 -286 666 -180 -76 -420 -643 -444 -1529 -876 235 424 286 -215 977 120 -3 -407 -489 -300 516 277 -747 -568 87 -119 823 1094 17 -364 815 -560 284 -270 446 -1148 108 387 -546 -352 -302 278 -16 -637 1215 169 976 -244 -757 54 684 756 594 321 386 104 -372 287 206 -210 -631 -46 214 -325 663 -76 5 -845 -359 945 -787 88 -1108 -108 -677 -1271 593 105 -134 60 155 -81 599 221 -172 -1174 710 -367 -32 522 -62 -351 -114 -432 -185 245 789 -174 -6 1424 21 ]
[203 734 -418 735 -304 288 717 90 -608 461 -587 1543 -102 789 -45 -84 96 -360 275 -77 -336 -238 14 277 -306 -27 797 233 -218 -136 -420 -308 291 301 -461 652 -268 -547 100 22 294 -106 1010 -72 395 -750 -657 711 -196 314 -490 77 -504 883 -76 468 922 443 378 -890 -243 -142 -371 -754 930 78 347 -940 -29 -666 953 -31 -217 74 940 444 831 229 128 -278 -702 331 245 -395 130 -308 357 -25 137 795 -182 73 -119 495 621 369 -220 333 -321 538 -51 -342 -241 315 -167 -180 1003 -406 -206 -892 -981 273 381 629 -78 ]
[434 111 695 -321 -307 -54 757 -271 -438 -358 -492 -93 556 460 319 181 32 294 -270 1096 472 221 288 357 -648 4 656 764 331 -536 178 41 -203 1262 160 -323 93 -57 -362 -398 1564 533 -276 -30 -458 115 127 -544 -503 -403 662 -483 -139 139 -161 -267 -373 -454 533 -855 408 -788 368 -44 874 926 473 58 263 388 -392 -901 106 706 -102 201 -389 19 -507 -168 -1090 -222 -240 -270 690 354 -277 138 -357 -4 891 662 512 176 -56 1026 72 262 35 -651 314 517 18 522 757 1336 282 411 -312 339 -412 630 345 676 -202 ]
[-343 -323 -321 -315 144 513 201 34 424 -623 46 1210 -706 82 7 -422 421 -56 -55 741 468 661 -1105 -312 727 739 238 -265 -466 -417 -23 585 -132 -219 690 -1160 732 612 222 -773 -592 474 -174 1420 -1110 1301 668 378 319 -1210 147 -368 498 -812 318 158 -633 -651 541 -698 456 97 517 547 402 876 -646 321 378 -672 -1031 786 -1077 1079 1 -491 360 1106 436 123 358 347 -841 546 -993 -19 -418 53 -187 -314 -576 -1096 772 976 -34 572 -10 53 -733 -39 71 -703 -354 587 379 325 -689 -579 34 116 72 -582 -322 -125 739 ]
[680 1066 -759 -459 -307 -449 410 -405 156 -1197 448 -269 169 309 -977 671 363 607 368 624 -554 396 -227 901 261 -482 -545 788 -733 -448 188 -223 299 -422 -106 300 -268 786 -241 629 368 -765 -1517 89 209 -113 217 -100 -223 -222 -313 376 -724 -145 -746 944 248 -745 571 -557 256 -949 496 563 718 684 424 -348 -295 490 -482 -818 -481 137 590 -1220 -821 561 -665 -421 -26 74 -753 -777 487 828 -844 39 373 275 -256 -726 37 -58 292 17 671 -814 -241 -498 -645 314 -220 327 5 807 943 85 45 70 222 -366 -668 -580 1367 ]
[-29 312 8 -462 97 -559 1298 -958 467 -93 -70 148 8 -671 276 467 57 -48 451 -876 -1324 373 -235 -648 -187 -339 -302 -44 165 -101 24 -79 181 -71 12 -1014 -406 700 163 -468 -654 -767 -864 140 -38 476 -58 436 -784 -181 349 -485 -350 -756 -180 407 -184 -130 581 598 311 233 -392 -75 -124 890 38 947 -40 -489 250 529 -576 -239 492 -461 -23 902 175 -152 941 418 182 414 -546 -32 -967 -178 279 13 -103 -1158 -196 76 -254 260 -147 794 -386 -17 311 -919 -589 457 10 -241 -502 88 -228 428 480 -736 -465 127 607 ]
[353 -297 423 300 -351 -483 -6 951 -225 372 592 624 -84 -62 770 -237 -730 850 -646 297 207 -1 154 345 171 -89 357 502 889 -161 10 357 599 392 -157 578 -27 -311 -835 -423 1461 804 225 -69 284 134 -85 -562 -43 -7 292 414 -365 -187 -182 14 306 -92 343 -432 588 -424 -857 -738 858 1010 574 -162 136 -424 -396 442 723 -36 72 -489 -774 -639 174 241 -841 -959 869 273 -151 -149 -550 597 325 258 -179 -319 -435 131 -97 562 -30 660 -101 -797 1148 84 -746 92 965 -404 47 339 -624 110 -488 -18 542 915 -900 ]
[1158 393 -4 -211 271 -180 224 35 804 -592 -734 202 212 1265 -373 667 -5 68 301 64 1236 443 175 -498 -52 -243 -96 176 832 121 -881 -229 -508 106 -477 -295 -805 145 686 -480 415 -891 312 -615 139 -346 -736 28 -1190 465 319 179 717 421 37 685 110 -650 32 -1084 -109 -1190 332 -36 118 -617 -173 -719 -99 492 47 1432 -974 -249 651 728 -1029 -732 -194 -42 409 221 857 -363 -71 -1054 989 -42 225 -584 -805 -609 494 735 112 290 -597 -248 -417 614 -61 -80 -732 -472 -275 -46 645 -377 337 -208 -567 -51 -746 -539 -339 ]
[-601 247 -285 -644 -439 -792 -379 -991 220 256 -971 -198 98 -27 223 -256 17 573 -555 237 172 -365 355 235 312 -813 -209 112 -342 -215 -609 -539 910 -208 -979 289 -45 -670 518 -92 -273 -877 502 -949 -340 -415 -220 621 119 96 -445 1355 -452 120 -163 501 21 -85 -40 -133 -131 -3 -93 859 309 -81 727 -10 -139 480 -654 -174 126 -1938 -44 128 23 -756 48 419 540 -446 -91 -143 -138 767 -304 868 36 -1110 202 -635 -718 -425 -700 -377 -583 122 -939 -526 668 -536 672 9 334 -639 -804 -747 -388 1230 488 213 -130 796 -464 ]
[-593 -385 436 802 -1054 -367 -149 -624 -279 -288 1315 -97 -564 4 -524 -864 611 -394 108 77 -685 829 174 278 170 -465 -394 -294 223 280 1201 252 667 595 534 -924 119 -317 -302 167 -102 106 -933 941 532 -539 133 -600 -401 -363 800 421 -500 -262 -194 144 -784 493 -86 590 -19 -657 581 -760 5 -448 -720 442 -280 -259 -290 -695 693 -1400 -36 -174 -244 1278 -324 52 -17 -122 581 -287 672 -182 -19 -405 -310 838 -744 20 -323 -1164 -128 -65 94 -797 -398 -631 525 48 830 -695 -174 -108 279 288 -1225 -552 702 -661 -261 384 -1378 ]
[-54 -598 -471 -737 -557 362 123 -105 436 -236 279 -413 240 -539 -327 836 -732 686 916 -48 -808 567 1132 -113 -746 127 -196 -201 -289 -726 -889 -451 201 694 -446 96 -450 -366 -1377 -53 673 -197 -13 -1066 -494 -562 -153 -473 -1082 -415 883 -589 339 186 -395 -33 -97 -428 293 -293 94 -399 847 -715 167 -50 -1017 -195 -25 -275 447 -656 -918 1070 -310 419 -321 -259 110 115 -738 -37 -930 934 593 -356 -497 834 -194 271 187 397 346 80 -574 -430 545 322 -163 -827 -378 717 53 464 472 282 -129 371 4 189 -394 938 -916 -53 795 ]
[-1033 -282 974 600 306 603 -61 513 544 287 -24 -134 -240 329 -361 -635 -371 368 -834 364 -1561 483 -111 -21 84 -9 226 -60 180 258 -156 177 362 79 140 1207 -627 -68 -591 208 307 1579 856 -60 -455 570 -615 157 660 -1147 -212 -414 -261 -874 -393 20 278 -175 813 -703 1327 738 -627 259 202 1578 77 652 -326 -1260 -164 97 -114 310 80 256 508 -405 1040 103 142 13 101 1280 -474 765 -564 699 631 -209 -11 250 -302 70 -434 497 601 1271 860 -984 -21 297 -371 505 -208 -326 -661 180 55 -465 -121 -819 -299 1218 977 ]
[1042 447 -374 84 1475 -439 49 -429 417 24 -669 -261 -73 -562 617 146 235 866 766 -497 -34 -341 -143 -488 835 -419 248 711 268 362 -512 -88 270 172 370 -168 259 659 -263 905 840 -329 140 -825 982 639 254 281 192 -306 578 -234 1 248 428 111 -15 -74 693 521 -692 463 -7 -210 -146 518 -322 -498 1316 747 886 699 -759 -207 -6 -876 -108 163 311 -154 -41 694 -1231 310 125 -138 -74 830 215 80 315 -664 311 260 1043 -395 -508 -512 -379 -115 -425 -550 -1126 429 -315 -41 606 719 298 -57 -579 -543 -8 -841 -204 ]
[-749 -1294 -200 504 -353 21 -100 -397 108 -42 746 -292 -149 -135 297 -458 -1394 -220 -513 -237 167 774 -7 -1 6 -52 -616 -197 942 -33 423 -500 -199 -657 387 364 -294 -1439 -425 75 -367 -140 -219 494 -90 226 -47 -728 -502 -810 556 -3 872 -320 569 125 -341 -840 -313 723 481 392 957 62 -552 -810 -617 -293 -469 350 -659 561 920 -130 -816 -114 -695 99 111 -498 315 -167 1222 -578 -471 -675 -251 -558 -1651 246 274 474 510 387 -1078 105 637 -249 -98 327 -356 507 745 -992 -373 1075 94 -213 -394 -516 270 743 -39 736 963 ]
[-1303 -1190 52 -195 -115 1053 -901 -317 -30 -597 1051 644 791 899 -138 -39 -228 -691 -9 681 -19 -282 232 -50 -1407 385 891 -491 145 959 567 -204 -925 -173 -210 234 -276 -425 240 -1 -441 -430 813 -31 298 -755 -698 61 290 -345 235 284 178 -368 515 31 472 98 -627 -327 196 -554 479 19 -272 -719 -246 103 -299 -442 45 -1068 -390 247 -25 1431 1433 896 235 1075 433 -238 -118 151 286 496 410 -230 -840 -303 397 1614 84 290 -265 2 402 -248 -521 1328 -298 -196 1074 86 -171 490 372 29 185 -1150 328 276 -93 390 615 ]
[714 511 384 364 1005 60 -71 573 253 382 -619 -271 744 858 -725 -303 -326 680 -914 703 2176 -189 447 -80 -54 -147 502 259 583 198 541 16 328 -205 -191 321 530 -346 352 -309 -263 897 866 -72 832 543 165 449 -72 761 -501 955 -142 671 823 288 -689 904 410 141 -885 544 147 -229 701 -458 -176 -207 -216 715 451 576 480 769 19 -376 -174 -725 -27 100 -189 -492 199 178 874 183 274 284 579 -223 651 492 -618 363 -261 973 221 149 662 539 -1088 -1003 -75 -394 -68 577 -574 -496 467 -448 -985 -72 539 -1266 -212 ]
[249 -178 -1659 -319 -60 -993 -465 554 -568 400 408 234 267 -1013 242 -52 -51 284 1101 -1192 231 409 -200 -566 -68 -942 -172 54 525 -822 -739 509 206 -64 -416 -1062 -1231 -41 -3 -767 486 -750 -264 167 -194 -99 -285 -345 -330 -791 152 79 261 -72 -31 415 -229 -380 -1147 883 -187 -1322 788 331 270 293 -206 -679 -692 979 343 49 61 -918 820 -486 -1908 528 -658 -145 263 562 653 -244 -81 -166 278 225 -101 -34 -1167 14 103 -478 -233 -669 59 -212 133 -172 492 -258 450 -19 745 -869 1 -335 304 -879 -118 -132 -220 -87 280 ]
[562 -740 508 -901 796 527 -137 -385 786 -101 -1579 -571 667 873 -14 -707 460 -551 -3 366 14 26 4 -450 -19 93 749 259 -204 529 -158 425 -239 -628 -550 -483 -92 -631 159 464 -580 -456 432 133 188 736 707 507 275 -132 -478 -240 549 154 884 -378 230 -69 -848 -741 194 358 1085 470 437 454 75 -170 548 469 -450 -64 -1415 -56 517 782 -795 -418 898 318 294 -17 -92 486 -195 1239 743 -518 712 -795 464 633 304 -56 96 987 -810 -567 114 1662 -773 -314 198 528 68 882 -251 -654 582 -298 -289 -49 131 -35 743 ]
[220 208 367 -614 45 -998 315 -126 -214 261 -713 -332 621 -994 -417 405 402 413 844 -860 374 -468 -17 -277 153 89 293 -141 -65 -1116 50 127 1251 1159 -309 -1144 351 78 172 -871 595 -331 -1013 -2 -705 -151 -622 108 -740 95 1071 189 501 166 -880 627 431 -631 -216 586 -560 -327 114 -418 -370 -3 333 -151 230 2 220 -128 -62 -348 405 311 -849 330 -193 -1030 370 345 912 -340 -729 780 5 899 -536 20 129 -765 127 -321 -368 -1619 289 -390 -1296 192 -532 -628 -570 -319 802 707 -1462 528 -166 455 -1453 30 -133 95 -26 ]
[-913 126 -324 124 556 674 294 -527 651 -119 -453 236 13 76 7 -1558 709 -78 -953 279 -789 1043 -43 358 672 536 81 -165 -438 194 -79 247 418 70 86 280 -240 -24 319 -319 -789 155 397 892 263 663 475 761 1386 24 7 622 -149 740 468 -356 -415 -286 75 -987 -1024 1032 55 565 116 589 -1339 778 670 155 -365 391 -1059 -727 -826 37 500 -89 667 -74 860 38 -1378 912 -871 -32 932 132 593 -403 -272 -2 42 -123 -107 1099 451 -332 1097 511 -417 -225 -612 -98 -509 487 117 267 -126 530 -411 -787 181 23 1007 ]
[-252 309 158 422 -626 -351 -313 544 -43 403 -485 -917 125 1 -593 -436 -580 51 -568 173 -492 -736 601 -11 -62 -523 199 564 -275 -109 52 -241 407 -724 182 266 732 -538 -1379 970 664 -253 -29 -67 -287 -913 -160 104 -241 -215 -698 -32 -36 35 -617 62 57 -523 -610 355 194 625 66 517 -279 -291 -106 543 -424 -752 -469 -976 345 -385 105 -282 -575 -434 307 -350 -387 -413 445 -718 385 480 -7 195 1036 571 -362 251 -718 -635 -646 -501 -72 367 880 -312 -825 142 -448 -67 -208 601 21 -69 190 -582 173 449 -104 -246 478 ]
[-55 477 205 59 217 169 -359 -247 925 116 -322 -897 -291 307 -64 701 -433 -814 5 613 -727 61 -278 -62 -759 -683 0 476 260 451 -120 657 357 91 -354 -39 -19 763 -143 958 -963 -311 -163 653 -571 707 -149 603 -314 265 457 -212 324 -558 -348 -1091 63 323 -213 38 -291 131 529 883 -71 72 111 -71 -571 -811 738 205 -146 -606 332 -334 -178 361 -305 -723 -261 457 -600 -294 1089 -468 -214 -197 156 491 163 534 -304 362 529 283 -125 -239 122 236 -44 296 -1124 158 -329 895 499 -450 265 2 774 71 14 -1046 914 ]
[-334 -135 -748 -332 -607 551 595 -1591 63 126 495 312 29 -106 356 33 -326 538 595 -109 -684 665 629 391 67 624 -1144 -366 -395 -269 -27 841 1075 -142 -35 -651 -575 222 -707 133 -513 -1207 -1160 89 34 -713 -45 -490 -784 244 -66 169 473 1247 -301 -280 -234 329 -835 152 -783 26 226 -206 -344 -418 456 351 158 340 186 361 -123 -321 -191 -1382 -436 288 342 -391 505 59 -481 -272 -121 -67 735 131 384 146 -356 -604 263 -1432 373 -206 -475 -388 -844 345 -251 370 -747 -120 262 191 262 884 -922 884 -103 5 24 -787 -169 ]
[673 291 -348 330 -293 744 105 -537 0 -428 892 20 -211 -1223 -361 401 -1213 21 -130 -182 -495 -12 1039 -1058 -885 322 -712 226 125 -156 -481 -1248 -103 -208 199 308 -111 216 -1160 762 45 109 -312 -311 -963 -956 -253 -128 -608 214 107 -272 -138 529 -999 -1386 -1026 -77 -197 655 -511 188 231 -336 1 -140 -322 318 -321 55 28 169 290 673 -103 -848 -790 -687 -243 -235 -405 -462 458 -776 693 -213 -193 -302 366 572 -1009 585 -447 784 48 -187 397 -347 -248 -195 874 570 -147 609 -542 491 166 975 110 -249 -139 1122 34 493 957 ]
[748 -188 84 -370 793 -835 7 786 9 -799 279 47 -534 93 -115 1019 139 -178 311 -768 -926 1024 -862 -472 297 -343 -114 -351 -270 111 -350 -190 492 -535 -65 -309 -57 464 -17 -21 -681 365 -520 394 -323 1015 -24 79 30 1 -49 -356 -32 -770 -671 -357 478 -610 -489 -817 144 129 -512 281 274 649 611 78 -164 -946 377 374 150 -117 139 -720 -573 -395 366 -122 4 792 367 213 579 471 -32 34 110 183 -432 -1068 -415 247 895 106 82 89 -70 -126 930 730 248 237 271 -798 478 1063 -11 -460 641 -447 65 -342 -84 ]
[-624 111 -710 -696 -417 -237 73 -276 270 402 -1034 164 1040 396 185 13 296 124 -104 270 875 55 342 594 666 36 773 -236 73 -1096 -912 77 223 -182 -674 -100 472 -555 -443 -139 1361 -685 422 -470 -393 -230 -36 -74 -238 -1015 6 -17 472 433 75 -149 346 -680 237 -1568 -479 -605 -208 1017 764 -56 -256 -223 -57 1152 -345 -1060 -462 -182 -422 565 -471 -226 178 -513 748 -268 -2066 -677 -1378 -130 628 576 -293 -1148 799 22 304 795 -546 -285 -72 -71 -101 -245 -227 -387 -590 -476 279 216 424 583 138 1020 -958 -442 410 108 -158 ]
[-492 125 537 325 259 -170 -131 1145 562 -1030 580 87 -108 -300 -113 832 -1160 478 -265 1031 -697 -393 459 326 -333 -427 703 224 503 177 128 -389 -162 -96 254 436 711 -54 -725 -31 102 619 -441 130 -649 627 -197 -340 -892 540 608 268 -44 -1064 167 -127 -162 -269 -317 -445 276 5 -55 -309 -809 764 166 525 -77 -1188 -141 -243 62 790 -441 271 -442 229 -608 599 -949 342 637 -533 223 895 -143 -160 1182 1109 -338 344 465 -470 400 755 379 -318 704 209 -616 1064 -56 -437 253 358 -629 831 386 -1028 -328 -278 -591 86 424 ]
[543 633 341 -223 -411 -324 -9 623 627 240 116 -711 752 511 208 517 213 -840 406 795 201 -447 60 577 83 -599 -74 -275 233 239 144 -127 -1149 544 -425 333 -575 18 1299 178 -486 -1037 418 230 190 -443 531 857 -733 618 625 591 25 -394 339 360 -190 297 382 -660 -125 -1033 364 295 93 -360 155 -1494 -904 785 -287 -508 -1097 -1103 275 111 -529 -112 -452 110 -60 50 -850 285 1149 331 -205 -914 -519 -426 37 915 234 -113 934 157 561 -1208 -235 68 320 272 272 -111 488 325 139 -777 82 20 205 133 -906 -45 1178 ]
[-422 514 452 486 338 -253 -1280 213 681 -270 646 -706 3 -112 -475 -379 -12 -24 7 846 531 -967 1145 521 -895 207 -607 751 -774 253 202 -819 230 -137 -70 904 -6 -265 -55 549 -597 438 -306 69 -129 -780 -105 -478 33 87 -454 727 -305 -157 -112 548 -38 324 -467 1077 368 776 904 587 -1653 -162 564 -203 -475 741 -388 -764 775 156 200 -285 894 -92 347 478 2 -342 -135 -652 1382 1345 175 -276 19 -3 -187 502 605 -78 4 97 161 613 109 -321 -124 751 1102 295 339 714 -201 -228 57 -539 290 -276 -526 -88 1081 ]
[-461 -258 711 679 -108 -747 268 -228 -408 -813 420 -67 267 -434 412 -635 357 470 180 -55 1128 -412 344 -189 374 -34 390 -410 -400 327 1032 -97 -325 13 313 -1268 203 -589 153 180 -617 20 20 -312 16 -65 -323 -220 219 238 399 -59 -1259 -211 1171 499 -633 485 30 695 -597 -208 -339 -385 68 337 -98 349 543 70 -676 -55 31 412 -240 173 -57 442 15 942 -287 129 -135 502 -144 415 -107 -93 285 -373 261 -269 453 -1106 -606 1007 -353 229 248 -1015 390 113 517 371 -568 -202 -210 859 -35 398 413 -38 76 184 -335 ]
[-618 124 347 81 -27 32 324 914 558 -540 -435 -60 370 764 358 854 207 -984 -94 320 -67 -383 -1009 -301 -544 -471 552 -70 242 -144 -354 199 468 -608 -63 -775 708 338 373 -870 -803 394 380 608 -815 94 -225 372 -929 -309 75 180 693 -1227 -340 270 -649 -778 -910 337 260 143 106 1546 -157 145 1476 326 -1095 -919 55 940 525 -507 -731 -1103 263 -232 -321 -508 288 -189 -100 -882 195 518 -46 -520 347 -211 -91 -417 709 -571 -200 681 549 795 274 -787 15 97 -129 296 659 356 -777 -1368 228 407 839 -896 -52 -309 225 ]
[191 -1180 296 -300 -2 -377 -46 -81 37 -114 -160 -437 852 -93 161 -68 684 -218 -491 -1114 76 154 139 -251 435 41 -169 -6 935 646 -412 -550 339 146 -69 -887 -321 -548 -217 -12 110 -1223 99 488 -176 461 277 290 629 -409 -650 846 -478 219 -416 -9 324 -5 -1649 1007 -307 -105 336 598 901 -462 584 -451 118 -498 -475 -298 66 -87 -333 806 -739 -66 108 -87 -487 55 -148 -552 -269 533 998 -46 -363 -411 223 -756 407 79 -206 285 -48 68 -453 7 522 803 891 900 329 -1 -633 -54 312 861 215 416 339 689 -217 ]
[40 897 -173 592 -59 -637 -167 -647 -102 -420 628 657 -393 -357 660 868 -35 -157 556 -221 488 347 222 -1128 -304 -117 -351 -593 -292 420 122 -73 51 859 327 -131 -729 -429 314 789 -923 -252 -351 -1145 428 -333 -143 111 -602 1270 -54 397 -454 -109 52 -273 -350 924 -234 401 -632 -281 -400 -473 -368 -312 951 -384 -799 4 -105 175 69 128 399 -78 105 -889 -191 1143 129 -151 -157 45 378 -77 -244 -491 599 130 229 -848 776 -916 123 372 -817 633 241 -946 740 358 -159 168 -99 -713 305 64 1 523 138 -128 -798 -248 -632 ]
[-1275 296 -247 699 -292 155 -203 -1310 -1316 -504 224 555 -670 -1442 519 54 -456 149 -40 -252 -35 -374 -231 -610 -419 -235 -168 10 -751 -610 -261 -580 1211 424 89 -651 130 1034 -534 -925 -193 821 -57 -983 -856 0 -303 -331 457 305 109 73 219 -491 -1214 -261 -746 -921 -515 572 341 -133 -310 517 35 -86 535 -74 -43 -491 691 -42 1215 -157 -387 41 -497 -240 -705 -661 246 -690 1063 -475 -746 -80 -574 460 -495 551 -505 -26 -598 -20 -1278 -430 -862 -155 782 -747 528 -785 -408 91 -404 -145 -1325 203 -105 243 786 260 861 1094 -248 ]
[-655 -136 753 158 549 867 560 350 256 305 -688 -147 153 184 -1071 253 387 -803 -506 389 -935 -419 -27 19 100 -69 -242 -436 -974 -369 160 371 -368 -4 64 -168 -197 655 534 -305 -891 -224 344 939 -644 760 18 418 120 22 303 -1012 219 -227 -197 -420 307 90 45 -616 -745 213 -761 222 327 -212 -407 1267 -341 -1362 782 -754 -353 1030 54 1025 460 656 -502 -627 -302 800 -787 -4 -89 73 -55 371 270 47 -349 266 -80 167 193 160 462 -192 87 -21 -144 448 146 264 -1011 722 -331 273 11 165 691 -367 -434 263 737 ]
[558 1290 120 1056 221 -645 17 420 95 9 -126 -187 190 -18 -52 829 143 924 77 -371 203 -97 387 -307 341 -127 -179 -352 -856 -55 239 -332 -198 -262 -8 -968 167 1205 -256 404 -338 -315 -409 -562 -299 -904 -694 -16 -398 1147 -750 -881 -92 495 -39 951 149 -233 -391 161 -44 -388 573 134 -450 -351 4 -228 -57 36 796 640 233 897 783 -224 163 80 74 42 28 149 201 489 1113 -78 932 -523 763 236 -564 -908 505 -466 397 -317 -1202 262 822 161 61 561 -796 893 -21 -612 4 92 -28 1183 249 276 -57 -1334 -261 ]
[-261 169 197 121 515 -88 441 635 -302 -485 -673 4 -253 -1063 -26 676 184 -78 -17 -1051 -453 670 -914 -345 717 176 339 -256 -612 105 578 -273 -117 -413 625 -108 988 -418 140 291 -899 726 121 -255 -239 275 -19 98 372 -154 -88 -293 -410 -386 -439 171 -167 -269 183 -426 -68 942 -1085 -16 -733 187 432 668 368 -609 -357 550 303 758 -222 -1016 707 18 40 -933 567 957 -216 209 -510 836 134 -384 -27 6 478 -554 784 -416 727 -841 524 235 -31 404 63 294 -127 -105 -76 45 -127 979 391 448 133 70 145 -557 -228 ]
[-193 22 -30 834 -702 23 -759 -71 -210 -697 998 -859 121 -981 -809 -1264 180 492 -46 561 -263 -251 656 -443 -156 154 497 192 -288 560 177 -789 103 744 955 325 502 223 -1214 543 -298 18 -402 292 -568 548 -170 -464 1105 275 40 -630 143 387 -287 -987 489 248 -441 792 276 682 -616 64 95 489 -202 -149 268 -660 -342 -241 -34 647 12 400 -949 -683 -204 -750 -932 490 461 898 299 -71 -98 498 281 72 -767 -10 -336 -193 901 -640 584 -34 -292 -144 -128 779 -494 259 140 487 -89 902 -392 -637 -504 1189 144 647 -307 ]
[272 -120 583 143 128 -507 443 -533 388 78 256 -333 610 -640 -527 29 1124 -62 83 -6 -527 105 367 851 1531 167 -723 -608 -731 589 -383 12 179 -365 -10 -1339 -323 1470 1148 86 47 -1032 -601 62 -1012 0 83 1377 -61 -119 -323 -163 -973 -698 -1253 461 560 -204 -131 -167 1264 -296 -688 3 -58 647 -1265 -145 -24 -967 -392 -261 -1095 -3 1542 -25 100 1091 25 125 -94 333 -320 438 -834 878 -449 894 1030 -290 -628 -1099 -27 -130 280 -599 75 895 384 -388 668 -248 -573 428 -511 -561 -185 379 727 910 881 -592 -560 -142 -219 ]
[-176 -391 -503 -659 -875 896 -988 400 71 500 109 -1124 101 -901 -318 -1309 -604 596 302 1082 -72 -73 1069 347 1002 336 -905 131 -295 -265 249 863 -427 1 -502 627 -172 -46 -740 482 250 -190 -78 -9 -220 -468 143 -535 323 -107 -531 112 54 570 -604 -385 514 882 99 323 147 544 -808 -574 -519 -83 -302 261 -40 -135 -908 -282 -180 -211 184 65 -243 -612 -347 -552 -302 -1247 -471 817 -603 -69 -29 1305 394 -794 -385 -42 -675 -331 -590 -370 -18 -142 -551 -679 772 247 -372 -213 626 -510 -567 12 -27 888 277 1205 177 427 94 ]
[640 -884 -610 65 469 -150 -327 447 -824 15 -451 -887 417 49 82 -1068 -834 605 6 306 996 550 -964 -603 -163 260 144 403 -235 -247 824 679 -926 806 757 -774 416 63 92 -390 -552 210 293 1023 345 1091 1064 238 755 14 21 -358 -375 475 1078 -306 -752 -319 -175 700 -517 254 14 246 464 -85 194 -239 212 412 -380 513 -560 118 -255 -690 -363 -45 -109 -400 -688 414 -25 866 359 -239 68 82 -527 117 264 173 -110 -55 -217 465 1370 -225 186 439 -512 54 192 444 614 1602 -346 -873 339 -347 -483 898 338 -785 1048 ]
[-602 -183 129 378 -847 175 1044 -300 -372 -53 185 69 -474 -701 378 -878 354 -494 -498 -338 -906 -333 -309 338 154 536 -451 -95 -717 -310 845 -773 -163 -455 98 -373 -55 -192 -85 -595 -305 131 -552 352 94 -692 882 -9 -164 1 473 748 -193 405 265 169 -913 -386 -109 1270 265 -142 754 -602 -51 -271 -784 1236 278 -356 268 -121 442 53 -507 315 25 412 -353 169 -339 -725 292 -38 -252 -260 -755 -35 -68 797 549 -303 -174 -1134 -1110 838 -263 -569 868 -930 -318 -160 898 -324 -311 114 199 -418 -349 873 1161 651 -246 840 -319 ]
[917 -57 404 588 164 477 341 461 -283 1089 -721 -874 -146 22 -508 -628 -295 452 -144 -352 -1359 807 174 -767 760 -83 315 403 504 -390 -200 446 235 -151 67 326 1182 -53 -1577 694 1537 172 -946 501 89 372 -180 -67 -65 -751 203 -980 527 532 -849 -577 277 -784 605 630 -282 334 1321 -333 -183 -234 -1420 889 444 -653 -312 -97 -65 -615 533 -921 -484 460 1280 -572 -634 -46 -160 19 1252 -845 308 892 313 389 -348 129 -1543 227 -232 -289 -489 -907 973 820 333 406 -946 517 -92 -236 1015 717 -404 -768 -704 427 592 196 368 ]
[-431 924 -1001 404 297 -585 1075 -59 -982 30 -447 -388 -1276 -560 20 -1069 169 31 89 -807 -90 650 -69 -401 111 119 288 120 -827 -597 731 -107 372 -141 557 -794 -1 -606 -439 -273 63 985 -562 286 790 -36 -125 -74 145 726 -261 212 -747 748 -401 177 -1106 110 -320 738 -1260 -11 -345 -1378 -59 -344 317 962 -102 735 589 785 897 -84 49 -543 691 311 -135 -266 580 -497 591 443 53 -1238 -32 -373 43 705 171 168 -250 -878 -800 132 28 312 889 -881 -59 -1267 230 -877 -267 50 337 410 -231 107 838 -802 222 103 -333 ]
[268 939 -752 -144 198 324 -26 100 -221 -314 -236 178 -1373 -550 -414 1336 81 8 880 430 337 64 -827 -165 -1 -77 -684 512 -499 -893 231 197 210 -66 -253 882 854 149 -47 242 18 261 -219 -217 4 -330 -320 -686 -579 1282 299 -111 1084 188 148 -256 -35 -153 433 535 -883 -93 711 -195 -1171 -191 864 -375 203 468 -69 229 352 718 132 -823 -282 175 -656 -265 -61 606 1 -963 285 465 -36 -66 -31 241 -250 -611 503 278 227 -668 -291 -635 -850 -174 -539 348 -1116 -181 -689 101 637 -230 -90 -105 -717 -125 -771 -654 -13 ]
[38 1595 -380 384 -674 113 -424 27 111 856 356 166 86 289 -353 779 22 -115 -253 185 798 -486 387 545 -1294 226 -1083 28 -512 -228 232 260 -322 403 -102 622 -178 706 81 -952 -939 347 340 -304 229 -752 819 113 119 656 -689 292 -155 269 -48 307 -490 699 128 212 238 67 -325 -80 427 -637 252 -661 -742 497 500 -36 630 348 219 -311 415 -62 -443 -255 43 -26 -355 117 800 112 148 -641 -361 753 -468 -334 101 60 -75 -444 341 617 -637 -1130 -544 406 997 -106 -218 200 -978 -1182 -456 82 247 452 -471 -465 7 ]
[-45 -795 488 -46 -212 1035 384 563 -465 560 -211 1342 -317 -667 -421 231 -416 -456 -548 -205 -1129 -173 -273 -130 424 548 -351 -402 -452 157 507 121 -82 -1513 229 136 -407 141 85 485 144 -150 -135 1047 -687 -71 -200 -115 -169 -1098 -557 -492 300 235 581 -281 422 -175 -86 888 972 581 -299 -638 -42 367 -220 1465 48 -1253 -47 437 847 318 1231 -960 -11 323 74 -307 -338 297 1222 -719 -142 -113 205 257 662 265 -516 -422 -602 -270 -115 -64 -264 -229 -272 74 800 652 48 579 -275 177 448 -136 169 81 604 545 -76 605 30 ]
[429 724 629 -126 -128 -383 505 -378 -364 -884 164 1083 154 -53 -112 690 313 776 98 1005 -551 -593 549 117 -416 648 317 109 -536 -212 -46 -1103 -31 865 -18 -386 -622 204 -1018 -647 -304 476 -666 -1013 -1110 18 -405 29 768 -203 90 -306 -803 -1002 -868 445 151 -71 521 -1412 1256 -637 -429 404 489 1900 -332 -191 767 -810 379 -413 -740 958 489 1013 -313 498 -565 25 -299 343 -554 1176 -35 1435 -878 -298 -278 -240 -393 -114 45 -479 351 320 -135 430 306 -1037 -224 823 201 481 435 247 -436 -56 -526 247 182 -76 -632 -57 186 ]
[152 -524 63 -290 -291 628 718 -151 -526 104 -66 1031 -521 -216 -31 632 -194 -142 254 545 -1075 -941 163 -390 -902 403 -475 -644 -767 -253 247 -655 11 -1018 -58 64 -741 -144 -552 644 -267 164 -891 -801 150 -392 -351 -209 -1170 81 25 -809 413 271 363 22 74 272 625 617 187 -470 1011 -443 -816 -275 268 1281 -59 -145 774 -896 -188 -339 487 62 385 947 -672 -366 -765 -267 477 -856 -405 199 -525 -98 717 800 979 188 -499 -412 -562 -154 -762 -630 336 219 -1084 613 -293 -328 -481 196 403 -64 204 -577 351 329 -1010 34 442 ]
[43 -253 53 -138 -376 -513 -124 688 -28 401 -224 -573 -24 -300 -310 198 -592 573 604 -752 -985 -415 73 267 11 -602 157 -380 248 -459 450 -155 539 -164 -99 -457 254 -335 -1373 241 993 479 -877 56 -260 -567 -467 -508 -637 -46 642 92 306 -564 -149 436 326 -831 654 -723 -111 -850 110 -609 -158 -101 -86 -116 -57 -358 698 -386 820 128 -736 382 -656 611 -1165 -861 -450 500 336 -354 -377 -172 -484 -568 641 641 472 831 27 -495 -5 -925 -692 -1331 -65 76 -824 471 -399 -661 440 122 -571 810 130 -536 217 -399 -660 -458 -20 ]
[250 556 -23 -246 438 -202 -560 -378 193 -522 363 460 -1074 -83 -192 1021 -610 -856 315 646 -216 572 488 -591 265 -498 -441 -224 -30 -292 -34 461 621 719 514 -663 61 581 -435 431 138 187 854 708 -591 879 -191 377 -629 398 145 -275 497 -971 -204 -604 -24 -356 -566 -506 -506 307 754 -96 -469 300 -1037 -490 -644 -556 -213 -129 -4 1354 118 -565 263 216 237 896 -119 -276 81 256 572 223 481 707 329 -95 -985 -173 278 366 470 882 -26 548 -161 -835 1247 -1 -21 568 -24 -526 -402 540 321 -652 83 -291 -781 -411 -254 ]
[158 -660 153 -510 437 300 363 116 579 923 -157 188 332 -112 445 -215 -887 71 499 1300 -393 -546 409 146 132 -111 21 -29 291 804 -300 -277 -45 671 -157 542 -512 -1386 -122 594 -623 -244 -167 -218 798 128 476 86 -1396 -89 1153 688 662 399 692 -8 -632 -27 783 66 -276 561 -234 -260 -1210 -163 37 949 -180 -218 462 -141 -243 -580 27 700 -47 -403 31 -153 -183 -795 29 733 321 -425 -72 729 245 -134 987 386 507 -954 322 915 333 108 228 -374 -700 351 -1858 -177 238 1065 116 147 177 -279 -618 101 -790 559 -229 ]
[-691 -2 433 -1127 -891 486 709 -358 -258 401 -287 353 -134 -650 100 135 -11 209 -155 -705 -755 240 746 12 -471 494 -328 -750 -863 89 -936 -467 982 1262 -514 -280 241 -291 -393 -1113 -424 104 76 -1151 -648 -523 -705 58 -668 735 -1 -28 758 876 -1719 31 -569 159 -904 -337 11 362 -823 -436 171 -269 -89 276 -46 -721 684 276 728 -914 -435 18 449 -1024 90 -874 531 -731 857 293 -294 -437 -247 563 -283 46 -106 -326 -468 -475 -711 -1015 -280 853 -482 -137 127 -650 -4 -913 443 -584 -1289 692 -274 1174 216 430 412 843 -1178 ]
[-151 -556 -535 -2 -374 438 404 -786 282 -489 -78 394 104 383 690 -848 418 -778 630 -790 125 -88 -233 -1165 -399 25 654 -413 330 236 -92 244 -591 77 158 -803 -1089 -1351 974 872 -115 -480 -101 -443 798 -18 -208 -205 -357 -676 -411 -131 -586 342 1012 -35 232 618 -585 739 230 -173 266 -570 865 -715 371 -132 647 850 -30 24 -311 -200 398 915 -220 435 832 783 394 -673 -333 181 -389 -1204 108 -312 -300 -1122 507 445 644 -340 -502 1199 -411 51 494 -44 678 -465 487 480 80 -856 397 -696 -42 -271 514 -221 532 1342 7 ]
[-508 747 61 -343 455 -150 230 -521 -872 537 -367 -779 296 167 455 -517 -528 688 -224 1137 52 -32 493 479 493 117 -191 1081 306 246 406 739 551 146 -298 642 575 -160 110 -250 -24 -244 219 141 579 717 235 547 -21 925 -359 614 -382 683 -624 145 -3 549 964 48 -1004 125 -484 -238 19 98 294 481 614 48 -528 -1048 472 -433 -832 -121 262 200 -352 126 227 -359 -1225 -232 283 768 361 1034 478 -568 98 216 -812 402 65 76 720 -269 469 -528 -946 -200 -214 206 70 -313 -348 -114 -278 -87 -480 454 805 -513 -288 ]
[-974 -11 -523 -280 102 -207 320 150 -571 -986 -353 258 -251 164 468 110 -302 -809 632 -242 -151 308 160 -363 53 -1018 1507 -383 -538 -67 -370 907 680 -124 -151 -33 254 -1695 13 468 92 -203 -2 852 -280 1227 -411 -491 202 -593 1003 -709 611 -565 879 -1035 73 -527 -1526 34 -803 295 -19 1036 229 119 -54 -167 -435 -83 -52 -113 406 117 -628 884 -1182 123 -179 45 633 31 790 -403 387 -542 533 51 -683 -107 201 337 327 -1112 -697 1102 -23 -50 649 -640 -478 -108 -100 152 -91 828 -132 -177 438 -41 -249 -1039 383 748 395 ]
[-420 -53 -293 -527 511 -616 81 -159 -1019 919 43 -86 -292 -388 446 -56 100 1133 86 -551 788 -577 -797 940 -135 322 -582 97 -363 -499 -262 900 -328 -69 -280 -340 805 606 744 -909 23 608 531 -780 251 344 898 89 595 -661 24 457 -302 -609 -714 -75 -986 -174 404 -85 -246 -512 -91 672 -399 231 38 231 745 748 238 -83 251 -949 -257 -577 397 626 -194 59 1058 -149 -744 -461 -679 834 -330 187 -394 308 -580 -654 129 127 883 -715 598 -23 -2 -584 -360 -660 -373 -720 -426 -1274 -478 236 358 317 976 -1210 111 -559 -1244 ]
[-424 -1016 571 598 -785 510 -128 532 127 1485 850 -122 203 -410 162 -1120 -423 155 -921 -470 -1362 -666 -409 521 1202 124 296 -476 556 472 204 -523 166 -975 246 536 -354 -42 154 160 -129 703 -316 316 -223 215 -98 3 -198 -1326 87 -92 -351 -23 -388 -189 131 -338 1166 293 539 796 -91 -408 21 521 -336 1492 457 -364 -494 -819 490 -172 -442 -947 -25 523 815 -624 -440 -292 -58 870 -1112 -89 -822 215 1013 -271 -172 -63 -949 -433 268 -166 102 -2 685 -149 615 41 -439 633 -535 -817 -32 765 -209 -650 278 448 704 1269 408 ]
[-281 584 -310 125 134 -326 83 -402 -412 808 481 -415 -326 101 -187 -248 29 115 -136 306 130 -38 -1019 -207 -424 -598 -1186 137 -294 37 404 525 234 1203 572 547 -867 124 193 63 -1277 -123 123 413 511 484 227 -180 175 551 -59 -632 107 60 -264 518 286 -271 605 -119 -10 44 -415 266 436 -79 589 -1082 -625 905 774 306 697 -549 -451 -331 -38 -343 -400 -1305 16 512 -585 -30 35 -517 -324 -338 -657 59 -228 -298 493 878 -69 -247 437 465 -426 -366 -230 -278 149 -159 -173 225 -474 -613 -471 -135 -63 -137 -737 236 953 ]
[-1223 422 78 319 -191 -199 -83 113 -871 18 107 335 348 964 45 -55 -387 127 6 -307 -287 -18 -301 890 -980 -202 207 -23 32 -254 -293 -295 837 -175 -452 919 454 -459 -66 -972 194 -50 914 101 -200 -576 -631 -98 -216 24 -1017 45 273 331 6 333 437 -195 -1154 721 -15 280 296 1216 235 -309 2093 -531 -840 155 617 -822 632 -1093 -410 -103 948 -229 148 -339 124 -87 706 -324 816 642 364 149 -418 774 552 32 199 -657 8 205 70 1042 -401 724 -119 -133 723 465 683 186 -379 -568 -412 -55 229 -142 912 871 61 ]
[-578 197 852 972 -218 610 246 613 69 607 -141 84 -111 -282 -237 -582 -128 326 -1225 446 -319 -895 199 338 -990 -290 998 530 -676 -228 42 -1423 -802 -117 -776 3 291 681 -821 -359 35 1106 913 -411 26 -444 430 12 283 -272 245 -437 -139 602 -175 -143 -59 -209 -305 223 854 -172 872 317 1380 -165 -834 225 -31 -69 1341 -159 1116 283 29 1261 881 135 -163 447 -262 -993 465 416 99 169 -382 61 -937 1032 69 1220 -189 126 -451 449 203 433 703 -55 -589 577 806 426 -204 862 421 -253 -320 -76 155 302 641 759 182 ]
[-179 -39 -111 835 -153 -956 275 306 -341 992 -472 -962 511 298 -72 -148 631 -34 -667 -732 213 -431 -377 -104 -260 -195 1126 653 -226 -99 447 -168 96 -550 247 -547 131 -584 -311 -528 -200 77 596 39 738 -153 223 300 537 183 -664 -839 -1508 507 -237 287 359 -589 -154 523 345 227 72 -158 271 -92 301 -244 653 398 461 -16 231 -454 826 -177 697 982 793 -1102 -752 344 19 -150 -178 303 936 -403 -350 -203 0 -510 -111 667 -423 -391 437 -29 -154 -279 -432 182 570 30 -976 854 23 -868 -387 -69 -146 725 40 -112 666 ]
[-760 -163 -905 -96 -179 282 -866 841 236 -425 689 186 -1023 -452 -395 -570 532 234 621 188 -1048 609 -216 321 995 -463 -519 -182 -140 22 143 282 416 -1354 214 472 -710 86 867 -340 -781 -406 -272 645 488 -207 -445 -13 166 197 -743 -217 -280 -51 -103 546 658 -232 659 161 808 -696 422 -16 -861 587 528 276 -68 1017 -340 129 419 -1515 -97 -859 642 952 127 104 571 365 169 125 -289 624 138 -252 588 -839 -1290 -106 -311 -324 154 -751 275 -748 -77 256 204 350 359 199 -7 -1697 244 -189 -548 -769 816 -1400 -703 -148 2 ]
[-165 875 307 68 -161 -448 -201 57 346 191 -1 1125 -181 -87 50 219 274 512 -50 -877 -116 -62 -486 -573 374 -268 -455 -205 472 356 149 169 -52 340 706 -595 316 892 -127 -80 41 -359 826 -51 78 210 -308 640 -307 -237 -714 249 -26 214 -43 912 294 104 966 195 859 -521 936 168 173 809 -213 -756 91 22 605 430 302 378 296 -981 936 969 103 130 -3 692 -254 259 -700 224 -167 7 123 190 -287 -857 191 730 395 -429 -806 85 -1052 602 -493 -664 -78 963 675 -528 -991 -951 -22 -451 -132 -277 -567 -1042 -314 ]
[20 -414 -35 -731 103 -227 -162 -190 64 -871 -647 59 -518 -1070 -244 -127 -136 -35 472 -62 -63 1120 620 -30 -31 -510 10 -185 -291 -1326 -1026 251 764 52 -548 -1029 -276 460 -68 -846 -277 196 -607 -66 -420 1175 -193 -629 -531 -331 426 -303 -368 308 -488 -404 -730 278 -1274 -218 -54 -570 1191 164 -581 -323 -143 542 442 139 304 -97 -311 -797 -312 321 -1583 187 233 433 -60 -709 650 -340 -351 180 281 876 572 626 -206 -486 567 -1256 -1033 941 -821 118 1486 -83 216 -58 253 -956 -109 -215 -586 294 403 731 406 -608 268 439 -344 ]
[-431 -672 -295 -66 -110 352 -448 -119 263 -444 79 434 7 10 310 -1028 -585 -204 -440 806 248 252 362 -364 -22 223 187 34 -207 149 -296 70 -3 635 125 -23 -1196 -184 -570 405 -3 377 899 34 -598 1025 -272 -96 339 -1504 323 103 915 -763 323 48 -768 -613 -16 -974 398 466 125 446 257 852 -762 -405 122 43 -731 534 -441 46 -741 519 -1168 -529 312 283 1039 -534 499 491 -882 786 148 425 -497 -939 -788 1133 288 357 -62 561 728 523 -199 -460 239 -151 90 36 332 -14 -627 413 -274 -662 -397 -105 273 1287 160 ]
[-17 114 76 -134 -352 -33 838 -516 -1230 -119 -247 126 -239 -166 313 -386 73 -724 -655 -377 -661 -146 -1345 -54 248 -22 46 -636 -646 -414 251 -687 -85 -713 17 -1186 734 599 754 -1145 -1046 302 -1097 522 -381 396 541 14 170 80 -150 -424 -68 291 136 -160 -482 538 -218 -335 -282 310 -1141 -294 246 -605 310 925 37 -980 302 -313 338 288 -703 285 -564 382 -866 66 -755 -118 458 255 -700 166 -556 181 704 96 -472 -883 -840 -816 -154 205 408 -886 -57 284 -93 -441 1183 -283 53 -50 -1183 -88 110 -145 334 719 603 63 -716 ]
[13 941 79 -370 183 296 -243 -154 197 75 -181 383 21 254 -486 -484 861 -310 -604 232 501 1009 416 124 336 452 -406 522 -287 204 464 -40 -459 733 585 -571 631 1172 -728 -66 365 -37 1010 557 -468 -284 -288 783 991 938 -1590 -54 70 734 -839 337 397 118 -775 -308 85 160 275 38 177 592 -526 -367 -114 291 185 861 -281 152 830 -860 1438 224 753 -293 12 752 -135 803 525 441 1300 -241 -119 114 -59 -290 -34 787 231 -271 -732 638 -390 646 467 -53 416 331 478 468 -496 -56 -277 397 19 76 -406 -1184 -596 ]
[39 44 -715 -428 -863 183 506 -436 777 470 140 -785 -364 323 -19 -267 491 -501 -351 -309 -159 392 -476 -296 -91 -731 -269 180 25 -627 -455 388 562 180 -784 437 -1213 -1042 297 -196 -87 -293 -797 -270 161 -120 347 -273 124 -680 541 520 382 329 -903 214 -262 -784 -663 -644 -478 46 414 679 768 -292 66 572 -164 548 -576 -388 237 -488 -676 367 -1484 -634 -38 -904 87 -140 -153 -502 448 -552 -348 623 -796 -542 -87 87 639 -509 -107 -1 -1 -127 355 -1049 370 183 -59 -702 -617 -68 7 -322 -784 632 411 99 112 1000 800 ]
[-185 24 382 154 -387 268 -112 -244 -23 -406 667 -171 424 122 -168 431 165 -367 -944 1248 376 -917 451 291 -905 354 -216 315 -804 657 381 -774 -558 268 -96 39 -615 237 179 -49 -1954 -785 -48 -156 -231 202 1194 -240 89 741 -536 -1107 -226 -547 546 -331 443 525 -838 785 692 1135 469 760 185 -403 451 -298 -538 579 -124 -1158 245 975 771 671 -28 -348 -284 296 -383 -626 74 183 984 951 76 -692 -742 261 362 435 107 -98 132 420 742 620 329 531 -233 819 874 568 549 413 -479 -543 -367 -392 693 1091 280 90 785 ]
[-256 -1104 712 77 930 -362 -838 562 103 -12 476 -112 16 4 36 -953 -18 185 342 -33 552 240 -605 -467 179 -210 -504 160 645 375 294 869 673 -752 75 -18 631 -889 -270 680 194 532 -599 319 445 41 -507 -881 -452 -995 436 797 1314 -17 280 626 -232 -485 24 895 -177 -943 1123 216 -1020 -631 -408 847 -758 634 -185 9 1028 -872 213 -450 -455 -254 12 148 619 -589 541 -535 494 -218 137 548 549 -587 309 578 138 -209 -582 -90 -114 -230 408 630 23 -41 -293 -655 359 -397 -56 155 621 -1119 176 -1042 253 18 -1010 ]
[-616 400 -598 56 -185 461 -322 -222 -67 530 627 -177 -501 -457 -281 -894 268 1201 586 360 268 -558 -208 -896 -316 432 -143 -131 -874 -198 828 993 4 960 481 -509 108 -81 -670 606 -136 446 297 392 -739 -612 -390 -819 794 -368 -92 89 -277 301 -335 319 -440 403 384 576 -620 -115 -550 968 520 826 -329 422 314 123 -260 -73 -141 132 152 -909 -38 238 -213 -515 80 209 -893 307 267 233 -221 297 39 129 -1076 -323 -30 -539 625 299 -432 -392 -729 -1062 2 -871 -868 896 453 -360 -861 -539 -615 501 -3 -177 -199 -213 -50 ]
[166 1047 -1103 174 1074 50 -332 255 -22 -316 -910 -833 239 627 140 -219 -655 770 1488 417 590 929 164 -184 602 171 639 502 -186 -934 -44 118 92 499 -461 -163 -507 -222 466 40 714 467 -27 -378 426 345 -279 -52 67 -87 -658 243 -632 120 703 975 281 564 382 -697 -1489 0 38 360 302 617 1135 -721 -73 918 -195 283 -501 274 231 -631 71 -394 -388 94 -193 612 -955 480 1220 279 591 -128 896 -480 -493 -242 47 -1096 51 1171 210 -373 536 -405 221 -29 -105 737 540 -232 864 453 135 -341 -828 -931 -221 -851 1023 ]
]
