[[240 316 197 39 179 206 333 19 -295 82 443 -62 -218 -205 209 -271 482 521 212 -191 -241 -1072 522 -197 -607 -128 282 -226 62 43 -84 -61 463 501 320 436 958 -216 284 392 26 352 -735 -133 -62 -216 -26 -175 666 -212 -16 -339 -240 563 -478 -683 -694 63 15 -847 361 -139 295 -1227 132 834 581 159 -87 -675 244 -133 -155 161 256 -357 -393 -162 473 92 30 833 427 -331 524 437 -5 -836 -431 558 -373 -297 824 -701 291 429 254 21 661 316 -16 393 -60 227 -76 77 -203 360 -577 -175 -343 326 83 -256 -228 ]
[-459 -112 -607 -78 48 -808 645 257 235 479 134 276 -550 -351 -423 937 -12 69 82 759 -364 766 -217 122 -32 321 -866 447 -485 -502 64 -50 -422 121 149 189 625 319 -181 -152 -4 255 470 440 347 238 447 -508 -624 -334 -135 255 51 -398 -568 638 506 5 391 -6 234 240 575 226 703 -245 -992 -310 -25 506 443 35 -450 -389 -258 224 1017 366 -199 -241 -247 -1088 -192 59 -118 59 93 85 -898 -85 140 139 -731 -314 -484 -580 -296 59 -542 -276 490 84 459 15 -101 -337 177 -138 1003 -345 -291 1 -137 365 -534 ]
[447 102 -201 720 418 482 -248 -192 197 -253 503 -7 816 562 528 -1080 -119 -256 518 -990 16 -169 -438 544 73 -620 -43 -306 149 366 -196 575 306 -240 -365 -261 -885 522 118 733 -795 280 -206 -537 -239 321 326 1056 228 500 -141 604 10 96 589 -592 -290 48 -400 -91 -113 -510 -344 156 -240 -50 -1035 -140 -780 58 -133 -175 45 121 356 -579 149 -757 76 -38 84 243 491 -487 -363 255 70 -484 340 333 124 150 -373 501 717 583 442 787 -106 152 249 -361 265 -47 -265 106 192 -262 57 -256 -214 -537 -7 594 166 ]
[-665 -484 579 81 -127 399 -162 414 377 56 -657 -43 -349 998 -410 -421 -35 118 -809 401 11 -332 290 -361 -572 644 325 -316 -22 46 -214 -226 527 -878 -124 387 -207 -340 -257 304 -47 -1221 -593 -597 -191 -377 -388 -73 -85 403 110 -37 386 -28 -179 -56 404 -30 602 233 204 -91 -60 -735 -591 -199 1183 264 184 275 260 -333 739 491 324 247 -775 191 358 -378 -576 110 -711 -33 -257 -910 497 1103 371 -443 -14 -238 286 164 -31 185 -85 -501 -28 11 -834 214 -96 -552 162 316 -412 153 -56 -186 -295 -233 54 -22 477 ]
[79 640 62 5 -9 -623 625 776 -633 -66 -275 315 -775 -728 97 901 -96 531 69 756 -84 209 -571 -53 687 263 -541 214 -178 -471 -29 -296 -949 195 867 -285 -498 133 -642 -423 947 -198 508 331 -12 512 760 -735 -131 -121 1031 179 141 146 -140 660 396 139 232 -262 -353 735 -69 343 164 -189 76 -63 -109 158 -172 185 311 -260 -30 -256 588 245 364 277 415 -121 196 442 447 62 667 140 -773 -64 588 -387 -819 236 -471 -1069 -183 -53 -317 165 464 -386 -442 -114 134 -561 -393 -404 392 956 658 784 -394 -817 -300 ]
[228 326 -402 -423 -373 -257 -20 135 -59 -720 1129 255 750 -711 -674 -341 -334 180 -385 -385 266 304 -352 -233 -30 -844 609 -82 -563 -292 532 399 -624 127 -369 -292 477 204 626 -753 -56 37 485 88 -300 68 -75 568 -390 145 -780 75 54 -315 -22 -71 -37 305 -104 -31 -118 291 -452 565 472 -107 359 -633 -239 -678 254 665 -404 320 -358 355 786 -342 -83 143 190 176 453 -323 331 475 -495 -422 -237 149 -482 -248 13 -245 6 -288 -230 240 740 -782 404 619 -254 140 -616 610 538 168 547 -293 -416 -298 231 158 -85 ]
[-315 -230 538 -725 -353 439 -547 -567 -109 -337 -251 -278 -35 73 -46 -289 -362 -86 -517 388 551 -765 477 203 -435 24 -752 301 661 479 -316 -42 619 -450 114 532 -307 -1124 137 -128 -178 -615 -831 -290 -161 -1101 -248 -329 487 241 135 -684 -84 45 -403 12 -268 -343 674 815 -65 -26 876 -462 -932 -100 1158 300 1139 395 -292 -233 -249 550 243 -141 -1332 323 -339 -348 249 128 -354 119 261 -66 -28 473 -125 -159 -443 945 125 -507 -79 737 386 -813 -230 125 -422 176 -160 401 173 668 -720 550 -963 -396 -150 363 3 -120 -88 ]
[386 587 -51 785 287 -23 845 369 581 -375 402 319 405 248 -288 -181 481 682 362 -363 -511 -728 199 159 -543 -403 541 -991 -729 -564 -144 35 -198 457 738 421 -3 974 -152 667 -202 -575 434 -79 -269 544 105 36 239 117 -105 751 427 284 -653 -880 -19 696 -237 -726 -197 -73 -488 -1358 537 316 -338 -155 -505 -162 395 -26 230 -73 505 -201 347 -523 863 765 -23 726 921 -1148 -406 -500 742 151 184 435 -635 -1331 -122 -8 245 159 173 -11 795 20 919 648 -30 -477 -238 -181 346 199 786 -725 -644 -339 149 587 130 ]
[-3 420 148 485 514 294 373 273 202 229 148 633 -364 577 165 687 587 572 -245 -763 -599 -205 526 -240 -706 346 196 -721 124 336 -219 -533 -8 309 -304 386 790 707 -253 439 196 638 -460 162 -180 -208 -692 140 204 615 -309 470 323 -4 26 -433 -701 671 -385 -538 19 -169 492 -366 72 36 -1206 172 -612 -468 499 -386 369 144 254 -693 502 -875 1188 3 365 156 350 -148 -336 154 -19 -319 -6 -519 97 -380 -178 -107 -43 589 -114 475 145 47 -213 542 487 -343 183 -174 462 25 694 -616 -214 -309 131 633 682 ]
[123 -521 -368 142 531 -645 -270 -85 -339 -429 461 422 139 667 -275 -98 -484 306 -809 -838 -402 514 173 -359 -35 511 329 -376 -643 77 162 121 -58 -464 -777 225 249 253 131 -119 149 -417 337 288 -558 -265 -40 62 -570 -7 -328 20 156 -843 -507 313 -268 388 -312 -26 -193 34 -60 62 55 -849 -328 -402 208 -233 13 55 -70 -127 171 -368 327 376 495 -169 531 -570 -104 -317 106 184 -568 182 -304 -752 110 -408 -750 587 -87 38 -931 -59 253 -880 -528 300 -312 -701 507 79 344 550 834 -837 -35 -185 -198 1071 717 ]
[-271 -297 450 -199 132 410 -199 211 948 -129 177 909 519 568 -722 108 163 -273 -945 3 482 229 236 -232 -498 -209 624 -1389 708 481 -411 -259 -225 627 -566 -119 -282 770 -803 -317 -89 -759 512 98 -307 -793 -997 273 -606 546 -315 475 763 -106 -334 -225 249 159 -168 803 460 7 -521 533 145 -661 478 270 -95 -25 528 841 945 523 -336 446 -135 -370 280 37 -157 146 -126 -73 -699 -386 323 1249 678 -608 -213 -343 267 625 637 251 -580 -168 444 -297 -316 110 -154 -1159 826 444 509 8 1625 76 -485 -548 126 656 919 ]
[-363 -150 -170 -160 -1007 367 -90 53 394 5 127 -181 -85 -519 -411 -418 -213 -959 -731 935 439 433 -343 79 869 85 -30 -17 -240 85 -85 497 52 454 -24 -352 -301 -371 206 -843 -46 -391 420 27 -227 -226 -524 239 -702 16 -91 112 243 251 -581 743 1236 -476 125 306 -478 -82 -917 87 -50 319 819 -221 328 599 215 692 608 222 -847 694 316 222 -479 -342 -225 170 -66 -54 -538 731 -351 693 -163 53 -39 290 -398 248 472 -483 -530 180 228 -269 124 -304 -142 -48 222 -214 -664 -635 618 796 212 549 -35 55 22 ]
[70 111 416 462 -647 914 -232 724 228 140 101 154 99 205 -826 262 681 32 -554 563 -127 204 27 -221 132 538 195 184 333 110 714 -71 -420 -201 345 41 599 -87 744 -401 155 -47 -320 -401 -570 -238 -597 28 128 1159 -361 499 733 -605 826 -55 380 386 -464 29 -481 -352 -365 165 -449 284 -262 14 -184 -211 456 406 -343 364 76 183 335 -703 125 -781 190 -62 -295 5 -43 4 -144 365 -14 -1185 -112 -483 280 -973 -52 -536 -88 648 32 -572 -388 641 -117 59 -767 421 -118 -711 302 -500 -6 -377 484 420 468 ]
[377 227 162 -759 -189 358 -976 -239 95 -676 -1237 36 335 993 -250 197 197 708 -526 -99 -176 -297 876 -606 -582 483 1708 -612 -346 -404 181 -97 -49 -784 28 544 462 135 508 -117 574 272 -90 -557 -396 -92 -652 -616 471 533 -249 -613 641 -536 -63 -177 -348 339 345 -215 -14 113 -5 -390 -819 -102 857 292 276 -471 193 98 245 381 524 27 -52 -371 16 -47 -21 466 -504 -381 254 -722 -356 658 433 -1274 -856 -635 741 113 -1156 60 -371 -617 131 -629 -1011 835 -787 -747 -468 778 91 843 -131 -1228 -494 -1019 452 -287 1175 ]
[-111 300 269 -108 759 -155 773 1346 318 338 -249 1440 -815 636 245 815 718 135 516 956 48 -369 103 -177 -480 315 382 -647 775 -121 -379 -268 162 730 649 719 450 -57 -975 459 -289 522 353 -484 42 -327 708 -1163 449 10 213 313 -85 159 -902 -183 83 415 -322 -671 1023 5 536 -1103 -68 543 -138 280 -332 155 916 87 -206 191 379 -443 19 242 371 -517 -283 -259 -62 503 301 -619 1104 209 -819 -487 -855 -876 1099 -442 -112 -66 20 643 6 615 238 -283 194 -871 233 -507 -568 -285 666 -372 -898 -710 -77 97 28 ]
[405 -835 -300 240 745 377 192 -261 -489 293 677 520 545 -925 100 -81 549 611 1032 -105 129 -400 -318 360 285 136 -466 142 408 191 162 -29 -529 535 -3 -406 255 804 63 848 -381 201 -336 79 -280 -27 993 376 -9 152 123 967 131 229 209 -727 -462 28 -676 -632 396 279 542 249 765 -521 -967 185 -110 -505 26 624 -417 264 706 -287 -66 391 236 -600 697 -63 207 -189 354 765 119 -740 -950 -43 654 109 262 -221 626 119 338 459 -834 414 267 -106 121 528 380 337 -275 -804 -131 -178 -195 544 -69 -129 119 ]
[-407 510 245 -363 177 -480 322 203 401 119 847 660 366 1078 -606 -109 -162 449 -305 -106 197 462 -232 189 -636 -135 -789 -103 430 333 -724 402 12 -1057 -565 -682 119 189 168 -73 -354 360 -193 -223 371 463 166 426 -655 551 -752 -188 494 -317 319 10 242 127 601 500 582 155 635 1129 -207 8 -299 -71 -808 -209 552 -36 -273 -143 -327 -782 656 -960 129 231 -362 -563 -796 -152 60 192 536 -632 -718 405 293 144 -597 -606 -687 -73 92 529 147 -165 -136 42 215 -219 -830 260 529 -79 575 -467 -703 -893 -562 149 -505 ]
[326 125 431 733 -444 749 818 111 508 340 571 -312 19 176 -158 54 -27 -410 -359 -309 -323 -137 -366 522 -634 -35 -101 -872 -129 730 95 386 539 -546 135 457 253 201 1067 61 -624 -380 -593 476 261 -214 -997 702 -89 343 -801 293 392 -19 134 10 338 -10 -88 441 119 -219 154 -322 249 393 -615 359 -203 102 170 -215 -47 -161 -488 0 527 -1339 -74 325 -52 245 191 -626 -858 380 -316 5 432 464 530 214 -77 -153 -244 587 69 469 290 -759 588 343 266 -42 -1066 -409 167 -171 848 -621 139 -258 -107 949 -328 ]
[-591 380 264 -14 43 -269 -519 210 -423 -477 -293 -705 -237 950 132 -197 -195 41 -813 -150 -798 181 836 -685 -92 479 819 -835 -1201 -375 -133 -671 197 -151 -558 -142 431 -678 178 -342 429 581 17 -185 -155 414 -1073 37 -60 153 153 -1005 429 -4 -313 -265 29 716 151 -10 -752 -220 -824 -732 -325 892 1026 18 -334 -320 85 148 267 142 -487 293 -420 -366 675 275 293 1116 -24 -72 196 -65 -320 130 399 -420 -498 -900 -695 -476 -375 14 -1015 -364 941 462 -895 645 8 -267 -60 -294 360 21 -357 -83 299 489 202 -552 1116 ]
[152 -134 137 -147 -265 362 -603 113 659 65 227 900 729 585 -151 -322 899 128 -322 130 177 -63 909 -31 53 -183 626 -184 451 456 260 -71 -417 1178 -274 665 133 -439 -944 5 8 -401 692 -746 -278 -754 50 -164 445 734 -289 -418 -28 -265 445 -911 90 177 -591 499 -56 -182 -538 -47 -313 -202 1222 309 214 -177 477 358 352 231 324 752 -690 3 -130 -406 -354 86 -347 156 -149 -758 -276 845 341 30 -1172 -615 625 17 728 133 -377 195 359 -600 -321 -383 51 -131 133 719 63 304 417 -47 -496 -753 151 295 67 ]
[-508 -73 123 -1238 -267 860 -311 -797 638 31 -107 -642 315 -779 -90 -348 -499 -271 265 380 386 -975 245 570 -596 -444 248 -1009 -857 273 -638 664 779 235 249 155 110 -158 433 -98 -310 542 -383 -248 113 101 -757 222 -475 -48 -30 -17 746 861 -1399 -34 -103 -494 706 -238 -110 -20 -41 -389 196 322 150 -546 609 112 408 190 -290 818 185 675 -2 -520 -238 24 -209 513 834 -297 -480 435 -123 709 -203 182 -508 529 40 -511 441 885 542 -911 -54 441 183 806 325 349 279 844 -155 -291 -593 -701 -528 552 546 -308 195 ]
[201 766 -743 24 -691 186 -779 -399 460 -1199 367 178 729 348 -415 -578 163 -271 -376 -548 355 -485 125 720 208 -945 -356 131 -278 -34 -50 133 -221 215 -168 -186 -792 537 520 26 -407 853 -143 16 -890 410 -170 832 596 743 93 -439 -67 141 403 -341 159 149 340 -263 -572 -850 -627 -198 -1145 142 -6 -516 -820 338 225 156 648 509 -786 84 67 -1019 -79 115 258 1324 -300 -1053 -431 743 -18 -622 -89 -71 -1049 52 -375 -453 -19 323 166 490 555 19 547 24 249 568 -678 159 382 -170 404 -13 -243 -85 571 -162 708 ]
[238 -777 -45 -129 -226 -221 262 593 -64 545 -455 665 277 385 -325 768 186 523 -181 -216 -153 553 -554 151 -240 431 292 -193 -63 629 365 162 26 97 498 156 372 427 269 -49 244 -28 218 955 202 912 964 252 -662 -231 45 -123 349 241 844 647 519 6 -40 -237 755 310 -59 1153 408 -627 -715 370 -996 -163 301 63 772 155 -460 76 383 -319 -440 -250 -640 -232 -1142 612 -232 -442 629 -68 -497 124 998 59 89 536 -242 -857 -181 519 -541 -656 -169 -638 294 -214 -475 -492 303 -469 539 580 18 -297 -581 -599 -164 ]
[85 -152 839 489 326 18 -538 -80 796 -246 148 -557 324 550 -899 -368 -258 -1027 -925 -158 67 424 -16 -813 233 106 490 -1128 6 150 -182 -49 -402 216 -477 134 -360 1047 -199 -775 269 -619 65 191 -27 -946 -1234 481 -251 408 -363 113 881 -627 -1 234 257 381 -347 1080 -859 -976 -884 613 -304 245 422 -217 -37 99 288 944 -212 113 -623 829 -32 -209 249 748 -195 -82 -43 -217 -82 19 -342 1521 1477 -658 40 -545 150 -200 1285 -266 -1107 -182 966 -137 -140 161 -368 -593 320 288 777 -60 1686 -703 306 -191 608 1158 1025 ]
[-356 -716 273 148 346 -696 -431 -435 210 41 -244 -827 97 1112 -180 -236 -145 202 -879 -305 -670 -382 637 336 -392 431 -573 -258 -1592 789 -543 -495 -24 -453 -613 526 -233 -336 -225 11 27 -586 -305 43 408 -393 -576 210 -732 -169 -862 -1147 153 -237 68 106 -305 89 579 382 -988 -369 -188 14 -706 -224 807 -372 475 329 -131 -280 -182 312 75 623 -468 276 53 423 -207 -389 -436 -130 279 -926 -78 800 450 -5 235 229 -951 -245 282 552 -477 -1303 219 -648 21 308 566 381 142 440 224 315 143 -964 109 774 -480 309 286 ]
[-757 232 -117 284 199 -504 418 933 550 565 801 -533 -584 647 -460 -912 -249 531 -695 -68 -667 391 402 -292 -1008 -537 -737 208 267 -74 -30 -543 -373 -757 -1128 -492 928 232 -500 210 231 -31 -728 -545 594 -137 -829 1196 -435 271 -1072 76 -91 -245 373 -817 -203 12 558 100 241 -156 -63 -51 555 -32 543 89 -784 -279 198 -451 224 771 -5 859 611 -146 113 -234 -536 96 -326 -707 642 -331 414 -494 257 605 183 416 -584 -620 287 491 212 -231 90 -203 -704 350 233 122 -219 715 978 260 405 431 -836 248 91 -284 230 ]
[-303 -144 -357 687 8 -358 526 -1460 219 606 466 190 74 -120 -520 -338 321 121 605 -838 -827 -86 969 212 -63 139 -642 567 -1260 115 -429 71 379 604 -817 -132 -173 326 248 996 -98 -26 -100 232 327 546 -73 108 -620 -1022 9 313 -49 464 -719 -316 -695 104 167 -447 -112 -266 191 -544 574 15 -1556 -344 107 107 35 -811 524 -829 407 -493 -218 -350 1440 181 -264 -457 714 35 -949 229 -333 -297 -286 907 654 -541 -1040 150 713 -192 -253 200 206 117 158 165 344 450 1108 -103 100 281 -221 -376 -52 575 -153 838 -255 ]
[-553 -312 56 -337 316 210 412 -258 504 171 854 127 99 280 -585 73 417 622 13 -183 173 -1103 196 375 -460 -574 -130 -449 15 -473 -409 278 22 -309 -59 -491 628 -43 282 260 -212 -154 133 -138 688 -216 -225 738 -718 35 -916 556 471 -47 -750 -542 -459 -561 65 -220 119 382 320 73 605 -335 522 -256 613 -219 -346 -410 -923 163 289 432 79 509 -272 380 266 206 403 -1330 -202 -969 622 -538 -114 229 -259 16 -136 -849 -242 1042 581 -1328 297 -373 110 967 191 -40 544 700 851 30 -633 -870 -702 247 -219 -101 -309 ]
[514 -742 -243 -360 -382 627 305 60 -154 161 -100 518 125 -674 -73 199 298 845 -331 -308 -16 263 466 -215 -327 469 1070 -187 -344 278 475 252 435 119 -4 1101 855 -894 557 -128 -194 -293 162 -147 -1108 -443 227 -736 417 208 -55 -248 399 -2 -45 -182 389 691 -694 -761 -77 372 225 -367 451 -238 -1062 -529 1259 -506 100 -290 43 -17 920 -231 -235 -117 320 -1041 31 -701 271 916 -669 451 -1125 235 -213 -932 -837 -418 493 307 -456 -94 -8 676 -308 -944 -351 459 540 245 5 312 -591 580 -308 -172 -336 -652 362 1028 328 ]
[584 1010 -45 -171 -107 -365 -372 -72 14 -498 364 -371 934 161 13 -350 359 116 358 -476 16 -56 -168 -109 270 -217 874 358 174 -538 -55 211 -430 684 1042 -593 573 -435 283 -478 683 20 640 -127 -22 491 -173 -569 225 -475 -400 -354 -439 0 245 -478 -1191 192 -624 -374 -713 233 -1095 -159 -120 498 697 160 -433 -421 -172 325 -1092 -91 -9 -617 -493 228 -297 155 345 410 234 268 771 -1023 466 -247 -197 287 -397 -777 614 -264 -292 -883 369 -750 1332 -227 127 166 -851 16 -58 317 2 -171 -1240 -87 -267 -587 -333 -259 -460 ]
[-669 262 -518 -431 835 -278 483 -152 904 678 -390 -31 -505 -92 495 -205 150 145 146 92 229 700 -365 -569 439 519 -560 494 172 -937 -1201 258 63 46 -687 -941 304 1603 -1174 887 500 571 -176 -491 48 41 -609 106 -22 326 -543 632 -162 511 54 213 -233 -198 512 -266 -259 256 69 173 515 76 -805 34 -665 -134 832 312 399 -142 -282 -580 1109 356 339 127 -213 -417 -183 -165 54 434 -207 -604 38 -184 605 305 -182 846 -205 -380 -183 61 -477 658 -91 -73 839 -683 710 172 106 -307 1135 204 -511 -875 -505 347 456 ]
[499 -419 -613 -84 45 -652 203 -614 144 485 1096 202 173 -736 -1106 -123 -654 -1148 -140 59 780 786 -392 313 181 -1 -736 825 1075 771 833 275 -267 -31 -97 -509 216 -5 822 -650 -175 -628 548 708 -81 -126 -252 -472 -729 -1203 -147 -14 -782 -462 -493 170 275 -581 -628 181 486 -71 -231 104 176 -420 222 31 1174 -18 287 244 -482 -225 -496 403 365 901 -422 -151 689 -673 -856 -553 311 1010 -145 77 -339 587 -116 126 1270 -645 118 665 1 -125 298 -291 474 -60 -930 285 748 -326 -776 -427 -345 733 507 741 52 291 -92 ]
[-404 1108 166 -496 -159 149 -188 -13 44 -47 591 1099 70 -676 -387 257 75 -549 -908 -345 1038 -214 -3 -297 683 -678 -439 803 289 979 -268 -75 -846 1158 -721 86 -363 -219 -585 -687 615 228 39 -632 606 -1333 -330 -150 563 139 -266 40 -524 498 613 468 -824 -32 -20 342 -804 -94 -14 654 -744 265 1919 301 312 -258 123 111 170 558 -929 670 -82 -672 414 104 506 263 456 953 86 157 -275 -117 -334 45 62 166 433 -251 739 20 -707 452 687 -293 447 -113 -30 475 622 399 -629 -343 256 123 737 709 1 -488 -74 ]
[-471 146 -278 -93 -291 282 1181 128 -152 668 -200 39 -979 -772 82 622 105 474 283 -494 4 -580 -351 -171 298 244 -195 914 -282 71 -34 287 555 194 -405 -292 1649 -113 1027 -87 129 891 -424 368 531 439 174 -108 -250 -1070 -1126 194 -488 792 156 860 119 -416 -359 -1899 -301 -203 458 -10 326 675 -379 -862 433 -439 -188 -623 -147 19 -903 94 978 242 -32 155 105 332 -196 -110 -214 954 -128 -1917 19 6 49 9 925 -133 -304 586 130 372 198 17 762 698 1384 793 97 -644 -227 -363 -1026 641 141 1070 -307 -680 -51 ]
[-49 100 46 604 -167 271 -661 -23 134 70 -271 -788 -362 431 -57 157 384 -566 -165 957 -39 -410 -181 256 667 -284 431 29 -760 -484 -74 -484 -723 -173 261 -761 -547 -171 -378 -778 609 559 -90 -7 -343 739 172 568 -630 440 813 -637 166 64 1079 405 570 -15 197 -316 -507 -105 -1178 1061 -869 516 429 -728 -697 30 -398 157 588 -335 2 395 -435 -84 99 295 -608 -25 483 676 347 -623 490 180 611 -196 496 -233 -193 -6 489 -623 604 -258 134 298 93 -291 142 399 -217 -335 111 -898 139 1242 598 132 262 -963 -215 ]
[-520 236 -782 353 619 -316 501 83 -79 -189 451 346 -795 363 806 -125 657 609 109 -144 -457 -330 190 -11 -42 722 -489 429 110 -108 -880 -121 -67 -105 -978 -384 367 -373 -941 194 -416 -370 -617 -426 118 -363 -223 -319 -163 -135 -358 -63 -528 -124 -122 -325 -634 -292 680 -869 -104 234 747 -277 -500 -125 -308 -723 -415 152 124 -615 434 363 304 -1402 205 383 877 -636 -252 -569 -103 1042 505 542 -146 -312 -774 99 602 60 -71 505 -5 -158 3 436 -80 251 343 -678 582 193 423 -111 -505 263 -8 342 -1074 -247 -904 772 -333 ]
[280 -108 -56 -662 -709 489 -775 -956 222 398 -511 905 613 -618 -714 639 844 51 -250 -432 26 195 479 -431 -413 -33 1157 362 -492 468 813 -225 -527 165 -298 399 869 396 696 -231 573 620 172 67 233 215 -166 228 -234 -273 66 -509 -109 -402 1319 622 -571 -173 204 -162 1033 234 575 989 413 -162 718 888 289 -778 -286 -52 650 -301 -399 1092 -44 -552 -182 -197 -298 129 65 147 -369 -310 -786 -229 201 -44 329 -101 1139 476 -357 279 -563 -363 -593 -1167 -937 1005 -155 -177 -48 594 149 225 -134 -256 631 -245 -28 -1066 -205 ]
[205 -1288 -544 357 218 -315 754 609 -742 631 33 596 -332 -482 -393 1206 629 86 872 541 83 -266 0 152 551 312 -80 1238 -397 647 1165 241 409 579 393 -424 -73 21 308 399 343 -408 -69 808 267 125 1117 -280 41 -707 287 743 -533 243 789 922 -223 -186 -287 -687 544 434 -30 71 109 -372 -475 217 234 -198 -451 57 50 -399 269 252 22 641 -241 -667 -153 -625 119 1212 234 -773 146 -1143 -734 -927 1301 199 481 71 105 -1144 627 1135 -947 -613 728 34 128 59 -11 -945 -172 -487 -278 671 671 414 -143 -87 -178 ]
[-91 431 -598 -398 -154 -259 -127 -739 -22 -537 -339 -570 325 -1258 -690 103 -174 255 748 1244 -217 -184 137 536 10 -382 172 508 -7 -1430 -286 483 -515 -141 372 -319 -141 298 -7 -299 -13 -61 128 47 -392 670 211 -1189 -82 -422 670 62 454 -286 -1321 -419 53 -587 942 351 363 612 -81 264 406 -37 -484 -1015 606 148 24 699 -338 -706 16 -64 -434 117 -511 337 185 -556 500 -485 97 376 188 -144 -549 153 -389 -413 278 -493 -633 -1233 84 -738 465 614 240 -70 -512 154 -11 646 -98 582 89 71 -623 -114 514 -267 -457 ]
[-114 -453 -897 -98 128 -488 -844 -270 -361 311 -58 -919 48 -857 324 -208 -49 181 -125 -682 89 1112 -449 -14 323 -50 -975 806 281 -655 302 -672 -797 -475 399 -211 -117 80 -503 230 9 90 269 108 13 -239 699 150 183 -230 780 -245 -245 -662 902 -335 -364 182 69 -132 -173 140 537 602 786 -770 -877 468 -312 122 -419 -502 -259 236 183 368 249 372 -306 -565 162 -2 -493 -96 56 158 -54 266 398 342 403 743 -704 -30 -28 -85 94 -671 -1056 -131 -562 35 -208 157 648 369 355 -201 -805 139 495 -21 105 -306 149 ]
[-184 300 105 -325 -547 24 208 -580 235 167 -42 -617 102 -361 -977 598 240 -520 -401 732 8 157 -281 -52 719 -176 -42 288 -201 -651 -403 -80 -944 -649 658 -858 -105 50 811 -1004 540 221 219 690 310 894 -886 229 -255 274 268 -246 731 359 692 688 471 151 215 583 -880 -265 -455 697 -70 546 -719 -198 -95 730 -528 274 -520 -673 -884 -43 -592 159 -275 670 -32 -415 -145 864 -199 -290 -110 244 -26 -372 564 -236 53 -1327 -411 -1751 15 0 319 252 263 -79 -39 1070 -438 -512 254 -103 -151 382 233 -224 542 -182 -275 ]
[107 -121 107 882 -380 169 207 89 -62 1055 7 -1497 -723 -368 79 -808 -107 -836 667 544 -659 -74 96 1036 406 -561 -918 -269 -353 249 110 -131 -63 -270 381 -517 -561 -347 470 158 -340 65 -131 407 455 812 -743 611 -244 -270 313 155 322 138 369 268 323 -291 99 -227 -593 -922 -809 -227 468 520 -1455 -73 -409 198 -850 -34 -50 -94 -293 983 -64 -402 -278 285 -172 220 432 660 319 460 15 507 1304 21 739 -68 -52 -483 793 -811 472 176 -308 370 396 -422 -88 39 78 -230 291 -637 355 744 487 791 413 328 390 ]
[-340 -427 122 -351 -451 -208 -182 249 -316 631 -34 -825 -355 89 85 189 -552 -233 -387 1634 -216 392 523 -205 -203 757 -801 -81 -56 -168 107 585 461 -995 551 -406 331 -1073 1019 -444 -38 -169 -98 -328 70 166 -149 -512 -597 133 823 -559 439 -539 -1064 338 1066 -437 681 497 433 119 366 -707 -58 647 354 455 372 634 334 656 -307 -36 344 -524 515 370 -375 -500 442 -336 -136 161 706 359 -548 154 -545 -246 186 357 -800 -1117 -235 -121 71 231 -826 -265 -439 632 -731 -425 -766 -689 -878 401 -729 191 -21 772 -19 383 -182 ]
[-201 -104 358 903 -407 417 -524 -397 553 -88 -420 -509 298 786 231 -368 -187 -870 1274 -600 -311 -263 34 -6 480 -329 566 504 -170 -466 577 355 303 887 -545 -257 -46 223 -545 626 -7 532 -110 205 626 808 626 1640 333 249 51 140 -436 143 204 -378 -137 -303 -428 617 -565 -630 -559 571 -537 -260 -731 -146 -805 414 274 -314 370 -146 -431 809 -840 92 -98 342 -82 188 -200 1020 -669 -1489 159 -257 1221 469 -376 -127 -88 347 925 -199 414 531 -413 870 347 -698 1260 470 -658 -556 414 -674 -433 141 91 -223 842 -198 29 ]
[588 -334 283 -182 -1236 871 -301 -188 427 538 -732 472 152 -280 215 264 811 61 174 273 -671 -725 -150 505 136 487 608 40 130 607 539 397 -228 1001 763 741 615 417 1164 -4 248 388 -768 207 -361 -128 -462 -114 -55 -101 -342 -5 208 67 82 326 -67 -956 -525 -492 466 -161 -170 -564 -75 -454 237 -122 109 568 121 353 44 151 -3 547 42 483 -878 -923 -565 628 -811 -1213 -143 409 -585 269 -482 73 221 555 720 187 385 339 -156 -368 -365 -847 -533 -528 -213 56 -276 723 198 516 -66 -167 -485 319 32 -158 -262 ]
[-275 69 -47 804 909 17 827 534 390 911 -386 272 -197 -443 251 36 975 599 530 1002 -450 -517 380 332 -413 45 -90 -815 311 183 -1079 622 885 946 1287 564 -115 54 -140 887 -797 48 46 -116 69 258 684 -626 442 233 1347 1378 954 959 -995 -223 131 46 16 -723 489 -536 50 -1181 983 720 -1013 1 -54 410 163 89 227 -756 550 -385 -107 493 495 326 -213 -79 1435 -524 -804 -13 578 -382 -984 393 82 -227 -342 -409 894 106 314 586 -143 974 -152 22 286 -677 491 -795 -290 399 188 -5 -304 909 174 985 -414 ]
[-28 -409 483 215 -238 132 418 105 155 477 -143 146 -1008 -51 595 -431 -427 153 -35 -553 -18 18 69 -934 854 47 401 484 -348 -1166 -242 -227 -649 361 -1229 10 79 77 -100 319 1292 348 -524 -1120 249 -1086 567 420 331 -653 -724 -296 -578 391 507 -187 -285 195 -661 -627 -1031 678 -214 -388 -147 258 624 -360 280 -268 52 -342 908 527 495 -141 163 799 1200 -477 39 381 191 148 849 -112 -56 -492 890 99 424 -313 -673 874 637 25 -448 264 257 -229 126 -401 106 143 1335 46 -379 72 -438 531 -120 527 -159 -300 1096 ]
[65 559 -30 469 -304 282 142 -464 -234 150 673 -636 -381 -1259 325 -74 -198 -228 592 15 -300 -371 30 603 -432 -984 -279 704 805 241 -162 -412 -631 96 34 -196 40 33 371 -295 231 624 -1320 376 122 -83 -1164 323 422 -28 454 316 -1005 294 508 -321 -1282 -771 444 583 321 98 566 -206 175 181 -1175 107 -938 -52 -408 -489 -12 430 173 -1436 -493 -385 668 -52 -42 -75 916 401 708 431 -205 -761 -388 1063 1319 1036 253 -414 635 57 916 -74 447 590 275 -361 -397 1129 -105 -148 210 423 -728 668 18 901 344 179 -771 ]
[396 -4 -454 -377 106 -680 167 -140 -317 -789 -921 -506 529 451 -406 6 -668 213 -1 468 332 298 285 39 -247 1165 -665 -359 417 -172 -239 69 56 -479 349 -98 -709 272 275 -351 55 -963 240 535 587 -74 23 -599 -387 -253 407 410 775 -254 -1455 14 385 -205 711 576 -190 453 801 -405 -397 -130 81 1263 879 933 -519 643 575 159 289 34 198 75 -699 -81 1045 -90 -511 -339 -248 118 260 821 -363 -202 6 628 -993 70 -1117 -279 -326 -698 -1000 -15 -247 -120 -1411 -190 -227 -490 -1055 77 88 -90 -280 705 -146 -139 797 ]
[36 503 687 -181 -122 369 -314 470 -57 -41 98 473 -192 75 -358 1380 -455 -1097 -475 620 41 409 -280 69 -188 -883 593 -585 612 -419 566 -516 -630 459 160 -224 138 -29 349 -730 -147 1108 960 -24 351 168 -603 -397 -212 -423 -221 475 295 187 -497 728 63 9 -829 377 504 137 -616 718 291 26 -10 45 58 407 -204 702 -524 -413 -880 960 296 -22 -704 469 749 -11 713 335 -287 -450 645 897 23 -1544 -648 -483 362 78 -285 -182 -591 327 127 -94 92 162 -327 -959 154 -87 491 -17 1423 -320 80 2 902 -436 638 ]
[127 536 552 -253 31 -75 84 -37 423 -456 507 265 860 160 -952 -555 -200 387 -478 -832 828 7 121 -331 -514 -433 663 -119 501 247 -712 -179 -595 -1186 -716 -662 -3 491 599 -607 635 13 -886 -66 -161 53 -645 323 175 599 60 -300 545 -178 1420 -258 -420 736 -419 -181 251 206 -23 203 -343 52 642 -199 418 -741 -341 -16 133 -650 339 184 -423 -115 759 355 -357 -247 -31 -54 349 278 46 -848 459 170 228 91 530 -670 -386 -119 683 442 758 -119 -812 493 -992 497 -489 476 547 622 -550 -9 223 -285 990 -477 287 ]
[-491 -1022 912 -504 78 -444 756 1086 552 1246 441 235 -287 167 27 0 41 240 1018 1014 115 704 -174 240 217 1073 -606 -453 160 299 101 -235 87 -206 -166 -388 117 -1015 -382 496 -253 -505 228 -306 549 615 392 -503 -522 120 315 -384 399 -514 1072 -171 1294 -162 -155 569 923 586 633 129 749 -100 -454 340 76 68 54 328 -537 -712 395 788 -310 375 71 -501 -1007 -583 -1349 773 200 -206 100 879 154 743 748 -648 -86 -566 -91 -799 313 502 -840 269 51 -455 390 -238 -840 63 593 -556 241 496 28 -207 -227 -197 -262 ]
[-557 -270 -952 185 545 1 72 -251 688 342 -589 -695 -440 -122 173 555 549 -273 -357 938 -653 464 546 -275 726 262 -916 678 30 -1086 396 -565 -26 740 1002 266 108 -270 -604 719 343 -434 929 287 -31 -387 60 -481 392 -15 808 707 -88 78 66 -520 326 159 334 606 -707 79 -185 -797 804 245 -797 1172 -590 766 154 -152 -16 170 298 472 226 1010 -461 -178 -265 572 154 -272 306 -929 653 1113 -41 469 -169 -168 -668 -100 595 -594 -287 -495 -1062 365 -32 -533 24 82 636 -508 10 -343 591 -37 -301 122 -560 -573 59 ]
[-42 400 557 -512 -1030 336 -448 238 -262 -760 -381 -162 273 -1573 307 -878 221 794 822 14 115 -76 -197 338 43 -1140 50 905 301 187 -492 848 -222 139 698 -498 -941 -251 -79 -512 13 -426 -263 -378 -581 1073 -73 -46 388 343 968 38 46 351 956 414 -959 -452 1224 349 -6 420 -288 730 -72 -397 -547 -518 -376 -191 -337 131 622 966 518 -747 -252 -25 41 -283 -97 40 593 895 513 77 229 -232 207 311 323 303 -28 390 651 -1118 779 509 -3 370 -112 -138 -97 -65 63 1395 203 320 -921 1271 -172 257 241 -297 -276 ]
[260 590 889 261 -458 644 424 129 135 303 470 -489 332 170 -477 -499 192 313 -143 -796 -292 -241 157 -330 -936 -1016 163 -348 11 422 -13 432 21 847 586 122 -245 459 -120 -69 516 -797 -327 -650 -10 468 -706 498 418 179 89 342 139 667 294 -394 -638 -304 423 669 -362 -449 -1099 -156 479 419 491 481 -518 -494 -9 -165 524 596 278 -160 -193 -1535 546 321 -388 590 456 256 -464 -478 13 665 750 343 -99 -215 -53 143 793 -186 -92 -184 988 -453 546 203 172 -151 153 798 688 155 -140 1030 -23 136 246 381 -57 ]
[-233 214 -40 -254 301 -712 248 885 167 -13 -112 657 -992 27 -801 526 710 -438 379 179 172 203 -150 -588 -416 520 205 -121 721 -534 407 228 596 180 860 622 450 241 -214 368 323 -386 117 300 655 464 105 -610 91 -438 593 111 -600 -623 -385 326 -509 -477 -102 -145 804 -402 350 -769 316 738 -66 470 -635 -124 105 -241 -304 -551 -880 353 52 510 -307 -21 11 -4 -673 -226 688 -360 815 -113 -73 -569 19 -659 1519 -735 -781 -1268 -642 -26 831 -136 -472 -507 -873 -811 660 -46 556 -200 -14 -116 -77 -544 93 -209 133 ]
[49 -467 800 -183 -838 -263 355 -651 660 704 218 -121 -48 -831 -60 -1129 590 718 212 -88 824 -308 322 436 571 335 -1568 412 349 296 -1028 -148 2 472 223 -255 -120 182 -243 368 138 -458 -103 900 -149 15 -253 -103 84 271 25 -632 135 578 -247 -162 779 -118 -411 -101 -537 -171 259 -705 73 -491 47 -46 984 217 -233 162 577 -567 -137 396 -811 733 543 538 -250 215 -1155 -484 -357 539 -489 6 979 1225 -106 -52 -67 34 295 420 397 -633 201 182 -99 -206 312 465 220 496 535 236 199 506 127 666 -7 588 -48 ]
[-47 -149 156 -331 -956 578 142 -210 225 -323 -697 -227 -211 371 114 -222 -583 -541 -52 238 144 787 -55 130 510 -97 1779 -176 -98 -1136 167 453 13 -1172 -1398 -1237 -379 -1008 1667 -890 -408 506 498 -63 519 478 -911 1084 -933 -254 -588 -187 168 -125 252 804 713 -277 -782 -336 -289 451 -108 485 178 579 -393 -526 312 -126 -949 -674 561 -165 -335 -67 376 567 68 255 -262 559 321 -162 -209 505 -715 -173 1009 39 -128 -211 156 891 -938 217 -748 696 -300 -386 -820 38 -716 -204 18 -782 152 162 -959 476 -286 273 113 -263 854 ]
[343 1364 842 423 -557 778 126 -385 183 635 -429 925 -391 627 173 575 507 465 263 210 -318 -851 1250 625 -628 402 -1765 228 1158 254 131 -315 -396 -623 680 875 31 -19 -92 436 504 -330 -403 -100 619 -1 -476 -597 671 494 533 386 175 -511 -271 -681 373 -105 309 776 648 379 1456 -613 -660 -27 205 1467 205 -158 -492 -746 573 -818 187 -114 -200 -1308 59 690 839 -75 -66 -478 31 -360 363 -25 342 364 464 -204 -287 136 -872 462 681 -387 -318 -255 -490 -238 -876 -357 -661 66 -378 584 396 -485 -82 -86 -274 -170 -855 ]
[292 10 442 34 -945 320 -453 -122 -250 -706 501 -289 874 -1129 -62 -849 -190 633 189 92 571 361 -58 -241 -136 114 68 111 893 -3 -338 178 140 -503 157 -835 -187 250 1127 -473 -124 -1046 -509 88 -697 -38 -19 -105 286 272 97 585 592 -213 37 -436 268 -243 528 419 569 202 -220 581 224 -352 849 303 -190 -42 108 1043 83 260 381 -749 -217 -726 -227 -336 -207 402 -141 163 -369 517 -119 -8 -153 -114 488 260 -22 88 -489 -35 460 -176 63 65 -635 438 -812 125 -745 329 233 209 -376 332 -216 327 -62 160 -797 ]
[132 239 581 -34 134 261 160 -489 95 1 -109 -135 477 845 -788 -304 210 798 -7 -408 41 -658 528 -27 -700 -617 162 552 -571 -1 -855 455 261 -1322 -416 7 196 260 783 468 -423 576 -868 -333 328 -154 -427 36 214 -186 -988 -331 316 235 -174 58 -60 -39 462 -49 58 -163 903 -228 -197 646 -500 -297 -173 -1154 88 -294 -208 -182 -71 -936 -129 -447 434 882 -381 -193 289 135 803 162 -406 -1342 198 -49 226 328 630 116 -245 -790 -70 519 134 -247 182 570 296 -343 -934 395 114 1372 376 -1767 -787 -719 -100 844 75 ]
[-106 -876 -208 -677 425 23 977 -490 991 14 340 740 -67 276 -1018 -840 184 564 414 -245 815 -283 -965 171 -87 226 66 499 -723 36 -669 195 -137 -1068 -821 219 -402 1050 -454 667 -392 -408 -298 -643 -7 143 830 725 -601 -38 -685 -167 -476 353 535 135 579 -623 755 131 676 50 335 640 149 -616 139 -257 43 -11 355 -89 137 -95 267 272 -603 66 -203 -142 -559 -828 -793 -394 -870 -723 189 -230 -427 373 121 -51 387 455 -492 138 158 -492 -288 -317 354 -309 1609 676 -337 538 -66 -286 599 22 -597 -877 -183 -124 -658 ]
[-24 -407 -214 509 -677 175 352 -235 5 157 1241 475 -92 -88 -164 -77 123 -207 -1199 -1363 -674 799 135 -254 -1151 -321 89 114 446 -498 1022 -293 306 639 -427 150 1122 446 948 189 -640 -181 -631 730 75 157 -973 1430 152 -55 -1141 653 -201 167 -695 -571 -646 266 -143 -296 741 146 120 -514 1054 -313 -704 491 -1215 -575 727 -940 581 982 -240 -342 434 -645 884 -430 -178 408 274 119 -206 571 -163 67 -518 583 627 333 -183 -87 -108 241 -220 768 388 -198 -168 303 -369 130 -320 19 766 -148 887 -457 -821 87 398 554 45 ]
[-144 -321 -231 -319 10 -629 153 -501 184 363 794 90 7 75 -1214 -355 393 146 700 116 175 256 488 -505 -357 -157 828 446 -676 -240 266 -408 -745 510 -936 -16 899 806 -934 61 327 413 -102 26 258 509 473 -156 -240 -502 -437 -261 -217 447 -405 -645 315 198 629 -187 907 227 301 -314 562 -114 305 394 -244 -581 800 54 665 -281 -77 107 -223 781 874 -106 -997 -530 -1069 -277 -391 24 66 -251 -925 579 -337 -350 586 -280 -86 -1040 -55 499 425 480 312 -250 288 373 591 -98 -138 -296 214 470 -310 -706 501 -285 -128 ]
[-344 -149 311 -742 -764 617 774 702 72 -162 -821 34 -896 -245 94 445 16 -458 -765 922 196 -314 -128 59 573 307 -68 225 830 -389 -564 587 1172 -938 565 -902 -635 -875 406 126 381 -35 71 -94 340 -339 -274 -396 273 -82 386 45 7 386 -558 535 -33 -956 889 117 269 110 -648 -688 -404 142 200 360 -106 784 182 -116 1063 664 -437 -356 542 -353 -523 -572 16 398 -461 695 279 157 713 28 -569 -69 325 -217 -475 -385 -512 -1362 -112 360 261 222 -155 -813 -983 -311 177 -449 -828 -262 -417 735 253 -86 -178 -864 202 ]
[-192 -740 -62 1444 -358 596 -3 -845 1 -582 -1126 282 362 1295 166 117 241 -909 76 -1070 33 -437 84 106 705 -40 167 786 -758 367 174 -291 -29 130 -668 433 -1130 177 400 119 -704 -449 112 -265 331 174 52 342 -150 101 -340 693 -366 331 440 423 241 315 -941 -66 -1002 -838 -436 -560 -1569 -272 -931 -826 264 1072 -544 -1374 920 443 487 -425 -255 487 527 -114 -365 -476 -361 75 -740 -865 464 900 1405 -680 -206 -115 -263 612 1021 850 241 1003 -21 257 547 -858 542 432 685 -491 -340 314 -395 -319 206 -299 319 607 300 ]
[266 644 281 -255 -320 193 794 2 614 -331 -577 287 -297 68 361 -69 -404 153 867 -201 -566 83 -501 -118 -387 -424 756 -1059 -113 -57 -333 510 -18 -877 161 937 -118 -403 -51 537 428 534 259 472 565 615 412 808 333 -125 114 -668 216 440 369 -131 -460 1412 -304 61 171 458 961 141 60 193 -1245 630 -257 825 -343 -708 108 233 -188 455 -334 -689 -6 -4 -38 288 -332 189 -879 -1436 562 132 763 543 -544 -845 134 63 -871 327 252 571 -68 -246 39 -77 810 493 -711 17 751 -266 -526 -332 -631 -1167 -3 -1077 509 ]
[53 6 424 -860 85 117 -284 -188 -750 203 254 -241 -120 -555 -556 871 -181 45 -225 -377 276 153 -135 -569 -183 -12 137 223 -982 -667 315 202 221 -953 471 8 557 124 1534 -160 848 992 -218 827 46 535 13 -591 -49 -129 901 -1043 -57 -716 436 788 -930 232 -47 157 288 24 -15 124 623 677 306 367 -128 -1182 -85 103 -1197 -769 -291 513 -229 -988 -126 64 641 277 416 155 775 341 -542 -327 -564 -273 664 -867 556 -884 -1175 -615 -828 -520 610 -907 -739 903 -1340 110 84 379 311 -651 -258 -941 1171 35 7 -685 74 ]
[253 -43 -566 202 -160 -155 -159 272 -862 157 881 -33 242 -232 855 -794 -291 -291 734 -758 -6 66 292 873 220 -42 -980 681 212 -519 1102 279 560 94 -213 469 1039 -1079 282 167 -269 445 -23 331 -805 56 738 -197 996 -797 812 -1194 -1167 -226 433 -415 -732 164 -830 -437 394 163 -423 -905 62 -565 571 -140 -24 -757 210 24 -428 -153 -190 444 -666 -248 -410 -992 450 223 -691 878 971 616 -766 -651 161 518 -806 -635 927 116 9 152 97 191 431 0 -104 -428 -172 463 -173 135 252 175 -611 199 -5 -704 112 282 -459 ]
[-564 -405 105 -607 121 -149 -160 -255 1082 -21 -1250 -265 -488 611 107 366 -751 -1061 181 308 776 398 -413 224 -161 415 1197 -762 883 -211 -629 -628 -165 23 -1010 -616 560 298 219 -134 -796 228 -360 343 1083 -176 -749 481 -827 -575 -874 -283 -660 -46 -366 255 370 -783 11 712 754 -155 -6 345 -234 -401 846 225 -115 337 318 513 328 728 -890 602 -569 1273 -411 210 -908 218 -1475 768 868 -714 556 946 866 45 -58 639 1738 357 -1003 360 182 -425 13 1033 224 -1153 -174 115 -65 -483 -31 -273 400 286 -713 233 409 -777 481 ]
[-73 454 -71 98 -531 525 -219 -587 1077 338 480 286 397 -116 -893 -1232 -182 -130 331 354 316 -34 -322 4 -567 -1408 175 -560 108 -771 -707 1001 434 653 616 938 60 513 755 342 247 594 394 -865 273 168 260 -3 20 528 65 230 432 296 53 -38 -386 -246 1126 616 296 -587 -573 91 299 373 -340 428 -623 524 239 536 20 287 301 -93 306 -685 -284 -809 -940 -57 1152 -531 -3 -1195 665 -34 180 471 -283 133 -160 174 604 -237 306 -453 249 -902 -13 596 -326 -441 -164 922 96 50 1143 -328 -1466 -728 7 462 -503 ]
[662 -51 588 851 -117 -557 614 377 169 243 -671 103 277 627 -256 1042 458 712 272 -582 -879 316 367 516 117 366 142 397 -422 224 500 -225 -353 -228 465 211 -1103 1210 -300 752 849 -441 -52 340 -403 804 393 -875 517 447 402 -106 668 -745 821 -210 162 406 83 575 -54 58 -552 -97 -555 -589 -1560 -230 -219 257 630 -115 709 -1291 520 -695 813 -736 198 348 -330 -288 -524 -1197 -815 -152 313 -108 95 -400 357 -716 -686 246 -882 -1065 -292 695 -372 -256 453 275 -411 -259 -162 -550 369 490 661 -267 936 -847 296 412 63 ]
[131 752 719 -563 -504 856 389 -94 327 750 781 264 104 -427 -272 379 -58 -873 -48 -366 283 22 -97 203 -642 -1385 -66 -283 1183 820 34 1166 571 1119 -430 198 236 -696 901 -84 -62 562 -435 -507 372 -607 -665 -525 366 230 -170 -456 90 367 -75 8 -619 -223 -444 408 827 -402 -145 505 -238 456 146 -172 291 -832 517 199 -387 -75 -910 374 334 -918 4 -204 511 224 608 531 318 896 -696 -597 428 -434 -610 -97 1244 -352 110 285 309 1399 781 -469 445 757 90 -372 -6 381 270 407 -14 730 266 -139 613 -150 591 ]
[1387 -103 195 114 -439 -172 -146 -99 -91 361 -830 -46 -137 699 43 265 -10 677 980 310 -534 -312 791 466 791 -533 697 247 -435 -713 -222 181 -452 -772 -353 -663 -1251 704 -227 967 1358 -4 709 -146 144 895 114 331 276 -198 -34 -343 105 -233 220 -495 372 -502 163 51 -173 534 -825 581 214 -167 -213 244 582 -255 -879 -950 553 -898 1046 -237 21 -144 -267 933 -417 -139 319 -772 -76 -1562 180 -441 405 383 489 -489 -477 609 -1352 -646 205 -322 -430 -990 -255 -514 -759 -205 129 -81 316 527 182 847 558 -324 -685 -662 38 ]
[-183 689 -358 -793 105 70 322 -714 196 -589 78 479 191 -285 77 818 -618 343 467 219 6 530 404 -586 227 -1006 -51 199 204 -531 448 -173 -65 156 -165 -807 214 19 314 -747 513 504 1308 692 732 738 151 242 -289 399 -254 482 221 107 -123 -27 -70 647 160 1364 -162 385 600 848 113 -199 -352 464 -304 269 71 3 104 93 -305 -192 662 -473 49 529 283 716 122 416 123 -419 236 158 413 453 -536 -505 -153 -61 -248 550 -32 83 -314 669 325 355 -275 381 -241 -455 607 192 -511 55 -346 -249 -110 -977 -110 ]
[310 -1021 342 216 422 161 -122 -621 -189 467 -1421 -1138 33 174 583 -1200 -182 163 449 -902 -521 373 71 -532 558 368 274 22 56 -782 307 22 628 -354 -528 310 -186 666 355 901 13 -533 -282 -661 -425 335 874 -161 516 -486 -275 361 -274 56 964 -123 947 -142 -142 -149 14 -476 -795 -308 591 -119 -219 369 -252 -540 -514 -21 187 -20 708 -468 -439 989 -217 331 -594 -105 -333 -225 620 -12 -538 -159 1361 54 480 -103 82 1479 528 -213 -139 -353 -335 508 297 -640 368 -375 -53 -42 -85 72 -20 476 319 105 -502 -78 99 ]
[78 -837 -152 367 512 325 103 6 -45 -301 -143 -79 548 203 -381 -678 -493 409 -287 22 -676 59 -134 75 -64 -1 63 -9 -743 1007 329 -264 -236 -466 -667 -386 -339 102 348 343 -712 -1392 416 164 212 415 -91 417 -1057 -407 -314 291 211 -77 -212 -585 221 -137 83 578 216 -304 -827 97 61 -1097 149 -505 342 282 214 -93 -6 642 70 783 -196 -103 0 39 86 511 -211 -305 -231 -237 188 462 -1 703 462 -651 -19 76 1278 -29 -261 460 -132 -159 78 -358 -192 265 49 392 -357 -235 -179 106 49 1134 -61 -81 95 ]
[165 -135 -168 618 398 -442 -9 -79 -790 3 -1183 58 -46 -689 686 484 44 -107 1360 804 -47 536 -731 296 1174 619 -159 754 1 111 -481 -125 -156 -526 -371 -988 -1118 1128 -220 598 -333 199 414 245 564 302 538 -686 -464 -348 -338 578 -703 -324 -382 130 852 -324 -721 93 -278 -154 78 676 -64 211 -791 -28 -695 210 -56 339 -6 -221 -54 -1313 144 -104 -260 604 192 -1013 -239 424 800 515 25 -376 63 -125 1198 66 682 770 -324 -800 -471 655 -354 864 751 -1212 -264 28 -658 -883 -809 -596 96 -27 811 108 -611 151 -351 ]
[495 215 263 191 -315 -280 282 744 -1000 -370 112 -873 -591 -591 454 -203 -57 639 150 174 -1257 569 -1068 237 917 657 12 -395 140 -484 127 499 -951 -336 394 480 112 -814 327 -854 681 542 -353 255 447 99 115 318 149 536 530 -349 930 -798 574 703 -24 -341 374 657 -1236 342 216 555 57 -703 -1200 -330 219 525 -817 166 -953 210 -518 -377 465 518 -170 -828 479 12 -37 451 565 937 -907 -98 -752 145 901 606 -1735 -206 17 -1454 -1102 410 -720 -278 -342 -657 196 473 -1080 -367 206 -272 82 -34 410 540 -473 17 -6 ]
[-424 -802 -26 -799 460 -46 -155 -136 -181 -237 331 548 580 18 318 -597 -1227 420 11 -1189 639 -523 -745 312 -617 -129 -33 -1056 -199 117 -262 948 1240 84 -294 332 -929 18 929 587 -892 199 -480 12 -397 -120 1090 -36 -188 -155 1041 -55 199 783 -740 79 -434 -312 423 -451 400 198 347 -132 198 -746 66 -56 -93 19 230 159 448 1096 304 -599 -152 -155 542 -515 162 861 38 -194 61 422 19 57 -723 411 -268 358 187 386 290 1151 -200 -616 -624 268 -209 -109 66 -453 551 22 -40 -72 -616 -640 -409 498 -503 288 555 ]
[-326 -162 545 385 -364 185 362 -303 -687 -539 498 -49 693 -509 139 -254 206 183 622 119 207 -53 -237 -825 198 -164 -11 31 -451 -696 -305 -59 105 463 -983 -715 354 161 900 243 -62 939 -55 137 356 -72 -266 767 -341 631 -884 759 373 245 121 -24 -669 665 -539 -504 -302 -381 305 234 134 475 -659 -173 -1131 -593 330 969 -94 607 41 -1060 898 -298 1282 255 145 282 731 170 479 267 -209 -1364 748 -83 -62 -185 -180 -383 420 -302 117 1051 353 660 93 1062 235 303 -542 344 576 -122 -471 -679 1 -149 237 181 321 ]
[829 308 373 79 558 49 264 -133 -150 -138 1200 797 791 -559 -280 -536 -36 456 476 89 210 -377 436 687 433 -719 -479 -696 29 121 547 647 -316 -122 37 -576 -1703 -280 140 278 -43 -586 427 -155 483 182 840 1224 -96 348 1131 234 979 -131 286 -1078 -90 -120 -774 1169 317 180 -452 902 712 -42 716 -296 35 -382 -505 565 -307 -687 248 484 -1205 -1179 -184 1058 856 516 1300 -251 425 44 73 -649 231 1308 1000 -1138 -828 -542 721 -208 -262 -38 150 42 -188 -920 -981 300 -316 549 399 452 -350 98 396 741 -251 67 -1215 ]
[363 -265 -1 562 -268 -720 -12 -10 271 846 356 -848 73 326 -193 -208 125 -15 -752 -815 -1612 1066 303 237 -744 512 270 -683 -286 1086 803 -156 -262 -168 -454 -161 621 -628 724 -659 50 -550 429 432 331 359 -1513 92 -925 -326 -1198 -855 424 -824 485 -515 -669 327 -632 -3 -1220 274 -728 586 190 -144 -1333 -252 211 114 -282 -848 -47 75 -406 -200 531 -463 466 291 743 -160 -128 278 -113 -147 -192 492 631 0 225 -506 -359 -412 -253 -160 -132 -137 89 -1259 -591 39 -273 -790 187 -16 489 232 -497 164 521 -89 -521 1415 545 ]
[203 -837 100 480 1137 278 864 248 -862 491 5 -114 -515 64 652 -481 317 183 931 69 98 -576 -666 -187 517 843 247 657 -273 -147 320 -725 111 -991 -135 -667 354 -130 30 589 -216 -388 -224 -303 439 51 384 -40 -260 -1168 -135 435 -522 -79 911 -579 -590 -153 -569 -417 341 375 182 -924 339 -92 762 525 -390 -487 -387 -226 -95 -147 96 -745 -1046 682 344 -417 70 470 -539 646 1021 -537 424 -325 337 326 1561 -941 1494 1160 17 -29 -536 -391 51 481 40 -522 -80 -298 628 -365 -765 -386 -1261 91 72 -445 -1584 -273 -174 ]
[-579 694 141 84 -1174 332 437 -562 -16 -291 126 244 913 -410 -13 178 -223 663 -329 -688 110 -426 490 396 57 -214 -157 72 -284 -173 -303 -153 242 779 277 -424 -234 -375 584 154 458 -614 -335 544 -115 -150 232 850 327 937 87 354 75 595 441 -328 -614 988 -625 22 -852 542 -75 -489 400 110 670 542 346 -248 -370 -179 746 -293 355 161 -867 -890 656 164 197 1279 915 5 -740 -290 -132 -621 309 734 10 460 -1220 72 -398 740 177 -317 227 -672 27 842 345 674 -538 -159 504 -112 -696 -140 39 447 -72 -792 -170 ]
[-484 409 -241 462 -731 314 38 -27 1241 1102 -59 63 -1099 87 -188 425 1163 -3 29 1340 -77 255 389 286 805 295 -550 -33 904 -294 -1287 -823 -1194 206 292 -641 1569 607 -642 50 515 653 260 -217 389 11 -221 151 -423 84 -725 569 167 22 -149 76 1258 -838 -597 -453 -837 -193 250 -168 424 104 888 632 -208 790 19 45 288 -515 -608 179 -61 951 -10 22 53 -295 -949 168 -330 213 79 321 -31 -454 39 359 -225 303 -420 -392 27 -671 55 593 483 -408 19 230 249 -542 -190 -1004 405 451 362 693 103 -204 -80 ]
[-121 413 -748 747 1075 483 -682 39 -304 101 -556 -608 -277 188 715 -257 -292 -107 156 -375 -603 -573 155 -155 -81 160 77 -98 935 -109 -631 -605 -577 106 -846 -302 1308 857 -611 -126 702 1115 -847 -467 581 -569 143 -179 383 55 -452 1056 -488 106 -50 -380 -878 289 290 -908 -147 -345 242 -332 -586 198 -641 447 -998 39 -179 -58 555 1166 271 -1097 534 -419 560 -312 349 425 442 -262 723 385 352 -1148 45 168 562 404 -48 634 1258 432 214 183 308 606 -264 182 -281 113 582 -393 -393 -255 -19 139 -656 68 477 -813 791 ]
[51 -918 -240 -377 616 21 -236 -276 -225 324 80 -38 -247 -246 -219 983 411 -189 -397 -475 659 -305 -9 549 -460 -192 1169 -1128 -485 834 -301 -489 259 265 -192 -89 30 -587 646 -399 -734 749 442 513 1005 -677 -908 9 -686 -184 -225 -530 361 424 -575 38 -980 -485 231 -46 -44 -32 233 548 385 148 -94 226 179 -741 203 -126 90 490 -862 688 45 -586 65 182 583 823 -90 216 -856 167 -167 277 159 -341 92 344 697 -369 -700 853 -762 -811 157 -227 54 615 274 -151 843 -526 63 -644 -242 -102 173 665 431 134 681 ]
[100 15 547 46 191 -121 -898 -298 -25 325 -474 352 -261 -27 452 278 211 -406 -88 -456 471 206 571 -360 151 182 1028 -252 98 1018 -654 -350 -88 -230 -140 -365 -67 -645 -42 -963 622 594 216 611 283 -819 -735 -324 575 -874 304 -724 -294 -448 810 976 -566 -84 -38 -246 8 122 474 794 -799 -190 -175 207 551 -419 -657 -324 557 -466 -62 -153 -434 -15 525 392 -334 -749 -82 2227 70 -340 -691 177 922 -472 920 271 763 810 -216 -238 362 91 -229 -425 -225 364 -642 -601 484 -612 303 573 -389 -128 1116 310 489 511 591 ]
[-182 -464 284 11 513 -400 235 117 -837 -328 298 620 28 18 971 891 1119 118 553 -395 -15 -796 -655 101 119 63 -347 -245 -411 207 -631 -478 -824 1331 182 678 -567 207 -322 558 -80 995 -215 114 164 70 1381 301 -475 746 -43 375 -163 363 -273 -282 -393 548 -419 -857 85 -178 598 157 -350 209 -1052 -147 -1285 171 559 372 -665 287 608 -411 604 850 176 -259 337 -783 -53 375 158 14 368 -31 -1145 -1006 -404 933 -370 -1009 154 94 521 847 -426 330 780 17 1219 777 156 -485 202 -802 429 -323 -182 297 -139 -727 -409 ]
[963 199 -334 47 797 171 -452 51 -243 -68 -573 -320 428 275 602 211 299 -623 211 -187 -436 99 -28 1032 482 -104 513 -617 694 70 -67 620 45 1529 725 39 -954 -1034 -748 -172 -180 882 953 -290 -309 -512 371 -745 1144 -437 615 -68 349 -189 122 -133 -1426 -122 -450 -83 -568 -288 -1336 191 -228 336 -682 -237 273 -239 -309 800 -325 -156 -670 172 1 -145 -864 -2 911 548 832 491 85 112 372 90 -23 -1126 -674 -458 -223 366 158 -581 -1207 -288 427 88 33 -665 -3 -1033 1031 -588 -26 -622 -43 -145 55 -22 -291 146 1026 ]
[-386 624 124 238 348 -745 -83 668 -67 246 739 -473 -1033 367 -475 -175 -97 -312 393 868 -500 -236 -591 -912 242 866 -373 828 573 -375 804 -463 -301 -365 823 551 189 -865 -962 15 2 -804 -517 -375 109 -287 539 -522 606 177 422 -230 -500 -666 -377 -305 -463 144 -78 4 -718 61 1079 -1151 -983 251 294 -179 279 760 401 -934 -1069 -149 390 -97 -939 1145 740 -339 190 -40 -704 40 533 -359 238 576 -193 120 -515 -99 916 -1731 195 -187 235 -233 -528 589 269 640 30 47 -457 -222 -70 -103 -601 -318 -217 -312 585 107 -327 ]
[227 525 -240 592 314 113 547 126 938 -667 446 1089 502 699 -332 -143 -309 -189 -756 -802 -190 559 219 457 -202 7 89 -446 -113 850 -187 -53 338 -346 -960 -12 -687 895 -19 45 -117 -1417 829 258 -777 -123 -1031 -86 -606 389 -840 261 -408 -377 402 -183 20 637 -565 643 -159 60 -950 -260 -523 -616 397 241 327 -107 -14 -153 1422 -25 -451 -25 501 -766 263 84 687 337 305 -973 -147 674 292 -281 939 -576 -448 -1239 109 1772 -350 762 -667 504 867 -853 49 186 -297 -939 1044 75 -514 -3 1645 719 259 -603 -422 526 809 ]
[-558 -147 297 1673 174 -190 -351 1225 -234 493 82 -259 -440 -103 20 -268 -495 -603 691 960 -175 943 -333 700 -276 -101 -1244 439 1034 222 397 -370 392 -1123 -46 -55 -258 407 -482 598 -1053 -453 -478 73 -137 541 695 -126 453 120 626 438 71 -397 397 -371 813 -231 -425 257 760 -1127 -3 186 280 -364 -745 -286 -957 588 353 481 -378 -751 -256 457 -112 -178 -775 -455 132 -593 -663 -327 -612 357 587 -678 616 -316 263 420 -290 -323 460 -227 28 718 -584 803 -238 -379 439 -148 -855 -306 601 -147 420 538 573 229 989 777 16 ]
[-487 723 -706 92 -20 28 105 939 25 -641 1210 810 -6 225 -330 -475 -392 -201 -1295 -555 -267 581 -402 279 -85 -473 -990 639 -646 208 502 24 -372 -398 135 74 -506 -660 -99 -748 -232 -302 -25 -83 -954 372 -391 1027 111 391 373 147 -128 -56 774 21 -793 1009 -205 437 -780 354 -390 57 5 114 -540 -122 -905 254 -103 -633 -144 657 -291 538 -815 -901 -85 -692 1142 305 943 531 -30 -591 553 -257 -589 -573 23 176 -1372 -475 44 -105 -157 577 64 -262 -839 -291 594 89 -123 300 280 -239 -62 -92 -362 -55 74 86 -87 ]
[78 256 181 135 -359 -542 402 -428 163 -22 822 -956 -293 -147 -815 -613 72 -308 -430 -136 -253 367 -262 -704 -321 -167 649 -282 268 4 260 866 -40 -289 -1063 -543 123 -176 -300 -907 539 -1254 -676 -71 1114 -774 -609 76 -586 -387 -697 -308 618 -451 -728 313 198 -874 712 432 -752 570 -417 1196 723 -327 1289 -220 1013 -182 -372 130 221 -824 -382 851 559 -99 -270 251 -703 -467 -83 433 -389 211 -703 1223 -204 173 133 9 -208 469 -459 -828 -1134 -462 677 -1201 -112 -929 -466 -305 610 295 714 526 700 368 71 -359 -372 423 -50 ]
[-595 105 -1006 1178 208 -405 -333 -661 -736 -158 540 -830 584 534 156 -372 -908 -347 461 -566 -620 270 -39 1001 475 -737 -1055 660 -780 230 177 598 -158 -310 -287 -428 -869 -76 612 33 -419 -773 208 571 304 1615 1034 245 -374 -234 974 541 325 -383 -154 -106 468 -24 240 946 -1105 -345 -494 44 69 -243 -647 -290 171 518 -959 -610 385 -406 -129 177 -530 -276 -93 -37 405 153 454 -597 -529 176 255 240 41 790 349 235 -1704 235 417 -92 -81 288 63 488 719 -1027 21 466 613 -664 293 -344 -203 578 503 622 -41 -32 -341 ]
[-221 107 -188 -123 869 -321 94 -58 -775 -640 -35 339 -159 58 1126 -154 -789 -471 1368 -352 -358 -265 -1747 83 668 -722 22 -519 -648 -1473 422 228 -2 -322 236 -381 -1481 -75 74 478 -192 134 570 -533 59 997 767 331 324 156 548 404 243 181 205 322 -254 75 360 37 -397 1 -550 444 -181 -284 -875 -1135 -233 626 -475 -9 -1361 -171 41 -379 -405 259 -54 120 -32 86 602 637 244 -526 92 20 444 -240 -132 -22 201 292 -274 -326 415 -149 -974 1136 682 59 640 -226 -524 -34 620 -191 -466 -465 106 -1188 116 -100 -524 ]
[581 -339 -319 576 602 153 -283 -255 117 -440 701 -69 687 -234 -680 -110 346 -588 -128 -681 352 -15 -440 -477 -711 -701 1323 -76 628 60 458 208 202 697 93 562 256 297 410 284 -354 -531 18 225 -455 -637 50 56 331 -199 -955 1044 -257 -152 -302 -491 -40 339 -951 174 71 -70 -483 -545 244 -231 363 324 187 -892 528 207 290 74 -116 261 -451 184 337 426 -8 193 410 -1042 -431 6 47 391 286 334 -522 -405 1197 451 533 477 -188 444 1259 -84 428 443 -260 -604 468 -240 -154 -37 578 -610 27 -833 526 410 674 ]
[-744 -416 508 -416 -1095 587 -377 792 -208 -432 -117 -605 353 -785 -326 -16 -777 336 -839 306 550 200 -603 -58 455 21 386 -225 -385 -257 677 93 -286 -530 1087 -560 -638 -397 548 -503 219 -1091 -552 180 -587 219 -8 537 -219 1182 35 645 597 181 411 -221 769 727 -75 561 -956 446 -642 -303 29 -612 865 -126 -660 -17 141 415 -167 922 126 110 143 282 308 -260 524 776 -124 -129 -185 -622 557 849 -281 -177 516 595 -960 -795 164 -284 819 -253 430 111 109 429 -430 611 -737 237 -379 -1222 -1728 -271 843 801 631 -142 732 ]
[-145 385 -549 324 101 -511 -313 395 302 -101 491 310 95 285 183 138 -426 565 -442 -521 67 521 43 -725 5 -466 -207 632 229 -213 408 15 57 371 369 854 687 -78 -490 -275 -558 -523 469 -142 -222 -449 1147 -685 403 -638 297 -55 -666 -64 49 67 1062 327 -50 410 57 -257 857 285 140 -357 -109 -396 -21 449 -163 -422 -809 -336 -108 -741 47 835 -301 230 -706 -794 126 563 -41 -678 -438 347 -274 151 -338 -225 198 480 536 304 76 378 -169 -40 288 -365 566 66 -510 -387 214 1337 330 -294 -463 -429 -460 1576 -1039 ]
[-167 197 330 188 -100 209 692 403 -275 369 65 -526 -470 -302 1075 -628 -320 -166 928 -250 -505 -470 -112 -5 -203 -30 406 -881 233 -323 124 305 -282 239 685 922 -190 -438 -1123 218 -508 -399 -266 -684 967 -318 554 632 761 107 -146 -12 318 268 -490 -616 -303 162 123 279 -541 209 202 -484 231 -71 -95 -562 157 483 436 -827 -305 663 625 488 -83 -43 49 252 -335 36 248 563 -233 -264 680 749 14 1274 -410 162 -256 -628 770 74 626 41 -412 862 433 -763 91 377 286 -7 -535 176 -666 -71 -845 10 266 165 -774 ]
[-594 653 -677 -665 124 -477 -701 128 127 -388 -155 41 892 468 55 -103 -570 822 -607 133 -44 463 470 434 -128 -39 -764 54 -78 442 -171 435 -806 -226 -162 -730 -44 103 -250 -242 142 -560 -94 -364 -955 931 428 145 137 1011 871 335 323 -143 700 16 695 313 940 871 -647 256 -114 979 273 -808 374 542 -749 247 -50 772 308 528 -346 -405 -259 -413 -462 95 230 203 -894 473 -184 -376 27 143 -955 -206 -193 193 -1300 -84 -252 -600 243 600 -499 220 121 -327 738 386 -1013 -33 219 27 449 292 -432 169 -67 -501 62 ]
[-412 869 -632 93 -10 265 -264 -435 304 830 292 1515 -796 -248 -45 82 880 105 -467 652 -301 -152 519 -57 102 165 -377 746 844 416 -103 433 -581 913 114 668 627 434 -305 464 263 1233 -646 -120 -634 -326 306 -325 1024 906 474 41 -287 524 44 -42 -473 315 -325 -318 363 -544 769 -502 -615 375 239 478 -735 387 635 -105 306 -154 -515 -479 -177 184 740 -412 38 7 -454 -478 -257 841 -232 -970 -1591 143 -226 206 472 -826 223 349 16 791 -347 476 -677 -438 404 463 182 -355 -346 -91 976 35 -308 -214 370 22 -322 ]
[746 -531 309 489 -92 124 -438 -92 10 -676 554 -351 477 343 -125 -343 787 -236 636 -402 261 104 113 -634 -138 -515 923 -241 615 83 245 717 911 655 954 78 451 -231 254 -798 -481 33 676 -429 -20 -351 211 56 592 -183 453 -434 74 79 289 88 75 77 -693 -606 -301 -722 -704 489 -237 630 -114 -758 231 -91 -122 -451 -353 211 960 -512 -132 -102 -337 -73 -541 76 1520 560 -294 -294 -212 224 405 120 -675 -378 622 51 1405 255 194 1070 160 -269 -39 287 35 -182 -12 -164 490 331 -891 26 -302 -843 413 1158 -451 ]
[-560 865 59 599 239 464 498 368 10 -147 1279 -32 -184 995 -156 -1562 -709 -59 -492 -270 -96 -202 -118 577 348 -62 -76 -332 239 -85 -258 1184 -157 -956 -592 -473 -529 -942 -401 238 234 -672 -82 -1056 389 314 259 299 -75 737 110 991 712 -323 -326 -273 -444 -633 81 280 -1144 -333 -1192 -589 -607 -926 485 -475 -94 230 168 -381 222 -33 534 -336 323 -114 754 -336 350 -300 698 329 337 -450 541 613 -919 170 204 -485 -1226 276 71 -192 -490 291 -96 210 -542 -569 -926 -62 180 -253 -731 -399 -89 -388 52 82 -85 573 -30 ]
[-520 -315 -248 -350 -197 253 -710 480 340 -219 164 959 606 520 -407 640 575 861 -838 484 398 -34 42 157 -1128 100 -337 512 -412 -348 -247 269 -187 507 329 1350 884 34 -246 -538 -5 -168 -150 -403 -174 -764 1346 -857 -220 380 -485 -3 -3 -402 -335 49 -397 -171 -203 -204 487 576 561 240 -124 -609 757 -373 -378 -153 686 259 52 -8 336 -5 -254 383 -48 -860 77 -992 491 -129 69 -996 396 151 -1673 -597 -65 379 -262 289 89 -10 -236 -169 33 -1283 -493 -123 56 -206 -173 933 180 325 484 -1484 -1124 -271 -311 792 -206 ]
[228 -891 108 681 -269 -3 -465 605 161 -142 -615 -678 518 427 -48 488 -450 43 547 1103 -271 597 268 384 -767 607 370 145 298 -303 678 -278 332 -408 713 475 746 288 108 -186 59 -51 -440 151 47 448 -179 -299 448 17 -30 368 346 -474 -210 139 423 23 136 497 369 629 36 -459 200 -201 252 961 -360 105 -116 730 239 277 587 105 -295 665 -1034 -811 408 -556 -154 -231 369 -916 598 199 9 -1355 187 680 307 409 -917 112 749 -520 -508 398 -449 636 -234 -590 -1330 -403 338 -11 176 -532 -403 -239 858 368 453 ]
[372 794 82 -1257 -403 416 358 154 -205 44 194 384 -85 -763 -446 -292 283 1281 714 718 696 -682 -30 198 225 60 -728 1266 910 -263 254 -185 -589 -235 307 -300 774 19 339 -279 250 382 -39 -133 -484 -91 409 -163 682 309 -1221 373 -248 -104 585 209 -251 -96 411 -523 -15 362 569 -27 340 -1 328 711 545 -939 478 654 -756 206 -21 215 309 -31 -512 -71 777 279 -758 -405 272 558 230 -740 -1003 -175 -1271 17 776 -1219 -996 -371 695 -802 171 -202 -170 488 -172 575 13 936 -757 -527 -500 -588 -613 93 -55 -823 -228 ]
[85 -53 217 405 -665 444 -719 -210 425 935 -702 -637 -312 753 -56 -950 372 -688 -124 713 -756 629 678 205 199 693 463 -133 787 1112 -306 -7 -150 423 -979 265 -69 -489 -773 94 12 -168 -131 -1066 -129 -509 -1514 -825 -495 -152 133 -767 103 -679 144 41 303 -682 -176 530 0 -519 -570 645 -40 -38 -41 882 1062 487 -395 -17 293 -352 621 650 -849 274 -435 -937 -711 -1227 -1121 175 -891 -392 -472 1952 742 -678 -269 -216 513 592 506 -214 -722 -526 44 -646 -1414 -673 -373 -652 938 737 -918 -104 528 829 347 -54 -13 117 716 ]
[-503 921 -170 222 -286 318 -228 585 -136 371 -136 -209 -458 19 908 -138 -518 410 122 -887 -371 595 -339 -535 287 -183 499 -232 -340 -611 83 71 246 488 633 161 481 140 319 -71 434 921 100 -628 -423 1047 -164 -462 513 187 617 331 273 295 -226 15 15 232 -245 -553 -1146 -307 -914 -457 227 332 -708 -177 -937 -381 1122 -425 29 461 658 -812 710 -457 921 -293 218 972 366 -113 58 125 83 81 642 -308 -364 -145 -521 66 78 -135 176 17 538 1108 -70 -126 -20 -559 466 -92 135 -347 -974 71 343 167 592 -46 522 ]
[649 -352 665 -102 921 1004 -2 387 -882 -176 384 480 444 -24 521 -44 -191 41 730 -2 1091 -145 -1195 149 1015 526 369 -1294 279 24 -473 373 -135 -20 89 -275 -647 -174 116 291 -132 965 593 146 -160 -98 933 352 -665 363 172 618 542 459 705 312 44 443 -1585 -216 -84 467 -48 1065 -252 213 -1037 -56 -561 -666 -504 748 -433 6 107 -1332 -41 -267 414 25 1009 39 825 228 245 -230 424 -272 143 -821 752 -762 -307 668 168 -270 250 1008 -53 18 1 35 -70 -218 102 -224 -109 -1019 541 -173 215 -574 -815 -69 800 ]
[-266 -305 682 -750 -786 1020 -286 -444 170 187 -510 -1234 1 -709 304 -853 228 -66 804 301 -983 -266 285 -634 -524 -101 1508 -642 -521 -564 -338 401 742 -193 -272 -256 936 -233 1036 -289 238 205 -686 102 298 1021 -864 484 -310 -268 -1002 463 970 544 -704 -233 68 50 368 -37 564 -33 -754 -398 490 585 633 -152 42 -84 308 623 59 172 -81 375 -427 73 -165 -17 -833 854 301 -403 -722 75 -424 -497 703 245 -382 -60 724 156 -313 -328 445 -324 573 897 -612 911 734 764 -38 576 221 -257 -1577 409 -901 -569 610 -1209 -124 ]
[525 -107 1008 -755 982 402 -18 -8 -418 1036 -504 -350 -791 49 328 838 -247 -92 -222 -223 578 -475 -225 -447 -4 591 -108 -914 890 270 8 97 323 -277 151 -253 -187 0 507 10 809 1416 -764 239 556 -607 684 428 -396 -308 288 -29 655 -233 -237 -24 -249 45 -412 -312 451 -133 775 1478 -143 456 -275 726 -36 -669 -255 781 -194 -4 419 10 79 -295 80 316 661 121 382 104 749 308 92 -18 503 -217 612 207 262 -680 -5 603 21 -88 -714 156 -709 184 -586 -157 -76 -61 -26 -502 -310 -52 328 709 -340 -1266 843 ]
[173 854 303 570 685 -44 240 -315 -180 -544 808 -136 -292 479 424 411 -265 -198 -156 -571 -117 -576 -347 370 -70 -847 -602 -294 -799 -79 -163 256 -135 446 -406 -577 -594 472 -191 21 339 440 -323 320 -540 206 -157 -47 -246 715 441 -96 -468 -76 -440 -35 -506 -149 166 379 44 -288 -576 94 -616 -450 -154 -441 -1114 303 -691 286 -232 -472 -300 -649 444 -661 520 -5 552 355 501 14 499 133 35 -582 41 -466 241 -129 -503 1054 256 379 -245 -377 97 -622 442 -101 -192 183 13 -351 371 144 708 675 385 663 -539 461 76 ]
]
