[[-434 -410 -51 584 -586 -561 -705 -1008 493 200 75 375 407 -121 -586 210 50 -901 105 262 89 -153 4 850 39 -298 -419 200 438 -152 786 409 46 -122 -940 -57 -156 -115 -861 542 -81 -438 -232 -710 -229 554 -52 -340 -237 -128 -114 -78 -156 184 -171 121 146 407 -220 -82 127 529 -571 148 0 -306 -344 143 970 -186 339 17 -389 368 -215 -241 260 144 408 -142 -159 92 -326 97 152 -483 -953 -597 -18 391 238 -302 274 80 -102 384 381 644 -172 -139 -527 -399 147 363 -544 -1092 -176 465 -181 -219 77 228 -759 184 -408 ]
[255 145 -138 -424 -70 -449 -184 -301 -363 35 445 39 816 709 -152 -612 604 -441 -745 500 637 -177 -489 560 82 -91 37 292 578 -813 -490 1116 -265 70 -356 732 -498 -88 -630 686 -428 242 85 -424 33 179 -261 271 -403 -244 -245 -147 -57 -254 187 -58 -112 -121 -448 257 -132 -358 -205 499 -83 25 -417 35 638 9 -211 -313 -95 -160 -618 -487 331 40 304 -734 828 343 -582 330 -33 -1097 -264 -566 1060 375 -79 -843 -54 96 346 235 43 703 -26 -59 177 189 292 783 785 -292 -177 49 -167 -306 -496 -419 -259 933 -772 ]
[-595 -123 254 1260 -346 -484 -355 -101 802 -102 229 -188 -370 -537 -1094 -126 -339 -41 200 -873 329 -83 257 254 -294 466 433 -282 472 -133 924 -108 634 -538 -39 -940 -98 38 -432 83 -42 -325 -207 -199 -2 620 13 234 24 637 210 -415 256 761 -206 313 -334 613 -652 -504 -150 451 -502 -858 -465 -883 -188 -1058 63 -394 624 311 -693 -301 -111 -164 207 33 533 481 -283 131 -420 344 241 499 -923 -670 -311 -82 391 227 -424 544 -383 -415 -293 -316 -370 -496 -833 -100 67 -259 -558 -551 -554 376 -607 26 -246 -495 -677 -66 -286 ]
[247 -641 -405 -396 605 -618 432 -164 -369 -728 640 281 974 266 501 30 -272 668 -118 541 -45 825 -79 -127 788 191 758 1453 48 -116 -646 129 -305 259 -457 587 -120 18 144 333 -273 -481 -27 455 -87 62 -880 -423 -218 84 -202 3 -177 580 -258 -767 -157 -86 219 -314 336 -124 -248 215 -104 -63 -265 712 379 98 48 -666 -435 135 393 -435 57 93 17 -503 883 208 134 -92 464 -640 8 381 1460 665 -647 -598 421 -102 39 -111 161 239 -325 128 391 273 230 -192 684 334 474 316 -220 -284 150 -419 236 157 -47 ]
[-503 -578 -421 -23 -565 -137 489 -604 -158 282 245 578 304 -1254 -223 732 -634 87 150 829 98 95 454 357 396 -385 -563 708 308 262 552 -215 -106 -38 -1270 527 523 -277 -11 385 638 -928 10 378 -434 -264 -301 -316 95 -213 305 0 494 -311 -791 -614 348 437 180 -598 374 675 -228 394 278 -524 488 886 259 -304 -50 -160 -178 971 -97 251 -453 -311 435 -39 216 73 -747 -533 -393 119 433 654 -453 140 142 -166 297 -144 108 748 700 851 -153 435 396 -364 69 -34 -588 -420 -10 234 777 -656 1324 -428 -248 -77 124 ]
[761 -477 -378 31 930 -228 -159 63 -9 -376 -195 252 58 314 -169 432 -753 105 -296 76 -1013 856 -547 419 198 146 -165 565 -749 389 -1034 -81 -266 -187 88 64 283 701 7 -28 -176 -379 -598 801 -616 -428 -519 -175 55 -252 -607 41 -370 419 581 -404 -10 -589 -193 55 1191 -191 225 -220 165 -205 -322 -119 775 -307 -775 -495 321 263 151 -535 23 808 -248 -156 -63 -716 396 -399 560 -514 -743 123 778 -134 -490 158 668 -182 366 -279 -124 282 100 -299 -473 103 -480 -699 397 33 743 767 -402 214 345 698 23 268 274 ]
[71 -266 -83 242 -831 -642 -375 -310 400 260 -364 -128 117 154 -1333 -442 9 -279 -364 136 707 -482 -157 755 49 -509 -122 347 -275 -20 -1086 616 -26 100 -100 338 167 290 -759 354 299 -875 -844 -260 -508 -414 -286 1065 672 -365 -415 -404 235 -469 287 387 316 -210 -934 175 145 640 -8 683 -284 -836 -482 -85 175 238 133 -182 724 -257 -1174 -94 60 116 578 -148 -98 16 -776 -74 -634 58 -146 39 90 -104 286 -563 -479 -374 256 -2 99 581 -127 19 -329 -395 -158 271 693 -739 -419 -9 99 98 -590 -272 202 609 -883 ]
[-338 392 270 306 123 -143 831 172 380 -1031 -404 -742 -282 -128 11 220 559 900 740 -634 410 656 339 -649 -777 -316 831 314 3 547 223 -912 47 -35 458 -451 -290 -346 310 -292 1009 -71 -427 167 457 -526 84 515 1026 1100 62 -22 165 -65 787 133 -229 126 261 -498 -470 77 -160 62 -88 -312 95 -206 -1375 -67 1476 149 -631 -51 74 476 -435 -369 418 663 -386 67 -346 -388 -446 946 -92 291 -677 -215 -219 705 -410 -199 -550 -822 -55 -491 -715 221 12 343 487 -523 -389 1055 -357 -544 -460 -360 -561 -319 1075 -814 -164 ]
[572 -483 -138 23 26 -147 356 127 57 551 -1 204 -197 309 777 -260 -548 106 -202 -335 -527 118 -449 321 151 -527 160 41 -749 672 -1220 -691 -542 714 237 -906 710 173 396 -391 121 -104 -781 150 -574 -445 323 -218 2 -123 -291 5 -348 217 765 284 895 -259 333 195 420 -498 38 -796 239 -82 243 343 -25 376 -911 93 594 -58 163 -440 291 1224 -31 -180 36 -425 116 -401 331 415 1000 79 337 312 -902 382 315 -493 -415 -113 19 -227 372 119 -532 -237 186 -165 355 11 1059 117 619 1004 642 424 165 -149 -169 ]
[262 764 312 -619 136 282 259 260 -493 -2 -427 145 135 148 -90 373 476 -836 -693 78 -463 584 -550 118 -42 124 -476 -201 -592 179 974 160 285 -727 848 945 -729 -309 18 60 491 1482 307 428 233 -918 115 910 -5 539 -430 607 -384 -879 545 -195 -236 -583 -1095 -583 651 -490 10 467 808 825 43 -181 -33 -356 -366 -345 -11 828 -122 594 -97 -357 -180 56 -132 -922 5 28 -371 -665 -832 -498 -351 -91 671 137 -530 -85 549 -30 -513 777 -373 -121 397 349 -1144 -121 -71 413 291 14 -416 -319 302 120 66 613 -143 ]
[655 740 212 -200 197 -307 -137 820 -594 701 -710 -48 -708 -157 179 657 438 280 -10 402 -788 610 152 389 126 -205 -403 71 -587 -164 -138 -28 362 -162 696 -134 616 -279 725 -736 -243 1170 -184 484 -557 -320 -120 -116 -205 197 -704 -286 -347 415 291 172 224 -380 -127 -167 815 -71 327 -372 782 1050 -132 -369 2 152 -523 150 770 282 20 112 -52 155 -1033 884 -153 -986 -260 -469 -87 524 137 108 -463 441 145 216 34 389 -38 -1 -16 328 485 -13 -287 33 -1028 -322 -146 411 219 -338 411 -249 490 370 343 -456 -258 ]
[-328 477 -385 -863 542 254 150 781 -562 903 371 -216 -102 732 138 -611 1035 176 -459 190 -65 -126 -16 -143 -738 170 62 -166 421 508 -655 -76 -208 10 -39 -722 143 -10 452 -551 -706 296 -108 -76 -377 1138 426 144 -145 -36 -81 -245 -47 -403 17 493 642 87 -157 57 352 -330 302 -863 462 701 -604 -21 -106 157 -268 312 838 -819 -163 -104 47 488 -453 -353 393 -211 75 132 268 726 706 -798 -52 -16 -705 189 -140 370 -335 -108 64 -209 236 655 187 578 295 219 -88 348 -294 -368 180 268 -403 95 658 -162 -624 ]
[115 256 -334 -24 319 371 -137 -25 -594 266 75 -595 -207 -486 94 562 332 240 -9 1044 532 271 547 -236 -211 262 -691 495 700 -273 -182 651 279 -341 -945 786 -333 -54 -185 -70 -337 13 584 573 -608 322 -463 -411 91 -74 -223 -379 158 -527 -502 -79 -26 -53 959 -123 29 625 479 -109 -445 1233 -365 938 198 -20 -422 -59 333 132 -460 650 -657 -1064 -314 -108 690 749 -139 -524 -312 -705 33 342 322 -169 -157 -328 512 67 -97 822 1157 829 155 687 469 634 302 -172 199 172 -1038 497 -370 -925 -35 313 919 -29 -68 ]
[6 -308 560 -960 70 -179 -255 -238 537 -515 83 589 548 838 -1011 -58 505 -705 -660 -622 -674 251 -372 60 -495 13 312 170 -796 185 -265 -310 -111 -270 633 -359 -410 701 56 -303 -275 -901 -213 -1210 391 146 327 898 725 169 -112 224 802 -166 278 -86 258 40 -716 -652 145 104 43 191 152 -461 -731 -428 595 -9 264 -172 40 -406 -485 -248 -215 -93 2 132 -502 -918 402 88 387 -33 -1191 -485 17 -194 113 197 -172 -577 289 -630 -184 -128 -821 -39 -688 163 -524 -875 -20 -430 -60 66 -675 520 -542 -103 -344 556 350 ]
[-293 729 -463 -720 486 -21 682 1056 51 454 418 -248 275 -88 887 -23 1119 -495 -290 142 70 300 -274 30 -1075 83 108 -118 -97 -59 -15 -117 -530 -305 310 -650 -683 -762 -39 -177 -147 554 555 -376 195 282 699 -237 126 332 0 158 802 -439 732 425 294 425 630 -661 -277 -575 336 -858 855 669 115 694 -577 -300 -489 -329 -376 369 -1 675 -661 372 473 -462 400 -109 -257 -122 -195 484 266 -189 -473 -415 -837 91 -311 -274 -712 89 959 118 -445 514 169 197 347 -162 -372 162 558 -220 122 134 261 -112 708 136 -552 ]
[-806 -324 595 682 -146 -265 -460 -441 602 -521 -834 -917 289 349 -684 -82 231 430 491 -37 330 -220 15 -474 -580 -195 72 -785 384 317 350 -649 -258 388 -104 576 -604 334 -362 365 265 -422 -761 -396 517 374 -118 345 657 -222 147 3 -543 -5 -74 20 -634 -89 166 758 -1143 222 207 152 -970 -1181 -362 -658 262 -331 1815 -190 -118 1 358 -56 -418 222 -240 77 -399 -88 484 92 -330 61 -546 742 -387 -44 409 363 -68 -138 63 -433 -364 -543 -743 -158 270 -653 1170 363 -29 -21 -687 -318 -92 87 -918 305 406 -719 810 ]
[-319 531 -443 307 268 235 282 102 -108 801 734 -244 -298 -643 5 -555 -248 -643 -644 245 618 -131 -893 103 -366 336 274 -176 -82 746 246 296 282 -1058 -247 -893 -43 -596 -176 586 228 910 122 368 197 55 -226 325 154 538 -280 694 469 -673 394 153 -126 645 -1527 -522 112 -599 298 -64 659 -435 -153 71 -437 -520 -437 119 -105 -315 254 68 392 436 613 -367 -99 48 -408 463 95 468 -26 -987 -371 -1352 11 -339 -439 781 -204 -586 -535 -19 -302 -84 457 652 -370 -289 -80 493 -25 210 -129 -381 -230 -66 486 1030 -845 ]
[20 160 139 -391 452 130 764 585 -494 -358 -73 34 333 453 -229 -109 755 -39 -468 162 65 276 -46 -24 -1417 589 -114 -793 638 -286 -109 14 -1411 -441 -432 457 -572 276 340 298 -116 -635 -94 107 -367 57 252 298 -141 189 715 -472 644 -1056 102 60 324 -761 726 -102 -369 -657 884 -710 137 -52 -307 573 -89 -698 -43 -595 -225 264 -1191 9 -931 257 168 -592 909 -34 -366 -306 -233 -229 415 522 167 -327 -605 316 152 -527 54 836 1122 643 -370 -229 473 262 400 138 -3 -318 -350 232 -126 275 286 -195 951 -27 430 ]
[-184 782 200 668 -697 -928 480 289 -112 78 -35 -974 -111 -694 184 86 -321 17 -351 450 -52 797 -1077 323 -73 534 167 -214 -759 -15 181 -309 -31 -999 91 354 -340 -310 108 480 88 681 -343 619 -696 -224 -654 59 204 521 -257 103 -57 -87 4 126 534 -4 -259 -273 -259 75 514 -496 -186 178 83 429 -462 -471 303 -334 -246 975 234 677 -522 332 375 210 -183 -393 -313 -222 -663 388 -497 82 324 438 -797 -239 -193 -86 2 -198 20 -272 -576 104 386 -150 280 -380 480 445 -261 530 159 145 463 290 1023 566 -486 ]
[-739 -341 126 1261 311 443 -334 655 622 210 -258 -534 341 906 -355 -1051 1087 -359 -229 -175 942 69 -92 -28 -601 102 -281 -533 548 87 -360 403 -460 721 552 204 -1567 196 -814 701 96 214 -112 -279 -75 160 705 837 311 7 -246 -107 -493 -629 411 1054 -364 -777 -530 247 -933 188 -756 -807 -510 -788 -725 -345 -439 -561 134 -1011 -22 -549 -581 281 358 495 776 -600 51 155 157 913 -615 -134 -499 -112 488 -557 53 -333 -1060 44 -294 -283 -37 91 -540 -307 295 -164 82 350 86 -492 -105 559 -667 583 -871 -238 839 88 -400 ]
[-413 -182 -664 1024 -1540 139 -846 -258 854 792 -530 -34 -127 -461 -750 -241 -974 -1649 -99 -253 45 -278 -649 1015 766 304 250 -29 -1502 -338 -78 65 391 -709 77 -383 52 -324 -784 -108 -365 -268 -511 -21 -377 264 -46 -6 -211 -661 -255 43 -376 668 -93 141 465 245 -1024 -403 -36 207 361 -212 -353 -569 346 -248 189 589 -376 191 523 -210 -324 266 160 462 779 -283 -494 26 98 43 -541 -65 -870 -312 -344 -413 386 -428 -433 -457 -391 -661 -2 99 466 -128 -438 -279 -129 -656 355 -1134 481 264 -195 601 -147 487 -415 741 -408 ]
[-181 -760 113 95 212 148 -266 -1315 131 329 1213 450 712 118 1005 123 390 -836 18 630 -187 -199 327 -834 -1 250 105 591 599 1183 798 -74 297 282 -698 -907 -467 -560 -387 515 -65 492 479 -867 293 79 314 71 457 626 -592 601 49 1 599 -34 51 599 -54 -911 -221 242 -1157 522 454 1148 -598 346 502 132 -249 -11 -287 458 801 4 237 -532 -351 -75 187 296 807 61 1238 -152 -503 -1055 74 97 50 -537 340 187 -789 736 -83 187 53 863 239 245 255 118 -389 -83 47 685 -343 -202 -121 772 -89 67 -161 ]
[-25 416 598 35 275 264 -27 53 306 -55 -894 66 -584 -803 -58 -231 -137 507 731 -456 -259 -954 1068 -131 212 -155 -572 -981 143 -232 637 62 134 -51 7 490 589 112 339 -548 517 79 317 926 -28 -64 -225 -241 -284 -386 510 -74 -293 -173 -652 -32 -562 356 209 661 602 191 2 309 25 -159 816 -162 -64 -63 -42 155 -513 338 58 20 -203 -151 -293 166 30 509 -147 -432 -223 -189 629 897 -238 822 503 63 -271 257 366 790 -297 -125 548 -568 -193 -1147 -1283 447 -558 438 51 -851 341 -12 414 -272 -320 -842 228 ]
[-558 -39 1082 -317 -537 -35 -399 -80 626 258 -319 75 -167 219 510 271 849 -95 192 -1002 -120 -308 905 -210 282 -656 -181 -475 523 349 -3 -125 338 1255 -76 -4 -436 491 -269 -634 16 40 562 -766 -285 189 638 -155 -61 35 -328 -829 -274 -174 -167 471 463 260 1097 148 -697 620 -418 -667 -1034 691 -583 802 1344 379 -469 37 122 -334 3 111 211 -138 -617 196 -106 16 57 18 1 -468 -244 -187 517 1368 -332 364 269 -32 -83 189 267 -317 -104 202 -1092 -545 -179 -211 -351 -191 -575 115 -103 519 -11 501 -624 -828 -301 ]
[103 1030 -334 -603 -464 153 647 864 -669 949 40 -422 107 62 505 -153 658 764 -527 648 -259 186 -694 591 15 -696 -509 -593 495 -331 -969 -121 31 -66 583 -238 579 -241 28 115 -321 25 128 72 -224 -875 -19 1116 -104 -688 -68 -738 784 -153 608 -241 646 196 -633 317 -248 -90 -233 499 -41 -290 654 -433 243 -479 -323 -39 635 142 -232 -595 -797 367 12 361 310 -305 -1047 -453 -534 948 230 -95 -496 162 -334 55 337 310 493 417 -473 21 531 520 542 -257 531 102 374 627 -336 -562 1126 502 -97 -135 -735 177 -654 ]
[-944 695 -403 -15 -115 -785 -183 -769 75 -750 329 -213 -143 -182 -48 275 -30 -628 218 644 291 -195 -234 653 138 -223 323 1367 -234 -474 582 257 -261 -506 -786 592 42 -469 23 17 418 54 -167 1045 -212 728 -724 -612 -322 227 41 425 -259 -181 -694 -625 57 714 -133 -410 641 -208 -4 677 470 146 -270 827 -510 459 333 531 -976 747 394 990 161 69 819 -818 500 461 -834 -505 -891 -182 -487 281 4 388 -432 -1074 -524 -500 -162 -3 395 334 -320 61 120 -355 70 -390 -261 377 273 -178 -350 -1018 -85 -309 734 96 -486 ]
[86 -1027 -473 219 31 1027 178 -480 -632 884 1294 295 617 -5 391 -586 -823 -135 -412 678 -183 785 -85 -439 440 317 -494 235 299 237 85 30 -197 -141 -1265 -172 -434 29 259 469 -423 -196 -561 -227 -141 729 -59 -632 -262 238 -97 1026 -526 299 -586 50 736 -29 -458 91 335 -345 -493 -338 82 466 473 372 784 -398 -211 27 64 -188 1122 -372 162 -399 -34 -337 -198 402 761 426 770 -413 134 -830 1397 140 -153 134 960 126 105 -577 184 -236 -56 771 897 924 24 -138 -317 -108 289 1101 -308 -296 104 356 -105 824 178 ]
[461 -176 -617 316 1437 1065 -20 438 98 -129 815 82 -861 -622 -475 182 -955 15 -509 -153 185 -828 30 -721 -49 1142 -338 10 132 258 -407 -647 423 -914 312 -584 699 397 118 -234 -664 -857 1110 662 -108 51 -503 268 463 -45 297 -116 1560 -830 -663 -342 -543 759 -333 -271 674 454 696 -723 58 -246 -136 -1015 -642 -335 -1344 507 168 201 121 662 -745 -825 -22 366 950 202 418 -658 379 232 -432 655 -1204 -1817 558 -32 50 336 17 908 -246 149 500 107 -156 117 -184 -702 387 -354 -534 296 -498 69 161 -191 130 230 803 ]
[-71 1310 468 -313 0 -328 -356 -60 245 -368 -92 -938 -442 -908 419 16 227 498 444 -208 67 -968 765 -521 -1026 798 -135 -405 660 233 1073 407 816 -1007 -719 87 -124 10 -455 -1 -183 562 1189 246 -266 766 -448 -499 -291 29 668 69 454 -554 -125 -80 -928 92 437 101 -489 215 560 -289 -140 781 28 116 -160 190 271 810 -169 -142 -470 337 -260 -432 -483 157 -190 354 378 52 161 -112 339 -180 -375 -182 -154 -96 200 804 219 445 469 -226 355 -596 103 351 -301 210 -346 247 -787 -674 -87 -271 -255 677 891 -41 -33 ]
[-566 -611 454 393 -289 703 134 -310 402 705 872 191 104 -187 550 37 42 -43 -19 544 293 -290 627 -438 -455 -318 -1140 -332 960 -47 677 -211 -923 388 -933 -368 -627 63 -79 573 -146 -546 830 -863 217 638 -60 -331 -213 -247 871 343 1419 -883 -801 -5 234 403 755 282 -1022 426 -114 -406 -2 126 -235 438 701 -945 -22 372 -470 18 -41 798 -1085 -365 84 512 379 480 52 24 -456 445 181 742 -928 -859 197 122 813 -158 174 1141 1153 199 -721 542 795 59 -172 -141 -1520 -1319 -385 -66 172 -545 333 404 878 -127 815 ]
[752 -395 -494 103 -436 -10 -436 -1294 681 277 193 -188 -457 -228 560 951 -953 -247 192 362 -263 -228 -254 406 -368 -666 326 1494 -348 170 -364 -639 291 -121 -416 -1454 405 6 17 -502 -163 -683 -184 12 -615 382 -69 -1168 -112 -366 -321 46 365 299 120 -275 -84 615 1066 -695 -223 -127 86 -495 -225 598 -645 640 -203 620 148 1162 411 -62 -348 19 -302 -111 -31 659 203 -42 -198 -853 157 396 390 285 -885 -936 -428 114 521 -766 -362 242 741 365 -387 365 -771 255 953 -550 -102 -435 116 -110 293 -372 566 783 985 -8 536 ]
[691 1036 -152 -682 442 168 71 586 -327 472 997 332 -321 612 346 -517 467 -17 -835 -392 -60 -538 -69 -754 126 169 1224 64 342 76 -452 309 912 -67 961 -1840 -140 -521 355 -945 -419 965 935 -116 687 264 1086 626 -264 533 -208 -382 723 670 -156 263 193 834 113 -852 -89 -485 -96 -213 -49 1326 -487 7 -187 465 -530 202 34 -1035 -324 -835 191 139 -465 76 1228 846 139 175 701 538 868 -961 125 -39 -327 -233 -591 -154 -433 571 -502 -485 -162 174 -437 280 343 269 792 525 -242 -214 312 362 -490 -241 -288 112 -671 ]
[-525 -156 -58 105 -600 -780 -31 -107 624 63 -702 -257 732 -1005 -635 -41 -422 216 673 -433 62 -442 237 -15 -253 191 76 -199 113 -668 1012 -733 12 -1210 -945 144 23 -237 -435 284 72 -1189 -125 -466 -87 430 -281 -761 69 -376 879 -63 182 -364 -540 179 -430 862 -236 455 -739 705 58 -165 110 -1075 583 349 -133 -454 1914 306 -508 501 -339 211 -688 -153 564 324 -501 -9 -307 207 -70 96 -220 811 -1496 23 437 80 -657 -391 116 -232 325 336 -815 -467 -84 -672 402 700 -327 -733 -416 -770 511 544 599 -221 -557 124 41 ]
[526 -133 765 727 544 -458 -709 246 -198 -743 1045 699 287 345 147 626 131 -532 -253 865 105 98 -27 154 -142 249 -221 266 822 -913 -165 1278 23 777 284 353 -487 -363 -168 599 -120 678 785 -675 782 -395 901 132 -775 383 -637 -660 724 412 -59 275 -728 -660 930 -536 -546 -389 27 -508 -84 602 -588 27 216 -61 -1198 -726 -422 605 88 109 99 -405 -124 -70 967 364 84 537 7 -422 -289 360 1169 113 192 -402 -102 -17 7 986 497 59 -95 -417 -288 -673 10 586 80 -680 66 720 -71 -25 -6 -375 -293 -23 353 ]
[331 514 583 -316 -94 778 -25 664 -259 -351 418 186 90 -319 -1018 -1129 -400 -103 -886 -437 544 -406 3 -1330 -384 1041 509 -907 428 118 -572 340 7 -920 -553 111 23 399 280 174 -55 481 944 -249 796 -77 299 674 609 234 466 -177 830 -1332 -50 31 -526 61 -1169 124 -802 -424 1146 347 305 -434 329 -944 -336 -293 89 298 372 -733 -411 -348 -209 -616 -275 -227 310 257 307 89 376 -519 429 290 -257 -955 595 318 -339 214 227 142 -568 -305 204 -1044 160 554 -489 546 969 266 -786 -528 -20 163 -187 -412 486 606 558 ]
[696 230 -548 -839 237 -28 461 769 386 -1841 636 116 117 353 -357 209 -73 -129 -383 -1085 -673 73 316 -429 -139 489 1011 634 -486 480 129 61 174 -53 1023 602 -1099 506 -442 -155 318 -670 -129 692 418 -356 -354 503 169 249 -270 62 355 131 474 -585 -489 -207 10 61 685 -370 391 436 -250 193 -63 -332 160 127 -144 -417 6 410 156 483 -476 -602 -286 96 439 -241 -137 23 110 211 -853 -260 692 -222 193 320 -21 -199 1279 -1218 -272 -784 -644 139 -586 -196 -245 -100 137 -14 554 270 -827 -263 -720 294 -226 455 -215 ]
[1418 -237 -134 192 163 1564 -85 -524 -224 494 465 192 42 436 1221 -1287 -334 -707 -340 192 323 -48 -580 -70 466 -183 -162 -770 -268 -457 -560 689 398 128 -254 -620 -264 -113 122 375 -452 378 329 -1086 1363 186 463 -159 -689 -83 297 608 247 -25 602 -156 -10 -152 312 317 -373 -935 340 -722 -650 -113 854 -533 71 475 -844 457 381 -948 -249 -704 113 -789 47 20 554 719 703 334 684 -806 218 -643 704 -1018 233 364 1475 210 -68 -119 215 -233 991 618 -23 983 363 358 477 -421 323 401 -164 553 -1209 510 -700 591 438 ]
[-201 -321 -714 910 -429 270 -601 304 1383 -440 -295 -395 -157 -299 790 6 -678 51 754 -470 -187 -282 667 -742 524 932 811 139 150 304 530 -816 655 -120 600 -295 -92 -18 -956 -37 -541 -357 565 534 -717 -301 41 -903 -216 -494 54 -417 -674 1459 -308 4 -810 168 -35 -194 -753 150 -258 -704 -491 378 325 267 -174 481 263 -124 -533 634 1082 -288 160 690 -141 -196 55 352 1592 -747 650 -279 -17 748 269 -180 -15 -296 -89 -195 -1023 332 160 -342 362 -1090 133 -803 586 -41 343 -359 1029 416 -365 1244 206 552 -184 -948 1129 ]
[-515 -302 209 238 -577 -1336 204 -418 433 76 -541 -81 -350 257 -387 525 178 155 108 -224 23 378 -598 934 -539 -601 45 0 315 600 -674 -117 -819 331 -859 -331 817 783 -157 78 -39 -371 -674 369 -916 898 -559 -126 280 269 -328 -878 -534 -504 385 772 1047 -162 233 153 658 535 420 -480 109 -434 -863 120 617 331 313 20 587 -124 -753 -369 264 1234 291 -52 -490 -567 -807 -458 -234 62 -813 -307 -552 264 -764 412 1087 80 -242 900 506 375 191 -88 -1012 513 401 173 -30 -1094 -413 169 95 -322 437 147 982 -427 -778 ]
[764 926 -802 326 -255 -640 189 -280 4 -115 -346 -420 -328 907 801 210 342 -356 -107 534 -274 -51 -1108 1262 -665 -973 -624 -643 -193 -919 -260 -201 -1091 -269 -424 -291 366 -288 29 600 139 345 -642 -6 -334 -631 235 -412 -697 -443 294 587 282 657 996 45 833 -627 -180 1112 615 -989 298 647 669 188 927 -472 40 -102 -406 483 -606 895 -12 -143 338 1205 519 193 -594 38 -927 -668 -844 319 -692 -247 -462 -820 -387 -770 830 -371 465 319 626 571 693 84 493 -135 308 449 -333 -653 1202 233 536 -795 -41 814 -300 710 24 ]
[646 389 889 -209 -646 582 -834 -414 -406 16 -177 -421 -482 -260 -988 -397 -1058 -441 -497 -366 -9 -304 -169 427 -792 441 -790 -1310 -227 -353 -213 512 243 -754 -796 -60 771 1288 175 -474 -304 -417 198 -526 -681 -214 22 163 -187 11 442 -44 612 -313 18 -14 24 -591 -125 106 451 -211 438 1 -57 -39 850 -689 115 -91 -652 1220 350 -243 -226 176 180 -1138 -121 289 -1197 -197 121 -280 171 -89 145 41 -55 46 286 417 110 152 490 415 199 -224 412 -787 -683 160 -565 -658 466 173 -461 206 -373 634 -4 145 -814 806 683 ]
[165 -724 633 547 -263 540 174 -1136 37 340 -494 -86 279 -463 337 117 -401 275 579 -707 431 57 518 -9 -1134 -1354 -1536 -1343 884 -185 723 -785 -958 784 -1880 266 273 -201 -63 -42 780 -168 -221 -812 217 -160 578 -962 118 435 773 713 100 -832 -5 973 315 -174 1187 620 -310 244 -402 149 306 -300 1480 695 -78 -281 436 497 -552 12 225 156 -67 -473 1044 100 -1014 586 -257 30 -265 -510 391 757 -875 -269 570 903 572 -243 -146 722 757 759 110 -55 558 262 543 454 -1393 -282 -179 -275 -6 -575 727 91 -234 232 239 ]
[-60 189 211 14 1035 275 -853 357 -838 514 140 -145 -7 99 437 65 421 -206 784 1487 239 -290 144 -401 -190 328 -812 -403 283 -199 -519 712 -658 -397 -847 -845 481 155 670 -256 -761 604 712 -28 207 1038 -130 -1143 -194 55 -247 308 -273 -580 -263 733 -187 178 262 1056 430 149 764 375 782 791 -40 658 -279 273 1 362 115 -358 932 285 363 -358 -718 -358 -661 712 978 430 348 167 254 427 -646 128 477 -588 -234 624 -464 211 324 -474 501 -427 491 -61 -1169 148 -444 46 121 -320 -29 220 -725 75 355 -188 313 ]
[-474 -460 53 -110 481 627 401 -107 258 -258 -680 1141 597 734 132 12 505 -588 101 585 0 996 -100 -56 265 147 459 303 88 461 539 -170 228 518 -265 328 -193 396 280 74 -77 50 517 -183 433 344 925 213 -117 -97 -187 -99 -549 450 -626 -138 -107 -300 -427 -1170 594 -4 -250 -62 107 -118 -443 312 -194 -113 129 -788 -336 166 161 -251 518 -247 -76 -451 -416 -195 765 -429 250 -690 -1052 128 446 -45 413 170 425 92 -449 731 769 370 -634 282 223 704 -226 -208 -85 -385 614 499 -227 -26 733 -389 -280 -607 1207 ]
[417 310 -295 -107 285 808 -518 210 -723 220 267 -588 329 554 -1001 -369 -333 -364 -710 236 -222 -154 -1034 -140 -589 1046 -70 -963 325 -538 -98 280 -479 -1072 104 -293 -880 -54 445 -127 -848 337 -145 18 365 630 210 503 -706 104 -138 35 -24 -62 182 69 -58 -483 -240 307 -233 -1399 1332 -628 -162 495 -208 -1220 512 -286 278 217 273 -680 -155 -312 -992 -141 -664 223 1006 527 611 345 -107 -319 549 -440 194 -545 556 627 65 -114 509 -182 -233 -134 -629 -533 147 464 17 -49 772 -252 -242 -250 -743 -140 -950 302 865 404 281 ]
[197 636 -549 267 93 -292 -262 -286 904 244 -30 -88 -702 103 -573 -198 -168 -454 532 -650 298 -8 -785 1185 -554 -275 -979 -648 -146 369 -287 -103 117 -74 77 -454 224 -271 -897 -60 283 584 71 -1152 -53 387 816 -573 234 273 148 -882 526 -346 726 1070 789 975 705 413 937 429 510 -1051 -469 914 -428 122 -4 -403 85 762 -671 601 314 878 -14 399 1251 164 -337 344 -13 -368 -43 217 -997 -1013 -97 189 -684 1723 662 72 -698 52 714 -180 -230 445 -944 -17 982 422 -978 -382 -608 269 -538 87 -444 365 -608 102 -998 ]
[115 430 -190 -862 -285 -53 -281 654 -514 -354 -133 -175 418 1099 284 -174 1112 -277 -317 372 -89 -620 -365 -575 -15 444 1271 807 -266 -51 -598 -253 -525 -277 -102 -107 -172 -295 506 -313 -1355 94 574 -1018 177 945 -398 -384 287 -1014 159 253 -232 -215 -39 -1 375 -620 239 962 -1058 -324 1125 917 572 440 -738 230 -208 670 769 496 1040 -1184 -192 135 84 518 -1260 -21 -403 -421 571 296 63 902 599 727 -1098 -756 -692 -1020 -126 -226 -101 -240 -235 -612 97 -625 476 270 328 656 1296 45 -374 -1396 305 -434 -649 552 1803 -172 240 ]
[328 769 49 111 -395 -865 -564 -600 156 709 -1648 -808 -434 -109 181 -226 306 -248 416 1129 417 -25 -191 411 -371 -214 143 -1020 -730 -835 475 155 -134 -765 -501 4 -175 -260 298 27 -622 330 99 -535 -273 400 -801 -908 -278 -435 110 133 545 394 -273 -545 -419 550 902 7 -813 355 761 798 -448 241 -411 295 -309 -286 1555 -321 -333 335 -223 144 -796 -365 -424 729 -35 587 -403 -558 -571 389 200 564 -872 82 45 -945 560 228 -277 838 703 319 -503 460 -3 -776 27 221 334 23 -545 -532 263 -184 -204 863 941 -368 600 ]
[-20 -263 -654 38 387 27 -653 -52 161 662 369 756 -157 44 -214 -783 685 -350 363 678 -11 -175 407 41 -753 -70 -288 -354 57 1187 -507 192 -295 937 -736 -1119 54 417 67 425 -418 -67 271 -1093 -229 772 1020 -860 1052 -85 34 -391 385 484 690 232 -104 -19 331 -258 354 452 -390 -198 134 -568 -684 -252 -53 -98 25 -641 314 -197 319 -620 440 639 -15 -500 -278 -241 59 35 1124 836 781 -513 310 -674 -316 9 675 800 -639 -336 95 -471 507 -307 -554 -474 22 397 -695 -58 584 824 594 377 -436 579 -96 -408 60 ]
[5 114 -295 962 1015 -1015 -94 -269 -732 572 385 -694 -222 313 219 420 255 1166 302 769 1101 123 -1357 163 301 -323 86 439 425 -679 -253 408 -360 -101 857 -714 96 -544 -575 424 -612 398 550 21 -301 385 -1191 -906 -126 -10 -193 -574 -155 453 -184 -187 -300 718 445 686 -272 371 -95 286 -203 342 -1194 855 -270 -908 1002 47 -1002 -184 353 525 105 515 277 -238 376 274 -512 330 92 289 -26 4 -264 -66 -424 -217 -260 225 -354 256 1 47 -1047 -201 187 313 1113 -322 550 558 -659 -316 50 -478 -277 -378 418 257 -737 ]
[540 108 -695 236 849 -650 145 816 196 -1547 502 -102 348 783 -129 -882 -103 913 347 88 245 68 -499 -161 597 804 995 372 95 455 -1063 637 -150 138 580 26 173 639 -262 133 144 -62 354 1154 801 -41 -833 1227 438 -49 24 -537 513 182 88 -144 -439 -1 -775 152 1055 318 33 1650 429 -563 -456 -475 -790 201 215 -780 -166 -295 537 -16 304 -390 -157 -219 647 648 -120 -65 -16 1156 -769 823 129 -296 545 -245 -350 547 428 431 -490 -657 310 -790 351 -247 -623 76 988 368 469 118 -75 -91 -1278 -847 -93 313 -434 ]
[-97 -174 -222 -390 86 472 393 1077 124 31 -260 273 -707 34 586 562 -71 -379 212 -754 -58 271 -189 -75 308 419 187 264 -732 -271 355 -217 202 -50 828 -30 739 384 683 -1063 -438 806 559 465 382 -9 596 -429 -32 -11 -64 -263 -235 534 88 685 229 6 429 14 1044 126 525 -891 686 906 -199 -316 -630 31 -1349 60 318 -686 397 809 518 -87 -475 1040 -636 -551 336 225 -190 660 -298 47 -930 -698 4 596 -399 426 135 -734 -143 -756 -279 415 -459 995 -593 -47 -585 -287 573 -109 -217 -255 1033 -367 -275 -163 135 ]
[-272 200 -223 -568 -372 521 616 -480 -663 315 202 1659 661 679 170 -670 698 -722 -618 789 -957 971 -1098 423 785 -47 629 600 -688 464 -175 -307 -921 264 -186 -958 -134 -17 345 400 -801 -94 1182 -415 -354 461 -143 -760 -183 -542 -128 -92 144 203 -497 -947 1216 377 -457 -616 212 154 -541 724 394 -601 -224 494 45 -302 667 -397 -203 100 -346 -773 304 961 444 -486 -9 -26 145 2 78 -291 -94 -654 373 384 -590 40 1061 311 244 72 27 -140 -376 155 28 708 -258 -1009 -41 20 217 95 164 313 468 260 303 458 -29 ]
[367 313 853 -31 -819 59 127 349 283 148 5 89 116 -985 654 -410 -215 311 104 -380 -74 -364 629 -458 -617 170 571 -818 606 -758 111 655 -133 317 -332 -588 421 -14 536 422 148 205 192 -144 754 -645 556 312 -583 233 324 -569 1316 122 782 274 -492 149 181 -594 -1229 -573 -263 302 75 -311 491 -473 -629 240 -91 -118 375 -190 -647 -680 222 -186 344 602 302 94 -987 268 264 1094 1389 407 -642 -289 401 187 257 356 75 164 241 -325 -54 -343 -264 57 -97 310 -106 -261 111 -313 993 13 228 -746 -208 193 185 ]
[1006 -616 -725 659 753 -64 -400 -565 964 -1535 511 -481 246 -371 695 662 -684 695 336 -138 326 -8 -154 -483 41 555 147 403 236 157 -1067 112 370 -545 -57 -130 451 -13 -711 266 98 -374 367 294 262 -507 -736 -599 -459 10 -447 136 501 720 517 -362 -1239 -33 270 -7 292 28 1083 -339 -274 543 618 -712 443 -32 -534 -240 4 84 462 -439 366 38 -61 573 412 437 1143 -257 452 -538 -749 -100 605 -667 121 -161 909 361 279 -290 28 -82 766 -84 138 432 338 95 611 -592 422 183 -514 -932 -470 678 194 561 222 ]
[1432 580 -165 195 260 11 -539 -356 -201 838 245 -379 -183 146 -798 -118 57 -37 -948 153 1064 -823 11 383 62 -87 77 -206 862 -661 -430 854 564 29 -9 -1224 255 -293 -469 -351 -781 352 868 -655 42 -225 166 176 212 482 -479 -547 739 450 -420 3 -665 723 -209 -411 126 -25 -245 353 -977 694 147 -338 293 -149 -603 569 -390 8 -322 -1098 24 -720 -73 37 578 580 -301 -459 1035 -592 -336 -309 231 53 944 -550 -177 366 -219 1277 48 513 71 -408 -417 -124 605 203 674 310 -847 22 74 -406 -656 -490 -1088 852 -901 ]
[-219 -106 162 542 -901 -913 -28 857 473 -579 -360 186 -737 -662 -924 -98 378 229 709 -227 167 -121 485 70 -449 399 253 -703 51 130 1241 101 323 239 883 641 70 210 54 138 398 293 -103 -137 82 -46 356 672 973 348 1096 -462 241 384 -500 727 85 -274 647 5 -288 753 314 -30 -117 -65 -219 -387 -874 -337 391 -415 160 417 -411 -80 -235 164 -441 227 -335 -528 292 -5 -41 540 620 326 -60 -303 725 480 -295 203 -337 -16 823 -427 -167 -644 228 -498 -249 444 -630 -521 176 403 519 34 506 -179 -42 -541 338 ]
[-149 144 -158 198 666 -476 278 -356 -43 5 98 -645 502 -206 68 -187 -54 231 -100 606 692 -104 -665 64 649 376 -525 72 1197 -876 301 168 386 -670 -120 685 -741 69 -685 845 -322 -123 297 271 -128 172 -960 581 -299 75 -140 615 7 426 -465 -20 -185 1078 -406 163 357 183 -1072 481 -292 -546 2 -390 373 -891 281 -275 -1637 911 936 -87 -94 -215 743 -538 392 511 -475 25 -548 -494 -1368 229 385 1195 440 -758 -292 510 263 -118 -210 440 -1069 -100 142 -536 -308 -255 205 -230 88 398 -678 -50 -90 -1222 -1067 729 -152 ]
[-599 583 -81 -531 197 -106 792 -332 -49 -121 517 159 879 -17 126 -213 800 219 -312 42 251 -111 541 -638 340 220 832 189 123 -244 -684 -244 152 973 127 -327 -221 -838 -90 323 91 -69 311 -290 -199 -365 705 42 47 392 -470 -608 697 644 -572 -350 -72 1004 -474 -927 -675 477 -188 66 -483 -195 -183 225 81 -231 298 -227 -1179 223 -64 59 -31 -77 756 -33 1166 750 -597 -493 -43 368 -202 -141 700 776 -124 -802 -1021 -16 -361 -357 -214 -9 -463 580 486 -2 1036 -568 476 311 -50 -636 356 -495 -339 -728 -590 255 -724 ]
[328 -61 -79 776 -603 -589 -84 -223 -3 -316 266 -503 -369 29 -292 81 -191 1 175 246 -908 14 47 1233 -683 97 529 506 -299 -103 631 570 373 -674 774 -694 542 247 -139 -695 -466 -124 -254 1752 -667 156 -1166 900 -17 163 -525 -603 -264 541 439 -15 -239 13 -1063 -796 1256 245 -987 916 129 516 -69 -491 -722 156 67 207 100 228 -19 -686 -718 -256 79 120 210 14 -483 -746 361 871 -371 -752 -187 222 761 -155 -195 306 182 653 -502 -93 16 -571 -306 -29 -873 -576 -228 662 274 -129 -730 -64 -485 -325 166 554 -861 ]
[332 -734 -962 1024 1024 -341 -51 -392 631 515 -144 -985 -53 -850 -155 426 -688 750 392 456 493 -808 646 83 -67 548 14 254 -44 1045 -174 -392 259 -1047 -833 -832 644 104 -456 69 98 -1209 -662 1023 -1444 388 -1752 169 519 142 -401 -146 272 -205 -240 389 -246 358 -508 -506 1297 689 18 -400 -85 -19 -480 234 118 51 -366 2 -9 502 226 -346 -225 -304 -446 136 174 -403 193 -886 702 1139 -434 430 -598 -297 -43 -787 87 498 -227 448 542 442 377 82 8 -489 -491 -856 186 94 -449 543 -6 -161 73 -173 665 27 -683 ]
[411 -1015 245 903 788 432 -10 -15 -192 -575 4 887 -505 499 -394 -1264 11 481 1105 -140 -204 162 1240 -977 556 770 979 857 -155 134 174 378 426 93 199 260 348 224 441 -194 544 -16 -789 342 -58 -189 -486 176 360 279 446 -25 -1051 260 140 175 -329 -335 105 254 116 346 -813 -32 106 -165 -647 -310 -1057 300 737 170 424 -703 -557 592 1154 -774 -525 287 -506 299 742 835 808 476 151 322 476 -107 -65 -109 -745 393 -511 -862 188 -602 879 234 201 626 -1063 277 -202 192 -606 350 -763 509 -182 6 331 -1095 185 ]
[141 426 -279 -866 452 516 -128 777 -395 659 -224 -457 -495 -563 -136 545 329 220 89 83 35 230 294 -237 -655 -43 -536 -210 591 -308 -981 244 -354 -375 -246 -932 136 480 54 -721 -179 311 -439 716 -703 248 684 -605 1064 -415 -746 193 -607 590 306 799 214 300 887 -58 319 -266 -255 176 629 311 -36 -241 431 -274 -813 -236 333 -105 472 -1042 -240 451 -539 -264 -643 146 -196 -352 -312 -681 53 234 250 242 -641 -84 -119 226 -69 -42 91 -408 579 -188 -230 -76 -227 -319 -280 848 191 315 45 -170 295 196 220 165 -207 ]
[-611 -45 -32 -789 46 -800 192 86 -369 -298 -58 172 410 627 469 -272 -402 -222 30 712 626 -28 -222 -521 -302 5 1055 1011 -239 666 -456 -411 105 742 -355 1234 84 -337 641 220 442 -6 -438 305 446 171 112 860 -254 226 539 -41 -246 28 -310 -1006 -755 -897 196 -881 -211 -1049 517 -78 -132 47 -563 376 -431 623 111 -291 786 -199 -213 -197 185 604 -4 -1057 1192 -77 477 -264 -108 -594 1614 387 665 23 -676 -554 -79 -914 -556 -32 -23 537 -496 456 916 -36 989 529 1228 452 1009 -918 620 -314 -57 -58 1363 -393 590 ]
[485 -252 -177 361 -182 304 -603 782 541 1760 -1268 -492 -1309 -805 158 387 -867 282 217 -130 -470 -483 445 -60 762 -45 -1226 -433 -881 -667 -1073 -113 -165 621 175 -154 -56 -167 848 -141 119 292 -821 484 -186 -622 -196 -510 40 -398 -356 563 356 143 -559 -223 281 -275 175 98 -1003 -33 578 -171 223 -507 -31 -319 386 229 -972 122 865 -424 -368 335 -573 65 -424 877 -396 -418 -783 323 -1393 749 434 1598 -1062 -1068 779 -190 -200 -59 183 -425 -59 539 762 -218 46 -480 -1335 -1093 -213 -473 642 -658 883 -635 210 530 870 55 563 ]
[-349 518 -285 -906 474 1385 -226 406 -299 45 -164 -294 -268 106 -141 898 650 -851 33 790 -26 -175 227 -590 -1087 859 -762 -204 193 -56 -777 -69 -717 -448 473 88 -324 -172 211 -520 -203 -301 682 163 -582 -58 512 -167 -114 -1150 -210 -399 379 -1039 89 -446 -835 -44 184 -142 -719 -8 744 82 289 837 -366 -239 -475 -36 -778 234 696 394 -327 736 -613 -703 -527 -535 481 -238 -206 -788 -287 107 -69 414 -618 -785 -382 -511 -523 -425 -213 116 308 155 1026 307 521 -684 -41 -642 -494 414 9 -730 -160 -150 188 11 432 -125 1068 ]
[1 -211 -210 -724 -1400 -451 -880 -545 94 -706 511 -141 620 -480 -281 159 417 -425 -67 268 631 -265 847 -80 191 497 -511 814 -178 154 538 1001 686 314 -61 1659 -762 148 -1034 238 -397 -275 494 -985 -251 -252 -621 -116 817 -242 -2 204 609 1096 285 4 199 -373 982 -28 -368 1261 114 776 404 920 -104 89 669 575 -141 -622 344 190 -278 350 -359 -680 -506 427 220 44 462 -57 184 -650 219 652 1291 544 -30 -627 312 -5 110 -13 878 378 118 177 248 -48 1053 275 483 -720 -75 487 -34 -503 -214 646 117 235 -377 ]
[75 4 -77 271 -591 178 -373 -525 -237 -342 424 398 653 -253 -3 60 -543 -267 -420 117 599 -251 -330 -83 58 910 357 -63 365 -861 481 322 3 -379 -1485 1040 -317 -434 288 743 -587 -105 1420 -1093 522 429 -77 -758 -338 -97 728 -484 1154 -700 -1281 -495 -95 67 166 41 -1720 -60 711 787 -761 374 328 120 -58 90 190 168 -381 369 -88 -198 -387 -1164 298 -262 761 964 -256 147 -73 -1092 -180 113 284 -295 545 20 1101 -12 297 -153 394 444 25 -239 291 758 700 48 815 -609 -1041 -156 358 -1192 57 -13 6 1200 334 ]
[-13 669 982 519 -233 -738 79 -22 329 -590 -178 -136 -1021 197 -139 -370 162 135 9 -463 279 435 -1625 508 -767 -654 -195 -588 -221 -316 465 -257 -209 -371 1567 -49 365 24 -229 674 592 -89 -689 -650 326 -858 282 1112 -218 351 499 496 261 -395 963 569 324 -393 -1165 -8 -669 -209 -494 185 198 -1114 232 216 -1161 -32 868 -3 -517 7 29 -79 488 1218 1473 -201 -1134 -909 21 528 -179 775 -210 -395 113 -461 -599 -94 -222 -338 -403 -226 -362 -800 -323 -998 -21 -794 178 7 -282 177 492 12 -439 1515 -536 -756 -281 301 278 ]
[147 -473 -68 654 447 202 -258 177 163 127 -684 14 581 40 767 380 612 -465 34 389 -127 550 233 -314 73 99 158 462 548 -426 -69 1025 -625 -193 -761 -132 -644 -233 -1172 419 -319 -108 751 127 -503 -190 -594 -204 -369 -230 -798 -204 -517 -67 626 437 -203 -683 -318 -96 196 162 -700 -20 958 529 -346 748 1160 -661 -78 -1077 -173 -25 -337 -705 11 151 -162 208 -156 -494 466 43 734 -818 -848 -214 162 -10 -166 -497 580 297 245 1050 540 954 -357 -418 -278 224 -1144 -6 544 -645 755 265 -319 -216 346 566 850 433 -789 ]
[-285 58 843 701 -1061 -1050 -46 51 -361 731 421 -500 -750 -617 -82 -352 -483 -632 -201 602 1119 -450 -403 175 -106 109 468 -392 -708 -510 1085 518 358 -170 915 433 322 -309 -819 -10 117 3 -454 -496 304 -746 -641 347 296 391 -272 190 356 590 -236 383 -215 513 -239 -78 -564 105 -74 568 159 -114 274 254 -373 -543 155 -622 -212 707 1135 504 397 -73 -72 -39 -531 164 -64 283 -15 462 780 50 271 501 492 -137 -384 -135 -117 -147 466 -592 -861 -2 86 -788 314 224 785 -69 348 219 671 445 -166 -537 -615 546 -297 ]
[69 437 404 -833 668 5 37 288 -375 -443 1516 571 475 268 551 -559 408 175 -617 -577 -749 315 29 -206 -903 -394 233 598 892 -338 -631 203 -225 272 -496 -419 -780 -158 100 -83 -557 -647 419 -155 -68 895 -250 -992 -415 369 22 -55 521 189 -429 -241 -375 312 469 242 -326 -956 -70 -202 183 -290 111 378 1162 -758 -164 -198 -641 -643 240 -730 -450 673 178 -578 639 460 -905 547 529 -43 9 183 1323 514 -1054 -65 565 -292 493 -789 -178 -551 -301 -481 -203 92 591 -294 248 623 -126 -454 -474 -232 -828 340 39 374 -509 ]
[799 241 -242 -618 -1046 -342 82 -153 1057 -1317 -404 -514 189 -185 15 138 -666 -202 474 -559 -824 -192 -43 -774 263 -150 338 253 -1470 256 306 -17 778 215 477 418 -320 705 -472 -153 157 -378 170 -642 866 221 -234 -453 810 -432 -28 594 789 613 443 150 160 183 1004 105 266 702 268 1031 128 -104 562 -445 -429 884 685 185 204 282 214 638 -321 -949 208 826 -671 142 1032 -530 -598 -39 -515 560 -562 -503 369 679 590 -268 974 35 188 -589 -265 -236 -626 147 -54 238 280 -385 322 -26 177 -291 -618 898 655 98 407 ]
[-412 349 750 390 465 222 171 378 -606 -437 445 843 -543 227 -79 597 114 -514 -541 -256 -150 -166 -553 -431 189 233 24 -549 -140 -251 282 -553 291 -348 343 748 -78 -742 -113 737 1139 883 554 -633 631 -1708 662 858 111 390 47 222 431 -60 -46 1 -78 -650 -540 -73 -232 -513 142 -165 301 -235 314 -1227 210 -1139 -236 -24 -549 1280 1057 482 187 377 60 152 -468 -742 -316 760 -642 6 -749 102 -607 -854 -102 -157 -86 -535 582 -898 -1185 -355 -73 163 664 -421 -172 -28 284 238 -295 490 -268 -437 -104 182 -1051 413 660 ]
[518 -673 -90 311 194 -786 506 305 -211 -731 85 270 939 -345 319 -81 -605 1066 367 645 681 139 -35 378 1521 -669 441 407 244 -216 -186 149 196 1094 -242 791 437 105 -60 1054 -49 -632 -344 125 1112 77 -831 -329 -799 -771 418 -545 74 162 -296 -30 89 -1 667 1159 357 1120 267 801 -1218 -1176 264 590 27 248 102 -507 237 -597 -101 -984 523 491 230 -146 603 785 -41 891 -19 -137 502 404 570 619 -215 -389 759 609 352 414 -290 -514 23 369 814 -280 1111 1926 355 -289 -448 -332 592 -87 -397 -1267 -1109 -165 279 ]
[-517 -121 177 793 -842 -722 -594 -37 15 -6 -118 -284 480 -683 -521 826 186 -293 439 442 330 320 12 1110 -241 -353 -176 96 -231 16 347 -9 36 -409 -630 44 -104 -467 -23 375 276 11 -932 -44 -702 -205 -494 20 -222 781 -305 234 444 -482 283 492 117 9 -136 -642 -461 695 107 208 -73 -454 -275 824 -54 -114 418 -181 282 -261 -381 475 258 -441 370 616 -1222 -310 -321 954 -258 559 -610 -178 -391 -362 213 -935 -1034 380 -127 -501 348 523 -326 -15 566 -417 -1017 -348 -378 -150 -303 91 -149 -151 270 212 422 539 -1049 ]
[173 894 220 -1274 289 462 328 -866 -700 1 250 297 106 395 478 -160 771 -210 -274 242 129 -226 -284 399 102 -573 -717 668 98 -317 504 265 406 504 163 822 -145 -425 247 -443 843 383 936 -1108 365 -790 645 641 10 44 39 470 65 -1199 -314 -76 585 318 4 -417 78 281 -923 758 305 779 309 609 -530 706 -397 456 -147 536 -72 335 132 -1138 344 -28 323 363 -309 -257 -290 -866 267 -404 433 552 -106 -605 -88 -232 234 1235 451 325 -16 353 68 -168 -61 90 637 793 -125 -283 34 -400 -61 -754 -150 414 -494 ]
[-309 113 706 915 328 -776 -1142 834 185 -571 96 -454 -328 1034 -1685 -99 -220 628 -584 -572 120 -297 -249 -127 -242 589 -275 -249 77 -70 -947 982 -587 -257 92 745 -381 909 -646 611 -145 -510 -419 259 -447 630 174 802 -669 -288 666 -164 200 -224 -377 67 -334 -1490 -259 1357 251 -97 324 -770 -1462 -102 -1127 -392 792 -400 -203 -503 184 -114 -412 739 859 855 0 -861 -590 -61 753 1140 -430 1 -473 -507 1358 251 -591 -152 -204 -44 1002 -495 248 -693 -290 -409 71 -374 -631 -57 119 -1053 -781 1256 -721 316 -1056 386 314 460 362 ]
[-299 -1043 -247 481 -98 360 268 286 875 78 -35 127 -324 396 103 -356 294 -316 189 -890 156 -285 -226 46 275 -520 432 -384 -653 600 -254 58 -716 575 1339 -957 -235 489 -541 -456 108 -527 -222 -222 264 20 -198 760 597 -205 441 213 -40 -142 856 15 302 94 250 618 357 107 384 -58 -425 -862 -342 366 192 -77 -354 -563 66 -1430 223 110 492 984 42 -713 -170 -8 155 -260 55 706 292 -342 -300 57 205 642 19 -145 -445 -901 -33 -940 -107 -370 -358 -82 -382 -1035 -416 -367 520 342 -429 653 -220 -134 -228 -325 -107 ]
[489 369 738 -568 -1367 -140 445 -299 562 -375 287 181 -251 -595 -463 -669 104 -865 -673 -199 464 -138 -1067 -474 430 -278 1444 770 -635 -455 -631 613 616 -44 1095 86 335 -738 135 -279 287 770 262 -321 1086 -317 303 656 181 -469 -556 104 429 125 -487 -45 -94 1666 -491 -471 -1153 -161 240 1196 34 -303 142 -116 -1316 570 -26 581 283 -807 -850 12 -202 -511 526 210 726 398 -751 -377 -662 -93 406 411 396 -257 284 -503 -1197 -473 -265 -593 -934 -531 -691 244 -480 36 -48 289 479 637 -393 -1102 -353 -586 -289 -1056 77 506 -164 ]
[109 496 -447 -731 -554 -56 683 1519 -195 1019 -14 -569 -272 -419 51 -540 -836 434 -442 -419 401 -1073 -985 170 583 37 -439 -374 -264 396 -589 574 203 191 1226 444 -173 -197 -303 338 391 529 583 -4 -212 -420 -748 1128 -237 -229 23 80 -92 -895 73 79 -206 -251 -572 823 263 -751 1028 -659 -350 7 483 -440 20 -421 -643 357 824 -1 163 202 -386 329 -71 -86 -403 -979 -34 984 -353 789 778 -120 -318 290 204 328 -428 629 970 -213 -317 -981 -614 11 181 -384 -288 352 649 -174 97 -1339 568 517 146 -232 190 645 -1207 ]
[-472 -509 -321 750 496 -42 1243 670 361 -714 177 659 -223 -1319 -33 -117 -1020 60 375 -1004 415 -170 -558 124 -68 910 727 386 -952 893 -284 -1234 -176 -691 202 82 757 150 472 -213 655 -1142 -105 750 -439 -655 -371 105 568 430 -10 -166 310 -459 -125 564 267 439 -124 -577 967 172 417 -641 -148 -1136 789 596 -1856 -440 -702 -1029 -657 272 387 551 -89 -23 1466 313 -821 265 -226 131 85 496 663 320 890 346 -1083 318 -682 261 -94 -463 -886 -627 -572 -51 -530 -714 -891 16 688 842 430 96 -83 853 1541 -918 604 -242 -786 ]
[908 61 73 -95 -50 -365 -644 -58 -221 125 -137 136 -918 130 -27 112 148 -140 201 -63 -843 -298 -528 793 -959 70 222 116 -630 -399 -154 -46 452 -301 772 -992 608 951 738 -767 -813 -947 -184 -90 -1233 900 355 -1020 -375 -75 142 -646 -101 1065 -103 617 637 -455 842 254 1189 -520 180 -1434 277 583 117 434 -400 1119 -524 884 856 -143 -1257 -9 903 13 -613 468 -441 -714 185 171 709 218 361 -499 228 -284 -452 139 35 -425 122 11 567 -142 193 41 -1608 330 145 -252 237 -519 -245 918 460 673 -104 302 -346 118 155 ]
[-147 155 -2 11 992 -92 -305 -57 -51 -868 -337 -42 673 484 -676 -958 1238 592 182 587 569 -25 -508 -28 -822 -177 170 -352 1286 181 1356 506 1074 -330 297 1108 -605 -431 -1123 948 470 -487 172 -309 686 415 628 782 -339 -429 202 -74 -19 -563 -232 29 -992 -281 -649 -125 116 378 -594 320 -94 -633 -324 -406 -541 -175 1718 -793 -390 405 -639 -276 330 -430 389 160 -52 389 132 928 202 -300 -312 -507 255 -228 214 340 -517 670 340 228 178 4 -512 710 843 -197 462 1616 13 -331 -852 -123 -374 503 -961 -1175 -612 246 4 ]
[447 -1173 -257 -193 804 281 745 102 -125 127 -433 1304 83 -261 336 477 -945 -314 -46 -89 220 238 -388 1131 282 -195 877 232 -20 -504 -52 -519 -425 -37 -306 -317 941 87 303 84 320 -1187 385 -139 698 -514 -199 128 -414 -298 555 -785 743 355 -269 -496 -679 32 358 -1146 574 -842 -6 -260 76 -1286 494 195 -76 -397 -757 -260 -176 685 346 -539 -373 -1 752 -287 245 -545 -846 -117 119 225 -73 1082 -768 -664 404 349 468 -226 158 459 -43 424 -324 -662 -718 -396 -52 1 211 -91 503 -69 209 559 738 -885 -1440 -123 334 ]
[666 -80 -224 -437 -331 -1334 0 178 -101 222 499 279 352 635 -362 -1111 245 56 -291 476 177 293 -1084 11 666 -302 606 317 429 -8 -1209 354 -133 -35 -688 -889 303 -359 613 125 -1102 131 -374 -1878 542 1087 -59 -804 263 508 -67 -195 78 22 0 572 1139 903 -2 1055 132 183 582 -120 -208 111 19 463 3 -135 1258 868 167 -278 303 -422 -80 -236 -84 -354 145 456 178 333 1030 80 254 -723 442 470 111 215 752 -200 -507 -437 317 -433 -722 1021 -660 55 844 1161 494 -89 -126 -72 252 518 -469 440 -562 444 -431 ]
[-706 220 88 465 133 -324 -1145 96 645 381 -570 -331 -1358 -398 536 515 -753 -580 773 -114 79 -426 132 213 88 173 -430 -1691 -292 -233 168 760 402 -731 -252 -83 841 334 -609 120 -453 -188 32 12 -27 -66 -905 -516 -844 -394 391 -498 194 378 -177 306 -818 463 -104 1002 -40 -62 622 -24 -284 111 -574 -128 1117 -630 -391 277 -88 -72 766 400 -302 460 -235 204 -220 147 692 -70 288 -98 -828 135 -741 -660 199 -360 832 123 -457 639 58 -168 535 227 -140 -433 145 -517 -98 -284 -33 420 -215 221 -469 1767 -1217 -354 538 ]
[-1007 381 -258 422 30 -133 182 387 201 -697 340 -604 410 696 -246 -769 788 792 313 237 379 -23 215 -508 7 -172 434 795 466 909 -695 352 243 -236 -116 -402 124 -52 -462 146 200 -675 230 8 707 -200 664 1208 935 -382 291 -459 6 -376 944 106 -338 -245 -1052 395 206 823 -966 89 -600 -737 -3 -640 -459 -845 553 43 -366 -582 -163 229 132 182 654 18 -614 338 685 60 29 566 -844 -972 61 -632 -940 -242 -352 81 -167 -25 -376 -525 2 470 158 484 346 450 -210 1115 -443 -101 14 516 -1563 59 -232 -630 -1039 ]
[-12 -351 -798 770 580 -14 -817 -99 -224 882 339 -55 -339 -6 192 327 40 -884 345 1362 -265 -71 -153 1377 -78 -616 -623 -558 -349 -1005 179 -400 -1034 30 -554 -113 502 -109 439 48 -1033 32 -501 -1089 -977 545 -333 -1902 -553 -217 21 -59 139 974 -370 14 1116 618 662 320 -57 -434 -163 -950 -36 349 -185 -101 686 725 -819 103 -213 947 1346 -75 316 559 -208 283 341 -145 -2 -565 56 144 168 -261 171 -120 -438 -641 1115 607 -975 88 946 194 686 320 -130 -678 663 -455 -526 -706 91 1101 41 -158 374 91 -770 -387 597 ]
[-205 398 196 159 -346 417 609 790 -299 180 -50 47 -202 -632 8 -581 -131 -132 36 -452 462 -267 838 -1024 28 806 747 -206 334 473 665 -90 366 -187 249 -393 120 -391 -283 -163 -85 -693 1030 228 -400 -584 -534 169 -18 439 795 -557 392 27 -827 -615 -344 504 -310 156 -609 366 474 -100 224 119 440 695 -149 -455 215 395 -316 -251 -777 234 -595 44 -222 323 571 849 -29 -568 233 441 904 415 -1027 -239 10 -112 -309 27 -555 193 330 -322 -120 -159 465 -132 -331 -387 67 -379 77 -994 78 643 91 -3 259 -307 -387 ]
[639 421 -792 197 1579 836 8 834 -575 -335 -617 -532 -670 -214 -225 379 -436 594 35 29 -508 1106 20 -61 200 -654 -489 -93 174 -400 -292 -287 447 -221 148 202 -275 338 882 -727 122 386 -59 1460 -46 438 -204 -411 -202 -55 -597 170 -666 102 401 -522 -241 175 586 513 1297 -184 809 -260 462 72 739 -817 -361 307 -348 263 78 165 215 549 -427 -708 -758 714 402 595 -564 -922 -735 -371 -312 575 -583 -503 154 140 716 258 333 770 443 15 561 409 -839 -95 -486 -353 657 657 243 -45 -781 -746 618 107 754 -1031 524 ]
[1231 -551 467 54 -472 -2165 27 -345 185 -660 -492 -265 647 325 470 232 327 -80 30 -558 -378 368 -222 342 59 300 414 353 -680 -967 276 -102 -243 -474 31 323 -615 -279 -366 86 -374 91 21 -519 -422 -83 -586 -662 -174 124 -521 10 -1098 689 584 483 148 -601 876 291 359 -123 -28 -1090 556 908 -636 231 226 368 508 236 -651 681 -549 60 -586 -12 -841 237 -111 -796 -37 -5 578 -1366 -467 362 402 975 -429 -82 -249 -613 -204 1166 974 849 -639 -319 -785 -169 -360 535 459 -664 655 -40 -703 173 983 65 404 486 -38 ]
[609 -250 293 812 128 -380 -130 245 1340 -740 -285 -30 -330 146 -862 -3 -810 32 -343 -993 231 612 -130 243 -472 -120 753 -928 -226 -320 -302 237 -849 -63 540 -465 -471 661 -1016 474 249 -973 -576 32 322 -654 -817 974 362 738 101 -285 727 19 167 417 -673 -275 69 357 -208 -3 97 694 -930 -733 -190 -315 389 -815 472 -1077 -37 -124 -252 -1109 -604 796 803 498 -514 107 64 185 150 39 -886 268 165 -385 -22 350 853 -449 354 361 19 -215 -1005 -191 -466 -527 397 -118 618 -692 120 738 -931 277 -740 169 -111 169 -22 ]
[-814 83 -749 -214 276 -157 -118 -629 404 143 -212 272 -107 211 -191 -423 352 202 -3 -84 952 -598 356 480 212 -1249 -214 44 26 -404 585 -23 339 473 290 -302 -108 -626 -580 -591 857 -370 329 -641 654 320 -643 37 -548 -616 346 194 700 912 -687 -86 -161 1265 -294 194 364 816 -228 596 126 -487 577 110 471 -17 470 -150 -970 -185 112 -110 866 664 963 -538 68 1246 -32 -174 -570 111 -71 74 -629 441 312 -1316 -179 -161 -469 559 839 387 -686 231 36 -785 306 -214 -241 -283 286 -704 -69 -490 -564 -942 -1014 52 -608 ]
[878 -154 212 851 1322 -543 62 489 -274 701 -600 -898 -1537 48 -534 187 -938 1555 380 -508 530 95 -99 -252 -499 -371 67 -479 211 23 114 27 944 -413 1192 -132 392 -86 -149 -1008 -52 890 -214 -32 110 -484 33 36 687 288 189 -264 -91 708 262 -36 -799 182 874 682 -109 -91 231 -549 -688 281 -689 -395 -104 -597 -86 72 -199 -599 320 -194 25 385 -900 578 -236 510 80 -241 249 61 440 23 -230 -811 56 1304 201 132 -597 -23 -197 -102 -335 -79 -610 570 538 -23 -222 451 -752 -324 -189 -394 613 -229 -230 -464 656 ]
[269 202 338 -273 -397 -505 482 30 -356 402 370 611 -263 86 -868 -892 176 -401 -869 -779 -27 -82 20 508 -231 550 -113 97 -748 95 96 -2 185 -39 21 117 106 297 527 -702 -85 167 -294 -295 -856 264 -160 -15 -444 33 130 -304 241 452 -911 393 388 259 -805 -355 676 601 -427 -1115 144 -123 79 -592 -234 39 -892 -395 472 -310 -969 -207 892 165 281 388 282 -59 -787 269 -89 28 366 -901 896 750 -103 -378 -775 562 221 -322 -451 249 250 -495 -480 29 -845 212 122 253 -318 749 307 263 436 -384 -470 798 -1175 ]
[-249 97 -83 -414 -1157 146 700 -130 751 177 456 -272 -245 270 848 235 -45 -121 354 -121 100 71 10 66 -513 16 31 472 -325 -325 -165 -200 -601 123 539 -962 362 -143 -27 -311 -99 -730 78 -510 -232 -124 278 -928 -149 78 148 -420 861 237 62 666 341 -18 773 -482 -245 240 -305 -872 585 363 680 455 -613 376 180 823 -634 256 84 553 -303 -334 904 653 -419 163 215 -141 -634 911 -170 -360 -944 22 -691 530 -330 -399 136 -130 322 -709 48 323 -226 261 -211 -282 -1256 -318 5 -165 169 636 -177 -212 789 -272 -375 ]
[325 976 -360 964 296 -162 -365 500 -474 325 -350 -382 -1026 830 -269 -670 28 -21 -326 -61 4 535 -988 -168 46 -245 -197 -769 -68 271 569 -433 15 104 399 558 -593 72 638 -249 -131 1208 -448 -200 100 375 102 -115 33 472 -86 799 -541 96 -438 386 603 -29 -63 1133 536 -597 -169 -111 -435 379 -215 -718 -644 -643 173 -163 372 333 810 30 682 -52 -800 695 -53 -509 -253 501 -189 324 165 -776 1078 -10 76 548 646 885 606 -222 -497 -546 -458 -8 -71 -111 2 683 -188 777 -293 693 236 -253 63 793 276 -229 35 ]
[110 130 461 495 1188 708 -769 269 20 -211 -161 -165 -1440 -41 -703 269 851 453 122 -920 -424 926 -361 103 -693 -939 -606 -200 -407 331 44 -223 566 -337 145 -1224 156 415 561 -690 -9 -247 -162 -580 283 743 -358 -194 577 719 -59 -29 393 -456 537 -269 376 -61 135 -400 907 197 -8 -618 -207 348 -315 -135 445 -41 3 780 194 -533 50 153 -189 -138 -203 295 -462 -849 -245 -456 734 418 -694 -526 -154 -468 -778 841 1191 -114 -588 -886 56 -569 112 43 -1019 61 -262 -1501 -264 1439 -784 564 -811 -343 -837 599 368 -528 -166 ]
[-54 -32 32 -167 -272 349 117 328 118 196 455 261 -116 -772 263 -30 -675 1027 218 -46 881 -104 813 -692 475 -343 1108 800 771 419 -682 427 86 1187 -313 82 902 152 -25 626 860 -93 -3 475 -207 -762 -184 -264 82 381 223 -570 187 575 -327 154 -852 -240 -362 -390 -477 -699 -726 698 -165 -1395 -9 -476 -176 191 49 -206 302 -310 857 -1128 1333 -414 199 370 -516 28 -366 254 148 780 808 571 212 -956 -39 -720 291 1027 286 -207 -459 -522 465 -787 470 -38 500 273 539 469 161 -56 739 -1229 -482 -934 301 -403 272 ]
[-779 473 -577 -62 897 229 -112 -35 405 -742 893 43 -698 -221 -617 1092 -213 -161 431 -647 -131 704 571 213 -674 215 -246 528 730 234 308 -71 117 111 -560 -222 -41 -236 -755 -233 236 -526 -183 18 172 913 -34 -626 183 476 -269 -572 -152 733 -308 479 -247 470 872 195 806 371 82 -927 6 306 -466 335 1033 -323 -268 159 -379 -250 386 319 -253 280 625 199 -245 180 -298 -248 389 -144 -1333 -65 481 -478 -888 528 732 259 149 -982 8 -655 59 599 -563 -168 715 -405 -1482 -52 -107 488 -995 -1341 -266 638 -602 -479 -802 ]
[112 614 29 43 416 970 42 346 -433 -464 585 784 -698 -107 882 -616 -653 -321 -112 833 -889 554 -184 -116 779 -28 -262 -61 53 132 -197 469 -361 -302 166 21 576 -106 553 439 0 722 380 1208 587 -489 -342 344 -916 -136 454 291 154 -651 -526 -217 361 1 -591 531 924 170 -386 1069 1110 -64 419 -7 -261 -358 -769 -550 -311 -124 214 -388 341 394 -5 683 688 471 110 -266 -319 1019 518 235 -175 -378 -660 -297 494 407 84 810 -1102 -678 864 222 683 -624 -719 361 -150 513 867 97 347 489 309 295 31 -332 230 ]
[484 -232 203 381 93 -77 -45 171 -577 -20 107 -728 -461 419 795 -741 -447 474 200 -475 -996 461 335 235 -748 477 278 -1041 381 -1023 234 -1164 -702 361 -109 -918 -94 656 1417 -836 -1281 -290 -180 795 -405 1212 -143 -945 -354 503 600 76 -556 930 -340 -48 363 -591 908 597 72 -941 -68 -1169 -267 -474 709 -730 -184 435 -124 692 -485 -380 655 -518 -134 183 -666 130 55 -109 -104 -186 796 529 220 317 468 315 -119 151 431 318 -192 -244 -284 -789 539 -594 -455 -140 -18 -191 -470 354 785 204 -389 720 -815 -323 218 -404 845 ]
[119 -9 48 -357 -307 -408 120 419 1143 -109 80 -766 61 -1231 -1141 -459 -933 163 -688 -939 116 -1117 642 -1017 141 1009 -520 -599 -794 -746 -1402 88 356 -591 -110 633 21 254 -633 237 -76 -1172 -373 93 -581 136 -389 571 696 -362 276 -77 851 -489 -354 449 -303 714 -663 -43 -27 641 295 -1076 -742 -1007 -93 -687 -193 -16 -593 329 457 -92 -812 597 -734 -540 831 -397 116 -431 105 32 -187 -401 -333 611 283 -503 -520 -379 -812 -558 580 -91 -5 35 419 737 -108 -391 -519 -211 765 -177 -943 551 -282 573 378 -278 125 1015 18 ]
[292 1585 287 15 318 -674 -286 1449 -486 -356 -888 -1051 -385 454 -613 -191 -106 379 -256 -1239 577 314 -298 124 -306 -594 74 -835 -180 179 123 -439 438 319 1214 153 -298 513 -687 -190 348 1602 -258 707 245 -715 139 659 411 1188 332 -298 -753 -618 903 89 -772 -461 -371 990 633 -560 131 -345 -7 119 9 -1084 -348 -70 162 333 -148 529 -229 -220 599 771 -297 293 -277 -1004 -13 305 20 -475 -507 -264 -1021 -4 16 802 -895 341 54 -531 -608 388 -416 -474 -572 -309 640 627 835 575 545 -523 201 956 -345 -32 -576 -107 -982 ]
[-254 -302 555 -590 -361 369 -369 -444 195 -570 -50 -112 -204 193 190 -401 131 -222 -338 -187 -278 -379 325 -577 338 -151 -27 484 170 385 -298 -46 -130 -54 -1033 -82 308 62 441 -131 224 -281 424 55 328 -537 269 834 873 -112 164 400 587 -1455 212 -91 786 -881 -435 -660 -247 134 -56 1234 115 518 76 510 76 380 -1152 606 -117 33 -347 358 198 -347 -109 -278 -18 -86 592 -630 -119 74 -223 653 -140 -586 -237 -680 -28 -817 -398 600 167 411 1005 -285 570 198 -1225 -875 29 634 -255 187 -315 -131 -607 331 1000 127 237 ]
[-643 -492 327 434 412 -895 418 -173 351 951 140 479 -281 -255 -266 -186 311 191 581 208 452 -15 -37 -4 -181 -218 182 -79 -92 322 772 -225 -778 260 131 -802 578 -872 672 365 -189 414 -894 -1240 677 1102 -101 -320 973 898 38 401 303 5 -143 751 574 701 -174 -311 188 -284 80 -564 952 -536 -1180 -374 -126 -280 580 -82 -488 -233 706 -256 -283 458 106 463 -577 -1330 233 5 696 1234 -251 -225 -750 115 -424 293 221 442 -1035 393 -354 -468 -553 -220 -571 55 -569 495 -1227 -438 187 -199 173 -75 -378 -559 924 -803 -686 ]
[144 -565 -358 -771 554 904 340 -68 -619 369 -404 185 191 459 -616 481 692 1175 -433 -22 -118 219 566 118 -599 -722 -139 -39 245 -522 -432 -600 -591 -120 149 181 -267 549 339 -1260 -24 -602 -633 836 72 355 -97 302 -323 -804 168 -771 -464 481 514 -938 -32 -339 496 -240 578 -942 101 586 -23 252 177 -415 1003 -527 -13 -156 283 -817 -409 -416 -629 627 -454 -612 871 -21 -844 -694 -397 25 732 312 -83 173 -146 897 432 -1034 555 -316 -291 845 -346 551 -179 322 528 202 -26 912 -325 -585 9 -866 83 -789 -33 -293 635 ]
[698 506 446 105 -322 15 -221 23 -423 -420 24 1384 -153 1146 308 85 278 -112 718 -45 181 1104 -166 1049 -587 -1061 -162 116 548 -784 516 721 -236 -252 -358 -594 -250 -77 -195 226 306 170 -416 -1581 523 569 1010 -909 -833 -68 458 -7 -421 590 351 431 387 -663 478 548 41 -995 -938 312 610 510 -40 446 -251 -509 1047 118 -801 -24 251 -559 504 30 364 257 -1158 397 -741 411 -283 -14 52 -991 763 941 -831 1193 864 -204 88 185 546 -130 -163 -604 -959 343 307 1343 -667 -46 97 66 179 133 -117 86 -373 -114 -108 ]
[-100 645 -168 604 711 -590 -525 414 43 45 -864 -555 99 677 -882 123 623 -136 -140 -1047 235 -442 69 1308 -342 -565 176 218 746 -593 374 212 -163 61 -479 -363 -93 -105 -826 -429 -25 114 -1182 -387 142 -449 -38 704 -502 126 -419 -127 -523 -98 1438 413 -194 -44 -1021 1083 520 -852 -626 -6 21 -379 -244 -893 500 -305 -195 533 -303 -527 -492 -272 937 768 -278 9 -95 -49 -1260 485 51 -178 -613 -783 68 762 308 685 -564 509 98 -476 -133 691 -366 -778 -1472 -228 -419 197 -289 -168 202 -921 -408 229 -347 199 -835 -228 -1828 ]
[-215 -241 -147 27 -237 -289 168 -996 6 -304 606 -986 190 1221 -33 -589 385 -351 211 695 690 -545 -879 289 150 133 448 -634 949 206 630 775 -123 -361 427 -243 -669 705 -514 840 -122 -512 -327 -318 118 578 -335 700 -672 596 540 321 -382 -473 -33 325 -584 522 -432 831 -80 -71 -588 495 -437 -140 -1042 -50 -446 -40 1560 267 -831 -443 142 -336 491 -674 -498 196 304 771 71 600 525 177 -515 -1067 74 105 356 -183 -391 349 309 862 -961 -40 -514 -265 325 74 850 1273 14 -584 -904 458 -182 232 -1303 -303 -541 -400 -346 ]
[-19 -747 374 -140 286 178 -279 180 -75 538 816 -96 535 655 -407 -425 -658 59 -1240 -69 -505 109 -53 -382 -174 1180 381 -182 610 760 371 356 63 -96 268 510 -483 321 -521 517 -1177 93 10 119 -69 137 -518 818 -930 303 -784 -486 -206 -319 146 -440 -863 -526 -1726 469 31 -664 31 -807 -118 100 -1176 -30 1283 -155 -891 -199 413 -611 726 -93 -637 133 -625 -429 1169 -337 552 267 1519 -244 184 -584 1168 -292 500 -290 -249 435 201 176 -1158 380 -808 -712 -70 -135 -609 308 493 -24 279 326 -1218 784 -334 407 -517 -12 339 ]
[-333 -593 117 -604 -752 -279 193 31 850 542 -606 -616 -135 -764 -562 206 4 379 331 60 71 296 633 -337 -240 378 955 294 -40 499 -86 -274 660 -170 -312 -261 -155 519 -130 -121 69 -258 -25 36 133 622 135 263 883 -143 276 -140 558 994 539 -401 -857 732 -537 -1183 -636 -27 -331 99 -1373 -1006 -239 -987 720 -271 490 -174 536 -85 267 -518 -231 -484 -668 460 -374 -477 0 -58 118 572 -338 192 -497 -572 1013 571 447 680 371 -1613 267 -391 -611 -89 100 371 -217 -888 -349 -265 -141 37 258 -592 -288 -195 -539 -87 673 ]
[-117 518 550 -805 -1416 -885 -270 -101 -785 -328 1215 -196 -120 -200 -781 575 -422 834 -285 459 -290 -263 151 146 -169 -498 -108 364 187 -336 -270 483 452 520 697 694 191 465 -8 -141 -15 22 623 -216 190 -287 -350 1086 128 -312 252 -1217 1116 -369 219 -798 27 -33 399 339 -427 324 368 887 -812 331 48 -639 231 334 329 826 499 142 -137 1139 -989 -1123 -563 372 72 -44 -781 72 -569 688 781 -486 -97 585 286 -138 -20 -72 676 649 -164 -625 -497 323 -271 -194 693 383 365 266 -708 -893 800 -164 -164 -408 -215 -41 186 ]
[265 -221 -789 991 -79 -16 -375 -379 441 -166 -3 48 -232 265 -949 -779 -845 126 297 -151 -538 -144 611 -72 192 952 574 -45 -238 -56 126 464 -55 -270 -500 -831 804 1078 104 -244 -621 -1155 -525 1158 -1107 1342 -1105 306 -204 165 154 -533 -298 989 -717 -114 295 205 -684 49 1381 -98 -517 -14 -456 -199 198 -1277 -158 111 251 928 64 -275 -132 -944 -24 -199 60 103 -167 15 1057 -404 1061 660 -959 -286 385 552 205 117 327 764 144 390 -1 -725 810 186 -272 95 -510 -480 -710 -339 188 510 -603 431 -646 238 -13 -439 -159 ]
]
