[[176 801 -207 -660 -403 403 -128 143 64 519 555 -43 101 -422 572 255 441 411 125 20 577 82 200 403 250 917 -160 -392 -219 325 134 261 787 550 104 -466 229 444 759 -458 173 42 55 647 321 170 90 478 127 -71 145 -300 124 -274 289 -241 372 66 -681 -483 -536 -721 -150 862 -107 -40 390 107 -1017 301 -199 244 12 -5 -170 -470 -199 -609 141 -350 21 -1010 300 -618 -112 -11 187 -200 -652 -55 -74 -382 -368 423 147 603 -178 194 0 148 -305 -255 265 -3 -54 31 -244 -564 -205 -149 927 -120 220 100 -121 ]
[-306 -434 -148 -113 -339 -15 -346 372 -187 -136 -166 741 330 333 -167 121 -262 -710 -243 233 443 -545 695 -421 -35 840 382 -470 -202 133 510 558 545 332 673 -438 710 663 674 -70 -147 137 -501 504 201 -412 -39 378 300 71 -213 -224 -461 148 -72 432 780 -484 -443 -106 191 272 -467 737 313 -221 516 -23 -202 -120 -208 662 -361 299 475 -456 -177 -278 -175 -620 200 596 568 315 764 68 176 -158 -374 694 53 124 263 211 66 848 -414 871 -749 273 -691 -575 385 -160 510 -311 124 -785 -230 164 415 251 -191 108 2 ]
[-171 29 389 524 194 213 -21 386 240 239 -195 -143 -913 -49 59 240 -138 192 7 158 167 639 -147 516 91 76 278 58 196 77 -674 -48 -350 16 -776 -234 -317 -37 630 393 -29 -239 1 -600 -374 282 386 363 -19 27 -333 -387 122 -198 -136 -439 -367 143 197 -157 231 -1246 -300 99 -306 -55 -571 163 233 791 132 287 -119 -1003 58 596 458 224 -196 26 -127 -711 443 -126 284 -228 231 -282 -495 -347 1332 301 -163 247 446 -54 211 786 -142 -579 -16 -320 -525 172 212 98 -245 245 -808 -303 239 -851 390 -362 -374 ]
[336 311 -548 -512 -227 186 85 -461 -139 253 -323 -445 -147 247 -62 -377 78 250 -351 -52 -676 -257 -109 -250 621 -45 -226 -508 476 98 370 110 -84 -21 310 448 14 383 -196 41 -244 153 454 581 912 -180 -589 -437 406 333 477 429 569 -371 -213 774 118 -477 -451 -380 307 374 98 8 281 -579 193 -218 68 -432 -278 -278 -114 406 -847 -618 -732 -156 -183 53 564 -70 750 147 532 -240 -224 -137 -56 -143 310 -346 -480 -110 -883 113 354 -165 -115 -185 -1477 379 344 -380 351 -74 -61 -382 236 -411 559 452 -509 472 432 ]
[23 -611 444 126 -177 -641 -427 252 489 -653 -203 797 -79 119 -328 -291 -349 -97 -21 393 365 135 575 -311 -188 -100 894 243 -632 -386 -22 -128 -1026 1090 543 -835 -471 -406 109 469 -89 -458 -261 -1019 -276 -93 303 90 593 280 -20 -789 -1138 200 -327 -86 455 178 671 907 -64 -301 70 367 250 198 367 578 -36 417 257 754 94 525 407 -392 1173 218 -368 28 246 635 56 513 417 288 -504 269 58 334 424 237 495 -313 -250 1050 -573 215 -570 528 666 -4 368 -97 46 -249 682 461 -236 208 248 205 272 -349 141 ]
[194 -170 456 -513 -73 270 -63 230 330 -141 514 -180 -64 -201 -269 -233 337 592 376 316 -62 350 -604 360 639 -397 1029 -368 -477 -115 155 -507 320 -167 -349 -88 254 -77 895 67 167 -446 462 430 -390 -114 -775 541 -375 -643 241 -416 515 276 -166 -1179 -36 911 -40 -370 -588 -692 18 -667 445 57 -384 649 -278 -154 -8 75 -15 -411 534 610 689 290 294 747 -20 -618 -283 -114 -351 -206 222 -218 186 331 7 134 -90 -616 -117 -433 354 -948 553 -617 184 287 -982 -108 -146 171 303 112 -117 -476 288 117 -370 -270 368 ]
[-433 -135 330 7 237 -495 -416 497 694 -630 -413 342 -444 -660 -254 319 713 -136 -287 396 -424 860 70 760 8 -686 554 325 -655 87 467 -267 -98 505 -376 -357 -383 179 285 -197 89 74 -543 -548 -780 179 455 112 -416 13 -823 -279 452 297 -341 -357 -739 388 393 1031 -348 -498 -814 -421 -251 585 232 355 -300 444 -40 332 -781 -520 404 19 949 920 7 895 80 799 -49 168 325 570 -544 725 -424 679 862 578 838 239 477 -17 -285 -326 -114 114 145 147 -143 166 -377 208 571 924 -182 -481 66 -48 -99 24 -254 ]
[741 -569 481 196 209 55 18 635 565 -176 806 -283 265 109 268 -122 302 -439 837 140 765 -46 264 -192 65 -134 340 292 11 -50 287 -107 544 -794 170 299 153 347 745 -368 436 -607 257 141 176 -363 -388 413 -3 -640 -169 136 -187 926 132 -352 -30 1139 169 64 362 23 395 322 254 -318 -971 488 -76 -253 263 28 576 230 294 697 -505 -77 1266 913 -354 -78 -486 -334 -1235 -217 1110 -436 1548 265 -992 82 -111 -785 591 -438 -408 -293 391 -16 675 89 -413 140 -22 529 438 -550 880 562 206 346 469 -136 153 ]
[-135 -562 55 599 315 1115 -372 634 -370 728 462 -504 620 10 -173 264 138 -588 195 -521 283 -159 -181 -771 -666 22 209 -56 -2 186 -18 713 804 -768 -80 -597 378 385 1188 243 414 123 810 730 17 479 -238 990 -205 -331 260 -245 -162 487 369 -390 178 260 -180 -942 -27 -51 70 341 -119 -158 -220 420 15 67 28 -535 337 507 626 654 -272 -869 -58 62 -848 -963 -165 663 -60 -797 641 -282 924 118 -257 -577 -410 -427 762 70 -571 399 440 -666 265 1 -423 -14 -418 -339 637 -131 89 -176 -759 682 83 -199 129 ]
[528 613 -176 -173 -515 -662 355 -245 255 -255 -340 177 136 17 281 -257 -405 1280 170 238 -644 58 -357 313 1290 -631 310 -295 -322 265 337 -561 -691 193 385 -35 249 -329 -541 -77 373 -846 -167 1112 -523 -484 -764 -600 -210 268 575 136 -111 36 -691 -93 -259 335 -140 245 -407 -443 979 -533 230 135 307 -127 633 -1113 138 -247 331 301 -605 -197 331 1239 -205 522 719 349 -188 35 -498 425 -25 513 -158 -347 -103 -10 -355 -104 -1164 -494 437 -1674 508 85 -416 785 -288 -439 337 245 40 186 -438 23 -480 -254 -646 404 385 ]
[119 80 -25 -378 -266 -317 395 -527 206 -131 313 77 463 648 190 -441 -371 496 204 124 375 70 122 280 -285 -3 -108 -418 364 -533 -789 -203 -626 862 109 489 -14 -67 -90 28 -351 -79 662 -770 358 291 363 -779 29 -62 575 -19 -305 -376 519 -615 273 -600 -10 289 428 124 94 -238 0 -169 -232 -580 119 71 -419 357 617 -434 -322 660 -149 -458 -226 -248 -549 -406 -312 -672 -671 917 -287 -177 -232 57 -69 598 666 631 -106 225 356 588 -425 592 -2 -633 53 572 807 13 -710 -508 104 134 70 -637 -432 -174 -422 ]
[543 -649 -125 -590 132 132 -130 -456 -666 -135 723 632 414 -207 -791 -575 -763 223 136 687 89 -481 -29 122 373 273 423 -912 -308 -443 510 -225 -162 -36 609 1405 40 208 -28 128 -303 -412 648 -322 767 -94 -930 -82 -222 -608 250 339 -78 491 17 -1189 599 40 -219 -376 189 585 115 -793 576 -247 -527 17 377 -690 -302 817 -225 31 349 317 159 -516 -309 -355 246 572 -552 19 -531 -38 203 410 -663 261 -391 797 366 -352 -577 -224 380 -160 -416 -303 573 -388 -214 574 158 -159 12 -400 -12 -164 -123 198 -193 222 562 ]
[36 -875 -534 98 39 195 -275 550 282 165 -562 404 246 -47 -234 -24 314 419 -264 417 97 168 587 -26 653 -315 530 -847 142 688 782 17 171 -503 341 814 355 796 737 419 113 296 331 693 972 435 -821 -416 -211 -345 42 154 177 600 102 -214 -754 645 -429 -619 812 442 -47 -478 -27 -467 -671 -294 959 -1224 -295 -411 -188 -391 306 650 -420 129 -92 590 -678 279 -32 -167 541 -764 149 588 286 340 -73 423 -138 87 329 351 115 843 178 -539 -1244 94 -495 -308 784 -309 139 70 -122 -327 -278 478 -184 820 723 ]
[-22 -199 -117 -303 129 85 -19 766 486 74 81 315 -177 -550 -553 -138 31 -57 91 95 -613 184 -626 433 361 953 -131 -353 61 22 413 392 465 733 -355 473 272 577 1008 -407 -175 253 -344 430 -263 -478 66 130 -26 -424 -552 -208 715 -449 -281 -969 558 -232 -396 -509 -151 -599 -1184 -175 907 -530 -394 335 -264 379 79 526 -970 -983 -129 190 -410 533 642 142 824 -219 719 -229 353 106 357 -806 -915 -20 139 33 629 15 732 -769 634 -195 -178 20 -508 -483 107 374 -278 661 -266 -1053 529 -224 1080 -184 154 21 -411 ]
[-148 187 -181 -709 971 668 153 -1010 -886 589 41 -363 -990 -199 -502 -71 115 324 -948 470 -389 -3 -232 532 246 -240 -37 -614 -84 -752 -366 -641 -39 -858 -211 275 -99 318 517 387 -514 569 503 -102 71 -477 -980 564 -708 -331 143 355 1127 -400 -240 86 -499 -653 -1004 -599 -639 -124 -624 -1021 -267 -181 -114 742 -276 399 358 250 -67 -326 482 -71 -129 -475 56 -303 271 -572 -401 -349 702 -341 25 -74 -584 -19 1081 -106 -382 -641 -562 -10 203 -287 -301 -979 -163 -292 -283 45 109 -529 -132 273 -548 -680 117 -319 -95 -830 553 ]
[-107 989 24 -259 -484 -194 -29 -432 -423 -320 169 -169 874 -151 -374 271 626 -175 -79 -300 379 -70 -767 239 -4 432 -296 -460 321 461 -226 761 709 824 -398 527 -105 -763 -1051 -327 -15 174 -619 -199 -556 518 376 231 69 169 -688 -405 752 5 228 143 536 -237 -508 -46 -331 395 -511 -66 439 97 814 -391 -1796 379 -295 374 -808 -357 -77 -594 129 -649 49 -63 280 -8 -77 -493 -226 366 -102 172 -462 375 -448 72 649 306 -179 312 266 143 11 284 79 -650 403 617 -141 177 -722 -92 -291 -106 1035 -22 -499 509 -139 ]
[823 654 -500 -148 904 647 -559 -124 -50 501 471 -1370 64 -379 105 -265 584 80 379 -325 -295 -146 -1043 215 -116 -576 219 -562 476 446 261 -24 224 -698 157 704 -959 641 10 -596 1 86 1212 -333 449 1025 -679 215 371 -406 -395 746 1479 189 62 673 -386 0 -879 111 298 -321 -366 -323 -478 -404 360 306 -858 93 -281 -49 -483 685 -441 14 -859 -1120 885 1220 36 -454 -396 -459 -398 78 -30 119 161 5 211 -568 -320 -846 -48 -333 -494 -767 -78 -813 -85 -173 186 993 -418 41 315 -75 287 -884 872 1098 440 522 513 ]
[317 -515 435 -441 389 398 -94 355 1234 -190 316 285 -616 -826 -96 328 902 152 271 421 77 765 585 1306 810 -206 -9 -91 -1051 521 1024 -734 -29 612 -419 941 9 79 34 8 274 -43 -467 135 572 -107 142 339 -259 -683 -307 105 60 503 -264 -656 15 813 580 -223 198 -99 -257 -209 94 114 -1188 -148 -488 -157 -66 1 -90 -240 46 -21 644 1000 173 1003 75 745 61 -305 -336 -624 635 824 296 624 -345 551 48 -690 408 -32 63 -494 151 444 -234 273 81 -811 406 500 397 489 532 154 98 -106 454 551 259 ]
[314 173 140 -646 -668 -434 -591 -11 127 -435 555 502 253 62 488 -231 -642 115 436 801 758 -685 139 -403 549 528 811 -675 -150 -264 -243 614 444 -165 765 111 270 -88 245 -610 -93 -1026 199 -844 6 -654 -379 316 312 -493 -60 -277 -507 266 -193 -158 449 710 -651 395 149 -594 -139 320 437 -269 -324 81 -543 50 495 1525 -294 -81 187 -667 -159 -1153 27 -121 518 387 599 -269 -677 144 201 -275 298 -192 -721 285 162 473 -242 469 -231 323 -734 -264 668 -149 290 772 -91 417 83 -820 295 46 1021 246 -531 58 -245 ]
[1071 342 751 974 94 588 -120 -386 247 103 -429 -723 391 517 -249 -428 -1074 -42 1209 -91 -617 -298 -767 -315 -235 -448 67 81 134 882 222 -140 -753 430 414 1153 -710 -561 -724 330 276 -383 73 -45 213 316 -488 -456 824 -65 -170 271 629 407 -565 277 568 182 471 208 746 -257 247 699 207 -892 -800 -152 50 -475 -120 354 -149 557 -839 181 -34 416 -210 948 568 359 181 209 -463 394 789 22 -735 -201 -107 -125 -228 -1183 -722 -300 -177 -525 -81 -355 161 2 46 43 -278 769 204 -513 321 45 344 215 390 730 84 ]
[-327 299 452 493 -201 545 123 -456 617 491 -458 -596 26 356 -33 498 -414 505 470 -249 134 130 -449 675 -556 450 170 -173 940 818 -500 -369 -85 451 -300 433 -83 -943 168 114 -593 270 -117 -234 160 726 246 -465 -574 -864 -232 -189 566 -514 61 -532 -260 -95 -682 -281 -5 -156 -402 -527 -544 -43 -527 -361 251 278 -234 -169 -206 -1108 -102 1473 222 -290 588 -403 -486 -321 -178 -1247 266 453 -90 -563 -673 25 -654 -309 61 -102 236 -130 448 152 460 -98 -104 -634 147 811 52 648 -1053 -423 119 422 680 -275 298 -40 -504 ]
[-609 -304 358 -856 -830 -949 799 -128 -142 -1369 496 844 574 -130 101 -473 -397 -234 243 139 -217 -575 465 -364 -232 -487 139 612 -84 -1028 23 -289 -226 492 267 -605 577 -364 -1643 -99 189 -207 -550 -392 -959 -591 1232 76 494 22 192 253 -610 -344 -266 16 16 7 1150 796 48 899 126 -689 934 584 458 -566 -224 -263 309 547 -132 353 430 -927 691 -229 -871 -171 44 815 -461 401 -117 776 -409 -75 390 -208 -891 628 563 946 -80 -206 589 -477 -198 694 597 494 355 -536 -634 267 295 -113 1102 34 -209 265 -533 -341 -370 ]
[-53 -203 -878 -505 -330 142 -316 114 -525 450 -279 -642 -439 483 -453 379 901 55 -1181 -46 -621 346 -595 -85 260 -273 184 -328 82 -439 -203 228 191 391 -570 -680 216 275 1624 31 287 -667 932 420 -310 -643 -382 263 -718 759 530 -519 107 -372 226 82 181 23 -679 -648 -1252 -652 -353 -437 461 289 434 520 100 749 -163 -121 380 -187 12 -327 -420 464 25 -238 860 -1208 687 614 248 -108 -377 -407 234 218 1088 -603 -463 230 -226 91 22 -625 327 -188 -627 -187 -271 -17 -435 -10 392 -374 -138 -523 698 418 -960 -299 -245 ]
[119 971 658 938 319 409 151 876 261 458 422 -1143 189 754 446 436 -379 -393 576 -854 467 101 -1063 -383 16 612 349 160 395 518 -432 770 547 -165 -745 -152 244 -927 758 -65 -277 -156 -142 512 -794 104 -543 579 -431 -625 244 -324 410 -685 -137 -601 -313 -97 -699 -742 62 -722 123 533 390 -566 165 -109 -196 431 -476 -497 -253 -373 -519 648 -7 -511 603 -400 141 -753 585 -94 -223 -319 768 -743 491 -228 497 -290 -341 -847 -272 -533 146 170 582 -265 -598 453 -179 333 134 77 -254 -364 -608 282 28 -317 -588 -115 -79 ]
[408 118 884 1044 722 389 98 -411 481 59 -123 -408 -605 322 461 55 -72 15 620 -230 623 385 -178 -499 132 -612 -605 747 -93 97 -1053 -357 40 -642 -32 543 -342 -1085 -608 0 -555 250 -616 -808 192 299 500 -156 12 24 -87 -30 -123 272 114 446 233 313 168 -233 416 -568 258 986 -1130 -361 -1213 71 -249 930 1130 -58 562 -638 302 626 283 -31 111 615 -295 -632 -342 -1072 -869 -194 579 -751 839 -298 -386 -182 286 -774 48 -95 -347 671 -373 293 847 -118 -498 -113 532 73 -587 681 -883 619 -430 -832 673 -155 -783 ]
[-541 1229 5 -129 -87 -23 843 -609 1100 399 -89 -43 -59 621 1282 -144 -257 -134 336 -420 -355 66 360 -65 -771 -278 -463 610 -512 501 -210 -73 -86 238 -839 98 256 -43 -1017 309 47 533 77 539 161 134 360 -1088 -70 -517 1186 210 153 -628 282 117 -1012 281 764 146 555 569 547 210 -611 71 -571 -1132 174 -981 -400 -1019 587 -68 -1083 83 126 860 -230 534 -824 513 475 -190 -1064 313 9 783 -25 -454 -707 -52 38 606 -396 -323 122 88 468 554 -538 1000 96 -963 398 406 -552 632 1142 600 -368 -666 -598 987 -436 ]
[568 336 868 201 -65 90 438 410 200 -91 654 783 -517 -66 677 -55 -554 769 424 129 553 511 413 -73 923 78 803 -282 -351 39 253 149 38 -425 -310 452 50 -329 917 -127 -891 -1099 230 -338 43 -49 18 -204 46 -408 546 -304 -385 -39 -171 -1667 -548 1115 290 -244 567 -1256 951 592 -349 -244 -1011 154 460 -259 -323 -86 138 -617 -274 724 650 67 683 690 -361 -543 629 -841 -1027 -525 681 -416 181 -449 146 500 -341 236 -787 -704 97 258 -173 -817 -56 609 -884 -3 580 438 -566 -116 -464 745 268 -377 287 126 -322 ]
[-466 -202 54 -1128 2 507 950 -721 -318 386 118 466 924 1375 115 553 86 340 -255 -94 257 -381 -59 19 163 264 312 -750 -78 -532 169 -569 308 284 -217 487 1350 -418 342 -458 -567 -189 135 692 -460 -570 -265 109 -518 -717 499 -660 -142 -658 94 -15 755 -588 -882 -477 -284 389 178 -1103 730 -47 391 -485 370 -373 -956 -149 655 160 521 861 287 166 705 -1030 -771 -108 21 -866 81 199 128 -76 398 1316 -1465 -52 31 -208 -410 -274 524 -1100 84 213 -417 -680 34 -170 1221 -141 -824 -1074 -86 1051 -220 6 -993 -303 238 ]
[228 776 -170 234 -651 -207 375 217 -220 -328 -376 203 1470 249 -131 84 233 930 196 -640 -434 330 5 -876 159 -691 -127 3 357 689 80 876 -398 834 296 -175 -129 174 -395 356 897 256 276 345 -320 824 130 -719 1021 151 334 -807 -138 -462 29 95 -324 809 -61 348 -31 231 348 -179 588 -603 856 -376 -338 -773 -455 -564 89 1310 -621 -258 -181 -287 -382 803 -375 -1179 26 -161 529 -14 -368 339 -222 -625 -643 -458 -401 208 -356 451 -327 -111 328 -264 -557 441 307 -1142 -82 38 320 -32 505 -390 101 927 -744 306 1186 ]
[-484 -721 -387 515 264 -42 -372 -210 106 216 -573 -333 -688 76 -216 414 384 84 -472 -231 5 252 -272 325 -91 239 -641 342 632 -295 -1174 -589 39 -25 -420 138 -393 -1501 -621 -54 8 -561 -247 -626 769 535 502 292 -223 594 -288 -612 -902 -26 293 135 280 4 410 -348 -422 -305 652 -76 81 628 81 21 309 1092 172 -716 529 -323 82 201 821 481 -385 -1811 -47 -267 145 382 539 -1110 -634 -282 49 347 -366 -89 -184 90 371 150 618 350 650 612 752 -99 -138 262 -322 362 -156 511 -1051 334 -297 195 667 -317 -386 ]
[312 239 258 -143 795 569 421 -832 -63 467 -21 -189 -505 622 -361 -350 315 -43 145 -310 -217 -3 -92 742 -782 -194 37 -263 -183 -61 -381 -351 -55 150 -236 118 -443 1143 601 209 300 112 230 100 23 296 214 744 1243 -3 -403 38 1172 183 -147 824 254 95 377 275 165 -678 -830 -77 74 -427 -24 157 -929 242 -176 21 609 503 79 467 -90 -104 676 918 -253 -554 395 -71 669 -317 273 -963 -502 824 500 -98 -762 -791 516 5 -471 -90 -601 -831 -902 -760 -265 -651 156 360 484 -1079 670 -335 1145 684 574 -154 318 ]
[590 330 -442 -506 -689 548 102 -194 -290 -2 365 172 1131 68 -663 528 780 639 -264 -178 -148 221 -238 772 580 146 -662 -1026 -462 405 210 680 57 512 -204 124 823 610 748 -390 -38 -664 404 1286 -575 -153 -745 482 -426 137 272 -599 50 318 243 -762 912 -370 -356 -226 -633 -216 149 -180 1 -111 -48 -526 -682 -221 -264 -942 950 600 210 346 -563 263 135 349 -470 -245 271 163 -68 218 42 315 608 788 -669 -432 -779 -244 470 62 -142 -1016 574 -639 -582 -236 74 -146 776 -164 383 -654 265 195 -885 159 -1306 62 79 ]
[-445 -57 -693 400 402 -146 563 -547 -633 -54 -422 -92 -1049 481 -337 72 -749 -920 -506 -92 -344 -285 -212 -274 -29 -262 -397 575 943 -509 -575 -735 630 -1394 -418 -894 321 316 -1139 558 -91 19 -494 825 -239 -291 291 768 -751 509 -93 388 216 -222 -455 961 -405 -582 190 -728 170 159 901 96 -103 274 -276 126 942 957 348 -726 274 -414 705 348 158 996 -316 -727 317 666 -597 397 145 301 -89 -515 -440 16 1031 2 -263 10 -545 -695 1070 -11 393 92 78 -109 -599 -167 254 -76 -387 285 -1162 377 -133 -673 242 -150 -704 ]
[-635 -369 -605 571 369 145 -307 469 386 -474 -916 -690 -408 516 -78 743 266 -1224 -518 28 -487 123 725 160 33 -346 -1136 408 105 -217 -196 56 -9 -1327 -631 -115 583 552 -18 -198 254 -48 -644 -267 -296 -1157 -167 445 -719 -142 -378 -131 -697 -88 273 1058 -888 203 -534 362 58 599 -406 407 -462 203 -372 13 226 633 615 -577 197 328 368 -335 -1599 646 490 -384 1 709 393 267 385 -489 205 112 1105 91 216 -187 -189 260 655 -98 -573 54 538 -172 372 -365 365 -259 233 380 206 181 206 269 -571 41 -129 -471 -57 ]
[146 481 568 396 -540 -48 429 563 -236 -711 451 94 903 -99 220 -263 63 -517 898 533 486 -722 -228 -110 98 -3 -663 762 716 225 -124 -452 717 -882 158 -1 300 -225 -1124 -469 662 -348 -969 519 -961 -467 -262 -2 -227 132 -606 -199 233 660 -301 31 343 -80 575 64 -65 -524 840 522 684 -499 150 190 -828 -402 617 -25 -38 -44 347 289 -372 729 503 -378 116 -303 -764 -274 -421 140 1196 -620 -233 -268 -1208 159 16 -58 579 -390 781 -97 682 46 881 140 -511 -272 -196 820 -297 -653 -437 515 -218 -925 -105 -643 -326 ]
[321 23 195 -49 288 948 688 52 -579 649 462 -16 1199 421 -214 47 -225 311 735 -277 44 -686 -904 -103 -975 392 -672 42 51 -44 -275 -126 700 214 -350 -117 307 -485 72 6 139 553 -422 1287 -703 237 -160 1017 -88 -282 -66 -566 1024 444 304 -86 667 -104 91 -842 -151 271 -523 295 506 -242 268 108 -221 12 30 -814 437 390 876 709 -149 50 -337 -454 -789 -864 -482 315 601 -478 648 -397 72 358 -962 -1038 -312 -662 951 25 305 -463 753 -874 492 -132 -237 -332 -268 -659 114 -877 234 -71 -294 -192 386 -136 142 ]
[-422 1007 119 -792 -543 110 -118 -479 -191 257 156 384 -241 -301 620 420 -541 858 -20 540 693 -346 671 1067 427 598 613 31 -626 157 542 -1175 505 -511 584 -914 517 -197 -133 -272 321 -107 -274 1132 -439 -934 -992 375 -1109 -372 300 242 211 -307 -483 -378 -513 -25 -914 -365 -670 -225 303 -500 73 229 -163 -153 570 -889 9 123 272 -764 -172 -563 597 -370 159 -1035 10 575 -148 -133 668 -459 -194 96 -118 15 322 194 -1032 42 -35 352 1061 -366 682 -577 -826 674 -485 -537 -194 -421 57 -96 -574 -9 -680 -280 -639 -351 635 ]
[-1269 -779 -276 275 1106 867 -235 274 -547 136 -102 -129 -479 44 -10 406 522 -1389 -513 -176 61 -562 -363 -247 -334 -397 942 -388 -977 705 89 139 1090 -899 -538 150 460 437 -30 149 1089 1007 5 -208 -419 69 -9 862 -220 -674 -789 555 362 -78 -79 954 -585 46 122 -543 161 352 -551 -943 -197 599 240 -332 -781 -130 -404 316 -1163 -174 1407 -699 84 -498 -383 -194 -41 357 -219 155 473 -825 185 411 -1243 704 -177 384 -53 -244 551 -322 -874 -37 -690 -394 155 -701 -371 -300 -421 -82 138 600 55 -685 88 441 -462 355 412 ]
[796 619 -447 254 279 -802 -166 -1400 -737 720 -103 -219 -936 425 -16 -8 -887 149 -717 -117 -4 -285 -918 645 275 423 40 285 496 469 -1105 192 -111 -1064 211 -129 -817 172 -532 -178 1008 -712 360 100 27 -556 -865 -65 -823 388 -344 479 -48 516 -950 452 162 252 -474 426 -109 114 1061 -1601 -375 5 -382 457 941 -248 865 385 774 -25 -663 176 24 305 740 103 958 616 -219 173 -865 -87 -66 296 -396 -809 327 98 -438 -435 -601 -609 227 -1049 -90 -591 950 -704 -254 625 60 302 -299 246 -195 331 472 -408 285 -102 676 ]
[296 -122 1447 313 -1112 403 -288 -53 598 -441 83 466 435 -484 -65 220 -641 74 1261 120 587 -283 512 480 160 841 587 -102 -165 324 127 23 -148 1099 410 -354 527 -1270 530 391 -455 -1234 -254 210 -853 -803 -255 170 346 -337 9 -352 -457 -384 -812 -1363 1001 -10 750 108 3 -1109 264 742 1054 -461 -1092 376 -1003 -132 432 857 236 -570 -845 42 1072 481 491 313 424 582 353 676 -218 510 1423 -948 436 234 -356 -171 -413 -655 -259 251 321 3 470 87 -104 499 73 184 -388 1019 125 -996 429 677 91 -51 146 -777 -198 ]
[-671 -252 303 313 408 -591 -698 590 -460 -719 437 724 -603 -238 -168 410 -590 -539 24 583 -333 431 -282 -412 -471 -109 580 248 17 -530 125 -84 1357 -516 -389 22 -22 -451 -462 -66 -28 317 -171 -18 396 172 -121 -29 -502 -263 -366 -444 66 253 154 -1132 -80 392 60 125 -407 227 -537 -149 555 488 -127 100 680 -67 -815 356 -490 -100 242 352 1439 368 -918 -868 20 663 -149 1108 311 -192 -213 738 -1049 -102 335 869 821 81 36 -395 461 1040 -317 476 1388 252 -1128 -259 -428 -192 -170 1080 -323 -440 -888 -395 -314 -405 301 ]
[95 344 -385 4 4 -751 13 729 -154 -1275 487 955 -134 -18 704 417 647 -14 -57 235 697 -79 -251 186 296 -411 173 -852 165 427 -112 2 975 143 -28 605 -265 -175 -192 -1000 191 -329 11 -910 -708 235 8 -792 -101 225 -500 -125 -75 0 -254 -267 -484 177 -645 561 617 -340 -6 -467 141 -50 751 -8 -914 -78 -726 420 -679 -475 -296 -517 -42 263 287 291 -244 -230 194 -312 -157 -413 163 306 -579 361 -165 435 821 1282 175 -110 247 703 -556 -484 31 -313 25 658 852 197 -490 1 -691 -193 571 -361 -779 20 249 ]
[-21 -93 726 298 305 -70 279 418 242 -506 171 -393 -405 672 -61 -59 -92 -1756 -366 -436 76 593 96 312 -353 271 -299 1188 246 -158 792 444 -26 -295 -1145 273 -438 -206 -429 -1006 -473 -187 -641 -1166 69 -256 963 -619 -905 272 -457 426 -317 25 171 -671 -333 -709 1023 925 407 328 343 54 -47 391 22 -478 497 427 -775 -805 -606 -798 -665 752 -1 -166 1502 -352 -28 1005 108 -17 -751 470 247 -486 394 285 538 955 943 435 174 -1463 35 -405 -277 1095 335 -25 -175 554 6 609 -972 -148 164 702 103 -439 222 -275 -615 ]
[514 424 -22 1224 790 -660 417 -110 -515 425 525 -132 20 -193 -139 144 -911 -217 161 -1051 107 -582 -728 -227 -104 194 102 697 -28 17 -655 483 -210 -125 406 -571 -454 -532 -986 297 -216 301 -1207 290 -105 117 318 383 -221 281 -528 674 15 232 -532 325 -24 -454 56 63 234 466 796 -71 -1029 410 1165 -408 723 363 558 -414 -158 745 461 242 734 163 -455 -261 673 511 -599 340 -258 283 -313 45 -400 -641 158 13 46 -1109 -774 -749 -511 80 -449 298 651 29 -60 176 -132 -925 39 508 -455 215 -298 -419 689 351 -17 ]
[59 308 -90 -1544 -690 -177 -161 277 672 -465 230 442 332 67 -172 31 1044 -836 -203 750 314 -183 -178 144 45 -28 140 -542 -400 125 1023 181 473 828 -138 414 385 -389 -886 -48 134 255 -602 379 -378 -354 -609 370 463 86 73 -748 554 391 -417 162 502 422 -93 -159 -280 -125 -219 383 706 -351 125 -45 -1695 -444 131 764 -696 214 58 -1235 573 689 -634 65 35 593 687 104 185 424 623 1212 548 41 -1014 185 184 -130 -150 776 162 270 79 743 80 14 687 -292 320 401 270 165 286 -67 983 -43 -300 537 16 ]
[199 54 295 -167 -414 -131 1020 -276 -372 -262 245 508 659 -152 -665 -245 -4 473 -180 59 -297 421 -610 -1128 93 -230 -458 -851 365 -1247 -590 392 232 896 -168 -995 -316 462 489 519 -386 350 427 149 -832 381 344 289 285 492 284 -1287 83 -820 -93 -611 197 -570 -103 155 -561 229 78 297 383 -89 524 1462 -777 941 96 68 699 898 800 20 147 -242 -465 503 -328 -1290 -470 77 371 568 -704 -45 -424 -26 -33 -772 555 523 -704 612 123 -584 241 -253 995 -209 185 148 36 -337 -494 336 190 -311 399 -129 -257 -846 48 ]
[-106 728 478 -499 -79 -202 161 -394 1338 62 -367 -197 328 180 477 -351 685 278 68 58 594 145 64 -38 551 238 700 954 -1005 454 -385 -169 -336 961 62 87 -150 -1128 -164 -45 236 -75 -953 -243 -324 -238 -286 47 455 -627 -150 -537 403 436 -307 -78 -396 551 131 287 -449 -87 -184 -136 359 -536 -430 144 -1086 14 774 284 -464 -1169 185 -344 916 -538 615 676 357 317 -13 -807 -442 -83 5 -118 685 887 -754 -110 1085 -1102 96 658 -133 -808 146 1059 -118 1035 78 64 -404 254 151 490 192 307 575 -37 -296 590 25 ]
[-355 270 -934 -395 369 -63 -302 809 -511 332 63 96 1446 -483 -128 360 160 40 -721 -54 358 -186 -234 -358 381 -136 318 -581 -756 -86 703 622 736 -304 -291 377 530 172 533 -314 860 711 -498 334 -871 -81 -140 176 -704 -194 -705 -58 308 -44 572 -450 -535 158 -728 -671 -837 89 -135 -90 -187 454 111 87 -94 -277 -111 201 -1429 -517 502 -1172 -1138 -506 434 204 260 -5 -628 -675 -932 698 -180 985 -161 -298 -630 25 668 222 247 -737 -353 -869 256 467 651 -625 102 713 -1275 -124 12 -297 178 -218 50 398 499 937 -622 ]
[-322 -278 614 -706 111 1163 166 -567 976 714 149 -1085 -1059 475 349 403 538 480 1022 -214 6 654 -526 -277 581 -357 703 -274 -304 234 226 -542 429 -1013 -547 -145 371 756 1033 227 -1362 455 699 -790 930 757 -376 -173 176 -1353 479 -109 385 -1103 418 -44 -85 357 -252 -379 158 -983 -393 -121 -492 -207 -467 -144 397 661 -409 -262 244 -593 447 1553 230 -561 460 633 -968 -957 732 -1066 147 -636 -411 -905 102 756 23 -330 -461 -275 -899 -107 123 129 -2 -269 -1388 531 -810 -635 1102 -357 -443 445 -876 -322 63 211 -392 -160 219 ]
[-42 156 -202 -629 152 227 235 -781 227 650 -22 530 389 -919 -307 407 872 1066 -305 -306 -438 300 235 1048 1440 -242 -463 -1200 268 -363 10 -400 -425 103 -245 714 71 -37 70 -6 -21 -239 256 461 36 -276 -496 -68 -408 -416 -48 -121 264 -12 -351 -791 -544 140 -1049 96 194 267 630 -891 -284 -493 -225 366 -770 -1011 396 138 90 154 -667 7 622 283 -214 584 -433 -419 -515 -191 -58 -624 1206 866 1274 -115 -412 -166 664 -19 -557 -352 464 -705 301 -253 10 369 -262 -162 861 226 -480 549 -23 -367 -632 -37 491 -171 1076 ]
[-150 658 757 -218 -67 466 202 -989 -26 1152 29 -877 -816 -534 23 728 631 -142 -227 71 -339 -205 -350 274 63 22 -620 -224 511 -189 258 143 385 -890 -54 569 -171 148 335 -524 -496 -192 470 -616 145 -557 427 -271 -484 491 -627 1112 847 88 -9 807 473 -645 -497 67 -95 -841 -154 -120 -982 145 -549 -183 -53 373 -249 589 -112 -985 -823 314 -774 45 143 377 -106 -357 971 -30 -748 12 366 -347 663 -63 258 -12 -596 300 -362 -783 315 122 -90 -235 -1176 432 -81 -75 359 546 -496 -136 -259 18 -699 -934 -805 -361 -597 ]
[133 1010 -756 689 19 501 220 376 109 573 -145 -282 -279 -459 107 120 267 -126 21 -301 -999 -39 -1225 -607 -285 156 -1319 524 1049 523 -202 971 886 -287 -690 412 -168 -119 -1003 -284 105 8 -9 479 -493 202 355 61 249 425 -264 -640 610 -40 -46 297 30 438 -759 -859 453 -116 -138 701 -7 -695 -166 48 -754 305 324 11 -903 -58 -865 -482 -781 -51 -955 -322 318 -1216 913 540 386 -783 790 -105 -290 -988 -138 -1174 483 260 379 -282 568 382 213 -321 -12 586 55 -386 -373 473 -546 1042 57 -554 -420 -361 -179 294 -108 ]
[-64 373 461 -1067 -626 217 311 -630 -413 -466 690 -173 549 243 548 -371 835 361 308 -131 560 -728 -619 626 89 -332 625 -353 -76 339 -436 -910 684 373 -460 310 448 -687 -712 -231 115 27 -453 529 -841 408 163 260 636 -200 237 -287 911 141 438 -263 -187 692 612 140 -248 -94 -236 -1027 -371 746 907 -731 -634 -414 -110 -118 -189 -654 976 630 1407 -500 -545 459 -670 -381 -598 -543 -189 -14 -390 -359 -261 619 -706 -4 211 59 566 234 288 -949 480 -641 898 -649 -452 340 -422 -352 -331 18 105 -997 845 1 127 216 388 ]
[-202 88 -483 -710 -1029 -506 -1032 557 378 -872 68 118 488 334 -38 267 106 -110 404 854 708 -267 -316 831 908 662 168 -606 94 741 561 488 659 -612 -191 -12 -43 1072 451 -1110 530 -379 11 -239 351 265 -586 -203 -345 -765 -603 -318 -427 1039 686 -490 426 184 -618 697 13 -82 -697 -517 -559 330 -91 -675 -68 -620 -474 256 -145 -304 925 710 -725 -747 520 -265 226 872 144 -566 -322 300 -658 98 -71 -176 -1031 572 582 841 1108 257 57 -104 77 74 522 -745 -140 886 472 198 -552 -627 -239 -349 460 -309 -407 567 204 ]
[328 623 125 -446 -511 206 212 -253 743 -38 -117 -877 -411 552 109 50 -525 386 986 -453 36 191 -1324 -183 299 -509 -639 -417 101 222 -848 -89 -45 285 -678 -490 314 -856 -1417 242 933 -146 -451 -604 -1128 -187 383 746 731 343 304 -412 -266 -230 121 471 821 144 248 -218 44 -426 120 333 -158 70 -498 -855 -254 1028 456 184 43 -133 -409 -601 -223 -108 -1554 279 206 -800 -61 130 -516 -66 235 -48 458 -437 113 -359 -387 138 -591 237 583 -611 59 387 321 -3 38 -308 229 20 -145 623 -839 -467 -423 -642 -49 43 -562 ]
[75 -640 133 590 1043 148 43 532 -965 38 11 -385 -285 -517 -181 509 392 344 -663 -406 129 -196 -26 -190 405 -463 -457 511 26 -467 -404 624 -530 -519 -479 438 -709 -926 300 483 615 292 -172 -1149 -597 -783 -75 -325 -748 -282 10 358 -265 49 -167 -596 -768 246 357 -541 35 76 -643 -1971 287 -165 -564 -26 673 360 1252 -581 55 -577 -311 231 -673 -442 464 258 713 -1595 225 -161 350 -1739 327 -774 1098 -1266 94 -110 -409 -536 393 -206 157 413 163 -1159 22 378 54 -26 -845 -254 417 -20 348 -254 -248 -428 79 -690 705 ]
[-441 -168 -103 -522 -750 606 -91 -231 -1295 12 -660 374 322 330 393 -66 -189 374 129 791 517 55 1204 -400 -13 108 -205 -26 -3 -291 450 -58 -257 -1364 -210 6 477 978 467 -7 -44 -69 567 -377 400 134 -36 -316 234 28 194 -402 -258 -22 425 462 821 -202 -322 -172 -300 -807 -265 494 -392 -604 -873 -554 398 -52 -531 63 212 -417 494 711 -715 -500 284 -517 -820 -1059 114 -988 441 599 200 -471 -655 -561 -44 432 -967 1367 671 309 183 1479 -534 -842 296 -838 -586 -65 308 -322 -752 -1335 -498 123 -186 -930 -62 -570 -276 ]
[507 435 -888 -1049 355 -323 -13 202 409 -62 219 223 -79 -1241 750 -93 604 836 51 196 -1034 86 172 119 939 -159 -1378 -253 614 -374 278 -130 460 -686 333 114 -220 1987 -154 -1202 161 382 356 -132 336 381 295 -881 976 -149 -105 398 414 -1105 53 170 -520 -97 170 736 47 -910 5 -24 489 -654 423 -344 -9 -59 444 -18 -68 634 -946 124 -1447 -608 577 670 641 -445 29 -723 213 -195 -290 -479 -338 -416 -524 -330 -74 879 447 -244 678 -1008 -169 302 -464 640 440 36 -339 935 221 -258 853 -409 207 1082 410 37 -296 ]
[-109 -1151 -79 946 -52 -145 -359 1629 -375 -522 19 70 667 627 -712 -178 -1027 -642 805 -105 188 -3 -771 -375 12 373 800 494 384 200 137 791 779 -113 -710 -950 385 229 630 487 218 -699 -1017 289 -995 -157 -15 1298 -285 15 -748 -1003 -519 -202 121 -598 187 755 218 109 339 -304 -762 -394 1324 -190 683 158 555 251 174 -384 -599 250 1250 567 155 -55 49 -413 318 249 -83 1324 1122 -347 357 -914 -219 -107 538 -8 -219 91 742 151 213 310 409 -778 254 -570 -561 -502 -1071 -380 562 -619 -492 -361 489 702 390 -73 409 ]
[-689 871 -221 -540 -794 533 70 104 -391 478 216 12 -84 -842 399 -723 535 1291 -404 -430 200 252 -738 -124 775 130 1358 -294 -452 367 262 119 300 -985 -938 -1124 469 477 262 210 125 -90 749 943 -882 763 253 359 92 -72 433 -644 208 178 153 -608 -707 241 425 -797 -328 -837 708 -205 -410 650 459 -174 139 -853 -127 -616 -881 -779 334 -391 636 -962 167 699 -454 -1323 341 -312 73 -1048 -1143 16 -337 -495 561 -204 -284 1145 234 -791 613 -784 164 -1517 -815 761 -768 -469 -396 -587 -338 493 -461 -1062 110 479 4 639 -204 ]
[105 193 1 217 1180 -395 172 -12 -72 -302 349 369 -785 -306 13 256 116 68 -269 -30 -303 600 196 445 650 -522 -267 -224 -1701 -1336 106 -408 177 383 -495 -889 -170 193 495 205 -478 50 -1002 464 -519 -25 50 873 -229 462 409 327 -461 -270 -278 -677 55 -440 373 7 -1120 -279 3 -82 -351 1061 965 258 -644 921 -188 -352 161 784 507 -319 770 926 -536 244 943 309 -76 1125 -237 294 -335 241 -103 685 1050 466 360 -472 -963 -223 -510 -738 -61 1115 100 491 -229 -394 -392 -743 614 1056 -1061 -195 -1133 -695 -238 -201 -98 ]
[-641 -536 -657 -171 -299 -755 199 -105 109 -1064 177 889 -18 -827 324 59 -62 817 207 276 -205 -104 308 470 728 -75 -100 -259 -17 -307 -690 -447 -568 -31 446 436 299 29 -1380 -87 -414 -238 -4 -477 879 421 300 -492 353 -16 -397 272 -388 -449 4 153 239 -330 -432 445 307 817 285 -735 -7 29 708 -322 22 -409 193 224 326 582 353 -484 488 473 -689 -575 -243 13 -160 -405 303 -245 -718 303 -398 24 -855 299 -2 865 -225 -110 840 59 -167 -266 228 71 -341 -237 999 -250 -65 117 -278 -59 -332 307 -591 38 255 ]
[185 499 -645 -1168 -1234 -172 -507 83 9 -222 -25 49 -64 -141 941 483 770 -106 301 320 786 159 281 486 81 573 -239 284 -968 777 835 -284 134 700 -137 -768 -3 -355 -634 402 129 162 -165 608 725 -47 -459 -303 -355 161 1130 -405 -96 462 452 -314 -280 593 397 -136 -1455 265 70 1486 116 395 284 -187 -322 146 -803 -568 -190 -42 101 -475 340 1432 -731 207 168 -91 -216 521 -295 143 -365 1032 -688 102 75 -541 -279 1002 -615 718 135 -194 1083 601 857 1134 451 -260 -172 -488 341 243 -365 -72 422 -277 -252 699 345 ]
[-94 -866 336 105 -778 -115 594 -188 816 -249 122 -275 -398 -518 24 -166 159 340 207 467 242 -52 1230 408 628 53 974 -205 280 217 197 -837 -1365 41 128 168 -432 -701 -744 31 -286 -1028 279 -391 428 -244 866 29 239 59 -235 289 -875 376 -208 919 364 27 489 317 340 524 781 229 -298 430 -312 -17 -427 -298 78 408 104 -165 -1 -735 -24 -265 880 19 310 354 -338 -737 -272 -71 434 77 889 -314 -532 21 -455 253 -133 229 354 35 -4 469 -222 -1 232 -409 301 433 -575 -43 319 791 1339 378 868 216 11 ]
[-97 -667 -43 1047 1101 435 8 360 -20 1117 -581 -936 127 820 -40 246 -422 -1017 -163 -831 133 -342 -478 -592 -703 -170 -213 910 1202 122 -759 526 -652 -304 -158 -980 259 378 631 641 413 124 126 -162 -552 62 728 291 -457 46 -289 506 -298 -668 320 919 -162 -569 -179 -107 283 -121 -31 -797 92 -321 345 -1146 1175 869 373 -194 4 84 191 1037 -461 25 -107 29 162 -633 -1024 339 -197 541 837 -1008 566 -173 942 -55 -145 -320 368 -390 -291 468 70 143 -361 -373 42 65 -453 -20 441 6 -92 307 -406 112 -77 -571 -294 ]
[-420 -168 18 1234 -43 -235 -158 408 -43 -309 -365 -510 -92 53 -128 463 443 -1471 270 -523 195 24 692 30 -146 -908 -290 917 940 -508 -198 -363 -28 -1493 -101 -894 121 1743 708 -139 33 -195 -216 -511 -722 -77 303 399 -7 253 -541 214 -484 -241 -205 890 -287 -752 110 875 175 -385 243 574 -1312 46 35 264 581 892 50 42 356 552 299 899 -894 350 644 174 -311 268 26 504 38 1344 -165 -708 1071 292 779 -91 -277 203 685 -356 -424 348 72 -182 -184 -627 201 279 -59 -553 504 -252 -669 -336 -1049 32 414 -778 -355 ]
[-193 -569 -61 -1397 807 450 459 468 1750 126 589 -414 -363 -693 1013 -62 919 359 242 273 338 -89 773 -192 301 -406 -110 142 -770 -1131 -58 -672 333 451 414 -601 109 -235 952 -377 69 114 619 -412 1016 -338 475 653 14 -780 356 116 -260 -455 -66 313 -540 59 -1102 -803 179 1 183 81 517 -353 361 512 -77 1118 103 -170 618 371 370 -662 157 -500 337 -415 -190 -314 76 -530 39 -873 29 -413 1286 745 -798 -616 218 -487 51 664 260 -34 227 1291 -888 1427 551 -139 452 -210 700 -412 730 -287 694 387 398 -426 613 ]
[-647 404 654 1154 216 -1008 -572 732 -689 -659 34 1268 5 -425 300 615 -129 -599 -94 34 562 23 960 -84 48 19 1369 363 -690 248 281 286 868 -410 21 -1086 -620 -162 529 324 -300 -478 -618 338 -49 460 307 511 -203 322 -447 -590 -28 1274 -150 -398 -278 173 553 401 -558 -272 -138 1196 -467 323 588 778 -423 -157 -637 189 -39 335 405 -112 1527 846 47 668 395 852 205 1315 89 -27 -126 465 -579 403 996 107 709 144 -628 608 -175 1050 -181 -109 241 810 -918 -592 124 -133 301 781 -1009 290 136 -16 318 458 -30 ]
[-79 304 -820 666 156 -6 -40 100 -907 544 200 -509 -188 46 222 149 6 -357 -257 -361 439 -451 -856 -443 535 620 231 -426 837 992 -437 863 426 -1087 -575 100 121 122 254 201 477 -611 308 7 264 615 -264 884 778 -58 -691 -166 -509 -171 -219 745 292 -424 -536 -804 279 -437 1065 -290 -293 -227 316 -45 -274 623 -767 -150 -501 541 183 -813 -173 -463 -124 -539 408 -335 317 277 -174 -749 -21 -42 -1254 -384 73 -250 -451 259 -534 -441 297 -140 -35 -823 701 -684 596 846 -150 34 -137 398 -806 299 16 166 526 460 47 ]
[-450 -328 82 -234 98 -399 -321 374 -18 511 439 -373 957 -263 463 569 347 43 463 -361 -326 -109 -517 269 -80 268 39 -450 618 204 -654 843 226 -920 -66 -495 114 -326 422 -446 -247 497 302 -35 -699 -116 -86 550 -216 -178 -1059 118 171 310 -444 10 -16 -942 -450 988 515 269 -463 -406 -445 213 604 64 -379 -79 5 386 -7 334 235 645 -164 -166 38 684 -386 566 -375 314 -314 10 354 812 1266 -474 -200 440 670 419 620 -222 -501 251 -403 320 1434 -226 426 1686 179 -139 -254 -109 391 105 -934 -635 209 -805 -399 ]
[-849 -707 514 82 1039 258 -35 865 312 -369 414 -41 478 23 640 74 589 -1121 -472 -388 -345 7 543 -1248 -402 -205 -285 826 -863 -1538 -442 559 876 506 100 277 582 168 1028 -965 -483 282 -416 -119 -274 -43 1384 708 644 -321 -175 464 -398 -394 482 936 30 -503 651 163 378 136 -1314 143 437 175 379 296 -621 525 -74 119 322 679 824 -444 -275 -968 -171 -16 -214 77 722 228 -237 160 -427 -428 1360 943 -493 401 481 -112 1559 -249 -1076 -198 -961 636 -131 -37 624 -154 -669 -110 991 -580 948 267 -601 815 -403 -45 -986 ]
[399 -583 -419 -278 11 -327 576 -788 -453 611 120 710 -512 -259 376 66 -593 480 -300 628 228 -847 428 317 -162 625 101 -705 124 -453 15 -290 -639 137 1004 142 76 174 -306 -4 -550 423 664 -576 1082 -492 -235 -403 722 173 329 542 -408 -424 -284 234 290 -278 -365 -186 500 855 13 -121 -602 133 7 374 795 -445 419 1095 76 345 -201 115 -471 -462 -643 -383 -16 253 406 332 598 -201 58 53 167 -560 -245 -150 104 129 -425 413 -195 539 -581 76 295 -471 465 241 954 -774 -1064 477 450 -440 -315 -61 124 -164 934 ]
[354 144 327 245 -334 648 276 -992 -156 603 -238 -719 -211 112 254 -281 722 636 -423 280 185 437 380 316 -499 -670 148 -897 -665 893 355 457 -893 388 -559 366 -744 201 1047 961 194 45 1247 -83 -281 594 -509 -389 402 589 825 259 332 202 696 -335 -1137 1058 -212 -291 152 -27 -48 264 -490 398 1 -295 -227 -400 -559 -91 449 -700 -447 -173 -447 -1003 75 708 -672 -692 -46 -697 -614 -578 88 186 -252 -36 1110 54 -551 337 -205 813 -792 817 475 -535 -897 218 -35 265 -252 82 203 543 -24 -350 168 266 -375 552 503 ]
[207 -241 -914 103 930 -157 78 1009 401 -374 720 -305 183 -1108 -485 -373 1164 123 286 -405 -308 652 -443 -372 141 -314 716 860 671 650 614 -122 224 333 -49 897 -546 34 -502 -11 -683 -547 529 336 182 1253 66 145 797 -307 -717 -234 847 -565 330 -325 -1284 1260 -154 -147 549 85 29 -925 948 -505 105 330 -19 69 -55 -991 -274 -298 -121 309 999 -558 673 745 -124 572 -879 -190 325 -314 -354 -212 675 344 198 -446 171 -1537 959 13 583 -675 906 263 -336 715 -313 595 -1012 -65 795 1450 992 -473 450 1442 833 993 1067 ]
[443 597 42 -216 -381 -916 244 -449 54 -95 186 50 -1203 -187 -210 -246 -285 1496 -260 377 625 307 -307 311 875 168 439 -396 -265 -139 -478 -41 -361 10 -338 682 -472 -521 260 1101 -216 -87 37 -624 -278 217 -1005 -640 188 213 492 1 -45 -374 562 -617 43 388 -446 -521 -1136 -62 140 -577 -143 459 -74 -166 356 -310 42 497 49 -646 -503 -502 26 -248 -38 -515 933 -815 54 -792 -307 -134 -969 150 -628 -808 389 -392 -1218 -190 -1447 109 297 -380 372 -418 -995 550 211 -379 24 -368 -241 1105 -972 -240 136 -408 -221 -126 353 ]
[-47 344 705 -60 852 506 648 -439 43 -636 -976 -268 -553 -280 48 165 87 504 17 444 -679 217 -478 817 1772 -1035 131 -710 -326 -77 368 -775 369 -1077 -943 1647 280 -1153 -1186 296 -151 -228 -1536 323 -484 285 -439 531 1 358 -794 193 1465 -360 -1183 -360 -1112 232 136 48 344 -1471 439 -648 87 -72 -1248 -875 -499 106 256 -396 -890 -1239 286 85 722 573 -682 691 -326 674 328 -223 479 -347 131 522 -573 239 512 945 -866 -122 -677 -737 1125 -448 335 -841 -568 686 -424 -203 344 739 -702 395 -1162 -828 -984 -873 40 399 -19 ]
[721 56 146 943 354 -242 989 -39 -397 743 492 343 580 -193 -476 -733 -794 -332 -190 32 -324 -63 487 -1042 -725 186 -320 606 1094 -882 293 424 38 -429 678 581 237 516 551 410 96 358 364 1363 -436 -7 -669 697 -1 -203 428 181 543 438 -713 -465 -266 -457 -370 -651 286 344 178 185 524 -953 -903 638 1292 -254 -39 196 132 231 -292 1090 -179 -628 218 -395 138 -105 -666 72 -404 946 1190 -42 552 -324 190 286 92 -993 788 -555 154 416 -232 386 261 113 13 576 -618 -291 700 -656 556 326 -821 -450 -87 -227 -293 ]
[-605 -23 -516 -13 620 637 -155 1410 237 -138 391 -771 -253 -78 869 514 293 -443 235 -887 -699 226 -938 -35 -294 -612 586 736 -902 104 -140 187 505 106 -747 -584 866 -10 180 -132 -120 -55 -287 222 -1527 7 667 -217 -228 -221 393 -507 -519 -1234 246 -733 -641 5 787 13 -614 -1511 -592 -308 -540 928 811 -458 23 965 -16 -688 -779 102 783 138 234 733 -2 585 365 -876 28 151 -292 278 -410 -37 -720 -64 231 -324 405 160 284 -896 -793 -807 328 334 671 -56 -492 -87 -1093 -164 -291 642 -16 -396 -223 97 379 -55 -827 ]
[205 -193 241 139 -14 -1199 -39 16 -149 -1077 -509 981 295 511 833 -692 -744 804 473 283 847 -318 974 66 -379 6 138 1021 -1015 -552 -63 -220 -679 115 1029 -272 -133 -1039 -992 -162 -348 713 -1130 -193 -326 -1121 -223 -900 338 347 362 -256 -659 437 347 365 -109 384 283 1271 449 925 -209 1131 -406 137 -313 -284 293 -846 968 95 98 286 321 -1100 -180 -463 -16 -383 35 775 -135 -648 941 -6 -623 -240 1054 -609 -897 -110 698 -577 498 824 -1021 419 -403 431 608 512 115 -450 -35 -532 82 653 1233 682 -994 -427 182 -40 -106 ]
[-105 -674 777 -545 -84 102 74 212 150 -216 237 -44 333 -359 -545 -351 725 274 468 172 -661 256 150 324 97 -790 -291 46 -366 448 395 -6 577 -1284 -977 748 161 -327 424 -467 -377 796 -264 -801 228 -490 -192 -533 -583 -320 -442 547 1104 -120 704 -507 -187 543 1250 570 -13 144 -767 -518 -291 132 -779 -14 -372 -982 390 -633 -538 -901 -48 230 -885 348 166 1387 -858 338 332 312 -100 -724 502 130 983 -374 -974 -398 -205 318 988 -626 292 -665 260 -882 203 833 -614 -1107 -268 103 11 158 1314 -553 -1044 -60 -93 -584 -47 ]
[139 541 -523 -1886 -172 669 -423 -397 -624 503 14 -530 -97 698 982 -532 -381 -28 149 770 -715 -1334 -829 -359 -489 -73 48 -680 -84 -458 251 -565 687 -1069 164 58 686 169 202 -353 -210 678 75 482 -267 -763 -641 -277 218 -338 634 561 1286 183 148 560 469 -377 -820 -839 -258 -245 -575 -179 -126 -82 576 -231 171 -392 222 864 -884 -267 -108 -590 -958 -39 -536 -240 416 -843 660 -204 -123 221 238 -438 -500 -316 -388 -627 97 321 -622 -290 786 -324 -155 -488 123 -281 -56 306 -356 -105 -231 -1156 -51 -1087 328 -586 -302 -231 -190 ]
[951 415 -73 664 -72 -618 -580 388 855 -29 -394 1337 144 -802 -146 -397 -112 976 336 328 647 504 270 1220 -73 170 55 -325 -827 917 491 441 -416 1081 990 -330 -1186 118 190 -788 429 -247 -340 -467 -410 261 505 -541 -447 304 -354 -380 -734 1468 -22 -532 196 -127 67 342 28 -1038 -79 1088 -227 406 154 720 -188 -137 517 200 200 -70 -278 -53 -432 340 1406 981 326 1050 -260 -319 -483 536 -195 16 -394 110 155 -191 721 567 553 300 -776 -792 -461 257 164 -480 565 1164 205 198 102 -157 -291 132 594 32 1275 618 -321 ]
[-663 -709 203 606 -307 -102 -584 -998 199 -172 -757 462 -1197 80 -393 -323 -312 -528 171 521 26 -298 272 -55 -823 676 756 -721 770 597 -96 -180 324 -539 -161 636 -185 -271 -890 665 -1364 89 236 -292 675 48 -883 -183 -170 -476 119 -248 465 149 -225 -5 774 -288 49 -176 824 700 -299 -122 -124 -11 -591 -80 419 251 -96 617 -198 -1094 118 380 887 814 170 -485 -382 1086 753 422 570 -372 -656 22 -1168 842 491 157 360 91 -353 938 463 1368 -325 -678 141 -479 -55 415 818 -271 -658 617 -641 -76 408 -310 -450 -252 290 ]
[51 1156 294 -413 -925 -33 613 -561 -1468 -718 -7 -115 743 -564 388 910 696 122 -422 -563 204 -16 46 -77 150 104 -1209 1433 -44 -92 409 303 980 -147 -207 321 615 -118 -1595 -1388 -488 -67 -1579 623 -946 -38 674 -323 -302 65 -849 -26 772 -60 -59 96 -439 310 26 321 -839 782 -75 188 -306 215 484 -877 -413 82 601 193 -888 -661 16 -516 396 -488 239 -464 -186 -26 -442 -808 -475 1154 9 61 -631 212 -825 -111 462 679 112 -1463 97 -961 32 -205 759 78 -147 480 -1111 274 -201 -188 180 -162 -326 241 92 -65 -412 ]
[66 1267 245 556 -292 279 -236 474 -111 -214 803 220 51 128 221 140 -440 107 879 40 712 -105 -833 -595 315 359 189 484 -40 1829 -689 -66 1230 -465 150 -1 619 -714 42 -768 -97 -728 -640 269 -553 16 -635 162 -871 -1231 -580 -221 -633 454 561 -644 156 919 -405 -872 52 -348 613 -159 -118 -433 -543 -748 -412 -456 456 -415 -114 -432 717 -321 464 7 388 -46 238 76 -318 -788 -742 -377 595 -357 -298 -61 -1355 72 -67 -682 278 -121 414 -47 405 -197 299 41 -870 -781 152 289 -59 187 -684 647 68 -413 -577 655 -411 ]
[181 -441 102 140 -363 364 -450 461 435 -121 1248 -716 -98 202 517 -255 778 134 730 -384 673 269 -497 286 -145 -815 1013 -402 -441 1011 -195 -211 -92 255 8 -4 -75 -227 679 -136 -217 -1026 1110 -427 -783 27 229 -113 -333 120 749 -157 -782 132 729 188 192 429 -60 6 194 -814 101 266 -909 594 135 668 -217 26 -441 -216 773 185 110 270 179 -115 435 1231 -379 -631 6 -648 -1210 -99 734 -46 966 301 149 -1026 -89 -158 287 549 -1134 -763 36 -247 66 -758 -183 651 582 -213 -156 639 245 -32 654 -185 328 306 -343 ]
[707 174 496 -110 -988 -130 -162 -136 382 741 -184 -198 -675 -105 617 486 -57 -124 423 107 451 232 374 -378 68 363 -75 97 523 909 285 694 213 -732 207 -366 -897 77 -569 -232 186 41 -327 -707 178 21 -37 -103 -784 92 -51 180 -411 537 -408 -43 -707 1307 -377 190 609 67 966 528 -924 145 -544 479 249 221 711 212 -501 -554 -501 174 8 -653 181 65 -524 155 122 -78 -300 -200 660 364 281 -970 -238 -436 -12 927 -517 165 -374 819 2 76 1030 505 259 530 -180 620 -663 675 61 490 525 -706 584 162 -360 ]
[85 939 -1270 -52 458 -1111 59 -381 355 -144 -30 610 -783 -1127 -407 -430 504 489 -940 -22 -200 356 186 149 207 -482 -1179 81 37 -41 18 138 -329 183 -155 508 -1117 1010 -164 139 600 -230 307 -634 15 65 -110 -1307 -31 467 7 -59 -340 -160 231 259 -636 463 -592 557 -478 -726 179 -716 64 -749 -245 213 409 -4 480 -593 216 -151 -1045 -1120 -618 399 1126 769 403 241 -174 -426 -432 -194 -859 646 -181 -1227 -20 -250 -144 705 425 -484 336 -61 206 -183 -281 245 1161 -445 -471 271 801 -12 461 246 627 674 1008 487 342 ]
[-137 -487 -30 262 98 100 101 331 523 -311 190 -459 -283 943 97 -1142 -725 53 -42 587 -329 121 -946 -432 28 -847 507 -211 718 -339 -1363 412 -638 -279 -376 -502 -178 221 -154 -215 153 -151 582 94 -864 -2 -694 17 36 257 402 -649 274 -127 63 -284 -428 -16 614 341 426 -894 409 -790 229 -369 279 1180 911 -227 1358 -634 360 327 103 596 -442 397 -89 135 -130 -1035 232 32 45 2 218 -300 569 -578 201 -726 246 28 647 -510 180 -1175 330 -548 649 -417 -536 -303 480 -139 201 278 -643 -928 5 -279 -215 -895 985 ]
[139 423 -248 -248 -603 -415 10 128 1228 -95 -288 -26 -1022 150 528 -14 -131 -324 337 121 322 290 -305 335 611 639 168 251 1508 -30 -507 -365 559 -668 58 -129 108 -714 -370 -758 -178 -741 -72 532 757 101 -218 -298 199 429 -257 -64 186 -244 -327 481 -148 139 -60 349 305 -1119 728 173 -527 -167 -198 -10 48 -90 322 -24 -24 -749 -857 -38 521 448 55 -977 -118 -15 713 376 -36 -80 103 -146 301 -326 -462 -643 -573 572 8 -629 882 -247 586 -143 -82 341 -120 -94 726 587 -709 -138 -430 -88 906 -62 244 -218 -257 ]
[-262 -654 -446 14 -442 568 -198 214 352 385 -457 92 -70 179 -499 196 -144 -255 -376 125 -501 365 497 -268 -81 -222 487 -136 518 482 -210 -587 -151 -576 -413 -654 700 855 360 318 325 -489 212 1001 -282 -276 -650 85 -491 -570 209 -336 -185 -75 26 537 -250 686 154 -476 294 131 313 -606 503 -152 -776 749 551 -667 624 -589 627 -65 260 235 -514 702 629 526 -714 12 -675 198 -10 4 475 416 845 155 34 -261 -441 -223 459 79 445 -188 514 -295 352 -657 -627 -708 115 375 358 772 20 488 -180 790 -164 6 75 ]
[-508 -508 257 -707 -145 1105 -834 -356 -724 171 260 294 658 -677 -774 211 148 -952 -350 -215 -367 -35 399 954 -199 17 39 -76 -727 -383 998 -14 -140 46 -433 -820 79 373 -216 345 178 260 120 88 52 -403 397 708 -1244 -574 375 118 -752 -206 -228 -750 402 -406 252 -523 -1053 616 -414 -1206 913 1308 190 425 -716 492 328 661 -450 773 833 -555 371 -75 462 74 506 851 -281 1133 -39 -26 -432 590 -254 106 108 -96 619 40 -292 -133 -263 -1362 354 236 1542 -387 823 -202 -1005 243 95 7 1161 183 99 512 59 -427 126 ]
[13 -385 -177 1330 689 -99 -210 962 57 135 344 80 -868 205 309 -126 -435 -284 -175 -5 181 -523 -222 -262 -711 -208 -585 -49 -215 -385 -852 134 -136 -443 -321 877 -820 -727 522 109 817 -242 829 -1205 355 -15 -270 -771 289 718 393 456 -564 101 728 -81 -695 210 810 -207 1091 -331 -364 -35 -140 785 -978 -172 1139 -306 -5 -333 1194 -338 -897 -588 -1152 99 -114 -750 136 -309 837 1060 -431 -1871 -301 -19 809 -963 410 36 -774 299 857 -291 30 1584 -27 -954 111 359 -532 340 -378 14 447 -56 577 73 -534 -206 -33 -93 -569 ]
[-633 55 1296 110 -391 313 29 -149 -94 -312 -1030 251 -771 621 332 346 -747 -737 -470 927 -519 -208 322 111 241 46 219 252 555 65 290 785 -180 -1288 -175 -23 458 408 444 -536 -433 -114 357 -167 -254 -473 -394 -308 -260 9 19 330 479 -207 -602 248 -594 -694 248 866 532 238 433 -33 -484 -329 -579 -644 353 -544 -332 595 -442 96 -104 298 -524 67 -5 -610 25 1208 1155 355 606 927 293 -281 -652 -277 507 1062 -408 908 -394 -758 4 429 -724 -1157 -1333 486 -320 361 512 835 -548 -58 -45 392 -387 -542 -1334 -623 -433 ]
[244 -486 -1033 -542 168 -115 -62 1349 983 -336 769 1857 599 -161 -39 21 -93 -225 159 386 -309 -77 1223 -403 466 -173 37 34 -488 -62 937 125 428 698 389 -165 27 1421 591 -117 928 -931 734 572 159 -240 -638 -137 -343 -735 157 -390 -1026 285 -354 -667 -225 620 -42 162 571 -65 -19 -798 729 -527 -574 7 541 -661 -219 -803 586 538 175 597 416 912 91 924 -452 1524 64 986 -298 -130 502 1057 531 169 -642 -55 721 -386 733 43 -582 226 3 848 149 956 355 -955 434 21 940 -279 1183 48 -347 -144 -438 155 1114 ]
[46 -569 355 -142 -820 -196 -216 -291 -210 -396 -444 382 71 -823 -383 -64 136 184 -72 355 -594 -99 643 -226 -680 -373 -257 443 875 1227 1051 -218 -507 639 989 472 -748 -127 -973 -470 96 281 588 -1261 673 774 768 -972 -263 -63 -236 340 161 323 -498 -93 -273 100 462 832 910 636 114 -48 -141 -647 -217 -428 1128 294 -317 45 -571 6 -440 -4 366 -683 -368 121 -551 962 -43 -423 698 231 -681 615 -813 435 -167 -163 885 819 64 805 747 1145 -375 -525 -311 697 1084 626 -235 -3 584 277 545 7 314 687 172 469 -182 ]
[-106 -307 -537 74 66 -1421 184 -199 -60 -647 -687 480 297 47 -496 191 89 -140 -4 -537 385 -199 331 94 491 23 -394 225 610 -213 -101 155 -396 -282 524 -328 -690 234 -1396 415 150 1024 -1185 -447 90 7 291 616 905 -2 -836 -336 -25 -86 -442 1495 -692 368 -155 752 819 818 -498 127 124 -164 274 -304 318 -89 854 292 -64 914 548 41 -231 -306 -466 625 834 1548 -247 -133 1194 -768 -141 243 1404 -329 380 113 242 39 352 414 -385 209 -559 111 202 -189 1006 -39 701 -431 183 741 488 -363 159 431 790 -20 840 ]
[279 36 138 561 691 993 -702 -42 588 909 -703 -454 -676 -503 788 518 -649 238 -551 118 -139 1218 887 -55 -185 -66 37 -143 -463 -156 213 -422 -580 762 427 -19 -639 -176 1272 678 114 -109 663 433 958 353 364 -213 75 325 964 -93 -933 -533 -72 -894 -673 -55 -730 -425 64 -172 520 1298 -677 -261 -1020 92 610 246 -620 340 531 633 -685 -466 237 -680 -392 190 -276 -941 -254 -456 39 -672 82 931 -705 -29 850 -61 -531 127 -837 1059 -624 418 25 292 34 319 578 -133 -419 694 249 402 271 307 -137 1025 991 92 -293 ]
[134 -418 -3 655 -324 -556 -364 245 321 -249 -425 -110 501 -248 -1063 -862 168 167 -260 -757 -49 963 -580 -265 50 -370 -13 45 -220 139 -958 1392 -265 1282 -263 -578 -596 -300 -15 285 -114 434 -490 -875 614 964 589 128 698 883 -458 -628 -337 494 243 -712 61 310 496 312 -104 -63 -191 793 263 220 7 798 -335 1066 -16 -899 -405 -554 419 694 29 -435 -48 888 -695 -368 -361 290 -64 -121 -755 -759 231 397 166 145 838 616 115 -276 -278 593 -100 69 687 -348 -622 698 -420 -310 69 327 -244 -60 564 479 239 90 -394 ]
[-243 -402 -39 668 461 -792 750 504 1306 -225 -423 504 -571 721 30 -564 -438 -538 106 -268 502 -167 640 71 197 1325 -183 22 27 -197 -797 -159 -750 848 37 98 -146 -208 106 774 -104 -19 -998 755 4 -898 100 -304 617 -155 562 -183 -713 -443 154 290 -478 481 392 315 497 870 -782 -560 396 183 -47 -6 312 -18 470 234 746 -285 106 731 -233 838 751 223 814 514 276 163 708 -898 211 -690 626 -88 475 -246 297 -522 560 861 -54 768 31 947 -414 -150 341 -774 975 24 -723 -96 528 501 729 -174 826 -137 1251 ]
[85 -673 -50 316 -338 -81 210 -78 514 -612 187 42 1055 460 -193 377 72 -699 419 118 -600 -433 410 -856 257 -1051 433 -7 -434 -100 502 414 454 -497 705 10 1245 -100 -617 -866 534 -745 129 219 -35 -631 424 495 -10 193 -539 175 -385 640 -122 342 169 810 -97 788 818 777 820 44 -601 512 -117 -70 -166 -244 556 506 81 768 155 435 -209 165 -173 924 -643 1113 287 399 -822 345 421 431 1395 993 -769 299 1050 -39 -157 -184 -816 -251 -291 612 167 -240 -643 108 542 384 177 58 613 -162 -894 653 -1099 357 -94 ]
[-519 -161 -455 180 870 -221 -168 -1537 -939 191 156 567 -1005 590 -15 -604 -187 111 -985 804 86 -462 699 -424 -266 -375 -351 -293 -207 -506 -1044 -756 -117 -1412 -498 1098 -802 527 179 712 -357 150 97 -1497 661 123 28 -1078 -233 525 74 909 -320 142 1122 206 -851 265 606 261 -639 -116 497 -511 -1052 384 -717 -238 404 -358 564 -291 893 -1155 654 400 -384 -339 403 -338 -57 -138 -776 -1035 -1081 -184 -675 -727 -396 -460 -60 457 68 593 74 -198 72 462 -405 38 1029 -99 -586 -319 -292 159 -872 76 -116 360 -216 -620 234 118 -757 ]
[493 -356 1047 -397 -837 532 744 -430 345 -136 226 -979 -394 846 156 71 -183 -736 1061 -587 791 -19 499 254 -397 571 -380 715 -186 816 471 -174 68 -23 -146 -111 23 -322 550 -14 28 39 -632 -63 346 -404 -23 113 -230 7 332 779 -50 37 115 315 -155 -303 1149 442 514 390 239 1004 -85 243 -842 -396 319 402 -337 -955 937 -574 -336 -34 -256 -461 282 -19 -310 525 -225 -53 -454 -434 310 -774 520 502 96 -228 -667 314 45 310 341 -92 697 -251 -469 343 484 34 67 143 170 -632 638 753 90 -486 165 -63 -455 ]
[412 47 -945 158 363 277 -1257 -225 -523 187 -1108 780 -102 42 -1 655 -203 -414 -768 -229 29 401 -343 -548 -348 62 84 -278 -334 747 134 1141 258 752 51 -111 -780 -64 292 -351 562 205 388 -254 -370 428 -329 -628 750 735 -112 -586 -425 -152 -7 365 -262 410 -349 1016 192 -579 -217 34 -249 -308 64 -259 -343 -14 267 163 -767 -6 -812 -832 418 -493 -575 311 62 180 613 705 376 115 -408 850 -568 -501 822 -31 40 141 527 299 -925 557 -424 -896 570 -488 551 978 -1054 -192 590 502 -177 -551 68 717 13 969 291 ]
[-175 -154 274 986 1629 311 333 653 -378 260 -758 288 158 -265 988 -54 -167 -1081 -525 -312 -778 -2 -154 -1042 -625 -596 -1216 740 -291 -438 -113 227 515 -1148 305 810 -182 221 416 -673 -259 913 -214 101 -780 59 85 -648 -219 413 163 623 487 -770 -269 303 -1345 -705 578 18 104 -540 458 191 -536 -364 182 272 831 380 984 -630 -334 99 157 -384 -304 742 -58 -511 -197 248 254 342 448 374 -685 -107 -225 -364 2 -31 -520 117 745 -1194 -437 71 38 -668 413 570 102 524 -942 297 411 628 -500 240 -1742 242 38 244 -698 ]
[-89 326 570 82 264 534 -76 -1336 -194 61 -893 -936 -248 689 -299 -77 -654 -238 443 -359 -596 158 -1164 -211 369 -210 743 552 406 -210 -378 -646 -10 -1294 -137 735 -189 -962 -416 -32 -4 -40 420 -333 114 -195 -1416 184 -316 -105 -150 -510 906 -335 -482 691 395 -17 -890 235 -525 393 176 -1085 20 -278 184 512 304 319 -658 -67 -735 -504 72 377 417 -133 276 -401 299 587 -202 168 172 -69 -636 -238 -815 553 487 166 -124 -878 -1103 -843 234 -823 359 -769 488 -63 -1001 155 -277 52 -662 624 -804 -379 273 99 -874 -507 791 ]
[776 652 685 1061 -85 -678 469 442 493 -764 -308 532 337 739 161 -961 -1212 -193 1063 -466 508 -466 -624 202 -380 356 -563 26 -214 335 39 0 -910 537 533 -877 -1101 -502 -1021 -432 260 -77 -833 782 -1032 326 8 -71 784 579 98 -50 158 508 -578 219 398 36 878 123 937 -110 593 1384 315 -507 -196 655 -579 -728 872 -470 545 485 -262 -290 -576 1051 860 772 188 121 298 -157 108 -272 385 -1114 169 -882 -523 -86 -323 -300 528 -232 331 276 430 -668 5 -283 -436 159 800 844 -374 -995 -134 1131 717 -238 1011 335 -48 ]
[794 228 354 -196 -115 1041 756 -465 -467 769 235 -971 -1096 543 430 -378 -816 497 580 -207 134 -391 -562 -171 -110 -144 -301 -297 -382 212 478 -490 -519 -886 -728 544 -221 129 -1192 498 -109 180 40 -456 477 359 -205 -108 542 -296 544 836 -162 -197 -132 181 -2 171 345 -1414 451 55 203 -154 -80 391 -580 -1362 1520 -90 -152 -431 -140 -486 219 378 -426 -425 85 -186 198 201 272 -588 -251 -1408 -187 -74 -271 -920 -300 401 -1561 284 -377 -715 826 211 298 -884 -337 343 -562 -37 -364 -193 -429 0 -179 234 -18 -50 1006 811 -519 ]
[127 -608 337 -151 206 885 -201 -114 60 398 -4 -603 -41 40 -512 353 253 -70 -69 -148 -529 403 -142 -34 -948 -766 491 825 255 -115 410 -125 -452 -518 26 -353 -911 -317 119 13 112 -155 1196 -419 657 379 -59 126 -105 -325 -230 -732 2 451 220 -283 214 403 412 194 -98 -74 144 -412 -79 10 23 780 786 -251 -224 -773 839 1140 124 1033 760 484 1012 482 -843 -984 199 -570 -8 -395 204 67 795 -354 -888 -251 -509 -579 16 -14 -311 -339 517 -691 1090 76 -848 -725 -459 318 283 -179 469 25 754 649 1063 -678 795 ]
[-697 642 -174 775 521 -466 -170 -117 -149 -159 -978 -111 632 -185 -783 -118 -1009 -443 -563 -622 -289 -365 478 -339 559 -363 -208 -1 -640 -300 -969 540 -476 -132 336 -121 -426 -359 -339 624 934 -582 -747 -328 -1316 -650 -114 614 -362 777 -424 -244 -551 -416 -381 686 -643 -974 -246 692 599 -129 72 -271 55 -178 593 -277 -150 87 517 228 -590 -405 -379 -1455 390 -532 -1081 -343 1045 1533 170 1608 258 -708 -197 686 -226 -36 2001 648 580 233 -138 153 -16 528 -424 -344 -409 320 266 264 -561 -466 549 677 -870 -256 -1342 -376 -645 -117 467 ]
[166 692 -467 -235 -261 -459 554 -852 11 -499 -799 262 -468 81 -526 20 342 -108 -975 359 -356 706 421 436 967 -241 -704 -546 845 -926 231 497 -931 -344 -287 557 131 823 404 -215 -259 -708 262 -169 -423 -107 -326 -516 177 247 313 -155 -348 -107 -608 -59 -1623 -413 -504 502 -167 -593 194 -959 -111 78 32 -42 672 -299 227 -73 120 -10 -509 155 -328 135 647 461 424 167 824 -154 117 239 -168 337 216 -422 587 213 161 1200 -344 -1075 43 -914 137 124 -447 -114 912 578 586 583 -255 -606 147 -34 -45 -422 -161 -102 277 ]
[662 476 1053 161 -397 -376 843 -274 356 -134 -480 494 268 -162 13 -728 357 304 -265 426 -79 756 261 -591 -330 -680 -270 506 144 -3 58 103 -359 639 446 -570 -794 -509 -237 -534 402 -530 78 -330 -930 -102 212 -447 -61 1251 144 -186 -112 1258 -726 -513 -976 136 1030 821 -79 228 1159 -3 272 -437 -16 850 -356 24 757 -73 570 -169 -796 10 295 643 509 888 -418 -418 -558 -458 -702 808 147 16 539 167 137 757 659 462 -158 -85 205 -1148 73 579 79 884 184 363 -135 1033 334 255 4 478 17 -55 51 -437 -215 ]
[-587 -480 459 413 122 -789 -1106 525 -201 -542 -1257 29 290 -72 66 -101 117 -576 409 -1095 127 193 -956 -607 -371 815 -220 1098 239 260 -375 382 360 -195 -355 133 170 -529 -512 -243 -144 1458 -1097 -1168 -341 362 830 -426 107 -394 -591 102 -597 -643 763 304 677 -323 270 526 -79 1375 -846 -281 731 -155 208 -1005 426 322 -270 506 -986 -297 679 504 -118 -103 336 4 420 1057 -487 -49 167 779 -852 -536 -52 5 -429 435 1006 24 739 -286 120 -101 -337 1102 423 -428 131 249 -453 -287 -420 463 133 352 -516 299 150 157 -45 ]
[-169 -104 -103 -124 409 -1073 300 155 -48 -321 -857 599 -204 374 538 146 749 -644 -896 -3 887 -237 175 -456 -737 -434 -226 121 -236 -331 190 -199 -113 -226 -510 -210 -585 -571 -824 560 275 548 -1355 -1028 -597 419 477 -335 926 677 -877 -555 436 227 -530 1543 -591 -462 151 290 -103 -5 -286 -278 791 -64 982 241 -471 -482 -191 -179 -622 651 537 -759 129 449 997 438 62 1220 217 651 973 -819 -133 1124 947 300 -278 87 115 441 320 439 80 1087 -483 475 -89 -20 362 -259 611 -276 -524 -66 442 334 673 186 851 207 159 ]
[-32 438 5 220 -58 -33 -332 1340 1157 -166 208 -29 131 325 549 443 -310 -195 441 417 866 -44 52 -130 132 58 -106 -389 594 126 433 235 31 534 222 -947 144 -812 58 -129 160 -272 -242 148 393 -401 -141 -70 305 429 164 -837 -879 252 122 -601 363 -117 -742 -410 289 35 246 780 553 -323 137 -363 218 -253 222 -382 636 188 -795 -651 -741 148 490 -629 320 43 779 546 -351 -959 871 -234 1853 -722 -847 -360 350 189 180 986 615 594 571 1066 -557 340 19 57 558 432 -242 -588 138 805 193 31 355 49 -228 ]
]
