[[-40 -426 -606 -287 -274 526 694 96 684 640 -229 243 -457 -427 -245 142 -59 413 -319 -320 -112 168 -305 177 697 -540 63 259 -136 -609 -87 -747 -288 -321 -76 -28 -168 -88 16 -73 476 -321 -620 952 1017 482 -136 -69 146 -778 534 -533 -628 -240 -70 700 -7 -244 -47 139 196 -461 275 -332 -690 -46 144 374 52 -32 764 -411 394 -28 342 -96 -318 66 -444 -196 66 238 -205 438 -181 -299 -443 -28 -431 162 -258 433 142 253 -236 -418 305 -615 -756 -616 -42 -39 235 264 195 333 686 -421 -842 -163 -358 845 57 -228 238 ]
[-72 614 227 -258 212 246 -41 -324 315 -670 -54 -151 -709 780 -451 -297 213 290 -335 -312 75 373 -292 22 54 393 158 192 377 496 84 374 962 300 61 -10 -720 112 -505 623 -27 171 548 51 -455 406 50 -630 -386 -145 -867 -243 90 241 368 -190 180 149 -358 272 161 354 390 -316 575 -274 239 440 -130 136 -526 491 -238 426 -131 -332 -72 -157 21 -56 211 -502 -340 -193 189 808 460 866 1017 -518 631 97 909 128 -808 -50 -851 374 22 -22 -636 160 127 -562 199 -146 -2 -943 286 -267 -166 -538 -112 -85 -448 ]
[-605 143 -610 -1 68 209 535 44 -48 738 472 -153 1224 -434 768 688 -572 -305 -214 692 -558 -246 -124 -69 521 -24 -220 71 -81 -93 371 41 -624 -452 -273 679 198 -1016 -51 -185 234 630 -82 -536 -140 -233 -3 365 -248 254 -145 -1 -5 -549 434 -297 347 -474 -309 80 267 54 -36 618 444 45 -154 409 864 -348 173 -978 198 -831 617 854 212 -237 22 -133 300 260 298 195 -402 -341 -104 -728 -480 279 90 94 -576 -21 380 345 383 367 -503 292 129 -390 -584 888 -342 -105 172 42 36 325 355 -77 -231 510 330 ]
[68 -280 -338 296 -1 319 227 354 -448 647 -163 126 -168 -210 -268 252 108 361 236 -721 662 940 39 514 -360 -92 540 -330 213 -486 -426 -559 -137 -267 -499 588 435 64 -54 571 346 -477 391 186 653 -38 -641 -68 -109 -159 541 196 -27 83 -40 735 -243 499 -720 -367 -784 604 531 -457 -488 134 -727 334 -258 344 989 174 516 282 62 211 -618 61 -704 -52 -81 713 660 313 225 -444 177 -177 -626 657 -459 -38 173 392 180 -908 476 -148 -407 -406 -138 -135 126 -77 -197 -488 756 464 -399 -87 -189 942 -207 -1421 -42 ]
[575 -24 -297 184 22 229 508 -160 -67 -368 -508 -675 -1045 -454 77 -486 -362 1047 -322 -788 812 536 229 261 -509 -22 490 -115 285 -869 707 -181 -54 -185 332 -73 187 202 233 870 -849 537 674 504 152 668 -628 -869 -550 -280 39 -164 -412 555 -50 181 -97 453 553 150 -1030 152 834 -680 -513 510 163 557 -373 471 283 415 108 1 27 -420 -488 -475 -881 77 364 -57 103 -9 491 -257 -76 -26 1064 -61 145 767 1028 555 -326 -474 402 -607 -336 -307 -559 -32 -103 -432 -182 15 -323 239 -433 -287 -173 235 -181 -858 78 ]
[403 -694 245 83 -351 530 386 -393 -345 -597 -143 -277 -1016 320 -222 -544 612 833 -230 -219 629 -772 -233 356 -384 -236 26 -89 1236 -41 87 109 343 250 232 565 205 883 83 37 42 -446 614 -345 -313 718 105 -772 -542 84 4 -320 -521 568 -330 -351 -28 31 -23 -100 -778 611 418 -676 -5 236 -217 -18 -534 835 553 58 -305 370 7 -497 -160 -367 -343 40 217 -250 202 753 -132 112 719 810 467 587 13 -9 906 -365 241 -284 -611 -438 438 -408 -508 -494 -275 -978 -334 115 46 748 25 -682 182 -664 -412 -398 -304 ]
[254 -906 -518 47 -708 40 -190 -142 -358 -356 -125 -506 -251 -362 79 43 -205 1103 176 -51 121 -578 33 256 -184 -319 229 513 34 -1542 398 -700 -112 -430 508 429 -72 1278 194 371 258 -329 -259 520 468 616 391 -767 40 -779 377 -300 -1049 131 -120 332 -98 524 351 -823 -301 169 673 66 -407 256 535 -808 -447 569 579 24 368 98 23 -432 273 492 454 -189 114 548 583 879 -446 -5 -624 -247 -520 477 -235 -406 218 -96 529 52 537 -793 -113 -469 -528 -424 -824 -159 -425 476 -267 33 -1042 -377 -64 0 174 -574 42 ]
[109 533 420 -230 67 -155 303 959 148 -624 82 53 -514 -45 182 -285 -392 418 -91 -37 570 -79 72 228 -99 343 -39 -51 -981 -5 809 461 -847 209 751 -766 -296 15 41 -789 -757 427 -397 10 -344 207 -56 -3 1164 181 30 -248 -618 66 -301 110 -758 -523 229 421 -734 -290 182 -146 -649 -112 769 73 -609 190 -144 49 -542 -965 34 -439 -356 -734 -450 251 206 -117 -1054 -626 108 146 -71 -330 509 -833 507 487 318 444 112 440 178 -524 187 191 579 662 99 -145 -364 -240 -190 496 -268 -94 8 655 58 576 192 ]
[-825 360 -743 -15 -675 91 240 251 620 -356 -117 -376 -112 205 -567 388 -387 -551 -358 679 -162 705 -904 407 -64 55 -46 -17 -36 -178 -407 -28 856 -128 -406 252 -730 -310 -434 292 690 -177 -126 7 160 -231 102 -19 -629 -148 -422 12 -91 -305 778 123 600 11 -588 -620 -293 -570 206 432 936 -175 224 -225 194 -395 95 261 57 33 257 323 167 1196 619 -832 -129 -388 -356 337 426 783 -159 739 -353 -379 -564 7 111 565 -659 -392 -648 832 -653 -767 -485 -77 351 87 -270 -131 -50 -1559 -39 -547 156 679 192 -453 91 ]
[727 -182 -820 -641 925 225 542 -598 -354 991 -145 108 241 -771 455 -468 82 295 -265 128 -326 -332 -451 550 486 -346 -192 390 871 203 550 18 152 -187 -629 800 514 -284 -60 321 -613 881 638 -338 766 -4 -1335 103 -93 -62 -40 -368 -42 27 -185 -260 58 -535 296 491 -133 247 -700 -452 -188 232 -523 611 157 318 -151 -1037 209 -477 59 479 -277 -535 -1287 522 676 221 254 132 88 78 -66 -174 291 496 804 479 472 629 -95 -26 546 -23 -442 -17 176 -373 -564 75 511 -213 -594 1030 -36 -367 -15 -125 -513 193 433 ]
[25 664 -45 784 114 180 947 760 -396 267 719 37 59 -26 685 470 -45 1207 262 -364 933 656 635 -422 148 -124 -126 -785 -502 -594 485 372 -977 -140 -241 240 464 -608 847 -256 -803 453 333 202 -363 233 -110 -35 71 271 214 420 -32 317 -713 715 -481 333 -171 131 -113 643 395 -94 -506 77 -829 397 278 -592 -61 426 -328 -242 15 -304 -259 -1102 -935 0 109 27 -213 -756 201 -616 137 -522 -811 -240 -24 431 481 363 609 39 1196 -149 416 291 410 -362 -331 607 14 107 668 351 -427 945 -222 453 -102 115 -400 ]
[-581 458 280 26 -358 -111 -808 120 256 -165 15 -551 257 723 -920 -219 341 -591 -127 -344 265 463 333 -211 287 594 378 -208 -329 -99 252 438 -263 238 51 -177 -446 -131 -704 346 186 265 201 29 -80 -397 170 171 235 523 -836 90 449 304 443 -411 791 361 -371 189 -291 -67 109 -569 115 -721 587 -238 75 48 -283 538 -117 -531 -485 358 634 -171 1047 246 -292 -106 -247 635 229 871 -261 -352 1176 -242 507 -127 459 241 98 -342 -426 680 -61 108 342 611 -563 8 -841 -127 486 -1095 -5 -304 727 363 135 -267 -76 ]
[-466 734 -18 361 346 -282 -346 535 -487 -1015 -536 384 432 297 248 286 37 -250 743 -370 62 429 572 -87 -919 341 -37 -256 -398 462 -694 83 440 -26 384 -383 -805 -15 -56 -230 278 212 126 -1026 -542 -384 4 248 -333 147 714 870 -83 -180 635 886 -115 335 -596 -308 -377 413 273 862 -97 664 -413 137 -235 -84 427 238 6 891 151 -177 -345 286 85 -888 -903 327 468 -22 157 -540 277 -588 -228 36 -1145 -989 -439 -186 518 96 0 263 587 -139 -484 326 -409 -349 -401 -272 -645 359 1099 111 190 -504 215 -1088 -442 ]
[263 -341 290 -115 -457 171 -366 178 239 -49 772 -872 -549 232 -436 -60 -239 530 -210 207 54 -712 553 -73 712 -472 818 217 -36 -1576 1141 -410 -1077 393 1078 -20 54 732 -512 135 427 -614 -580 467 -396 560 1416 -653 703 311 391 -763 -672 705 -471 -410 -568 160 194 481 310 318 -42 293 125 -163 1099 -975 -728 1076 144 51 -161 -222 192 -349 725 -452 317 364 226 134 -279 976 -458 -591 -384 -80 169 92 91 162 -375 -1008 632 451 -254 -214 -274 -56 151 191 -81 -247 -516 412 913 96 -1350 -108 1085 704 36 897 24 ]
[-392 596 -655 -140 440 902 1267 392 4 534 506 -72 -974 -383 545 81 225 1109 -291 -496 718 121 -228 105 285 -635 608 -541 -251 -322 442 218 -649 414 -315 420 -701 -190 -956 -487 -67 5 355 -476 -292 147 -312 -459 -58 185 918 -288 -1158 -181 -261 409 282 -789 -94 579 -42 322 -195 -162 -204 453 -577 343 -232 -5 247 -796 -305 -417 405 -59 -188 -1251 -1237 -363 98 -632 -235 262 339 -301 -402 -354 -62 -132 -197 1089 133 394 725 -809 292 -588 -138 -875 -457 -621 -782 253 -157 260 214 646 64 -114 694 960 -427 -227 -19 ]
[-241 274 -801 -572 784 101 103 -225 114 307 444 484 375 897 -317 -531 -177 -847 -625 579 -664 -68 -237 55 157 484 272 183 108 593 332 850 95 -126 -128 169 -612 -912 -531 652 261 392 328 -422 94 219 -515 526 -231 409 -508 606 68 514 341 176 212 -6 -739 769 -82 777 51 581 679 -360 -227 563 -435 567 -106 -348 253 -279 115 665 537 27 -713 -365 -330 974 -294 414 -13 16 -390 297 446 515 514 -240 766 435 48 59 191 664 -603 -230 -450 541 -571 -680 -35 -217 514 -5 222 -591 467 487 -325 3 -155 ]
[-524 -354 -513 -145 -646 17 -356 149 367 50 -557 -326 438 -833 -557 337 395 -360 310 220 -316 -607 -94 -255 987 -443 -164 -191 216 -705 -507 -347 244 610 -234 530 -881 381 -39 -747 1355 -792 -138 46 127 -243 554 -1 -129 234 444 -457 -1005 -248 24 -80 585 -21 -430 -56 605 -1003 -199 -439 296 -164 24 -465 808 -382 252 -575 160 49 688 286 153 379 1138 -964 -1288 130 665 1472 130 193 64 -795 -13 48 -732 -557 -422 95 402 -342 -338 -198 -325 -626 206 -252 -1307 46 -290 19 -144 -863 -417 -316 487 -87 -261 14 1092 ]
[-725 -472 221 -102 -399 -96 -557 -8 -1040 522 379 -1011 1038 -965 509 527 -280 -541 316 1161 -593 -494 -391 15 167 -9 356 42 249 -615 -223 91 451 -42 -910 570 105 -103 -173 -369 77 -1242 392 -114 -539 -579 132 175 -480 244 -769 328 -82 -143 -1 -1473 793 428 97 -462 453 -54 -50 2 948 -25 -420 -893 318 -61 -222 -651 443 -194 594 750 1599 442 802 -113 -413 -571 909 221 -243 -55 -600 -111 -1137 461 -186 156 -671 -123 782 -321 171 136 289 -361 200 -880 -850 66 -212 -290 -6 -202 164 93 671 -510 -948 -182 40 ]
[519 80 9 -6 488 -171 -64 -204 -499 818 -286 -748 -517 -849 -225 -294 317 -249 -141 -137 -371 99 12 666 -950 -873 282 -445 524 -347 -83 -550 -670 13 299 -535 1288 237 -461 -530 -584 -530 -88 -184 212 -685 -273 257 -339 780 195 527 1086 632 314 -1290 639 -115 973 157 -972 -386 -595 -458 -259 676 1000 -111 -542 942 35 -155 156 549 -473 501 924 -141 -270 611 102 -591 404 -20 527 -915 -123 -362 -535 748 -547 1064 -692 -568 317 -789 -580 299 164 -301 100 -286 859 200 -15 319 -241 1091 720 1 1095 239 -609 -376 96 ]
[414 325 602 -361 458 -437 -1626 11 -814 -130 -123 -51 -333 -220 272 -1115 -578 348 850 -668 277 824 422 126 -364 713 1237 178 -638 -73 255 -197 100 262 307 -276 -931 760 -559 1097 -20 288 956 -190 -17 -87 -601 -573 1049 108 225 127 -274 -228 -16 362 -738 584 -119 462 277 416 140 57 -110 484 -296 -751 -1426 311 -837 149 913 -110 -5 105 -223 -797 -588 475 -343 766 778 -483 248 3 -828 40 1185 -471 927 -388 -495 -5 -103 40 889 12 -447 -202 575 670 -848 -718 605 -52 -121 472 -311 -481 87 828 82 -328 461 ]
[-501 1057 135 -109 -522 233 -374 512 -584 132 865 -856 345 -261 347 528 -446 61 559 -8 -322 1247 -116 -105 -232 113 -489 135 -195 -252 -206 24 -85 -124 433 -230 -259 83 109 -318 204 577 -189 -155 -247 -652 -13 -358 497 200 -975 -6 736 -625 1018 -536 667 467 183 -478 -478 -223 398 36 235 -208 1043 -678 -473 -451 -494 1189 -29 -603 -418 267 442 58 603 591 909 -223 831 -592 630 366 -108 -432 -603 31 224 346 -387 -28 -352 -95 -134 1111 49 119 257 -355 -528 1224 -255 345 284 -468 -366 205 -292 -26 655 -153 11 ]
[-46 -1098 702 643 -824 121 -221 100 -554 113 -328 -492 72 435 8 433 378 -700 141 61 8 -690 200 236 -308 -210 284 -751 411 -34 -30 -784 213 -412 -80 311 1589 -540 230 -632 -20 -1163 -269 -225 -38 -408 599 395 -851 249 1004 382 958 349 -157 -701 -397 38 -123 -851 -936 -148 -443 119 197 90 139 -858 -399 456 1206 292 214 1212 51 -48 320 53 71 267 -255 -825 564 167 -379 -355 732 633 -656 -29 -890 -114 -533 -707 395 -39 -442 -11 370 -179 886 -128 1435 -495 -477 -587 877 875 424 18 1162 416 -551 -214 140 ]
[887 1137 720 -42 -362 -63 204 327 -393 -1174 381 -229 -1109 493 488 -331 18 613 -44 297 40 -352 -451 72 -277 -547 -509 -504 903 676 54 57 680 250 1048 -221 -419 245 148 -986 -847 578 -414 -580 -837 60 915 -243 -212 130 69 -414 -422 375 -26 -135 -490 -133 259 -103 -881 28 -125 610 602 349 750 -294 -1359 664 -490 771 -479 415 -146 -811 156 -1517 -1486 186 179 -895 -199 -936 355 44 945 766 137 -842 254 370 582 -695 -356 828 -825 328 664 -133 84 -141 169 -408 585 839 -138 909 507 -71 604 -162 -358 291 -422 ]
[-230 52 101 -116 7 15 -188 -1331 358 34 -279 34 22 135 32 -73 -316 -601 -739 249 -712 -548 -598 306 -317 -176 432 883 519 -71 -197 305 220 -494 -735 470 -524 -96 -1313 999 617 608 -396 -672 -261 422 536 -253 -912 -114 -346 -157 -497 -849 189 -624 320 -821 678 504 1263 125 -393 973 668 243 -220 -420 452 235 -474 -1278 664 -488 146 280 399 302 305 -150 -31 -633 -246 369 -712 -354 -687 558 -373 38 211 -206 -1080 -1725 115 78 -473 209 -225 -422 -824 -370 600 -397 204 733 -364 -213 719 -645 739 -210 386 446 -414 ]
[260 -555 10 -555 -392 -253 -571 -419 -82 -809 -620 -757 259 -655 772 -117 -484 -151 594 1136 -212 -662 -303 -450 171 -149 148 -36 287 -116 377 -934 586 -393 -13 187 -433 -51 553 -202 -554 460 283 -285 -132 -924 218 795 -452 -789 1025 345 127 -462 423 -424 159 -49 885 -723 -150 -1181 -660 1061 574 1155 -410 -1205 -92 -286 -552 -515 43 216 622 27 591 352 435 -201 -254 -535 590 -25 -147 674 -665 2 128 -334 -341 267 -1200 143 104 1179 -189 175 108 174 505 -388 -861 68 -114 237 -1243 -215 937 -252 1038 -828 143 102 630 ]
[171 94 -341 -882 469 -418 -535 63 -512 -1011 -343 -273 241 130 349 -163 -500 -756 666 976 55 -202 -361 19 -537 58 -269 569 -92 315 -463 384 710 340 838 -1257 -1305 528 -376 130 -586 117 -742 -252 -387 -750 -50 794 449 -693 176 356 -215 220 155 432 -326 317 1170 -427 -743 60 -29 1647 562 952 101 -614 -1162 449 -568 825 196 131 -466 -136 1010 853 -93 381 126 239 -64 -698 50 701 -967 270 -436 484 -346 56 -589 227 319 437 -57 281 892 -146 -226 231 -584 -234 32 167 -1600 764 1006 -473 113 -350 445 -1174 -295 ]
[-316 862 407 189 -706 -98 -268 700 -129 -232 732 17 438 383 711 722 -636 -275 686 399 -316 841 -307 27 128 252 250 158 -760 785 -537 -352 908 -428 -233 -112 -286 -182 -978 -515 -484 -415 -193 -160 -487 -506 520 109 -455 -442 -522 -742 85 -355 1186 456 52 108 -682 -707 -15 825 -437 249 800 -486 194 -344 -441 -535 218 545 -283 311 333 -246 -104 -214 -206 -396 831 -509 -307 -590 301 297 214 491 -361 -1562 -160 53 149 907 -343 -98 -101 493 19 293 91 36 385 332 -99 -335 226 -1130 170 619 -626 85 -18 -529 -996 ]
[-445 -44 -26 -300 -393 -159 -187 607 -92 423 -349 313 775 -875 221 742 -194 890 103 -351 -965 20 -802 175 737 245 -736 404 -492 -466 -266 -569 61 -147 -20 199 256 30 162 -69 872 -311 -782 -18 50 361 61 -98 544 -292 -443 -258 -93 -652 101 -107 -815 -330 -1097 -136 784 -150 601 -293 -95 -1016 1274 -111 598 -908 -4 -854 881 -96 444 126 -432 56 354 -121 -251 402 746 -1033 -618 -208 284 -1362 -1498 -550 771 -584 7 119 -220 689 459 104 -452 477 808 -152 476 375 560 115 198 -852 -791 262 -640 485 -240 961 482 ]
[474 -1072 -550 -571 336 -213 -480 -632 -294 -241 -500 -314 -525 -628 -118 -391 5 867 -273 434 -400 -1714 -935 -2 122 -75 -99 628 779 -458 997 -12 163 605 418 -137 529 398 239 451 32 -417 -1033 200 -290 205 127 -9 68 -273 99 -362 -556 1047 -510 -965 -263 -20 233 342 -348 -568 -122 406 573 -7 1382 -165 -286 1157 -265 71 18 180 92 -49 382 33 -22 389 -560 -217 476 -106 -860 610 -1 76 397 59 674 230 361 306 147 937 -69 -851 -273 -46 -92 264 93 -628 -54 -94 -925 609 -48 -644 792 178 -774 458 675 ]
[1047 260 629 13 588 252 -132 -49 -1046 -270 463 -561 -263 159 408 345 -418 498 265 -327 131 363 644 406 -440 270 229 41 653 33 444 -196 856 451 -564 1246 -4 252 167 37 -529 166 1537 -277 -239 40 -309 -868 -114 468 94 -115 506 243 -401 -788 -638 131 -98 573 438 534 -1040 -570 254 -128 -156 -631 -783 267 -453 688 -331 595 -59 -774 -727 343 -1079 581 1177 -262 349 10 1055 -13 811 749 -318 -349 -260 162 -123 -410 -536 175 -120 0 648 112 254 -362 -81 -785 202 -889 -142 791 -369 275 -396 -720 -12 304 8 ]
[-642 93 -392 -497 -722 932 775 165 654 -606 239 -942 -189 166 57 -125 -744 871 -589 -20 516 -437 28 -101 588 -502 -252 75 -177 -3 26 -544 -51 304 1574 -773 -1653 597 -828 -13 447 -417 -583 276 -416 383 1193 -602 -297 -779 322 -909 -921 320 485 1006 557 -57 548 551 361 490 444 527 576 258 246 -75 -1108 -703 392 -579 215 -101 532 -319 631 -559 -624 -350 927 166 -587 728 -67 -546 -1061 118 151 296 -629 297 124 -849 148 -457 36 -310 -58 -774 -496 -276 -996 -150 -271 1847 -354 -986 -94 -421 -115 6 419 102 -546 ]
[-226 101 -786 -436 1097 -151 304 -238 436 -18 -344 526 -44 630 -559 -278 433 25 267 65 -245 -375 55 273 524 -390 76 739 -1154 63 90 40 980 -95 509 -350 -604 512 -1139 169 -565 -64 21 814 435 233 69 16 569 -1012 65 31 93 443 -426 1494 -836 528 221 -412 777 823 -427 699 -172 90 -543 51 35 -561 -256 91 23 1118 -396 -374 875 906 -172 -231 430 161 -1902 -381 -453 555 -1024 922 -341 -259 503 -492 300 177 -378 -638 87 242 -254 -520 -899 390 446 119 475 372 -685 -783 126 -35 -994 140 253 363 -1089 ]
[685 592 -312 -747 9 718 299 964 -284 -409 -31 -187 -333 -869 280 -45 -473 501 498 -190 -743 689 568 -221 142 -468 165 36 -458 -279 207 -633 -88 -336 975 -212 -8 13 1220 -458 -29 177 195 27 -74 278 -586 -342 243 41 354 27 -66 -270 1236 237 239 385 -268 -62 -977 64 1187 -539 -948 976 398 503 -429 749 802 -275 -124 429 511 -490 -333 -551 -187 -1016 -75 601 952 246 119 -868 574 -683 -265 278 -587 175 260 794 -166 872 249 273 151 228 -126 -25 -651 -272 264 -724 358 246 36 -298 -208 -597 -284 -775 550 ]
[-27 -271 346 -455 72 903 592 -27 149 -475 960 -912 31 85 320 665 -118 102 154 -3 139 -547 323 -1196 429 411 421 102 -68 215 -246 -285 911 562 -19 960 -569 -514 -274 273 276 42 347 -170 -1355 183 872 -832 -821 -950 221 -427 -617 -200 64 126 -398 744 -249 -552 579 1033 682 317 1369 111 -1183 -311 481 -427 -148 322 165 297 624 -300 310 -455 -142 -572 503 -495 377 -496 -397 10 394 -185 242 -25 525 899 -126 -67 -289 52 -650 76 64 387 -912 -840 -726 124 -94 -273 6 -280 810 643 -225 -695 -322 -476 -273 ]
[-446 -736 866 162 112 365 28 -656 -485 913 -83 -94 299 -280 -110 -132 953 -531 658 -1006 193 -7 666 -548 -196 39 641 107 3 305 -216 -20 -865 128 -816 -172 1655 -371 625 389 338 -262 25 174 58 -652 -782 385 233 -218 90 118 954 -554 -430 -289 939 511 -107 -313 -134 85 133 -970 -1293 737 -994 166 1176 162 716 -170 28 44 -278 289 790 161 927 718 27 -459 380 632 -895 -695 -464 -549 -111 1118 61 516 -494 -490 375 -209 -57 -26 533 587 499 -83 -60 772 -541 -684 476 695 931 649 28 -791 79 -456 -769 ]
[59 -58 212 -42 -807 -15 515 -202 3 -1078 -269 -118 -603 -204 216 -102 124 -150 262 -169 1284 299 495 -380 -787 -283 128 -345 695 227 217 687 804 58 -128 -386 589 72 812 161 -704 -101 642 -471 -1149 -246 -18 -98 -840 -263 389 -64 64 462 -238 200 86 201 1008 -661 -770 606 -199 -148 -410 558 -1104 -658 -303 -646 633 -219 -955 244 -167 -822 -203 -82 -835 -294 251 -939 188 361 721 -612 -156 176 -352 -417 -1025 80 616 12 440 -528 150 -133 939 62 -634 -312 373 -799 -35 647 -748 185 428 -371 101 -882 706 -143 -603 ]
[417 208 59 236 316 534 -156 178 -607 -262 442 -167 222 -19 256 199 -562 834 302 782 57 243 -200 -761 -1011 -301 -161 0 354 186 501 947 190 -460 -17 824 -424 -72 1106 347 -58 429 1082 17 -851 561 -210 -300 -419 544 -311 517 -98 255 344 24 -74 760 -498 664 -4 306 697 582 -49 301 -1434 59 26 100 -272 844 -597 -477 802 53 -459 232 -209 -1114 -169 839 -173 77 -146 -290 438 1016 -385 775 135 -476 332 -72 272 850 731 256 100 283 -717 -155 -912 -358 -97 -404 353 541 250 17 -774 -806 245 -237 -315 ]
[54 771 828 616 169 -240 255 -876 251 -526 212 -135 357 917 -711 377 336 130 -192 157 200 827 683 166 341 709 -50 688 1132 -422 -539 -5 -38 -399 -1366 585 252 -357 21 931 -100 133 93 136 170 135 -173 40 -582 -357 -731 642 901 338 -285 -64 151 468 -374 339 957 959 117 -193 413 -154 -989 992 718 217 -896 731 258 681 -346 171 168 268 568 778 333 -786 62 -223 -485 428 714 937 -399 641 -266 -25 -152 -655 106 66 -553 1343 974 642 -186 14 963 -121 172 -575 916 -954 318 203 63 -849 66 -529 -1048 ]
[-585 -417 328 795 -1119 -505 211 -330 -137 -756 -465 -203 -436 61 688 -1011 105 -228 381 544 -107 -266 440 -472 -506 110 -327 -678 -310 -265 -6 602 -42 -314 -247 -780 210 124 1133 -582 -433 -136 757 -435 338 -133 -682 -75 -951 771 288 985 327 -205 -387 325 975 459 1093 -59 -729 -814 -329 -639 -140 644 -672 -157 25 -941 -4 -151 -313 -303 235 -35 328 254 645 -283 -609 -573 563 -61 629 -458 -507 73 1291 112 -626 -168 280 611 6 -93 449 126 53 -426 87 -46 -471 70 -318 593 -77 -306 -184 -1025 -192 -575 667 77 22 ]
[378 -101 861 -49 -267 -368 -268 739 -350 -36 111 -1012 -718 -248 780 147 -442 115 989 577 1055 1165 -115 201 -1311 213 615 -508 -223 -265 298 121 -601 -79 -6 -724 192 337 467 34 -1086 -229 1929 182 -445 -603 -513 182 452 618 -315 263 751 141 -428 -506 -489 -50 1397 617 -622 -152 -327 -531 -309 548 -517 -862 -1068 88 -395 -26 -622 -550 181 -77 75 -189 -354 770 297 -185 -276 -465 1020 -374 -1119 625 -496 -319 -246 871 -789 -104 403 -301 330 50 460 276 1308 -175 226 -120 -73 290 -134 174 -301 398 510 -576 389 320 -165 ]
[-1195 915 58 390 -649 204 540 660 158 16 854 -196 -318 992 55 332 -1119 493 -237 661 -343 981 52 199 1068 289 110 391 -319 -1658 817 -66 -661 -626 14 -676 -1074 -340 183 541 219 -84 -770 669 436 515 90 -134 776 -454 -536 483 -526 -37 87 348 -467 -5 -18 89 -268 -98 1119 1019 -13 -119 522 -7 -342 299 -238 877 196 -276 168 285 718 613 355 461 250 -330 -635 -479 -373 -78 -1129 914 -577 -41 -46 196 -412 149 -258 407 702 406 -6 -504 280 351 338 442 155 -229 1462 -767 -1421 -363 -144 1044 913 243 -469 ]
[-184 479 -40 -455 439 -159 -65 -252 -165 -748 20 -320 677 -448 305 -673 -1466 -779 -474 284 -497 -741 405 306 203 662 418 962 -1713 -6 570 346 -68 -115 -455 -133 -424 -45 -297 382 -589 257 598 -13 -217 278 -259 -321 -589 -133 -697 181 -888 -169 28 -442 112 16 875 507 354 227 319 -165 419 -75 -149 354 583 173 -893 -1190 -38 -968 462 290 331 595 489 -798 451 194 -766 203 -307 -198 -1147 61 528 -610 416 89 -412 365 -17 301 422 -751 -45 340 -853 -50 -424 -662 132 -691 -1180 -569 279 -568 -911 -774 309 798 387 ]
[-218 679 485 -207 249 -92 -737 -881 476 -134 505 -557 -48 619 -1014 -771 870 842 -244 1 -198 -470 22 170 664 -86 312 115 -113 -18 2 -1001 561 257 108 477 463 799 -618 -299 338 -1010 936 -220 -105 93 600 -803 -204 21 -7 99 1009 269 426 -805 640 -139 -354 -709 1384 166 -600 -407 871 88 -35 -492 -157 -712 -1125 -636 -179 1025 -182 339 422 -966 894 -122 281 -936 450 347 -188 818 133 300 385 18 283 -110 -331 -492 -106 -444 -1472 823 -54 -272 -447 -812 134 -133 733 729 279 -951 203 -109 323 -457 -321 1039 -123 ]
[-272 -116 115 -881 614 182 -245 500 -1058 -711 227 -65 532 -802 -93 93 -368 -356 384 466 105 225 -874 1120 -1045 250 -87 1228 584 255 55 19 134 103 -192 25 295 623 -839 -292 115 -240 50 -962 -879 -290 -344 165 356 -220 -519 316 345 344 682 -886 -528 202 -995 -605 -867 996 742 592 -44 -76 555 44 -803 608 539 -112 -172 106 461 437 142 1328 -399 447 1360 278 112 140 -67 232 793 149 -1004 974 320 -298 67 108 749 27 -1060 683 123 -64 -933 -120 384 -443 -783 -902 -544 100 606 -382 75 -370 -43 -667 -748 ]
[-363 1177 330 -1084 795 -686 -590 130 -1 14 371 -354 642 6 -130 -283 -234 133 409 -7 95 1118 45 595 -862 617 513 1146 176 168 839 -144 99 -232 80 -444 316 150 -716 132 -511 94 327 -338 -199 -418 -1029 -169 969 -752 -1213 -152 13 211 1099 -904 319 -201 -584 -357 -592 219 197 -346 -272 -55 787 660 83 509 -978 103 -359 -432 -53 908 523 -94 941 553 703 -274 -308 -362 78 915 -763 -813 471 197 1190 647 -260 958 299 -223 -886 326 176 752 -562 317 -683 869 -27 -1200 -825 141 409 587 -349 -802 28 -604 -389 ]
[393 364 -441 -207 221 -230 -526 -1313 152 154 866 205 -305 285 102 -729 -40 275 -440 -562 -170 -132 59 -278 -549 -371 588 676 -449 -73 56 -378 -195 -23 -141 252 150 60 328 639 43 184 -508 1093 574 234 134 -770 177 -835 -265 182 50 115 -272 94 1118 52 700 -178 1487 -100 339 214 -108 174 11 10 -266 -151 -941 -135 123 355 -366 -342 459 38 136 -156 -100 -165 -305 -102 -242 333 -960 897 -313 496 126 -28 -16 -567 -409 169 255 -422 345 -701 -1151 -4 -212 -50 1024 1037 -132 -1038 176 328 -466 482 163 531 -93 ]
[562 568 -1041 34 502 14 90 -775 269 253 400 1164 -764 -280 -6 -859 -233 -380 -2 -154 954 1301 -243 -93 -791 -390 526 41 832 -31 -482 234 -488 -647 -383 -645 734 373 351 932 -448 727 -211 632 404 -245 6 599 -371 -500 -730 580 192 586 625 -104 123 222 1373 -303 -1274 371 755 436 127 596 -91 964 148 596 -411 898 -446 283 -549 -169 -444 179 -629 356 366 721 235 -406 925 410 432 882 738 403 -7 493 153 272 -515 -430 -233 -281 -436 81 -1562 -37 216 213 379 471 -589 -319 342 64 -630 100 596 -1153 -197 ]
[-371 756 490 322 -353 -421 -1204 458 -590 -444 -191 -1234 170 -696 122 -829 -796 242 302 -735 -452 533 442 441 154 -101 161 102 -51 -1104 880 -1027 -132 657 914 -1032 -203 494 354 196 151 -405 438 112 431 -84 201 -619 109 183 -761 -242 -169 94 430 -955 301 672 381 0 79 -863 554 195 103 83 861 -99 -358 408 -491 -154 -28 -147 537 -38 300 -261 897 112 -341 -246 174 -104 612 -754 -464 -1245 1407 -1 -44 -159 -840 -102 -588 -12 -494 -530 -624 -524 -3 60 -459 192 109 -107 -292 -859 -966 274 467 115 141 704 443 ]
[28 -183 -602 321 133 -66 124 -447 492 -234 -765 -664 -309 644 -101 -338 436 1141 78 -523 752 443 726 194 -653 350 -157 -682 -690 222 819 -382 -44 395 413 -649 188 -284 585 733 -102 663 433 -34 282 603 -136 -735 -787 279 260 167 1099 754 628 219 826 314 -7 -564 -165 -257 258 151 50 1296 -108 254 -39 -276 290 501 258 660 -841 -106 -803 -387 -184 92 336 -432 284 333 404 354 148 301 984 -657 -284 635 492 724 -653 -67 171 -43 -234 -41 -75 461 323 -36 -246 507 -225 -519 538 68 297 283 238 -434 472 ]
[215 -655 578 -157 -2 -463 14 1242 -588 -706 -633 520 42 309 475 -576 -613 -81 625 1077 429 -9 -569 632 -1753 409 -241 -223 213 828 -117 148 -427 -88 -99 -440 629 -59 586 -663 273 -741 851 -930 -458 411 -326 622 59 468 -176 724 -96 348 -47 -21 -1099 144 -1451 286 -1186 197 -12 533 70 630 -458 115 -569 512 476 -511 -201 92 1042 443 544 62 -1131 -397 -89 872 -818 95 -241 -773 241 653 -353 676 22 -14 77 -336 40 261 -112 -61 -753 -240 1094 273 -198 -632 -400 -370 41 830 447 -28 303 -150 -732 -562 -832 ]
[508 -104 250 11 878 473 -487 -529 -1196 120 95 108 -383 424 -99 770 567 901 567 -413 -53 165 -496 -502 -166 -8 27 246 922 -111 -105 -108 1325 417 -860 419 -314 658 -291 1429 -131 -544 -55 150 -812 287 451 -11 43 -402 -631 -3 607 408 -683 -207 -480 757 34 30 573 1166 81 1137 1077 -497 154 -376 -380 873 -674 1446 62 1614 -1034 -577 823 862 -64 879 -107 -379 431 -646 -87 533 304 382 -1241 -212 452 -272 -189 -638 -400 29 -217 -62 933 -10 -468 -613 223 -723 390 -378 -118 -247 283 -4 315 -705 -189 132 -1027 ]
[-125 955 74 314 -158 66 351 26 -775 -217 -447 -15 -260 -525 -176 -701 964 439 308 -250 1435 -493 469 156 -281 -24 -815 -807 -75 936 245 954 -138 990 123 -66 71 1095 726 -1150 -187 80 678 -891 -460 -461 -99 -580 535 597 -459 -538 -273 252 -160 -203 896 31 202 -698 -1162 368 40 -1162 -303 869 -1012 412 855 54 -21 -303 -613 -17 -481 337 303 -1514 -65 44 51 -797 -233 1077 41 517 787 -166 1401 37 48 24 614 307 32 -765 275 133 1068 56 234 -11 -1403 -111 208 178 -940 447 632 -404 155 -771 -527 436 526 ]
[-500 543 313 585 -126 129 -548 -420 -564 -1662 -244 63 -213 361 214 525 -771 287 100 -1353 1066 691 519 651 -717 580 244 763 446 -48 -343 -211 71 -164 595 70 -717 324 -355 949 576 841 -49 -680 -376 -443 429 -323 -207 -411 516 425 -469 -626 559 424 -390 491 35 -10 -533 586 174 1018 -131 177 46 77 -896 472 -101 660 42 223 32 -659 -915 112 -59 111 237 328 599 169 -237 466 326 312 922 -407 -702 -1159 -532 -1490 355 126 -71 -144 -263 114 -502 283 183 -280 -1083 60 -721 -45 380 -87 562 -358 850 -570 -657 ]
[-487 -411 -266 -338 -223 988 644 -201 546 158 -1080 1107 -638 -258 155 309 685 191 -121 -932 -191 -667 10 -964 713 102 -1266 -123 760 781 -684 178 971 296 631 -1206 -148 165 309 -1257 745 -1246 -1214 715 -287 650 911 182 -193 -1319 485 -1002 -141 -48 -45 571 -157 -530 243 317 752 -463 262 -15 -587 -588 261 249 166 -1106 855 440 -425 1436 250 -1357 -756 -109 -404 -298 174 -389 388 -214 -9 -189 951 -51 119 -488 -528 -427 829 -514 -666 -735 -99 -1122 41 -27 -473 61 320 -286 631 863 -415 -300 -318 647 -1284 -880 156 478 -46 ]
[682 -716 1123 451 -979 378 -330 -65 -860 155 143 -794 -615 782 40 -105 149 -494 239 415 266 -495 -258 -174 298 177 308 -712 125 -132 -706 118 239 27 -632 765 393 261 -50 339 -144 -456 542 150 -548 -404 273 332 -789 43 377 -47 290 267 -920 23 -248 175 455 -266 -1233 644 336 -438 260 -263 -982 -697 -590 738 293 674 162 -436 -166 -59 -221 -52 -97 405 -25 242 813 74 2 -45 35 717 -423 278 160 385 350 137 174 -52 -18 -69 602 173 708 -583 -15 -710 -68 -260 947 898 -400 -659 -342 -71 -113 -1027 -47 ]
[271 -195 763 263 85 -192 -246 -483 -120 -216 -344 113 -165 -152 -618 197 -780 -1005 822 -149 544 553 164 19 -1579 717 612 341 -296 467 -592 -22 253 -336 -785 432 637 -605 -53 171 -52 -333 -62 694 -467 -427 -78 562 -115 -698 31 557 833 107 -571 237 -387 86 316 -197 113 73 526 733 208 318 -1263 -230 -85 -187 53 773 450 54 -232 181 -4 1044 106 567 -119 -482 -250 -873 -70 264 -480 738 -1393 -132 -214 274 -1562 -398 69 -1242 -557 -203 276 -462 -718 40 1371 -524 428 -671 93 112 786 122 -678 730 503 -549 -75 ]
[-9 -1016 1265 363 -470 -811 -1374 364 -935 -739 283 134 765 505 537 273 406 -491 679 -80 -39 -135 981 -445 -412 107 -294 174 632 -222 -244 -953 717 -164 419 178 515 234 457 -246 -633 -493 -18 -742 265 -172 769 177 184 -321 544 344 567 154 -474 -180 -420 618 -113 -598 287 548 -454 396 -547 -504 -126 -1110 -300 165 524 -146 -94 553 -310 -455 709 987 271 916 486 -191 129 -332 -566 -669 226 -892 341 720 -134 -891 -136 -631 524 600 167 378 936 543 624 411 205 -132 -158 523 301 394 -113 605 622 -663 459 -442 -1615 ]
[981 -347 -309 622 357 84 332 -192 -509 15 -328 866 14 -1201 -95 -104 -256 853 -799 344 229 -278 -252 409 -386 -616 -767 -87 773 432 37 -301 -11 -276 -539 886 559 308 1244 503 -177 877 314 -86 428 453 15 256 246 180 -426 320 6 -263 -339 -430 315 -149 452 253 -270 -711 -130 60 216 106 -4 1479 531 -286 -469 -569 -125 -286 -117 1 -481 -76 -717 58 -92 909 56 -182 259 450 1494 230 402 579 32 -522 449 -301 -1097 95 267 -748 -757 -482 -11 -501 -74 113 327 147 -653 -83 -294 -561 -312 -693 -624 41 353 ]
[503 972 692 524 73 -661 -1355 -399 -430 -279 -187 22 695 25 31 362 -284 -277 498 97 -80 201 103 -816 -443 -496 254 -34 -809 -137 235 110 -418 181 -789 -293 -1260 1102 -304 208 603 -175 -380 7 -345 -708 785 -133 -460 441 524 312 -155 -91 425 117 536 405 1165 192 624 -95 -912 878 193 213 -769 -141 125 -132 -815 342 -9 -367 82 336 -803 291 709 -861 -1142 629 337 352 278 -283 -49 -620 477 -412 -262 -1110 -1219 -418 483 601 446 -232 556 729 -735 346 -307 -152 126 -54 -414 -471 894 -235 -72 -364 1254 129 358 ]
[161 1069 -122 -858 228 783 399 -111 495 35 -722 -611 -1212 -1020 -1081 -125 153 76 -362 -599 -862 547 -1195 8 163 -663 -26 395 354 97 -1019 -667 730 607 -404 -656 -1436 347 -470 287 1203 -1112 -875 294 330 -179 -262 -39 -482 -759 632 -489 -854 -439 411 545 140 35 376 778 26 -691 393 464 199 620 -304 320 17 575 -598 205 854 1030 509 292 245 0 -290 -1167 -1437 -376 -53 -295 -85 -707 -431 21 -921 -242 -732 626 -587 -581 -370 -58 -792 631 -18 -701 -291 -390 828 -739 1171 161 -441 -277 623 -668 481 290 -44 -354 256 ]
[-310 -412 -545 900 -1229 469 -624 -258 -426 -171 607 -1150 -29 -174 -33 -661 -482 189 -386 -530 285 -637 872 -853 220 -207 -622 -339 -233 -912 419 395 -111 75 185 -205 769 551 1110 -302 13 -151 -1176 197 -27 -346 697 -529 -794 277 235 38 -181 585 -422 -216 550 648 1071 51 1 -796 -29 296 6 -739 63 -1521 -102 -689 -94 932 -164 69 -653 -716 31 -276 1036 -158 -14 -514 588 481 195 -92 -292 14 -29 386 -809 -354 -95 -72 716 426 1267 -379 654 -643 461 -485 -388 131 -41 942 -613 -58 -1127 -402 118 460 384 161 891 ]
[-837 7 -625 -164 -75 560 -402 506 374 -355 802 9 572 -53 424 122 843 -60 36 522 -336 120 -942 -803 -49 359 -608 -73 -354 441 -803 -170 1023 -160 43 694 -466 -197 -92 -68 172 388 800 -923 577 -442 -159 478 -56 -982 316 52 -111 -1080 545 385 306 287 -363 -1591 8 116 -186 943 193 -103 -726 -627 228 -439 -56 599 -361 -184 -511 281 45 493 587 -727 106 -180 662 -349 -123 1028 -326 -213 326 51 170 255 633 533 26 -198 -424 676 -356 -290 -542 -925 -681 927 -377 657 -290 440 5 199 159 -406 231 -859 -518 ]
[675 -815 -521 -599 -213 -103 -294 49 -230 148 808 -912 1311 -755 426 -552 -330 -204 -90 1344 -459 -1336 204 -312 466 225 -531 597 172 -239 338 499 -768 -41 681 152 -637 490 673 -297 285 255 -672 129 503 22 139 98 339 -189 -84 -581 -812 396 -10 -48 389 559 747 603 166 329 -359 354 321 311 -953 -306 143 476 -40 -182 472 -1463 773 108 361 -283 383 -230 155 1231 451 1139 -292 -39 -305 -73 1262 1178 53 -312 185 -554 750 874 790 55 218 358 207 331 -2049 -342 -591 -59 -787 543 -346 -163 -80 -328 -82 107 1119 ]
[133 1627 -522 -786 270 -265 193 775 411 -477 -294 -17 -306 1082 -1204 163 496 560 643 -3 -198 1117 6 1254 527 181 466 732 -927 -597 405 -618 129 -646 -529 877 -413 -76 -975 305 -2 1178 945 -41 698 215 -547 -561 134 -363 -219 148 69 -26 436 819 -75 478 -797 -453 -225 1025 -145 -1080 -199 -166 234 -153 -92 499 -319 -616 -419 161 -441 186 70 240 -343 -629 395 277 -909 630 -245 461 -515 142 -1283 -509 433 -106 338 1021 -217 -587 -38 1653 -419 -75 -127 132 9 43 -26 -260 763 -1041 -83 -454 128 207 271 -374 -926 ]
[271 -650 351 175 -587 -154 -269 -864 268 -500 -18 413 276 -686 296 305 -163 234 -6 1063 -46 -1054 215 -502 -827 589 -165 374 -653 877 -569 384 193 -152 -256 -120 1312 376 74 52 -36 -1312 -35 -635 -447 88 229 177 -30 -62 -9 -26 -125 -331 -288 -479 340 -263 737 -858 860 1066 -731 358 505 70 -1237 -504 338 -395 -51 -954 -830 20 -240 -229 49 456 1071 -781 148 -589 449 -39 -705 195 -61 194 236 -575 -487 -493 57 141 559 -123 595 -237 293 824 -1002 -485 573 -847 30 -168 -1271 49 269 -103 -171 -747 -189 865 -380 ]
[577 1144 777 43 519 -829 -979 140 224 -967 -68 576 -606 -577 -420 -149 145 -632 252 -799 1012 617 889 136 99 -39 1049 -91 -1124 748 -548 226 74 246 908 -396 -796 651 -738 73 -641 385 16 162 -456 -659 371 -266 1112 230 564 -503 -965 -838 -384 281 -130 139 340 -158 275 -42 -326 -552 -436 -32 266 281 445 72 -476 113 -923 -784 -47 -874 -285 -190 921 -233 -384 14 -950 -88 153 427 197 -969 2121 -1416 -488 -288 -250 -267 -592 -405 -748 -580 74 447 -766 714 -249 -74 -408 -328 -964 -288 110 73 -57 -79 188 -210 -118 ]
[845 -660 272 55 -690 705 297 66 -1043 4 -37 83 -843 634 820 52 -461 1971 -359 -553 118 -181 -1202 836 91 49 -445 -214 -357 450 801 -398 247 240 111 618 -46 974 -28 1280 -126 -21 1303 -86 288 844 -767 -912 -29 -569 -269 -263 -356 -249 -149 -403 -375 -166 -1171 -1496 -824 562 703 -229 -256 -160 716 -328 -277 284 617 525 -73 252 -343 -484 -345 91 -357 8 1111 248 -13 -17 -560 969 -243 477 -298 -466 998 -45 1625 974 -682 709 354 -554 214 379 -35 -677 -179 -346 214 -169 286 89 -828 194 -929 199 32 -46 -177 ]
[69 337 -543 2 -852 198 84 852 909 349 -63 -285 -180 845 -745 194 -309 227 -718 172 1007 786 -866 320 645 411 300 -656 -905 -157 -44 365 -409 273 -376 357 -306 -17 3 634 357 -237 272 763 502 59 440 227 -132 -55 -681 -412 572 459 267 273 237 -434 -336 34 -190 190 -442 -498 548 -388 -160 -541 348 -608 367 -101 178 -813 -532 161 -212 -94 22 -31 612 -148 -725 565 179 1230 -268 750 -509 -826 18 650 451 361 -762 -432 109 141 -197 71 599 -105 638 -53 471 753 844 -1741 -813 -400 -125 1260 385 72 134 ]
[57 1109 -253 103 403 -41 -113 295 -195 -846 340 223 -584 493 328 -265 205 734 644 -282 415 1010 831 -447 730 -196 -401 -173 68 -717 913 579 479 409 378 -87 -875 137 384 -333 -421 570 875 -169 -244 478 -171 -823 239 300 -93 -100 -180 476 582 829 -608 -19 611 -184 -424 431 235 -103 -557 154 259 184 -537 -82 -161 707 -917 476 -243 -320 -1044 -622 -573 165 -218 64 297 -239 1309 258 906 -781 1363 -964 23 -617 1226 1389 -126 12 397 -242 257 -361 159 566 -871 -507 276 -526 241 -398 -1104 -101 201 -141 490 78 285 ]
[521 -872 3 -561 -741 -103 -462 -745 598 -1374 -1237 -1254 -212 -1325 -465 -742 18 119 50 102 -579 -189 375 39 -124 192 -546 765 821 -440 463 -432 723 -40 -33 70 -411 594 361 455 -208 614 329 121 955 -34 -506 -77 -123 -754 -145 -500 -355 356 240 -716 607 544 433 -52 -9 -1047 -70 -842 -626 539 1152 -42 -385 143 -105 553 781 248 -320 -347 729 145 762 264 -60 -514 343 564 -42 833 -309 47 803 -327 -39 427 1154 620 -36 124 -115 424 40 -623 801 283 -337 -572 -373 487 -988 -764 -365 -1177 1073 -1100 -465 -660 693 ]
[115 -726 107 -717 118 52 -176 -1127 -320 31 20 -159 453 464 203 105 674 -277 317 -99 -304 -1364 594 -469 -487 368 272 187 -427 881 438 507 -459 -418 83 767 129 -386 -490 -335 439 807 204 -972 -849 76 -34 -31 -754 73 1130 493 145 7 -342 350 -569 134 -225 -80 499 651 -409 3 -225 -220 -611 -1467 -227 -348 256 -692 -180 -297 346 -231 -174 -314 -377 -207 52 322 287 580 -607 -409 -421 -398 -741 322 327 -210 -268 -393 1031 334 176 29 515 603 -178 235 -789 -425 -780 253 151 1078 982 -46 269 -391 112 132 287 ]
[-122 -980 -559 65 -97 77 778 449 241 -15 652 -44 -463 -1590 826 -719 -687 -729 -557 1126 -122 -117 -623 187 48 253 433 -137 -166 -376 -32 -401 698 71 -640 -737 -14 -170 -19 479 -964 75 756 331 279 186 -884 -297 -255 -404 -166 -33 -743 -395 -568 -336 340 -177 809 -177 317 -439 701 339 402 87 -574 597 -208 174 -61 -627 362 -373 492 477 -461 1116 -372 -135 78 -328 -220 -543 779 -746 -1077 375 443 10 -269 1064 -194 759 -84 -76 238 -975 -599 -929 -725 -984 274 -216 439 164 -1119 52 -807 -539 -451 387 -495 -158 382 ]
[-196 308 -243 -505 198 81 -66 -303 -875 559 243 -25 12 -766 288 -606 -356 335 -697 -98 49 559 -151 945 -28 81 -38 773 475 -312 346 -645 146 -615 89 420 295 -539 268 300 -179 322 -42 26 921 792 -710 -911 -177 -581 -800 71 -691 169 338 -600 231 -76 -185 -153 -530 332 849 -491 -90 -72 215 854 -409 1044 156 -906 398 -456 368 1224 151 -367 -655 303 -256 122 -340 -319 -457 -606 -722 -1 203 101 1045 574 340 -7 308 -417 598 -652 -842 -511 -413 -10 -700 -66 621 134 127 311 -504 -311 220 307 -890 132 110 ]
[-273 -311 -338 -1428 -86 547 107 137 666 172 -311 -712 0 -1053 -675 -615 43 -528 229 830 -890 -135 -1223 -89 1184 -491 117 507 1221 150 480 280 213 381 877 22 55 -139 -694 -397 539 -1065 308 172 -767 132 -124 471 165 427 -998 -926 641 976 577 -568 -348 -325 -925 1419 -348 -36 348 -396 619 -397 817 569 -231 163 370 -265 181 207 809 744 730 200 135 193 40 456 346 622 346 257 324 840 -180 16 1137 451 323 74 233 10 -1379 1139 -854 348 340 192 -29 35 305 137 691 -626 -345 -844 159 -103 -649 866 805 ]
[616 249 138 265 -243 -1150 -843 700 -967 -55 -1151 118 418 -520 -783 24 -191 -884 211 294 171 -163 282 662 -1245 631 -293 6 -399 385 -753 720 -596 584 -426 -61 -449 200 -69 -192 180 712 -397 -878 -34 -583 -655 388 424 1024 -384 692 -342 297 -434 41 215 257 -305 451 -814 -140 -23 -887 -386 107 128 250 -137 654 -304 -263 1030 -397 -553 1487 630 -428 -401 102 -1276 240 128 459 -353 -99 -301 64 17 -81 117 -541 -328 171 208 -819 1079 378 316 -461 876 736 -83 -221 648 -515 -211 582 373 -745 363 522 -696 -1243 732 ]
[-513 -165 -444 -447 101 148 -480 172 16 -86 161 -346 1127 261 19 513 379 -1053 467 686 -582 -465 321 -364 691 -205 205 189 -385 100 -424 242 974 350 595 236 -104 -352 -898 -237 414 207 -366 -845 -236 -1016 -232 -243 644 142 575 19 404 202 952 51 -115 179 -628 -469 21 796 -1642 801 267 246 -282 -927 35 -163 967 31 208 736 -243 577 760 1087 396 -136 352 -269 158 1027 -414 75 137 -260 318 752 -194 -230 121 -10 224 732 51 1540 132 -111 -130 721 -340 -112 -875 -296 -211 565 316 -611 402 442 -216 -1092 -558 ]
[-353 -157 552 -185 -882 631 70 -143 -313 -289 121 150 198 -241 -178 -377 88 -88 339 -496 782 -423 -287 -342 620 218 -637 -241 309 -729 -793 864 -835 528 -278 264 -528 10 949 -75 282 -309 178 355 -37 246 -437 601 546 -174 -698 782 -403 -814 -807 -226 -2 302 292 -212 10 454 848 -433 -582 -161 -1088 -756 -254 -661 -425 -89 285 -1022 -180 -676 405 -126 128 167 -419 689 638 61 136 38 -287 -820 -806 716 181 19 471 -241 411 49 968 -288 798 -327 976 -804 -1927 -536 -380 407 504 159 -282 -215 -352 565 74 6 -193 ]
[305 882 195 610 -122 -202 -127 328 -587 -759 -333 -345 -793 -52 668 -267 -1236 -631 695 187 272 1203 551 -92 -351 -342 806 -821 -504 124 -872 35 89 687 143 -203 -643 -71 -838 -47 -884 -307 471 -87 -827 -691 188 480 -378 698 323 528 -227 459 -146 844 -352 696 -381 107 -628 365 420 927 305 673 -729 1001 -388 9 -311 747 51 668 335 3 251 -26 -252 -393 -135 105 -207 -848 484 -184 162 339 396 -262 -941 -255 -218 692 -325 -122 179 425 81 -183 -268 177 96 -66 229 -703 25 -769 338 -55 -41 451 -479 -984 -88 ]
[-502 -437 458 201 -314 286 -29 706 958 -534 182 700 -1031 -697 -950 3 563 -281 -3 415 112 -174 -244 568 122 591 24 96 -392 -325 -343 -206 -888 49 -276 -332 139 18 19 -1050 245 -862 77 865 72 299 -11 101 761 -183 531 526 -316 125 -767 -176 -420 -418 -535 188 331 -778 220 -855 -1011 -577 406 261 -544 380 387 -67 -609 153 288 -281 -642 286 248 75 -723 -213 -342 497 -9 265 87 897 54 -404 -357 383 450 -130 837 -682 -437 -438 -289 -905 491 245 1021 -766 -222 -111 966 118 -523 -83 550 561 -384 -329 88 ]
[105 94 -292 134 679 172 -613 -261 -359 373 1157 146 641 276 -279 -502 553 674 217 -574 -22 -73 935 987 662 -289 -289 396 929 -381 340 -62 586 -284 -266 1157 723 699 -340 -276 466 -620 263 -707 894 -135 115 -367 340 318 621 -150 54 121 -259 -67 312 -60 -181 124 1007 571 -1278 -316 349 -216 -431 -875 -619 -122 -523 558 -373 813 -487 -489 -124 -265 415 174 373 -271 596 5 17 650 736 428 -154 -135 -497 -1218 -186 -852 620 -250 -454 417 182 -206 -3 -496 112 80 23 44 -281 778 -836 456 413 -79 287 869 -193 ]
[-193 -976 95 974 60 301 601 -173 -529 392 -299 -199 410 132 362 78 -43 597 280 97 1051 -423 688 472 -284 221 -323 -283 151 -1021 340 -108 -339 -363 -763 409 1256 76 798 -228 307 248 313 71 -209 359 323 -420 -744 447 894 172 214 384 -818 -147 -625 344 -155 5 -247 -147 -573 251 366 555 -780 -220 549 -48 58 138 165 507 148 -217 -848 -248 -513 124 781 -3 553 657 -296 -791 681 288 -361 273 -407 -95 -506 -625 246 261 380 -217 -472 -61 654 -764 82 178 -535 -528 37 786 -344 500 -112 -490 -307 1 340 ]
[208 350 1495 595 -49 -586 10 854 708 -616 -282 231 -578 172 -282 -1745 -495 -268 -13 -80 257 449 943 21 -478 300 327 -450 -312 -66 445 193 -201 -54 831 -1398 375 561 616 369 -243 643 10 -155 -460 665 -280 -654 611 764 -71 -93 160 227 662 248 -854 -503 -152 498 -774 -201 53 -690 -102 147 772 75 -731 -198 -121 310 25 5 419 -228 -759 -123 253 10 -130 -173 -717 -485 600 -1184 365 -69 2146 -569 252 45 253 257 -705 276 -189 89 -450 187 802 1094 654 -629 262 -373 -521 361 -349 -504 -738 118 169 803 -97 ]
[-211 -419 -344 -201 -105 963 156 -746 249 984 619 44 211 581 0 453 73 -667 -897 397 -295 233 -618 -488 1095 -738 -407 7 524 329 -244 99 715 -692 -152 658 77 -340 92 866 87 748 497 195 707 -159 -428 415 -418 -13 491 315 556 -1052 -552 15 -319 352 -296 -383 418 -93 -254 242 101 -538 -214 -106 344 -314 138 294 -55 -258 -291 3 -67 1141 -470 348 1547 258 -60 255 -167 654 74 1475 -161 587 264 141 716 -124 -597 681 13 861 -480 299 -94 -803 75 726 198 -105 703 368 -292 -220 -591 -184 521 291 -102 ]
[180 -341 -371 675 -980 74 -83 80 -500 -182 667 -703 97 -73 138 432 -512 762 -192 411 223 -369 -374 -168 -638 182 -437 -924 -199 -196 -327 109 -682 -303 478 1082 295 156 444 -5 152 812 203 -313 -1086 391 831 -234 -819 512 -270 177 118 318 256 -473 44 912 -83 -742 -930 553 1057 -11 488 -250 921 -319 -458 -55 110 1198 281 -681 -54 297 -495 -943 276 -296 -156 1070 906 222 -223 116 -135 -713 -1148 -428 -299 -168 47 -361 718 -304 456 -242 207 124 20 -1081 -851 -156 -976 580 599 670 -507 -31 -180 -190 -436 40 786 ]
[-429 -93 -78 119 -1192 925 846 314 312 389 755 151 -486 163 417 68 -763 -367 -580 269 -98 -299 -1209 -273 -332 384 -1169 -575 -523 1533 -61 549 -73 48 -630 -874 -522 -826 114 -592 611 -526 -883 204 208 -549 290 550 -570 -595 25 -462 -357 -551 301 388 376 -927 362 239 -31 -763 -120 95 565 -158 -80 -682 -657 -531 133 208 257 -700 54 318 28 -240 -1251 24 421 -336 -99 -674 511 -200 -632 949 -887 -1113 -143 759 492 122 129 54 449 -487 -442 -325 476 -385 298 151 644 857 -49 -120 -245 343 8 842 1097 363 321 ]
[-358 -920 98 -160 -440 -401 -521 -150 -412 261 -139 -684 806 94 510 -90 -113 755 248 -260 376 -1217 -60 464 426 277 139 544 -82 -480 814 -634 -370 -341 729 -114 994 1103 79 528 -538 -600 101 88 -464 144 38 -219 641 -553 -306 -828 31 48 -80 -538 -391 -634 365 -19 345 -230 684 -660 -501 -398 1269 -285 180 -440 9 -726 -345 -258 -191 -302 109 -292 589 711 1088 33 303 526 -1001 472 -368 177 -454 -227 208 -427 41 -473 422 393 464 -730 702 996 734 -297 32 -24 -5 -18 -1051 198 -381 332 -626 -1433 325 1035 127 ]
[143 679 781 264 491 -239 -29 828 161 -367 57 281 -1372 -156 170 374 -449 1859 -354 -474 284 881 46 121 -1097 949 131 -138 -595 47 355 -1080 -450 -249 766 -1118 -1044 824 551 200 -587 125 467 749 95 467 388 -575 1119 -1241 -557 466 -609 -486 908 -125 358 499 92 -380 253 -739 1765 -398 -863 387 226 637 -894 1045 -672 21 221 109 -308 -46 -341 -777 58 -3 136 256 -372 -792 -129 140 -249 -322 273 -181 715 648 -77 25 -366 215 364 -1088 -246 1035 -497 625 319 406 413 443 271 -727 197 1205 -77 -890 40 -359 -417 ]
[-405 288 -1068 910 -634 647 860 -398 -267 976 754 -254 -136 169 1180 262 -253 -277 -125 436 344 412 -347 -488 -19 239 398 -988 69 -44 536 629 -1123 -397 541 -161 -144 -829 -511 -496 -125 514 26 -196 -231 84 56 212 -281 745 -335 -94 92 513 358 278 1459 -761 -93 32 -1050 352 759 654 845 552 731 326 -715 -247 778 1056 362 -380 -86 307 625 -897 -66 359 369 -136 572 441 796 715 -435 234 175 -17 -261 448 479 690 650 -1027 -144 322 54 -746 -282 -522 -1069 934 -366 987 904 -77 -188 514 449 1028 -134 -360 88 ]
[537 -104 14 -121 -689 631 226 52 -116 642 -195 297 -765 997 -635 -210 1267 20 -14 -501 738 549 -872 916 286 -76 15 -206 51 888 -793 -10 107 446 -209 574 -320 532 -525 140 895 -116 105 -150 647 -482 -380 -60 226 -159 145 -874 280 -707 42 792 862 -774 -473 -646 -484 753 -628 -1154 -233 -263 -743 -744 -709 -316 451 -664 -721 -206 -256 -605 -1046 -543 10 -100 60 104 -166 334 514 823 311 413 -34 -24 -49 -343 534 726 -405 -528 -379 497 -4 -34 446 -226 37 -381 73 -45 461 -789 -73 -345 236 519 361 -67 -340 ]
[-270 993 200 453 36 -412 -250 -130 -131 150 543 268 -183 517 -367 882 -238 593 -176 -899 -119 897 459 161 -277 808 -145 113 -532 -262 -133 252 -19 104 -328 352 -498 11 114 201 998 347 279 525 434 823 -238 -1122 474 600 -1135 377 -778 -669 151 -317 158 976 -1833 -381 1056 208 1114 -119 109 -950 442 20 202 634 -1033 837 879 -233 -451 463 -631 -441 405 -172 75 543 272 -79 55 695 184 -283 -248 -169 643 -459 404 401 72 -215 721 221 -747 462 -401 122 -489 184 238 -433 1119 -246 -951 939 -335 721 -340 573 605 ]
[-273 -741 -199 -338 549 -45 457 3 477 197 -362 -40 595 808 -25 -136 779 -638 -250 -152 447 -1021 502 10 -244 -89 325 -261 -578 134 798 -179 -821 57 1063 -872 392 -109 -117 -29 -180 -204 -177 181 1046 -236 -388 388 623 99 1141 542 -101 297 -479 704 -274 -353 414 -339 -1114 -500 16 96 -1187 67 501 -62 -306 137 549 94 -139 545 -300 307 -98 184 1031 89 -608 740 -502 220 -363 166 -379 -944 711 486 -181 -1071 362 -36 1010 710 -165 -259 821 627 978 898 -206 -60 -650 -438 -759 770 648 27 592 -104 354 105 91 ]
[-1344 -474 -783 117 -150 519 457 -564 1157 101 -188 -703 322 407 -135 941 100 -543 -449 34 -331 -844 486 -351 1960 77 -193 -40 20 -287 31 -635 656 409 556 -141 -280 -601 -661 -208 510 77 -176 272 348 -623 202 -110 -311 -567 657 -353 409 -521 212 394 660 -148 40 -420 1031 -686 -358 199 4 -121 320 -3 853 -1028 1108 -487 158 1017 -34 217 244 601 888 366 197 -875 263 1220 -382 207 -471 -395 582 866 -1272 80 -359 -79 -129 -122 -198 315 65 -377 128 -15 50 512 -822 360 98 -702 -451 44 28 -68 -45 302 287 ]
[632 1039 -983 119 437 -17 93 -601 -152 -173 590 -18 -688 -163 83 174 13 609 27 47 -294 -170 -513 490 -274 -504 75 23 425 661 -178 -843 745 237 493 449 421 282 -223 835 -292 51 504 -187 486 -369 2 -674 62 -161 34 -494 147 88 347 -151 248 33 221 -569 -213 133 -189 505 1124 121 545 432 -223 1079 -582 412 -294 1092 -516 267 178 -101 -198 222 822 -429 261 93 -167 866 372 1024 450 -106 -213 110 -85 169 -1050 101 -786 381 -383 -236 -930 -346 777 300 958 366 -649 -18 -148 -330 98 124 -78 -14 319 ]
[-686 28 -365 59 -553 411 477 454 550 -496 -765 612 -623 -308 41 1073 652 67 -527 -905 -626 107 -1016 338 272 -305 -528 411 -439 252 58 -144 -109 -6 190 -1106 -684 441 -1323 -704 899 -608 -1377 -264 69 -221 114 231 197 -922 1035 -544 -99 -254 887 134 -140 -1447 -26 44 205 -37 -136 604 -979 -647 1026 -100 -484 239 605 -545 -31 985 -149 -348 -939 257 160 -541 -257 -1079 -263 65 -433 233 -374 369 -649 -869 -783 128 -142 -213 476 -171 -268 -588 223 79 -195 83 1828 -210 333 15 -128 -257 465 -245 378 533 375 231 349 ]
[292 -429 -298 -485 -122 136 -326 560 -198 1049 -529 -543 -336 2 -10 294 601 1022 290 -279 394 -252 -470 -229 -150 -429 412 -43 -518 -915 -63 -1123 14 243 -410 -41 390 642 334 -67 214 -1397 437 463 1076 34 -538 -422 676 -92 721 82 -29 -504 -785 382 -245 -490 217 -422 121 -601 551 -954 -477 139 -426 -564 -455 -234 -624 -82 659 1111 299 407 394 -443 651 -275 -476 87 -124 -187 -195 1000 -448 24 -1020 498 333 9 50 1070 39 191 609 -85 405 -392 1091 -678 -499 218 1184 -664 169 -248 -744 -55 -84 993 -436 -295 525 ]
[-328 -436 69 712 -447 275 -630 -209 -1019 278 452 -895 712 -644 687 -155 -170 218 -503 -80 901 -96 490 110 -6 -129 276 -247 214 108 711 245 -127 228 239 523 1025 -226 -17 -246 -564 -179 1006 -722 -183 -685 -325 -888 -910 38 262 149 769 308 16 -767 1093 27 -160 -814 328 685 -216 265 77 318 -1362 -439 255 -338 673 -680 -124 -340 -113 705 228 -597 -239 470 511 -802 802 368 -960 -399 -118 -115 -114 1288 -667 779 542 218 1218 -421 721 319 362 -90 18 -684 -163 -16 -55 1055 269 1367 49 330 503 43 -757 -1124 -437 ]
[1071 396 -727 50 203 -1136 -265 202 122 366 -96 -148 -249 316 -373 607 -442 771 -139 -194 -296 835 311 353 -1114 -203 962 680 -117 -950 653 -473 462 -480 443 -485 483 69 -77 2019 -557 912 -915 840 222 955 -17 -350 360 -137 -995 -252 -235 992 15 605 -11 274 -92 470 -344 644 1050 809 -372 397 914 640 -724 1476 -106 148 487 537 -545 -271 249 -179 -1045 248 -132 468 -576 -38 -278 -786 -1111 742 -630 -53 249 -169 761 -96 -655 712 796 -230 -182 -65 -599 536 549 -391 753 99 -600 -248 -537 58 -511 694 -529 -714 -1068 ]
[38 -135 1060 1183 -388 -1058 -287 97 -183 -85 -713 -370 1221 320 -741 1065 51 -589 -137 70 -572 -270 40 309 258 410 -311 -746 27 -227 -999 -623 277 -483 -227 432 259 -16 -376 10 263 78 -24 -574 57 -231 202 370 -558 269 -369 255 459 133 -131 -161 -89 19 -399 -446 -565 -58 -186 -311 62 -542 565 472 484 -406 878 -51 844 -291 -315 811 -478 668 545 355 -207 67 34 0 33 -463 694 -748 85 264 191 -487 -92 -498 -379 -897 -473 55 328 103 596 189 940 247 -828 -222 243 423 244 -117 -337 -365 -235 -879 -384 ]
[704 -633 309 798 281 -1297 -432 -431 300 -499 -244 318 -124 -265 363 -186 -344 -777 -7 80 -841 -643 1167 -896 -1163 68 156 84 -87 -39 339 -654 -442 1207 995 -983 984 16 1068 614 -494 -253 -558 -241 -465 -170 510 -287 154 441 355 363 238 1033 -564 -470 -442 158 456 532 767 146 -478 370 -5 816 716 1032 385 430 -179 176 261 1724 -158 -363 413 623 539 -159 -1212 100 78 -653 -283 -1924 -19 -595 459 103 -767 -389 -990 60 -56 856 305 -34 1177 677 -309 1263 1013 -430 762 -359 -1036 558 691 768 163 -579 -218 556 273 ]
[829 -1151 -236 139 -183 -703 -306 972 -267 -996 470 548 -503 450 -120 -691 -625 -769 388 1089 384 -424 -526 566 -411 723 -717 341 451 -37 -884 -214 136 627 515 -479 32 1208 774 -48 400 -178 158 -386 -439 57 -559 -418 1048 229 -497 16 -398 -362 -641 106 -650 151 94 -1157 -750 -650 1215 606 1121 300 122 -266 -802 671 -484 769 -439 70 -199 481 -580 698 833 -174 -18 869 -10 -219 134 477 -28 841 -220 1048 190 -586 -837 484 -446 175 -801 210 287 -103 -286 -834 -368 155 143 -422 -929 1021 -567 -321 -922 -413 31 -287 947 ]
[286 527 365 775 223 -616 -478 -1198 -389 44 922 -425 277 55 -283 -302 -1011 -370 -424 -73 -29 562 27 193 -1027 175 1471 66 1 -450 -214 -206 -1358 -1 -72 216 740 -64 -226 1196 316 -273 -95 -269 -697 -313 627 -501 -642 367 -141 863 575 -420 391 -483 269 581 -420 -722 758 733 260 611 693 889 -37 -187 -3 341 -696 125 1505 -498 -90 867 372 -392 687 -201 43 658 1007 258 -564 -659 -151 -588 -816 613 265 194 -821 -1113 623 -13 -291 790 -229 649 -620 -539 73 -150 198 245 731 57 1189 562 916 469 -131 -641 -165 ]
[795 -78 821 199 563 -130 -1329 -2 -263 545 -26 -155 -152 98 -248 330 275 -50 283 -723 219 906 134 156 354 -320 377 420 568 -340 -285 -938 516 -197 -61 31 -57 118 -664 42 -443 264 -968 376 384 -419 -141 -41 1021 -611 282 -216 -249 -239 -714 525 -182 620 71 -51 438 -61 -901 306 -881 -326 -455 -716 -940 211 -89 1050 -104 384 -513 -371 116 67 163 649 149 -852 -524 -498 -389 13 -170 -14 160 -237 663 -10 -221 -607 45 -44 -222 -211 191 -540 595 145 379 479 -231 -245 60 -5 -366 121 493 52 -116 -451 -1362 ]
[-57 -114 -551 39 669 -768 -879 -1088 75 -287 -1023 105 420 -319 81 232 -458 250 13 339 -579 -922 -258 -696 -851 12 -862 795 -113 351 -17 822 558 -248 540 -345 -677 304 -419 462 706 341 -670 264 -866 13 509 -256 -176 -26 -303 -84 -270 254 156 323 -611 158 842 980 747 -452 279 533 93 101 411 528 939 -474 -863 -79 323 -318 480 71 -273 912 461 -532 -309 1254 79 -510 -412 -119 -45 -614 87 296 -57 -920 -326 -606 -832 301 452 -700 -561 628 -595 634 -384 -252 -90 446 -1620 -218 238 -574 -955 -796 438 305 401 ]
[648 409 -197 27 635 -608 63 -440 105 -600 -359 241 -107 -315 144 132 -169 -82 -375 -381 -59 -54 307 602 81 -328 260 416 370 270 -99 -264 245 -8 808 468 -784 253 -913 868 35 1296 189 -751 -384 264 88 -540 -59 -375 657 -330 -759 -438 -60 366 -452 -410 -663 293 1383 251 781 172 -277 -11 191 1375 256 201 146 -968 623 10 358 -105 -1138 -374 -508 -27 175 297 -62 -16 -25 -320 1208 -846 825 401 45 -578 -51 -688 -138 364 -495 166 85 382 -1259 578 551 24 648 127 -71 -484 75 88 220 -494 -35 -471 549 ]
[149 411 835 3 175 -356 -45 46 -43 -281 -588 -263 -242 -178 82 -698 402 -325 32 459 -561 -737 -248 -160 640 226 -127 -225 -46 -138 622 -324 -649 288 831 -745 -778 -48 -143 -413 99 550 174 -614 -334 82 99 228 39 -49 671 511 -284 369 186 -452 -1009 -77 199 352 -784 -448 -361 -5 -65 172 482 -307 -59 91 103 342 -50 -402 740 -106 -448 -353 -416 -13 -502 161 -350 -500 -123 -446 477 -1292 1050 -313 400 264 -295 193 100 1085 -731 -29 112 717 760 712 5 -588 -437 -1 176 612 89 -332 904 224 443 289 450 ]
[42 -401 -278 4 -368 -210 355 -345 -176 -89 -398 -510 1060 -175 1082 468 -1045 458 -91 1448 12 -637 -51 -536 460 -188 -660 630 -4 -1386 913 35 144 -717 -509 -515 363 -564 675 503 -418 -236 -387 -287 -74 878 41 64 -928 183 227 -248 -892 290 -195 -664 -600 -255 999 92 -98 -247 -343 948 722 47 402 -229 739 -83 117 302 -129 -461 222 454 51 -127 61 -274 -22 -129 383 94 -344 -552 -655 -564 -610 -287 -650 -70 -744 63 563 708 726 -765 -64 576 -99 -550 -29 -14 -415 -106 -319 125 -772 -473 496 -498 713 440 407 ]
[993 -8 142 188 232 -88 -570 -843 -531 -1120 -440 425 257 1262 22 -388 -277 -119 -193 -19 699 -506 -299 -131 -31 550 -122 243 -387 873 161 985 351 -96 -477 44 -176 711 727 855 -499 436 149 681 350 32 352 409 149 -516 -430 -52 -336 148 -878 571 -578 97 388 -125 651 1 597 350 470 -135 -437 -234 -312 -43 -992 472 -348 -408 -417 -675 -304 -108 -194 94 -2 687 -676 -464 54 1594 440 1283 -64 -279 833 -1114 1067 403 139 1330 540 -636 737 506 16 -304 -469 -947 891 -557 -807 12 1 97 -628 -647 310 464 105 ]
[-630 461 407 783 -316 -138 518 -127 995 375 1331 706 -130 911 -119 -500 752 -533 -419 -60 -296 -456 -553 80 -59 494 -110 -586 -636 701 -463 507 -1435 281 -545 -502 82 258 -11 -403 584 -103 -686 68 357 601 368 46 1136 118 -931 -236 -111 -434 -769 532 171 -901 427 -188 586 448 261 -251 -59 -524 290 285 -221 -719 -328 -257 -34 -602 -1078 -252 -2 -466 214 735 243 250 -831 -511 -312 607 86 304 -285 7 861 -184 656 -614 -144 -30 -185 196 788 -142 1058 -455 239 273 458 1002 568 40 -43 752 -165 142 -63 1335 -733 ]
[-28 -66 331 465 57 726 187 566 -348 98 366 268 -813 -11 -631 430 526 870 -78 -806 352 -150 449 -92 577 -293 364 -215 94 -421 -329 -1124 -576 339 -399 284 -705 655 -1267 242 158 -103 122 10 507 -154 718 87 215 -79 1214 -741 -399 221 -809 665 851 427 -355 1126 -198 415 67 -328 -330 -199 30 1091 -174 1017 948 137 -811 -145 80 -412 -333 -234 -496 436 496 -103 -215 835 -220 -1046 -162 264 899 280 -642 -137 -497 -743 317 -1011 -466 -450 -207 -132 -1089 -7 442 186 -1211 606 1165 88 -182 -295 80 -115 634 -574 -1153 ]
[407 726 123 -364 1006 328 416 -77 -482 6 -504 495 482 267 -283 1196 -170 196 11 -530 928 -125 1 405 -35 705 -147 -33 868 1048 113 -350 -46 63 -41 358 -465 -11 -422 258 162 165 434 -1112 -235 -376 -124 320 -44 237 408 -97 -436 173 -158 62 -568 -598 -223 679 -762 849 315 206 771 -480 -195 1104 -362 793 -209 -226 -479 -4 -240 375 -1083 -672 -721 635 -194 943 811 356 7 759 1181 -715 218 187 96 -411 -736 -272 255 -271 -167 -710 442 984 60 -288 -381 -555 21 -862 -454 1170 811 177 46 -796 -355 -318 324 ]
[557 -1185 -992 453 -656 -216 372 -226 731 64 812 -16 -96 141 -278 -64 177 426 -663 345 -105 -862 269 -463 -255 -255 -238 66 269 -1468 665 -81 -1264 -138 634 131 963 -332 838 171 56 -247 -812 212 -59 966 567 109 308 -638 235 634 197 891 411 -54 -196 -303 780 -1118 126 268 147 815 -326 305 360 -1001 -293 55 105 351 -404 -56 -599 -86 299 -174 502 -45 -94 -8 -120 -148 -485 -495 -322 -563 -1432 536 -417 36 625 236 732 429 375 -234 204 -51 -86 -725 501 -61 -358 856 506 89 -662 337 816 -16 52 375 -316 ]
[-270 120 -1688 -906 539 565 150 -432 9 628 73 -488 486 -123 -187 -874 -60 -528 173 -495 -1081 187 437 92 1553 -829 375 309 -645 -226 -243 -19 234 108 310 -385 -350 -386 -887 79 1012 736 -68 -323 654 224 -133 -104 -754 -138 -42 -108 -23 -281 830 267 642 -193 40 -59 973 108 -321 332 -98 382 107 -848 -334 -183 93 -630 1033 565 -811 535 1057 48 73 -116 311 132 335 676 -31 -131 -1297 -224 -520 264 368 303 -124 295 432 -1195 540 561 -619 -1286 -204 -670 -1100 602 913 554 7 -44 -423 -46 301 689 -318 -132 542 ]
[1061 174 159 -401 501 -513 -398 -1284 -959 -464 -642 99 -113 -1006 586 498 -558 172 686 -371 72 -852 -810 865 -714 -117 -296 650 1168 -159 -205 -5 -585 756 -97 590 368 626 267 16 -91 985 -379 -168 -62 -458 -155 244 -46 -232 -184 -168 -177 162 -578 -1141 -37 -122 1132 103 -937 -103 39 -49 4 800 980 635 287 440 -258 144 30 -566 -513 -372 -644 121 -846 1150 280 478 1048 -170 78 385 849 -868 -689 323 487 350 -50 252 611 686 -396 -194 961 683 -395 -303 6 -310 -92 151 -1095 1379 377 449 -724 -1314 115 -43 -102 ]
[328 -817 -571 -886 333 18 -664 274 39 787 296 341 254 -1014 -251 -481 -221 -171 509 448 -999 353 -190 445 135 545 -23 449 -509 -287 372 -929 -620 -1011 -331 44 993 -408 679 -197 373 -387 70 916 456 -131 -444 354 971 -1068 508 592 633 -169 996 160 -60 635 -491 -597 168 -683 379 -198 -807 118 -55 -394 -340 230 -220 -203 588 629 595 336 112 372 -17 -444 -243 1575 598 108 -96 -218 28 -267 -593 549 475 200 -364 563 -348 19 860 364 -1272 -267 736 481 -18 -55 309 -384 466 -609 -673 483 -202 233 -569 -272 711 ]
[-451 838 -63 506 -128 -92 227 86 -623 931 -553 -298 1009 -1290 769 705 850 488 390 -828 -115 151 -382 -961 101 236 -633 -839 658 -93 -592 639 -292 -443 -503 259 294 -610 -250 -402 -406 877 440 -424 -501 255 -805 153 178 744 -364 -636 327 -577 35 153 160 127 -56 494 -297 14 659 -311 -280 -272 -345 1200 795 -1037 -635 523 215 -877 144 468 -661 -1914 -927 520 -284 38 1331 -1272 485 -265 932 -1521 601 186 878 -532 566 -403 392 -1000 775 756 -362 732 559 -312 -810 499 -74 103 90 943 176 144 -627 219 -822 -3 488 ]
]
