[[717 157 -503 619 -98 833 -1063 104 280 -81 82 -59 -788 -353 1111 -866 193 -788 111 492 -292 -264 298 -116 -15 255 569 223 312 398 -113 405 891 43 -740 -262 267 -260 554 -481 181 -524 -612 -367 42 412 49 -378 -133 725 -285 -142 -496 -208 -180 -402 -183 -290 1113 554 449 474 -140 -142 -200 200 490 634 -12 -658 678 -664 45 17 354 542 -569 342 401 -175 144 235 528 196 -14 -121 -108 200 -477 -618 -91 -343 243 4 312 -724 1106 268 -14 101 -162 -71 -372 460 -483 -333 186 -232 -430 103 449 251 431 1062 213 1035 31 -73 -217 242 -88 72 487 676 -849 -271 249 263 -165 193 ]
[62 204 -151 -232 343 -549 -62 -259 -373 716 165 573 -121 -200 -249 311 387 -356 410 506 674 -898 -461 203 -406 -663 812 -45 -939 220 265 527 -162 177 661 -343 -366 -950 648 -204 -265 -836 65 -70 345 -109 -450 561 524 -553 -907 400 507 216 770 653 114 543 -146 76 527 278 -26 -935 311 -319 103 -164 -763 -254 -504 11 -738 285 -78 -421 729 102 -386 334 78 -231 -181 154 170 142 292 -567 -618 138 6 -69 -742 -653 -31 -567 -53 -806 -3 -246 406 -235 26 847 -633 206 487 -22 605 395 136 -93 386 -483 155 -144 -379 347 762 -335 245 403 -144 214 -486 742 227 413 198 857 ]
[897 446 -406 89 885 150 -90 941 0 -96 374 -91 -391 693 290 -268 -21 262 319 -84 24 660 -151 134 211 871 410 -836 247 681 -83 622 634 -28 -596 -825 975 388 -372 -159 672 357 211 316 603 -27 -489 -436 -558 60 -579 -363 -1223 370 -266 -75 -232 -387 1203 -551 -223 178 -455 424 791 424 -592 -207 431 -4 -254 -10 -505 296 -358 238 82 -310 -264 -277 -196 -457 816 -880 -668 265 -987 112 -82 -9 194 97 -209 697 373 107 -348 700 -417 -51 -358 699 -163 -223 541 -12 -229 209 -1158 506 169 39 79 301 226 -96 153 -285 320 87 -197 -591 333 200 -416 -538 530 291 243 -841 ]
[-229 42 517 902 -258 723 -622 219 -8 -205 -701 -565 -254 -700 194 -455 -280 -730 -395 595 -772 -103 1169 621 -390 336 -820 1173 422 -252 -457 -64 -11 -15 -572 1845 -655 591 672 289 752 -291 134 -755 393 527 561 19 -529 193 369 3 15 -1045 -1 -245 116 -631 571 1239 -248 189 243 615 -627 162 135 170 328 530 487 45 388 93 -128 17 -341 810 186 -7 -307 589 204 -511 772 163 199 119 274 -238 -304 -119 920 -109 737 -546 262 17 -150 -488 -718 -403 616 -170 -3 -538 -392 57 -877 143 381 -553 -588 102 -41 280 720 -107 -84 -351 174 275 -161 215 665 520 359 -20 -371 187 ]
[788 7 268 -26 1039 259 -641 440 576 303 31 20 181 -27 -538 140 5 768 140 672 301 59 -714 1051 -52 1051 850 -98 -118 643 -460 249 -587 -1086 -218 78 -241 919 -168 359 836 963 -616 188 447 -248 -541 -583 -383 -659 -729 -309 302 -376 -209 1 -240 97 497 -456 227 -698 -1101 161 623 380 -126 -449 886 297 -779 -82 531 -80 340 331 200 -167 -21 -103 -23 295 24 -789 -323 497 -530 -480 -405 425 398 335 -140 -279 474 56 -292 231 586 22 -308 -311 222 227 375 -63 -300 -349 -838 597 -552 -684 -883 -516 1004 -434 21 -513 72 -1027 -60 35 -304 91 -71 -689 782 57 77 -60 ]
[-586 356 -714 218 89 -291 331 -692 -965 315 -24 62 -668 -511 368 -292 -293 -256 -287 -185 -408 -289 362 -470 -200 -427 199 590 -320 -335 -178 -383 580 319 -100 1058 -146 -315 583 -560 107 -1597 -357 -1104 137 1062 1146 1259 705 337 -358 -318 316 -347 -215 194 452 -231 149 1102 -467 671 409 -3 -635 227 519 8 -333 -615 -57 -361 -65 35 -357 -496 -32 764 -208 421 -335 -56 961 -226 -177 416 441 -306 -442 -160 -315 -936 -22 -217 464 -592 602 301 -689 -1084 -74 725 1199 -168 -394 306 39 495 -677 357 349 -304 808 293 564 223 692 906 735 233 -201 363 63 397 87 1055 226 -122 306 209 ]
[-264 46 173 -93 -282 -443 -20 -127 9 136 426 591 -267 -7 -100 -90 -436 -589 487 -918 -11 133 280 296 -156 -285 -1119 -881 226 85 1089 -183 -1191 345 418 -266 619 -757 -786 408 723 1027 1079 441 -331 -571 291 197 1 -148 751 -61 444 543 486 366 -62 285 -189 -108 -20 -132 -162 929 637 -67 -540 -232 556 -628 -448 -249 -257 -76 557 314 1034 329 249 463 717 -387 -310 261 215 44 677 379 -28 -905 278 329 151 -65 -737 658 -188 -241 -527 346 407 -251 -351 29 -287 -10 335 549 1040 -484 259 563 -392 -399 -401 188 346 538 -1286 763 268 -297 216 387 658 -396 -168 6 56 278 ]
[-11 403 -118 468 130 333 402 0 828 -59 509 -189 -524 -642 986 -311 249 -67 211 -207 396 -787 -353 413 -152 -290 -791 -547 935 82 779 533 114 -76 -49 352 -122 -28 940 34 1058 188 497 -236 173 297 1109 -63 298 -498 475 -294 655 -376 253 48 679 446 105 464 120 -130 420 887 -833 699 19 53 -166 123 -385 -328 285 -347 583 -54 234 657 180 496 589 -530 -730 182 737 -183 812 -305 -589 -744 -48 -425 -116 -720 154 142 567 214 -538 -664 -619 -628 555 893 -505 129 6 -692 159 -4 888 231 484 -306 317 798 -299 518 -428 712 516 -987 292 -448 -877 -330 -237 380 181 -66 ]
[628 507 -536 501 726 -125 -220 893 311 -281 276 135 -838 -299 300 -19 249 94 809 193 666 -287 236 155 -218 136 -27 -641 663 81 -420 951 55 -651 -495 -331 241 546 30 -168 1172 1206 -191 676 642 25 709 -586 -195 -619 -254 -1386 -11 -431 -126 600 169 666 455 -986 479 -37 61 1277 16 422 -841 -622 2 541 -421 -177 207 -71 234 346 522 643 231 -149 558 -574 877 -799 518 53 -128 188 -128 -1236 -58 1204 -581 -95 -109 905 -738 9 -417 -416 -798 -635 -295 -347 -541 -375 -82 -347 -167 242 519 -92 -25 120 37 -277 0 113 535 132 -111 -510 132 291 -89 -1325 221 1071 328 -436 ]
[-351 348 -705 -17 507 280 257 -159 554 630 532 -294 239 -407 136 348 294 357 206 971 401 -655 -499 104 312 -92 340 816 -467 9 -115 114 -126 -451 99 250 -43 -357 96 8 406 -251 -470 -46 -597 977 339 223 827 -318 -788 -1238 485 -645 -9 1063 609 739 392 -181 58 -523 -166 -258 -749 948 360 -593 -76 80 -607 542 -205 -653 -459 369 355 738 -413 370 -275 -646 246 -1166 258 -95 971 -1014 -1168 -1557 -32 -294 -569 -944 623 151 56 -625 -590 -954 -4 -463 445 118 -136 -146 166 -691 -413 393 -274 210 610 -350 481 14 -637 569 1263 -509 -42 335 -337 -638 -366 487 561 -387 365 44 ]
[166 -849 645 84 793 -235 -125 -489 256 127 27 -457 383 118 -1096 106 72 339 -273 -46 -108 -6 -798 666 -127 732 -602 304 -330 302 186 419 -1296 -824 -160 445 647 674 -141 203 -226 915 -37 125 -69 -802 -1249 -944 -669 -543 -459 727 513 663 -58 -266 -41 -700 625 301 -257 -167 -1366 84 1114 177 -52 -360 864 -298 -470 -4 -670 92 -139 580 -395 -430 -273 -209 -67 507 -895 -109 -250 863 -220 81 170 970 421 1368 -5 -83 534 -249 -456 305 597 -20 893 210 -303 67 1337 135 23 432 375 732 -541 640 -400 -496 112 -882 499 -538 -734 -88 -365 867 316 -90 -86 853 686 230 184 -139 ]
[-3 115 416 436 918 353 552 110 921 771 488 -642 86 -266 262 -479 716 -51 131 654 -162 177 -761 332 -240 -473 592 864 -1216 615 358 292 936 -229 -531 -549 702 -276 322 356 -440 -216 -210 -320 324 -21 -1451 -548 -826 -457 -1088 232 -916 474 -335 -252 30 16 1485 1025 35 686 -528 -902 490 333 -238 -14 -1164 -199 -476 221 -948 -622 -618 106 -874 64 -733 -172 -146 90 -897 -350 -275 408 -307 -158 -607 -91 -451 8 -676 316 167 55 565 -355 39 -63 709 302 -127 398 1555 -17 8 -227 94 289 192 947 935 -119 86 -54 -763 -691 246 -613 297 1052 -110 116 -1288 356 331 41 434 -332 ]
[528 417 -346 134 388 100 52 624 -167 419 882 -182 -452 -626 353 21 -161 -506 887 901 -450 922 960 31 328 -360 500 -242 -259 606 561 522 644 702 -407 -796 1056 -241 -495 -80 828 900 94 -43 -199 761 -266 366 116 484 -513 -1795 -475 186 232 1020 -549 945 1814 -425 -9 296 132 797 -394 738 -264 8 336 -3 -540 -279 -563 -185 -513 31 711 475 251 -417 486 77 330 -1012 -843 -184 -163 174 -368 -1467 256 -176 162 -113 -708 123 52 30 -1170 3 -134 745 500 -206 -340 -204 -538 169 -362 -564 47 1035 261 -6 -100 286 -329 1040 94 -263 522 167 668 723 -145 -1597 38 -78 -79 -449 ]
[496 -66 236 114 -988 -466 -326 -443 -584 243 74 1018 -720 -737 203 403 126 -912 582 170 -161 -596 706 -1375 524 -786 245 175 108 -587 137 -284 113 398 -37 422 63 -719 -348 -169 383 350 -677 -19 -474 196 441 762 403 1060 342 -452 136 -457 146 452 -1234 851 -152 -47 -490 -165 430 252 -687 -100 1011 301 818 -429 1072 -981 -646 51 622 -90 944 479 574 -268 368 4 1383 577 -559 -426 683 507 -371 -154 372 -342 540 -276 -592 -275 870 -374 -70 -261 -397 165 15 122 -1250 113 290 -716 156 -664 -177 -84 -930 1010 812 185 -194 516 -13 868 386 207 583 760 657 -977 -139 -589 -524 1022 ]
[-793 -756 206 26 73 -890 618 -1058 -467 465 -146 609 136 -415 -280 305 -698 193 304 255 -143 680 -621 -149 -23 -899 -456 499 -1011 -302 581 281 -1051 160 816 350 1194 -1244 -1015 -416 -166 560 955 -997 -628 435 -772 1092 88 370 -322 -462 626 568 619 437 -243 202 -155 54 -89 462 25 -377 365 324 195 -129 133 -894 -120 -533 -505 -572 -1098 -313 166 6 -625 -3 100 -4 -636 -533 -801 470 567 -166 -348 -173 534 70 -101 250 13 792 -320 -763 -1301 -46 1712 839 382 303 507 730 523 773 1001 -500 -769 941 449 -416 -162 46 -866 659 -294 802 1063 647 629 415 295 1478 -596 -192 -17 439 ]
[1037 40 -33 283 -408 -62 -483 -66 -490 -8 -93 346 -661 -962 708 464 459 -128 436 600 726 -94 244 -449 262 536 983 -157 632 -66 -1052 417 734 -35 -77 -159 -303 -30 241 -325 -164 -567 -211 -127 -191 138 282 -151 830 214 -832 -1192 48 304 48 -220 -142 398 -449 -864 808 -339 525 143 -613 544 -85 199 -506 -130 322 -217 435 770 -499 398 -815 -613 358 -221 778 -280 158 -40 483 -413 239 -93 -370 -104 146 -26 327 -544 432 -250 561 23 -307 -693 -1223 -899 191 475 -639 285 -734 -754 -934 276 174 -272 784 354 993 364 -1152 690 -26 453 410 -1183 -259 -275 291 -478 60 1029 -130 183 ]
[-771 380 -477 -765 88 -142 107 -169 83 512 426 48 590 655 -431 -7 -502 217 -408 -854 -826 794 -165 269 -279 941 -883 -613 -118 95 380 205 -146 141 145 -477 -53 440 -730 70 -37 103 1270 259 53 -968 -112 -530 -922 -401 661 691 -253 413 104 -328 548 -489 85 -43 -401 -127 -677 -394 941 -700 -28 132 121 554 -300 605 -975 -310 -22 -204 760 -456 -818 378 -679 -738 451 274 -418 -64 -281 -644 -175 166 26 594 -426 865 -406 -122 -597 -293 390 1381 828 456 -453 192 1087 498 347 -399 -169 -6 -63 -376 -627 -764 -164 -473 452 108 61 350 -149 940 173 -166 -561 669 314 -589 -69 -629 ]
[36 -1089 744 -168 1067 81 723 -213 131 -87 -602 -99 1098 -94 -652 567 276 855 -200 861 388 1 -703 -200 -431 -601 747 -143 -244 369 39 -651 -134 -274 1018 -708 -720 42 -201 811 -901 176 -371 -120 396 419 -1235 137 -134 164 -72 632 918 -573 250 15 -824 945 -806 -594 359 -351 55 -155 74 -105 258 -543 -522 7 -82 106 1214 -29 349 -548 -278 -1034 1007 -136 -7 1068 -796 226 -1060 -83 -418 -147 1281 1073 -162 -1050 -410 140 -1326 224 474 165 1275 416 203 554 497 -44 -13 705 -313 361 1116 -1005 -562 -351 -1227 -362 -611 -284 -770 -682 -113 -1002 489 -545 -408 527 -494 -770 -454 -277 188 428 ]
[583 -726 -275 607 328 189 -331 -449 740 -81 -501 763 -146 -854 874 228 10 348 -306 439 516 -1200 -674 88 57 172 572 310 -396 -215 -821 -231 -361 -478 690 39 -25 -264 -385 -356 -443 -816 -142 -1046 -100 1003 -6 372 623 489 -444 -616 47 -675 330 -73 711 -361 -93 -816 528 -386 754 -149 -211 1102 382 -536 -907 -410 124 -399 341 -17 173 463 -700 52 298 883 391 -449 751 -544 84 -394 561 -24 -630 -524 89 -661 -750 129 493 578 1766 -659 7 -1362 -357 -395 379 238 -57 670 404 -1088 -198 316 -544 -428 -152 719 981 795 -810 321 940 75 100 -566 9 40 -96 402 179 -58 131 322 ]
[634 -491 -473 -434 385 272 -869 948 761 -175 325 424 -209 628 174 -547 -283 -757 285 -133 -137 -639 412 437 -543 185 485 12 262 389 342 -173 135 17 -151 -773 546 -185 -771 198 187 160 44 1113 -409 -337 275 -664 -366 89 284 -298 -663 -16 -83 824 360 -158 1039 -509 439 35 -87 354 1149 -554 435 -691 190 265 522 484 -1112 -137 390 1230 943 169 -179 454 175 -386 1511 -84 -214 -56 -157 385 -6 -2000 362 678 -444 796 -653 434 926 -580 717 489 -185 -172 -1230 -165 115 254 941 -777 788 -449 153 444 -490 1043 -238 61 142 250 -358 326 -1585 323 -25 1183 269 -717 521 -226 100 41 ]
[64 487 89 -293 749 -571 399 -576 -975 507 166 -666 782 -304 -982 157 95 472 -866 -501 -457 -135 -132 -162 -570 770 216 -539 -646 735 -398 -73 -520 -347 56 323 -844 894 -368 154 -112 -584 368 -83 960 -270 -1058 705 -349 -299 -595 729 -2 -91 -30 439 -768 455 162 -61 -670 -105 -1016 195 84 180 -208 -376 55 425 -651 363 -94 450 301 -575 559 -526 342 -211 -1045 -146 721 -819 -1348 410 -801 -618 367 2253 -424 7 0 -377 40 -493 -1314 87 1177 -749 766 693 705 -182 395 495 -1124 -267 -1056 657 -360 -899 -1444 -714 579 -865 574 -167 1083 -963 -509 1404 -496 176 -79 251 955 -37 8 458 ]
[406 -328 1062 61 69 -59 922 126 599 -409 -136 -105 -296 -399 643 212 446 17 -139 -801 -170 -58 -826 58 -245 917 -858 -643 556 33 -177 651 -413 -413 132 64 949 693 -439 398 -500 622 1540 -109 295 -513 138 -1035 -813 -102 461 166 -494 785 689 -702 -148 -774 -268 -367 54 -325 -58 599 211 -358 -726 309 -821 492 220 308 -842 793 -515 21 -645 -778 360 -163 79 -630 -147 -288 -393 -185 210 -283 295 41 58 667 64 58 772 1025 335 -461 110 -837 -364 4 -994 965 854 330 -118 -792 101 -286 99 684 -309 -123 -220 28 -928 -599 -26 1105 -149 -438 211 -344 -567 88 715 229 439 -342 ]
[234 197 -436 107 372 -57 -343 389 577 -826 141 -175 60 -184 -716 2 844 -906 -497 -504 566 -500 -458 -720 690 205 -512 -266 165 91 686 1127 -512 -246 199 -256 412 360 429 115 -400 267 -370 507 193 728 -546 -340 305 58 119 -61 -415 622 42 621 -349 -440 553 -1360 -143 24 -164 -170 -698 485 -393 21 472 226 -191 33 -1180 564 -192 -52 153 -77 -66 -476 -91 -84 259 -376 265 -541 201 969 342 -47 252 1369 -730 -190 -437 -261 -1635 -71 62 -317 342 114 -749 -487 -464 -858 47 -229 487 358 -480 577 -304 60 -748 370 808 -628 1265 -197 -822 245 828 -751 -551 182 313 468 -197 -891 ]
[405 -329 -1121 -276 888 393 423 261 229 -132 281 -529 -117 -627 1393 -513 114 337 -383 -38 341 10 -696 -385 -23 573 898 327 809 -251 274 478 217 -853 -4 -760 465 949 -438 566 -536 20 79 -322 -129 400 984 -1753 120 -15 -224 -1426 61 735 -52 -182 141 -42 623 -1222 63 -117 -19 531 -334 779 198 -222 -601 91 290 509 -1006 214 -793 398 -289 -585 -432 165 -405 -550 406 -52 160 -15 951 -626 -217 -1667 703 685 -594 83 -303 207 252 409 -97 -655 411 186 -167 -194 388 871 -229 -1423 196 59 -15 556 688 227 392 206 -772 97 1103 766 -694 37 -139 -112 -1106 401 297 527 517 -1065 ]
[-935 -218 473 36 -79 -41 565 -151 -840 1070 241 -929 436 -995 14 -311 -263 -757 -499 36 -511 530 586 -489 -195 536 -749 1178 1013 158 274 -466 -195 51 -92 920 -577 -11 -755 1389 394 540 740 240 -58 -396 217 -467 -348 166 610 38 626 291 106 167 -470 734 554 240 -442 367 -10 932 -759 309 167 -537 446 351 1140 1010 -263 65 -348 291 272 -265 -783 -252 -429 -532 -87 207 1083 187 -159 -431 330 -90 58 -104 566 283 -1373 -621 -303 80 725 28 429 -821 387 175 1331 1238 -1056 -1085 310 -714 24 -27 -729 416 23 -599 -561 546 -699 513 144 -66 -1179 -54 1213 245 -95 -112 -457 -50 ]
[44 -295 40 -33 -102 -350 623 313 34 39 352 365 -1175 164 447 17 -113 5 -164 -1181 -692 583 -183 -163 895 1079 -1689 -1228 574 276 -224 594 18 604 -256 108 1556 280 623 -1074 923 1336 357 -556 572 223 716 48 -367 474 1507 357 -95 884 470 -621 576 -1451 -71 -7 -26 386 447 562 -124 -21 -945 434 -42 -1001 132 -1087 -11 601 160 -190 -23 869 579 381 1198 395 -330 -176 -296 -141 -547 161 23 151 125 -340 146 -255 -285 -80 -19 934 -968 -273 -420 674 197 694 206 -328 255 1382 18 -94 -177 558 600 533 -568 446 956 204 -500 826 71 -1287 1403 -44 -821 -209 -47 152 -581 -358 ]
[-49 653 -819 -234 360 -139 888 63 700 924 415 140 -743 -197 662 380 956 527 158 -208 199 92 -143 -154 527 876 -256 85 -885 587 -1238 222 492 -402 -342 -614 -127 664 59 -552 -293 595 -321 4 -178 -348 482 -1115 151 -70 345 -603 -312 -3 -83 -396 1526 -1235 160 139 723 -59 -445 2 39 -151 -799 -346 -1051 -642 -557 49 63 40 -122 442 -599 859 -426 880 358 -900 136 -554 381 -377 -737 92 -900 -960 -994 -146 -1108 -217 216 444 1339 -590 -285 -92 -777 -745 -977 74 737 -900 50 -306 -245 676 -148 689 921 396 453 -432 -503 225 1050 -514 -367 -338 325 -750 -940 -500 709 -637 521 -841 ]
[1363 -213 -397 258 119 333 -1067 -367 -627 621 608 208 -640 408 490 313 -271 -110 443 835 -152 -322 418 92 -33 -204 1068 -1012 646 -80 551 783 288 -426 -1269 -359 455 408 -286 -646 594 801 -1069 -40 154 -492 163 -629 462 10 -594 -306 757 -571 -77 485 -649 156 1002 39 -781 -87 -719 320 447 681 1038 -242 1642 126 317 -903 -662 -523 789 397 648 -50 106 -216 -232 641 266 280 -114 675 260 -433 -545 612 678 861 347 -173 666 -1450 585 1072 444 2 -212 938 101 -251 -522 784 -282 -196 -827 871 176 -316 -638 -274 752 -603 89 390 -402 308 -209 1438 720 664 -211 -434 304 735 -132 -76 ]
[-880 375 -465 -224 -197 -509 1275 -309 595 91 46 -81 263 1118 545 -302 192 1141 808 -593 265 363 -445 31 247 -1130 -175 -174 -414 -389 158 -53 -530 -530 -618 -496 436 -458 -371 82 474 978 64 236 -345 -727 61 15 -1148 -11 651 -496 -519 -133 -899 -114 -422 1123 -655 699 623 -365 -16 584 688 -251 -916 109 -213 -505 60 -424 738 -646 514 -38 21 769 -441 -134 185 -811 -528 -59 -785 -80 350 115 49 -442 -125 -160 -126 7 384 2259 -537 -310 -813 256 569 19 -500 -512 -402 -486 479 334 193 -362 292 -126 499 -36 8 431 -779 -876 -533 497 949 -624 94 -299 111 598 -766 -409 783 487 ]
[-67 1109 418 -669 -852 100 -138 -53 -957 241 594 310 163 668 -731 315 -225 145 351 -767 -30 1032 -142 -633 46 -559 301 -1523 -440 118 -267 379 541 908 -98 -1057 -333 -666 -522 -462 -217 -68 754 763 -410 417 -172 1305 982 -411 290 -383 -507 571 185 490 -530 145 -1272 -968 233 216 -51 -1090 -226 -606 -269 253 -529 -118 -935 238 124 -521 -2 -673 780 -214 467 -264 -370 -304 -600 -631 -1107 -180 -90 -617 -18 292 -768 -163 275 -960 530 -143 -865 -554 -323 496 148 374 -802 475 -818 -601 -428 692 -161 -185 121 538 204 -698 -357 -372 -1126 426 111 -289 -184 952 387 -43 -429 -807 -148 115 247 598 ]
[498 -524 713 -315 620 -205 153 560 -454 353 -838 473 -424 105 -25 218 860 -276 500 724 855 -470 808 302 334 -250 861 448 85 94 -541 -334 480 300 -56 -2 -1174 412 856 823 -85 -145 -472 188 177 -410 -521 -982 -160 320 207 -67 -57 -239 -358 -190 -678 -53 -329 673 880 -174 708 117 300 -899 -566 -377 -449 -239 -29 -3 -21 930 57 29 304 -276 761 -70 828 723 -652 501 -466 148 389 367 1030 195 -441 -1553 657 -544 -820 -375 1085 -120 786 110 -1508 -678 609 -472 -669 -155 -597 519 52 -172 -75 -1028 -10 136 111 -255 -20 337 -223 -680 52 -1151 -612 401 795 -862 -208 -522 536 838 ]
[-1102 232 983 -722 -426 -582 1287 -40 -68 451 208 -480 587 368 -224 -64 946 -450 -579 270 -426 1143 892 -24 527 425 -392 128 -21 574 46 -686 -37 172 -616 97 681 -18 -240 329 -774 216 245 446 -180 -423 -1246 -60 -356 695 120 -17 -783 1024 -556 537 -378 -99 149 630 -152 43 -467 -166 -84 -618 -1191 223 113 -126 -14 529 -770 252 -1046 110 -424 -713 -659 -530 30 238 -1015 -655 -178 792 -851 -15 233 854 -14 -563 376 347 -308 350 -419 -460 452 662 363 361 -160 -161 1740 139 -897 651 -518 -382 -1485 235 609 -340 -312 -662 65 -134 -998 -681 -333 125 -852 -844 1132 503 133 -432 98 -64 ]
[-667 1305 -921 -303 -272 187 491 382 108 -424 616 247 258 486 278 -833 323 -1060 -94 47 -511 237 1398 -379 122 -1171 966 248 -1269 188 241 -954 48 118 -416 -160 -346 -697 151 -190 -355 -1309 -820 183 -600 570 -27 1001 159 974 -526 -561 -1229 -238 -682 914 232 791 559 1141 -9 -238 -271 -915 29 -233 135 361 -250 -678 -609 4 -313 -357 16 39 -176 365 -904 221 -307 -494 1227 249 -583 -172 -375 977 -894 -801 -562 -961 -629 698 -356 -25 -119 -331 -63 925 466 714 25 -1152 -546 -921 164 116 -119 -586 -273 -242 458 -13 258 197 608 -228 542 -714 -588 801 84 55 13 -325 594 -812 402 -870 ]
[-24 470 -452 959 -164 -230 254 -355 -209 192 -103 388 -892 -929 302 -275 424 -148 35 -246 201 -156 119 -1230 134 -900 528 -39 -717 -281 -844 1032 899 -308 -844 280 235 351 -464 -862 -820 -577 -547 -651 -175 -77 -546 716 -213 184 -908 -393 -814 -758 -1174 -1 158 -218 517 244 217 482 512 -336 -271 425 -547 15 -1209 690 -285 -844 398 -516 -426 -54 -1005 517 -329 -613 226 -516 1030 154 -539 -297 -133 1514 -623 974 -1033 396 -993 801 706 543 -407 -400 -141 -894 825 179 367 -885 69 379 -178 -726 -1023 1142 444 -936 676 213 789 22 -256 -41 480 803 120 1270 639 -23 486 32 -339 740 253 -1271 ]
[127 343 -629 -128 158 122 -372 -299 753 -427 242 126 228 -406 152 -1088 87 -431 -479 199 -381 -414 -543 835 -672 733 -184 32 118 756 -21 -241 -738 -503 76 153 -771 -612 1085 -201 275 -654 779 85 558 -237 -253 -943 -1043 -35 520 152 363 526 626 -275 474 49 -772 1135 542 -239 -1185 -1086 216 -965 488 611 -427 -890 -122 124 514 -76 466 553 421 -12 467 341 -343 498 -528 -194 -479 195 661 -917 -720 -466 -3 224 292 -1050 82 -164 15 -471 285 1315 532 -509 -824 1403 -317 -465 682 -12 699 -572 -77 16 -208 -740 -316 1015 735 -539 460 -180 209 66 440 361 -1975 943 668 -65 -259 954 ]
[487 296 387 305 -306 489 -116 447 -406 542 -808 -695 33 -342 756 -511 871 -36 457 1567 341 731 832 -284 -764 -1117 460 646 -603 270 115 1098 1126 551 -450 -727 -159 -120 -423 76 -594 -158 592 -10 -406 -37 -1857 -126 -106 95 -1281 -370 -1199 265 -37 312 -770 -432 163 -428 959 525 -37 -327 -118 288 -1186 -158 -1207 5 288 129 -1117 -170 -1639 110 -407 -145 -163 -352 -597 855 -1233 -542 -420 758 47 182 15 151 -611 -140 781 -382 553 -540 -456 -411 -648 78 1177 15 -404 -476 -79 -972 -1359 515 -407 526 161 1010 1106 411 -463 -396 -1585 -803 -91 -110 440 1393 -564 369 -430 747 -608 882 514 931 ]
[-19 381 -460 677 -355 522 -1116 -813 948 -515 346 295 365 -507 17 -210 188 131 38 320 47 -781 -347 362 -39 -204 -615 -657 321 -452 -424 -542 -1767 -441 61 -422 -72 -304 81 39 592 483 -222 -460 -68 1162 487 263 460 37 216 -498 480 -1067 34 343 -149 625 389 -691 379 -729 -148 452 -40 545 -66 5 537 -909 -473 -591 606 -594 1214 341 286 946 1082 472 497 -619 -26 -696 233 -2 1367 -1189 -152 -1351 172 116 -633 -965 1080 719 997 -903 -151 -382 19 -89 -495 367 -1183 -186 36 -327 44 -240 -270 110 -1054 -141 214 764 -705 298 554 -866 -64 420 205 130 -576 -17 115 -101 85 1228 ]
[662 -338 288 -566 -462 258 434 935 -639 81 249 -494 502 546 490 -347 48 105 -269 986 187 -445 545 963 -869 -722 1685 -326 -69 442 386 -391 43 13 82 -375 -319 -1015 1165 -322 -746 -503 -623 676 634 -846 -281 575 438 13 -380 662 829 -303 830 678 287 1152 -606 301 451 233 -161 -399 340 -602 507 400 -74 82 -70 277 1000 190 866 207 575 -677 394 -340 -410 732 -952 453 851 56 -933 -147 350 349 560 -411 731 -1093 -79 -267 -416 503 616 400 663 221 352 891 -989 -11 558 505 1015 -367 95 -171 542 -384 -592 -92 -301 -613 -935 -264 -258 -90 -318 272 319 -123 -45 912 -110 966 ]
[-232 -431 -526 -439 481 -725 693 146 264 -223 -68 128 -361 -27 -793 272 631 -535 -563 548 398 -1151 -186 -1000 596 -43 -930 -468 467 268 126 754 -298 684 -206 20 -155 858 1264 4 113 91 -295 -334 757 130 -512 -26 -697 -90 325 1186 792 -485 422 1092 35 -417 212 -56 -338 63 259 -79 -486 -422 -520 -318 -152 860 603 -360 -769 1081 210 -460 534 749 256 167 479 903 -254 6 -322 -130 -27 -19 390 1898 179 23 -1009 -902 20 -1185 32 394 572 -1088 -532 961 204 375 -825 346 -68 168 -491 464 -250 -385 -859 -93 -403 -515 1307 -105 949 -149 -60 -302 813 -440 -646 831 222 -148 -451 -580 ]
[618 -215 -964 -269 240 450 -64 69 400 -485 736 -550 1249 180 -102 -11 818 13 257 1143 -164 551 1054 -235 747 -432 211 -719 704 190 907 -66 599 375 -380 -927 479 -117 -41 155 -668 -15 -127 262 -761 -208 -876 -829 -167 1810 143 -450 -1082 189 -599 88 -200 305 1165 -238 -692 -626 -380 279 263 182 643 86 1572 14 707 237 -1422 -176 -88 433 254 -551 -5 -326 -622 257 321 603 -1210 -613 165 807 443 -599 526 -480 -194 951 -644 -685 1282 436 -199 1826 -297 1592 -24 -754 -463 376 -287 -833 255 -764 150 332 -498 354 -139 456 229 -395 286 76 35 -713 899 -95 -888 125 -754 -772 377 -617 ]
[-497 -157 257 -500 141 -269 -222 400 860 -321 -91 476 -38 155 -91 514 633 -673 4 342 732 -240 -30 1075 134 338 371 376 -397 -271 544 1063 -13 -194 411 635 -731 514 1284 -381 -99 -687 -306 43 111 -1007 278 -572 305 -270 -510 -322 361 475 450 82 684 293 -526 453 1183 -173 261 -935 -133 -520 159 833 -207 763 -480 36 -1278 477 216 36 -209 -865 -779 -643 599 71 -571 183 834 -307 243 -93 -103 -104 439 569 -185 -34 -175 -104 -408 -468 272 514 -580 -396 332 784 -609 -563 658 -1291 331 -414 -98 -431 1250 -744 194 424 81 -57 -268 -403 4 182 -673 -787 89 451 426 -97 463 -615 ]
[453 -493 896 129 -476 425 -239 5 432 534 482 642 -30 -428 864 515 -709 -200 445 -226 54 623 -293 180 762 -405 -270 -470 244 -296 671 -348 -119 643 637 117 252 -207 -807 765 508 216 1414 -990 112 -114 465 -472 515 -284 868 -61 -99 514 643 -338 200 -324 -668 -202 -930 -60 1283 94 -454 502 15 -313 -955 451 408 345 -197 -745 -180 238 874 254 18 574 419 191 -1151 -245 87 -880 1490 -860 -817 -1239 -172 -855 -408 162 -716 -174 1174 -612 -627 -469 -155 -369 792 601 344 1023 206 -1066 830 -405 236 -28 -40 -862 -100 447 -994 282 122 175 1387 -183 -395 -276 176 49 -1019 -686 -580 -525 ]
[-522 324 -570 636 -9 -148 275 -28 -121 335 625 -35 29 -811 609 -685 -46 -571 -66 -272 -278 61 1019 440 351 192 176 -248 -269 -34 -547 -446 -1544 -459 -123 -392 71 -866 -433 -449 -70 182 494 -51 350 -637 102 -645 104 870 -52 -723 -533 1675 542 -651 657 -185 620 118 853 49 -48 149 206 374 -1145 -185 -660 -1316 -520 189 -55 601 -166 512 -429 482 -192 416 326 -23 -760 163 937 1011 119 801 -497 -808 0 37 -96 170 -461 109 705 196 -546 116 54 -415 -497 -731 267 -208 -491 35 879 3 134 321 861 316 -2 354 539 72 270 -814 40 -754 -196 66 131 4 365 226 896 -157 ]
[-447 308 -238 -589 -548 -74 -791 -973 -122 -257 526 522 493 612 192 314 -127 544 -586 -1057 433 32 -525 -664 1486 136 -160 -291 -624 -220 539 -501 309 850 354 -604 850 -194 -794 -342 -120 -579 -188 -35 -313 -62 -847 428 1183 303 -292 212 -1309 756 -440 397 -387 -59 -250 -1223 -1083 496 457 -1076 -330 882 222 878 -213 -445 -277 -329 -1496 -1175 370 -271 472 -264 -130 413 -284 -473 190 -450 -206 -98 563 -326 -827 128 149 -421 -652 776 -436 -348 -462 -448 107 128 1194 346 349 -38 432 -60 395 -174 -396 824 -1061 411 582 400 594 198 441 127 389 -331 -371 1104 -797 -1020 -30 273 -783 -554 100 163 ]
[-372 449 44 19 -567 -4 -102 -590 -879 326 -704 -232 -499 -492 -30 -488 -21 -361 -1020 -468 -773 745 446 -1678 124 159 -147 1526 171 -485 -158 -304 1817 49 -1291 1153 -468 709 -601 415 -167 148 -950 70 -538 976 48 -220 -155 500 756 -869 -242 -543 -1031 -235 -917 -648 -181 291 -65 868 -37 -634 -2167 -205 992 571 89 700 952 -337 129 -745 -166 -160 -311 163 269 -862 -825 643 1056 -691 -757 410 70 311 159 361 -758 -238 999 180 -325 -414 -218 -205 580 161 403 148 -445 -61 421 -145 -966 -725 -1041 140 -534 -3 -461 1062 277 -189 -52 315 -91 -90 58 1687 -34 260 411 -795 -119 -766 -469 720 ]
[587 -173 816 344 -420 -189 -200 141 -244 -582 -672 361 -310 -391 -769 -990 -329 394 -31 -801 273 39 -1215 304 439 142 463 405 -318 375 76 -656 -882 -26 450 174 53 301 -864 1532 -257 218 45 216 -54 -492 133 -1047 214 -840 36 41 33 974 311 -122 -518 -1440 -259 -541 302 36 172 -339 304 -513 -273 -96 -421 -312 -439 -65 676 664 -628 240 -190 116 69 55 650 644 -931 -199 425 710 438 404 -385 -31 116 514 -226 18 138 426 -296 -138 135 -506 623 -817 -534 368 629 -57 -412 443 461 690 -233 292 20 -475 -448 99 318 -704 16 -357 -251 -208 -521 -220 813 -724 -257 298 -465 -465 ]
[245 799 -310 -81 288 -1555 1156 -379 378 -653 498 1195 -629 -626 385 34 391 469 7 -1605 233 -266 -334 -593 -319 -360 -553 -763 79 -614 509 -1211 458 549 56 -542 961 -10 668 6 590 -568 592 -24 1213 10 375 443 -710 -654 -143 77 -927 786 -356 -766 816 357 -552 488 -854 230 449 -201 471 -293 -719 762 -1474 -255 -409 -474 -441 90 35 -646 24 -10 5 801 699 -447 506 94 -723 253 506 248 -928 116 116 59 -768 493 -82 1244 531 -4 -1060 -464 -878 616 5 118 608 627 -178 4 -139 -137 761 660 898 -276 1252 362 169 611 -290 654 634 -1142 -20 -45 -1003 -131 -227 -69 673 5 ]
[-345 -450 940 -143 -422 -554 350 570 -482 -569 17 -136 656 1236 -947 379 -256 1395 1 -531 201 1217 609 -910 782 217 -949 -408 -614 -1205 -1690 426 747 -28 -190 -798 505 -118 428 -457 -939 -253 465 -81 733 -427 -1470 276 -599 -134 -192 -94 -1155 786 -1109 -1106 -274 -167 -759 -699 -619 533 588 96 1206 402 -1268 -208 -373 216 -270 76 -784 251 -417 267 -1298 -666 -299 -148 605 -266 100 -122 253 -547 -1143 834 1125 1137 -217 708 -118 619 -294 1344 -663 251 -396 -96 -601 804 617 -715 1002 -207 624 935 -721 470 -388 -561 861 294 -59 -1397 733 -413 -298 815 851 -868 679 -858 795 641 -594 707 253 22 ]
[109 -133 303 512 382 306 -969 -298 -1229 -1320 -16 275 -301 -77 -569 184 -1919 702 -22 806 -736 1091 248 774 347 1326 -495 -494 134 69 -992 265 -1609 -27 -367 54 95 1282 -451 -278 643 1051 208 -628 838 -77 513 -931 -398 234 169 -505 1134 -564 1037 -630 -466 -189 283 -78 -247 279 -613 -66 408 -679 418 699 703 27 -422 -724 864 55 726 -511 -337 -530 374 -613 86 677 226 -566 -46 345 -1267 -593 -512 549 249 848 -305 146 385 -558 -444 790 48 824 383 880 235 685 -11 393 -190 1368 -203 -550 -555 -549 -1152 -1051 -441 -652 1144 350 118 50 318 383 499 364 -416 -1144 238 86 -151 -1292 ]
[-98 -283 801 -232 -368 129 866 538 -1229 -574 -83 -105 223 287 302 -66 -1752 631 -207 -595 -831 676 217 903 455 -92 1599 1150 -606 -527 -1555 -1121 8 163 -399 1156 452 329 -214 -55 -81 315 47 -419 204 174 835 1092 -453 832 -188 -392 -1210 282 564 -1165 27 -270 576 264 -808 670 955 -363 65 -238 730 725 -316 513 354 531 1053 283 -612 -1159 -610 98 -140 -442 -946 -237 626 -114 -757 93 -1471 284 697 792 63 -704 1012 803 777 63 500 675 -667 -786 -1403 517 495 57 957 321 60 -118 -550 -727 301 110 -518 701 382 -645 -268 158 937 -787 156 -329 -112 399 1014 -602 4 -459 134 -593 ]
[-1099 -692 -286 -609 394 -911 824 -417 -1808 158 207 -118 -516 -19 -151 479 -729 365 862 212 -389 695 1251 -356 1185 369 -369 456 388 -759 -1271 371 -601 224 -484 842 902 -162 -149 -368 374 946 334 -221 -685 -203 573 254 -575 608 -274 -1264 597 860 -1 798 309 739 438 -272 -249 232 95 1001 493 -147 -34 -172 170 -206 446 251 -424 116 -1939 -191 241 440 -223 55 439 -789 689 -110 -199 385 -94 15 93 -950 356 444 -210 563 -603 -87 -1140 -296 -820 -187 -327 213 215 -592 627 338 -2 813 150 152 44 147 910 -5 -466 -1182 -51 1431 391 804 380 -466 156 -72 1103 446 -107 462 77 -882 ]
[217 778 774 -46 1049 -28 -34 450 1133 -416 407 280 -541 -25 338 159 -185 -710 115 -659 321 678 248 972 576 617 -421 -548 -341 805 590 39 -503 -140 27 690 427 -125 439 -173 1024 250 764 -369 72 99 -317 724 -109 224 -397 325 -702 751 -279 -779 -379 -317 1611 744 -292 184 -1118 1080 282 164 -844 -85 1275 -698 -1462 -428 -78 -83 -281 -21 -133 -453 -372 -213 308 -688 385 -402 -314 -35 -821 972 -343 -386 -131 -993 -108 450 -215 686 460 -88 -640 -165 -871 411 157 501 473 -748 13 62 -231 -568 -240 -50 -17 -137 812 432 577 339 -217 -443 143 -768 149 16 252 -1133 450 -1238 519 -656 ]
[-45 -433 817 782 -776 1135 -114 -546 312 -442 -1033 -165 235 247 931 183 103 -99 -181 -719 -157 -988 505 -528 867 517 -1652 1111 738 -906 6 58 -544 452 225 196 -87 -546 -161 1150 -190 -581 1257 461 -937 368 -421 -1042 -232 916 881 783 -1025 -54 320 -1096 -254 -1186 487 100 261 -893 798 164 121 880 142 350 211 -891 940 183 -1213 811 -556 390 -957 -390 100 801 142 -809 422 498 302 -109 1272 1428 -93 -836 -427 -812 990 751 -54 -654 886 79 -135 -290 -776 -868 -875 -432 550 -933 -741 93 -260 344 937 215 -425 1049 -420 871 -644 -178 -286 951 460 -1426 262 -733 312 839 -279 -1085 370 325 ]
[144 -824 -35 1141 839 92 -91 -181 15 -187 -960 -15 296 -526 322 -271 247 -53 -735 458 141 -1033 151 78 -316 -348 -74 463 -15 59 -501 -195 -94 -539 549 718 -452 -709 338 -91 360 -426 36 -1350 1260 626 217 -510 -102 -52 297 662 225 -332 343 -195 121 -520 -466 373 172 235 664 -980 40 471 38 -1007 -410 -620 682 -397 -82 386 -208 -430 -920 403 -1039 1019 395 717 -185 -220 1562 896 297 -165 -272 350 2 -84 -879 1013 -171 -707 208 140 -100 -11 27 -442 238 -13 210 1045 -419 574 806 239 336 -1272 -9 -98 -314 233 -229 -861 1179 -739 -171 -672 -767 385 -248 1826 -443 912 -560 228 ]
[561 694 -846 -712 615 -15 -714 951 449 865 -35 1352 -1299 -26 333 -598 288 -862 400 -104 147 -392 40 338 -1052 96 794 -368 -708 1015 -452 -247 738 -37 -153 166 -806 326 132 179 1509 519 -470 -346 435 -712 149 -85 -806 -482 -647 753 4 -1383 -434 423 340 -61 -279 658 279 155 -775 -227 1109 -614 -328 11 -546 51 -169 -493 689 -486 35 -72 655 868 498 931 595 91 1071 722 -781 -45 -496 -104 -413 -160 -600 -740 -421 -17 -431 -241 -106 -946 660 904 -353 -494 -370 341 -951 -573 -41 -397 -781 307 401 -498 -1071 28 566 324 -151 -347 319 -293 -529 977 -309 1514 -1011 -1145 787 371 -980 -179 ]
[-413 798 631 619 -7 1035 -99 -540 800 624 -330 -143 284 -1126 1144 -185 447 -779 -195 832 630 -235 321 -80 -638 -794 -503 75 247 1206 1589 39 429 -392 -49 495 -672 -501 -233 1266 801 -119 379 -211 -98 1186 -285 671 556 796 -139 31 16 -1327 233 274 -837 657 175 201 318 183 -856 773 -1303 1483 117 -336 542 -548 59 -537 359 -1028 378 -808 -271 396 159 599 -389 -64 321 -913 418 197 77 891 -921 -521 -926 -1367 45 386 -825 -711 524 -342 116 136 462 -846 126 906 -1 -566 -1064 -813 -401 -248 299 -152 -1657 23 539 786 -204 -824 -42 -291 807 248 -386 144 -846 -797 -43 11 -270 760 ]
[-730 796 -871 62 779 446 440 -345 18 -397 -117 -1387 662 -380 -643 -313 105 418 -1665 -901 -260 351 300 -1010 -264 324 -916 116 514 270 250 12 1740 -550 -853 637 -1056 1007 978 282 -418 -955 -763 -60 501 1326 946 650 598 -516 835 -311 693 -699 -991 46 1173 -265 333 348 -843 1374 -699 46 -1256 257 634 -185 475 973 -293 454 690 -1048 399 -470 -567 351 -761 116 -1042 -86 413 -1185 1109 -397 -785 252 -162 -278 -1101 766 -547 87 281 -409 -231 295 549 -214 -544 275 -253 230 823 -46 -396 -104 -213 337 673 447 211 -491 -296 -396 273 528 463 93 -1122 813 352 -1282 -880 164 132 0 361 -923 ]
[1532 -278 -178 -170 705 1000 -496 1049 555 -694 280 -1112 -182 110 1049 49 -266 462 20 1249 479 -178 -60 -245 278 217 1350 -384 551 992 606 150 1289 670 -1063 -2068 1210 1036 -833 345 -814 310 -756 927 -236 592 -317 -449 161 71 -377 -478 -616 -19 454 122 -429 -379 1238 -1643 -782 178 167 591 -1033 797 77 -683 -810 1410 1124 566 736 95 297 644 -207 -366 968 -355 -1027 860 321 -145 -382 -1513 -860 593 -79 162 174 87 -167 -410 -28 -33 740 935 266 -1395 -374 177 -727 -915 -185 187 -871 -692 -384 -126 -276 811 -470 1406 -256 46 59 -322 299 -608 -48 -610 36 241 -464 -1878 -139 -49 -143 -827 ]
[-862 -79 197 815 -927 -810 1067 -801 -197 926 128 -323 -194 -629 805 -482 119 -107 -942 -808 -971 -355 422 -843 -693 -154 -531 618 342 -929 278 -161 869 -922 -556 763 -471 -646 200 -455 786 -239 -39 -732 1104 -64 1286 80 -271 -5 1301 -68 685 -364 -547 -429 49 445 -841 732 -330 635 218 737 -863 517 852 -275 -66 -440 644 -327 -300 -275 657 -321 337 325 -679 141 61 -283 420 -795 1344 738 -478 -190 -62 7 -42 830 251 163 -878 594 -18 163 -185 -757 222 101 82 321 1116 840 173 -960 318 -46 266 -361 236 291 376 266 56 -74 -9 722 118 817 -466 522 455 1064 -178 464 -720 709 ]
[1193 74 -471 398 912 301 -478 338 790 341 687 135 -719 -211 900 -351 533 -170 700 -277 462 -1592 -1205 581 74 -948 961 -233 -996 520 260 132 -1196 -985 132 -403 1267 -612 -84 -272 140 1078 -905 -198 345 -685 -19 -161 148 -122 -780 458 -694 -300 363 224 304 439 1296 402 189 -108 -152 -29 872 112 -141 -166 19 -454 -462 -839 -15 -568 1193 587 327 1355 305 30 238 -1138 150 31 -110 -146 789 170 -1272 -1204 -293 -404 -934 -142 1033 717 606 -808 272 -976 797 -1050 -644 241 -975 -522 945 -851 1413 583 434 303 112 679 296 -2 -655 -858 1023 -247 -5 118 361 304 -480 -1214 747 -473 616 -5 ]
[1126 -31 37 163 -299 393 -397 -830 -608 -572 86 -338 102 -632 538 586 320 -1028 -651 669 -1078 -145 780 -738 -368 -263 449 1108 -6 -198 -499 -900 1110 -586 -1045 1566 -554 352 98 321 -351 -726 -1138 -604 -529 1041 -159 -24 -66 918 243 -402 -63 -325 -285 72 -480 208 -476 1230 -958 -387 -601 102 -1379 466 1856 613 -89 487 1072 41 606 -899 -422 -38 -404 62 808 -25 -1007 798 782 -590 -404 -931 773 393 -244 -130 -521 485 1207 -13 40 -1168 144 -179 867 -340 -419 -26 -4 -381 235 -577 -458 -847 -485 -75 -408 -20 -1475 -178 529 124 -37 -303 989 229 -103 1275 -18 -22 -668 -74 718 206 -1173 303 ]
[244 119 761 -589 385 -122 -179 188 731 410 -362 786 280 843 -532 866 94 -449 -150 -1089 -717 -373 400 -126 -95 -165 -177 -570 -1194 -185 773 -247 161 741 78 -640 759 49 -728 194 807 825 207 867 307 -175 -1289 507 -1023 -578 144 864 -861 58 538 -264 -1264 295 228 -1177 -175 -240 408 -663 434 -261 -385 701 -885 611 -438 127 -817 145 840 -920 1260 -285 945 61 140 841 135 -44 -1335 -144 -162 627 626 582 312 531 501 -114 -605 -74 -605 -413 151 -366 -94 696 -781 458 56 -391 380 502 -254 -342 -306 204 -1406 -409 -138 -143 -141 -334 -321 -1292 -190 1519 -234 879 -323 -1382 223 52 -402 1393 ]
[-124 458 -191 666 252 -391 -574 -431 120 -593 -103 -483 188 131 -785 -41 831 -306 -459 -941 806 -236 113 -794 -793 -541 -1598 -607 1328 -87 322 364 -460 -343 -188 652 -1061 714 856 74 285 -94 -58 1047 847 799 286 184 -687 -950 1931 707 383 -317 -751 540 728 -74 -1406 143 252 148 -256 847 -314 -74 -257 -938 -119 270 496 -278 1337 -666 861 -79 829 1310 206 363 -358 462 -712 -767 623 242 587 778 728 -295 -774 1509 -960 -322 -78 207 -1400 -445 285 -96 749 -875 -837 -545 -179 -507 549 240 1380 1122 968 -455 -528 -738 -259 136 126 -825 -644 -214 125 -160 889 -373 -520 1230 -15 1087 -444 781 ]
[1112 -385 471 287 -24 52 -241 564 -15 -636 -767 -196 -194 356 -1176 1111 -95 -145 -947 213 60 203 84 887 390 1057 -538 443 64 211 -868 -246 -271 617 486 1213 -1014 968 -145 -261 -1088 -264 -285 389 -348 96 -33 -659 782 -491 892 115 -11 -5 -76 184 610 -1785 -652 -43 20 -573 -164 -350 -809 -898 129 -1210 367 893 -374 502 581 146 -703 814 -317 -348 -188 -285 84 947 -476 -511 696 -136 -435 -97 751 440 -93 186 163 -390 390 -267 -45 -90 643 104 -863 -405 15 -785 765 -282 -365 693 -29 232 -1248 -390 -185 -496 -1187 -363 424 201 875 -1027 -1172 -73 -166 -777 1000 -181 308 -255 -900 -1112 ]
[-644 -104 294 -134 -309 659 0 1111 1083 986 -888 256 141 -673 998 -500 652 -1040 -891 669 -195 -40 276 -499 -745 74 -165 1837 273 63 192 -634 716 -1091 606 1209 -1522 369 507 722 248 414 116 -235 618 -268 -258 -1038 -1070 -23 697 654 -259 -1420 -87 267 -726 -305 -284 353 588 -234 -586 -625 -993 -1019 14 41 -35 1103 1049 660 -344 -511 -763 374 674 519 -603 -106 -993 232 739 -636 796 1 523 -951 152 -1169 1 -506 219 70 -974 204 69 -1024 860 733 385 -1231 -495 351 173 -183 691 -1276 67 -645 -839 -1028 -1027 135 -114 53 -300 -1322 260 -521 -156 1313 -596 -12 -386 346 995 -962 -724 819 ]
[411 416 -473 -699 1046 303 -345 799 195 648 423 -438 -23 -434 351 -1560 506 862 -560 -229 62 -211 -848 597 -30 736 2130 -41 665 719 -164 -385 1688 -528 -621 -1233 -846 440 586 459 586 -775 -471 -347 776 284 267 -745 -312 -489 -411 -706 -770 1123 -1664 -850 -311 212 526 761 452 162 -753 -484 -12 51 -454 -78 -79 -233 -440 100 98 -261 86 322 -247 -40 -219 -109 50 728 -167 -504 -892 913 -145 -600 -913 -54 -84 -662 372 -790 -459 89 351 157 794 -107 -741 -628 -506 505 480 420 -1223 -690 -630 300 485 -297 978 441 1348 860 10 -79 734 -628 -978 -419 -873 525 -1173 -484 -94 -320 270 286 ]
[105 76 95 609 14 -606 -114 413 -1253 1163 -884 363 -1247 -690 901 -345 128 -928 594 1224 424 -215 525 -193 551 -1155 694 1431 -618 -510 245 236 -368 -153 -550 921 247 -1348 -314 431 340 662 -674 -772 -561 490 146 364 -157 495 -439 -568 201 -702 94 353 -1110 -128 372 433 744 92 -271 -441 -541 -490 -556 -394 413 -474 522 -396 -44 662 -769 -619 62 822 -790 -633 -203 -854 579 31 657 -159 853 322 -1323 -810 164 -789 402 -293 858 104 -406 -817 -958 -867 346 -1095 -538 -483 -847 -44 -357 119 101 165 -46 -949 414 202 505 337 -849 -139 244 626 783 -68 -577 111 1331 330 315 -665 239 286 ]
[868 51 776 1031 320 281 -446 -366 -112 154 103 -580 49 -1027 -327 -161 746 -695 -820 44 -356 110 475 -711 55 481 1018 671 667 408 154 -142 644 -268 -710 -154 -617 1230 51 860 -213 -64 -637 329 367 561 -1312 -818 -552 532 479 -94 -689 629 -678 -209 -1512 -190 1371 623 -3 -247 -282 826 -159 849 312 -192 99 -298 117 -439 -445 843 253 487 94 -155 518 -432 45 1238 101 -104 -1728 253 -69 1318 549 936 229 179 832 70 -477 -441 832 455 1360 -490 -420 26 -397 -970 784 -27 -1175 -732 -521 474 300 777 -1298 974 877 602 -38 -160 -529 -1349 202 -84 484 862 21 -788 440 -377 -38 494 ]
[-157 556 -267 -194 458 -56 -263 342 -1011 -49 172 -359 -23 240 -1206 -468 -535 -265 -846 -134 197 642 -297 231 491 -123 458 1170 267 -654 257 -868 77 -328 15 1027 -941 92 972 710 184 -437 -819 120 22 845 -223 363 524 -802 -656 -118 933 440 -181 -220 -355 -253 811 537 -434 -137 -42 -516 -499 80 350 -321 1029 -4 -794 360 -395 443 -160 95 383 386 -883 -260 -176 170 -678 746 402 573 407 -763 142 811 525 -511 538 -939 47 -1533 -697 1323 -188 -515 -627 255 1249 -156 -145 15 -168 679 -467 187 -65 -342 201 -428 11 -980 909 780 559 -954 452 0 -454 -520 259 320 114 -38 140 -154 ]
[793 88 -737 -417 488 317 -1336 195 -403 -209 -724 -508 -65 340 332 -543 235 -1190 574 283 -328 345 857 605 -681 828 711 392 -175 701 -917 187 18 -59 -294 -289 -31 617 504 313 95 -1275 451 -607 103 -343 -218 -1203 -883 367 -1305 314 -1123 747 -64 -394 207 -410 303 -10 797 253 314 -414 768 -8 -754 622 -717 185 1009 573 -899 1587 -1026 87 -918 -991 -362 133 285 -265 540 371 -606 118 -102 -312 278 -178 -505 -233 456 917 245 -1558 -646 208 197 826 83 -758 169 -140 -698 185 -1367 237 -724 74 715 -489 311 447 61 20 9 -197 299 -236 -344 -15 -845 605 -158 923 445 616 -69 -20 ]
[841 -75 659 396 137 606 -894 186 -53 465 -899 875 -979 -305 -200 84 161 -209 -236 1123 -258 172 -937 873 62 838 998 815 -630 554 -297 377 1157 297 747 -114 270 -366 19 -593 41 -395 -776 -952 440 1654 -350 1092 574 379 -365 -713 291 -504 590 272 -814 -1563 657 223 453 -194 275 -1132 -39 471 688 131 405 -565 -339 -626 -113 729 -402 176 -189 391 349 -90 201 960 294 -1140 -470 -410 237 -697 267 408 343 -933 1111 -472 731 61 164 -270 -583 -767 -788 262 247 143 -191 -855 233 1016 -987 189 -563 54 249 319 -547 1004 133 535 1016 -819 318 241 -238 631 167 384 496 -457 -397 502 ]
[609 -205 -361 462 454 534 -211 -151 412 -1187 -24 -601 -805 63 1275 -393 -341 309 -463 89 -223 -852 -505 442 -559 498 -333 178 617 351 -405 1157 -291 14 -222 -8 372 1355 306 -770 -583 -216 -42 -505 426 82 316 -755 -748 -354 -352 276 362 -444 210 -194 198 -189 1448 379 623 -37 738 725 -666 451 -30 1047 -596 1446 262 -917 921 758 495 30 -1470 -172 348 -789 349 254 529 422 27 -31 -50 39 337 870 -97 235 -497 484 1014 324 483 763 932 -1227 392 374 329 628 -451 586 -210 -705 -680 449 464 -676 68 514 493 114 386 288 -543 276 273 -449 394 114 -181 -206 22 195 290 -385 ]
[-870 -1201 -331 -226 -474 -470 345 -174 -1283 -60 -555 -709 -204 228 262 -172 -608 -806 -369 -70 -522 -100 795 120 -309 -277 -432 1045 -648 72 -437 674 50 123 -241 1202 827 155 61 -1388 -1231 -79 -616 -541 -1141 405 590 103 -140 1098 143 -260 795 -109 467 -32 594 -475 63 669 1266 1034 321 -239 -1104 -1113 146 817 -105 671 517 -196 788 704 -928 -458 -884 430 68 -1448 331 47 481 168 437 -28 -921 243 948 -218 10 820 530 -527 457 -8 -1126 -199 -694 -329 1309 247 -135 226 -968 274 478 858 514 -290 -609 60 1176 411 -1430 438 259 803 -258 877 -1197 1199 833 294 783 602 522 852 -950 404 ]
[-1325 394 -869 -520 -119 -171 -15 -607 -245 -127 -276 -442 584 456 -891 -261 -1053 812 -364 -1126 -612 445 285 457 -534 525 -580 -125 361 220 -315 -835 -1294 -151 76 21 -643 831 -1281 762 311 506 835 326 -485 -423 1360 -323 -354 -214 1368 599 815 -501 -156 -454 -195 -844 -437 -2 530 -472 22 1098 448 -919 -636 -474 244 389 -250 484 1626 846 103 -21 809 787 32 190 -723 236 898 291 -663 -426 2 83 667 -202 -336 298 202 -184 150 876 -771 -71 173 171 557 -65 -1092 -460 -838 -67 -312 294 121 -221 282 -685 -1452 -73 -764 12 1116 115 229 -519 -363 -305 -374 523 573 625 -287 -981 524 307 ]
[-566 -352 -382 375 1209 -178 479 -54 700 714 -1020 -257 -439 -730 309 -27 423 955 -161 -266 -657 -555 -703 -140 138 828 -8 1220 -765 -1035 -539 170 277 -1444 -358 350 -441 1010 -564 77 61 391 -1206 -630 920 433 268 -636 -1013 -905 -181 -643 62 -190 -764 -450 -275 -5 475 -109 -627 -93 -46 105 149 593 -654 -301 -175 -584 45 -175 -848 -148 191 -510 -577 155 34 -74 -420 252 577 -258 461 999 752 -328 -336 498 -116 1215 -50 333 -272 124 -770 136 883 -819 -314 199 384 -1302 976 -1069 -367 -155 -1130 706 -508 -891 356 -233 984 -592 885 -908 1842 -543 -743 1202 -619 78 -445 160 250 -297 808 -494 ]
[-787 -923 5 -1055 -646 -1304 914 464 -754 87 -50 663 -312 1172 -462 -356 -65 -538 -594 -976 119 -647 -429 -135 494 -202 34 719 -281 -683 184 -1621 -647 209 -227 984 778 -971 1536 -35 -468 -542 -903 293 -104 -218 727 -77 196 581 -315 1064 231 829 -93 -573 807 -421 -659 1904 -469 769 37 -1745 403 -1092 78 281 490 -1257 1173 -222 -949 854 445 321 -560 -26 -276 331 447 391 321 1386 204 624 152 -57 -141 883 640 -565 692 -534 -46 -392 124 697 272 125 46 221 346 444 62 411 936 1083 659 -628 -543 183 593 1096 -188 -282 1382 -42 -424 996 -822 -314 232 -299 450 1086 374 -555 -316 868 ]
[-1463 410 -164 -543 -108 681 -916 70 -832 732 -450 -955 261 869 157 -568 -262 363 -27 907 -291 753 -42 244 477 403 283 -86 -162 -433 -187 673 -543 667 -711 -1183 654 -247 744 362 -879 -699 -576 -276 -141 325 30 94 62 181 -749 906 654 6 293 -491 -153 -235 867 -526 -524 846 -578 -307 -370 -407 -457 862 349 -445 -209 240 -213 390 502 -1086 737 -438 543 -925 -1173 26 13 484 31 -132 -327 -798 135 89 -3 -624 316 -677 197 -1146 -290 234 514 621 1421 689 7 183 -328 -432 -151 868 -430 81 -800 -221 413 271 -441 -325 1014 -345 564 -771 203 676 -533 207 -292 539 -258 -957 837 -261 ]
[-467 689 -652 -478 897 -58 -316 1256 -314 260 -427 1195 -821 337 349 -421 181 -526 -221 418 360 227 399 -1152 -143 493 -160 344 606 5 -840 418 72 -374 86 1154 -427 -47 159 -567 1821 721 -11 -22 567 347 579 130 -792 273 49 574 248 -682 164 1106 -561 -50 106 750 -294 334 -914 11 538 -506 309 78 698 -45 1056 -146 -381 -237 -380 -354 1433 1225 -551 733 -608 66 1578 -545 -30 470 -362 -582 -187 -919 422 -719 -591 719 723 -35 -467 -491 207 -54 -245 446 132 52 14 101 1098 315 -531 108 -368 -505 48 680 896 -906 -119 150 306 -292 -705 333 -382 1008 14 552 1028 -197 -256 507 ]
[-463 -303 70 708 464 364 -641 -538 -1091 63 -799 -70 -189 -72 650 -590 -253 -702 -352 701 439 -654 222 -491 -98 -917 -69 538 -338 -42 375 83 716 155 637 320 -714 -1435 882 -209 -202 -1741 -317 -637 1059 628 -278 619 60 1000 -530 1291 201 -1094 854 -352 288 -491 -69 26 -500 1098 220 -1051 612 -85 1088 -216 -37 -861 860 -274 12 103 121 -1105 -487 -397 -500 403 -1277 -492 731 1095 1056 -79 -738 -146 -728 417 -562 -648 -216 688 -388 -1756 251 600 -91 96 -55 -19 157 255 -161 120 1205 555 738 -229 597 -847 -363 597 -919 33 161 -944 958 1289 776 -92 566 297 -1047 1113 259 540 143 -227 ]
[254 -141 689 540 351 204 558 -349 -64 -74 -345 -354 58 -1770 5 664 365 582 -560 1044 -120 -424 -144 -177 -21 -575 395 1201 -309 -648 -951 -793 -239 -670 -193 973 -504 773 -142 414 -699 546 -1202 -1005 439 1621 424 288 0 189 422 -564 165 -1490 -670 107 -585 523 338 68 -379 -50 -397 489 -1381 718 980 -547 -900 270 280 -375 203 -1362 528 -710 2 1337 287 769 -780 465 444 -600 345 -30 391 -475 220 -565 -276 -127 -1024 -328 -62 128 348 -1107 723 -951 305 -43 679 -610 506 25 15 -238 1020 509 -719 106 -1753 308 429 -323 -370 -211 1795 -789 -308 1345 -317 81 -887 -164 261 74 -107 734 ]
[-618 229 146 -284 483 -1046 878 860 -222 -1353 -1084 135 55 612 -660 -581 -460 1036 -48 -675 194 1088 351 -763 -649 -427 -492 -391 -488 49 -511 -267 661 -266 558 -211 -449 81 -648 -646 -74 -23 1029 413 59 -454 -187 466 -433 -104 -842 99 -741 -290 -997 -559 -570 -32 -782 -380 -190 364 -536 -197 368 -1093 -534 -325 211 585 -208 56 478 -96 -606 -411 -499 -1210 -336 -510 -475 -833 744 4 -683 151 -1540 612 1173 932 -374 -53 75 1382 -67 1457 -1194 89 -55 568 81 550 364 -804 -54 34 -697 446 371 -1228 -503 -133 581 259 -66 -1177 -80 -349 -415 294 -356 -37 -226 469 24 -1572 -56 -386 797 -507 ]
[148 -569 6 434 -307 161 83 -48 -23 -346 -835 -771 578 215 933 -247 -173 -421 -319 1216 -908 933 1491 879 -1097 -731 572 317 -353 326 290 -165 280 684 282 -358 140 -457 99 -1193 -1132 -1349 513 -594 161 642 -1167 1215 -425 1087 -464 169 -1223 292 529 2 171 555 1257 504 1132 703 787 791 -155 102 -547 289 -955 243 717 -48 275 272 -815 -342 -870 -804 -78 -356 -82 -103 -189 123 -649 -167 -1127 491 729 295 459 -761 539 1379 -360 134 132 -16 61 600 972 574 537 -513 50 -42 -822 -29 22 -803 -475 259 860 1422 -457 873 -774 -168 -470 -828 910 -259 -159 613 472 307 -712 169 -387 391 ]
[-204 -106 -539 -401 989 -639 -1207 -833 421 -528 15 839 -35 792 -1290 784 -510 470 30 -833 368 249 -707 89 250 -25 249 -1201 -855 -9 -21 171 -654 -5 905 -487 181 106 -289 -673 -355 -344 -328 -971 479 -280 -208 165 936 -1244 -576 429 652 1023 135 769 -75 -698 -765 -467 -524 441 147 -375 1028 180 -266 -94 29 44 -1214 -741 -629 -126 512 -416 401 -655 -80 557 386 697 -271 -9 -544 125 886 -244 323 1075 443 1159 -971 1029 -467 -306 -433 725 614 84 222 727 1054 -687 -352 413 977 1483 -79 372 -187 -292 501 -728 -68 -458 1258 368 244 -1493 -481 858 -195 382 311 824 -450 584 166 -552 ]
[403 -497 640 -596 -394 483 637 744 664 -642 39 -545 1321 1951 -529 1012 -385 212 -170 459 -901 106 1329 929 1013 266 -86 -198 -693 -184 -80 -412 -668 374 -93 204 278 -144 765 -538 -108 -471 385 693 -162 662 -801 218 -420 449 93 369 -948 -30 724 577 141 58 395 -525 -497 -753 -137 -56 313 -42 652 348 257 975 -231 1049 -410 264 -935 -708 83 -450 217 -24 144 583 152 -898 -365 -336 -1140 330 333 -388 607 -486 497 429 31 -279 -895 281 -260 158 -935 728 304 -269 801 -718 307 389 -696 -295 -1128 -212 -631 -894 -857 -257 994 -189 1190 -1438 -5 -48 770 -877 -267 -1048 502 -335 -1225 -518 ]
[-490 196 799 213 410 -247 -96 124 641 -184 162 336 -120 -478 -921 551 461 -912 -143 730 53 209 26 1168 -745 -329 -498 -110 -227 864 1323 456 -475 -93 499 249 -132 774 1047 -56 -372 605 -68 -216 730 427 155 959 -78 -336 569 685 560 -240 452 207 -150 -410 190 1329 382 86 -278 -37 585 -631 -541 -214 99 340 -497 -441 -255 400 152 -1027 584 1124 321 139 420 1378 -1127 140 -169 -335 66 459 259 310 66 434 -658 -248 -183 -162 -644 -635 -217 248 -371 -319 95 -156 -21 -747 632 1130 1120 -158 337 276 -348 -1539 -851 344 1431 -124 -613 -1591 19 280 86 241 -791 630 386 675 -140 -64 ]
[-545 94 74 -648 150 -203 1503 263 -313 806 697 -466 -443 1098 208 785 1002 -836 491 -116 252 -234 216 -1118 -146 -454 -22 -545 379 623 734 441 420 278 -79 -959 1011 -536 83 785 -303 367 742 646 -739 -340 -630 -557 320 -72 -332 1418 297 183 468 304 -856 582 716 894 423 -427 -186 211 -251 -443 -363 59 -29 485 420 284 -721 1320 -774 -480 -55 -52 -398 -190 540 -382 -458 1083 -358 -216 -1116 610 254 571 154 -948 -119 -284 -589 -437 -77 278 122 -141 72 512 -607 246 57 526 -679 118 510 -58 -39 935 59 86 -649 -48 -1402 308 -1009 181 75 -1347 240 -188 -419 -45 434 -100 -163 -354 ]
[150 -233 21 163 511 -396 1723 -80 454 -671 471 -393 485 -652 -743 492 1782 368 -434 377 1231 -670 -698 -726 587 -280 710 270 -1022 573 171 -362 733 -466 676 -123 -359 420 580 100 -1076 -977 -924 28 -650 119 -306 -1135 1038 134 -1135 -796 -340 845 -59 379 -267 895 -349 536 -212 9 -10 -368 -245 1092 448 -488 -874 -834 -990 -131 -1077 688 -683 -140 -972 -196 161 356 930 408 -232 142 -270 -220 796 569 -96 -668 124 350 -749 -59 -465 478 762 -197 361 -975 -297 47 208 -21 580 -104 263 -1001 379 -191 -318 1551 789 -13 629 -546 -205 -258 924 -905 -587 -366 21 -578 -1555 -494 1071 594 477 -588 ]
[591 418 -955 20 -419 -55 -535 1036 150 -21 -143 50 -296 644 212 -672 -960 688 284 -121 146 527 -228 546 -147 100 1425 364 694 -774 -454 215 987 -322 -712 -428 635 177 -659 -604 1008 -33 -520 368 560 355 546 86 -862 -484 62 -405 -442 -528 -233 -435 256 236 330 -352 -459 436 714 292 -504 472 757 -44 493 1012 75 -200 1208 -349 669 -18 933 635 -750 -634 -519 -565 1773 -465 -5 409 -458 136 -102 -191 597 448 342 1178 94 1232 -758 712 -615 276 448 112 -172 -655 565 592 1140 -887 -1003 602 72 -965 -59 631 642 -133 596 340 623 -165 570 -263 -9 763 981 -264 -745 -427 -338 -8 ]
[-828 -69 691 -330 -264 -452 -149 648 -179 -962 -879 172 266 390 -420 -295 -760 293 518 232 143 1097 936 1084 460 -496 42 62 -115 -449 -33 104 -897 529 297 -499 -88 534 810 789 -181 353 1047 -424 493 -211 -114 505 -282 -198 88 -421 364 190 647 83 -334 -110 465 -780 376 573 559 952 1059 -1060 -1280 609 161 674 -288 95 645 751 -607 -920 634 -313 153 -260 333 158 -615 -553 30 -535 -821 655 929 -560 314 339 -80 217 423 993 -580 -680 -560 186 -937 211 -435 -3 -612 -872 254 1316 456 -624 187 497 -217 -801 -809 -312 373 -109 -230 -1110 709 -884 165 -306 1165 -546 -1047 -301 599 -279 ]
[-529 703 -118 -67 645 532 -170 217 595 -674 890 -266 -31 613 192 -103 324 -1012 -10 225 -135 -395 808 214 -636 48 -735 -1299 -312 1215 472 759 405 882 566 -1065 294 94 359 -485 -152 -470 1307 139 86 311 -947 183 -126 23 -355 737 -555 400 875 653 -121 156 997 658 330 435 109 -155 234 -160 -814 370 -683 251 -1155 -87 -990 272 -92 -622 -729 -760 113 408 114 -457 -210 639 -90 -412 -605 746 -91 416 -60 -487 -290 255 -644 31 -201 -565 455 810 712 197 -458 513 -277 -467 157 583 -10 26 56 117 585 -305 -852 396 294 337 -159 -17 -767 -196 266 -420 -962 -630 539 338 572 -270 ]
[616 -72 -68 -604 -627 -35 -256 1005 871 -71 556 -898 1381 -309 -711 -171 293 841 -318 618 219 746 629 773 -326 192 -219 127 -250 315 -314 -478 -366 412 22 -161 -683 351 82 -68 -667 766 365 195 -669 -696 -1446 340 -394 -453 244 -488 -273 848 324 52 908 -37 -34 -285 1246 -723 -205 293 -154 -227 -682 245 102 746 -628 158 299 350 -278 165 593 482 462 92 519 584 -2079 -553 167 16 576 151 429 271 591 -92 764 -1177 691 418 202 -501 -449 610 96 -688 -412 -213 -784 -1013 -155 -596 -409 685 -271 262 -66 -235 536 -141 -536 138 -965 -1030 107 -809 -837 -931 582 357 -160 47 -137 1399 ]
[-140 423 -193 137 1074 -813 706 63 -51 887 94 -228 9 233 -92 615 1108 -411 555 620 75 337 206 1169 -155 -578 968 39 -1161 456 663 635 -861 -1218 83 -384 301 683 21 462 35 1907 -967 132 713 -290 -446 -1582 -87 -690 -264 -185 1071 -382 464 336 -145 371 1442 191 406 135 -547 532 58 -549 -930 108 270 496 -1194 -130 540 284 -355 -948 745 -76 -871 -769 -552 182 -739 -239 1274 210 -1062 -349 300 -301 -201 1461 -1360 -153 -738 60 -1101 -282 -331 580 168 155 -412 -359 -193 -160 -89 1152 861 435 -549 167 -385 -1636 -686 -637 -157 -511 552 -1653 464 836 324 -228 -164 -314 270 378 358 -1024 ]
[-459 -205 902 -497 -1155 -14 -292 213 -688 217 -46 219 292 977 363 -1 -458 -743 -237 190 407 754 1038 679 1069 200 359 -199 -552 -102 562 -581 -672 716 275 -568 655 -510 -861 280 -26 183 132 346 -956 734 -191 168 918 400 56 -174 -415 1248 264 149 -143 -381 -682 -1401 -593 -159 189 -458 227 413 -997 -275 233 -739 -247 114 -493 403 -1092 -590 -30 -1088 -689 458 168 388 -663 442 1021 494 -202 437 -748 -289 200 -269 412 240 -726 -703 -1491 172 -471 497 584 -629 265 -781 617 151 -221 1824 -71 208 -663 -416 376 -252 -254 -342 244 75 -447 -505 -364 244 -340 -381 1775 220 -446 -140 -880 -281 ]
[509 -246 -454 517 -414 -691 189 131 102 -892 -107 257 -921 -544 1007 -247 -412 3 448 -56 567 -160 767 541 -824 -962 -155 -181 624 -138 134 -340 455 444 -77 798 816 295 -116 -950 690 97 299 -270 12 253 1001 451 600 -381 33 -1246 351 -249 78 560 957 174 -594 653 -187 811 1416 1004 -603 -298 -906 -112 -821 929 21 -744 354 -424 -198 -18 371 777 328 409 1098 709 -699 -62 475 902 1122 -114 -334 -121 145 320 344 -349 372 503 188 606 -1753 -676 -442 143 1355 -214 -938 788 102 984 -353 -211 676 75 1402 26 -52 306 670 1016 -916 1417 -48 -205 -714 228 805 347 -1497 1168 331 -127 ]
[560 -286 663 175 623 93 -1059 -201 -681 -106 -837 460 1123 497 -1557 77 470 499 208 12 639 -69 -1139 87 87 -730 671 -1035 -545 374 504 539 -481 64 664 -691 -205 -439 73 400 -945 31 -748 190 728 355 -1110 519 119 26 -381 811 -92 269 393 123 -1092 -88 -209 -1083 405 18 -678 -755 24 -144 279 -182 975 272 -113 -263 559 337 1117 -883 -129 -267 -35 -655 -211 330 341 235 -388 -196 -596 91 472 1132 585 85 -886 755 -223 70 -339 -123 488 848 -37 31 -856 127 -524 479 -165 371 484 -36 -495 -478 -785 -291 -217 84 541 -1038 180 -1473 77 -991 -83 182 -288 -336 -291 441 137 442 ]
[-302 93 -738 -137 -190 -139 429 -598 755 -288 -666 -90 279 964 560 -369 76 3 -972 -1395 187 -1167 -617 -29 33 414 -1149 475 -636 165 168 -81 -444 -251 39 365 -441 592 779 -883 107 -414 -557 -379 -1150 -61 42 -172 -680 -358 525 1299 124 -117 -136 -611 896 -638 -477 1063 -953 -211 -605 -410 -463 762 460 378 100 -267 -486 -360 523 -158 1007 -538 -39 354 16 552 84 -160 -651 1236 353 -243 41 190 -184 1240 -206 -54 509 -731 395 -880 -119 553 128 -741 -129 -1053 -62 -175 489 -416 510 -306 -649 580 -663 149 252 189 646 100 1484 59 -102 557 105 198 -186 -611 -1070 593 161 -139 -660 -281 ]
[-113 -87 1159 330 137 255 239 621 -328 -342 -424 -139 752 1060 -1091 614 -511 -344 264 916 -350 328 -413 778 792 384 694 921 -399 -512 281 841 -436 54 -37 1303 837 -394 -33 487 104 -104 -701 -120 -8 1121 -304 465 -213 631 419 -463 -152 -177 851 443 -412 395 332 637 -947 122 -199 -1025 -656 -88 1473 114 1831 634 738 426 -1088 251 -617 -743 321 -595 -1290 -1431 -883 417 518 -901 -269 367 -1175 -145 -278 574 793 -261 465 556 733 -635 -1126 -273 -557 337 22 824 -237 220 770 127 903 -20 -509 -370 -383 -340 -472 -437 -944 90 -349 -740 1045 -342 581 -227 286 -326 1195 1309 197 -804 -462 -1049 ]
[995 -548 231 38 -123 -706 -666 -277 534 -228 -280 746 294 -911 43 -34 461 129 525 -287 1166 -535 -729 -87 -577 -115 434 -809 1225 -239 510 1112 -652 -1190 -119 -374 146 382 -156 616 31 707 360 562 -54 -499 -295 -727 -724 -707 17 -224 355 426 -500 88 -75 1100 -236 -1834 420 50 75 1416 578 735 -358 59 -306 630 620 -60 273 369 273 -232 521 -533 -109 317 679 -225 -31 635 -233 -354 615 494 -282 -37 765 1964 -974 583 -434 674 -376 -504 701 -106 203 -1085 -265 644 253 1063 319 -1652 551 453 58 -159 -1030 -361 1719 120 -430 -227 -1057 1555 712 -639 333 -128 -150 347 -805 1251 -33 654 ]
[-620 -103 30 -989 -413 1326 -416 378 431 793 -274 -643 876 811 -132 -226 -542 -510 -341 664 -1272 309 1041 -165 -262 1011 16 900 -158 835 -733 -35 405 -27 106 462 -901 112 677 -270 -313 -1069 306 461 -595 -522 -215 -90 -631 264 170 1056 -96 -700 262 -37 -39 714 -296 1078 -319 -550 -431 -372 37 -756 1346 596 -220 670 965 1543 962 -105 60 -84 -113 15 -44 401 -658 178 148 842 -706 -981 -921 -596 135 -69 -492 -1007 961 329 -689 -1322 665 -132 1201 1215 -745 -982 -92 346 701 -247 367 -111 -375 -750 41 -146 -759 191 -60 -45 370 -270 -469 -1058 184 189 -132 421 -576 -438 779 -816 -1690 381 ]
[-508 357 -518 304 758 -17 732 338 1922 -519 -306 322 519 673 -431 1136 -98 805 -235 1193 341 132 -497 -343 -84 -20 334 229 -12 -151 -431 -623 398 -1161 85 -57 -637 198 -674 1252 677 342 -457 395 -495 181 -281 -30 -599 -207 -689 -521 -46 -837 -852 836 476 470 -69 -1247 639 -1534 102 -247 233 929 239 -1319 536 1026 181 560 136 -229 -668 518 -774 -1062 -1410 764 16 -718 556 -947 286 -76 -689 388 -13 135 150 -169 -821 1468 37 897 209 -154 502 0 -1160 741 299 -290 842 121 -727 -1475 -754 -461 -420 -842 -1062 -301 356 109 -1546 -768 781 -680 300 -1342 -620 -691 473 -226 127 -513 289 -949 ]
[-630 656 -998 -591 -512 414 -392 140 439 171 779 1039 -648 14 -38 -215 -84 43 -196 -613 -372 -215 -918 -1318 901 1025 -695 -161 -456 3 51 44 -751 -297 41 224 188 -228 52 -413 684 963 -1729 291 -591 -155 1901 -564 1226 -116 -103 69 1046 -102 202 224 -34 26 -716 -125 84 -368 -1145 -672 -246 -226 567 767 581 -1060 235 -963 14 -147 1097 351 252 1388 408 499 379 274 1169 924 834 -531 1264 -1048 -1979 -1428 528 329 -313 -277 -206 -496 -427 448 449 182 751 -508 -127 562 -998 -1224 1011 -496 -47 -227 -554 192 357 714 512 -377 1107 -540 110 53 -835 733 -213 -97 -987 -781 1195 -509 8 26 ]
[-455 979 -708 422 -292 471 -246 -977 994 166 563 -877 -278 -300 1136 133 -244 119 -186 484 -633 713 -312 63 557 609 -186 -533 1154 489 1316 715 32 -464 -198 -977 32 -73 -923 -568 10 809 434 117 -169 -64 -92 -262 -53 171 530 -694 183 785 -53 -106 287 892 -90 -113 -54 -256 -1078 278 -1009 317 -200 759 592 275 236 -767 362 -1271 185 -173 176 -47 -580 -318 -593 -397 -904 -51 10 407 -361 -613 -1654 -231 512 464 -176 461 257 78 -554 89 -45 1213 1059 -291 -911 74 564 -472 -190 -296 627 -174 -514 922 297 -130 -446 1124 -800 -363 -784 334 1114 166 416 -1035 -909 -93 -103 -467 139 -563 ]
[198 -1326 94 -702 1264 171 -891 -304 44 240 -420 311 781 1604 -1610 167 322 -218 -220 -807 705 -496 -26 288 -34 158 -114 -1109 -156 403 609 230 -1480 -706 394 -225 -237 444 283 206 -755 -335 -112 478 -767 35 -927 -343 688 -92 440 626 456 -197 -325 311 945 -1044 -1020 -429 699 -640 -746 -466 1493 392 112 -1141 739 -1010 -742 218 -183 495 1022 382 -407 -181 171 774 434 915 -948 8 -1089 956 -33 947 596 351 -216 20 -608 -89 189 -1096 540 -23 813 179 -260 -406 -622 -536 114 302 545 776 1245 1007 -13 -511 -654 -1245 -194 -401 875 -75 -1297 -895 -950 -301 1014 -6 -541 856 860 418 145 10 ]
[214 -549 -181 730 314 467 165 -254 -108 -85 775 190 -646 -300 896 -266 -328 -743 -603 161 -395 259 678 516 -370 -1072 700 -72 386 -324 501 -140 -308 -189 -762 214 1167 -877 -904 -386 -294 353 -21 -272 -261 197 -78 44 25 1005 795 -858 -978 -152 -639 599 -75 246 1164 94 -202 477 620 456 724 861 413 -370 231 -1355 -146 -810 -869 -1116 721 527 86 328 -126 75 41 98 -75 -174 -258 940 -33 1319 373 -1183 295 341 -208 603 15 -58 1135 154 -34 66 793 1684 120 -428 279 379 354 -120 1353 -193 -320 493 -364 786 471 438 -80 -316 181 582 -896 800 1017 1503 -33 -174 -1015 666 385 -284 ]
[73 93 477 261 -314 347 -701 -98 -910 -406 -241 847 -600 -1218 281 -103 216 -1709 -164 -14 -400 -381 587 -646 -435 38 -389 1113 -112 258 -922 -654 -1386 396 1379 1597 201 -1210 505 172 -101 -1050 142 -581 -203 960 304 1736 579 757 -338 862 342 -605 941 931 -261 -256 270 50 -248 -76 154 633 -264 -293 586 589 422 -1023 189 -466 520 770 -768 309 552 405 662 297 28 -67 1644 100 203 -161 -156 402 -79 -1073 258 -1445 399 -107 -145 -185 57 -438 23 -801 405 -328 707 774 -589 -384 1299 780 326 -565 -818 143 -683 586 -352 708 -45 335 -301 637 -174 -670 -15 746 997 364 548 226 -454 316 ]
[427 746 -381 818 993 932 -688 688 1875 1045 -49 304 -299 -318 302 -228 606 -254 345 189 -12 190 -821 868 -534 893 -682 -290 -367 1244 854 640 698 -927 -134 329 142 -243 -658 11 1574 1245 111 -750 -27 -185 -101 -51 -663 -488 208 599 31 -1317 -425 -593 690 -868 1086 733 -97 -155 -744 -280 507 650 134 -622 1502 664 393 -188 75 -871 754 891 -398 666 -1403 392 152 -716 46 51 445 11 -1098 -153 -799 69 -415 -736 -266 482 665 373 830 -611 -558 774 -382 -239 -361 658 379 410 171 -1105 -423 120 357 -44 -1208 408 560 832 -1068 -372 -625 226 206 -206 767 173 -390 -353 185 -219 -379 -22 ]
[-157 374 -453 -7 320 -164 588 -524 -288 338 1071 -420 523 2 180 -104 -798 676 -100 569 -145 366 -1091 893 -920 -737 804 -185 141 -128 1434 705 -1610 -964 548 266 89 -624 591 -326 186 88 -66 -427 86 787 361 612 474 -598 156 -135 2349 8 578 307 352 1493 21 838 968 -805 -624 106 -951 247 1011 447 491 -62 -1227 -613 1608 -409 899 -488 813 287 -256 -147 -77 430 -1328 123 -109 585 -27 -631 -496 -276 996 -811 -812 -1117 -145 8 -723 993 -540 117 2161 1052 1558 873 -849 576 484 -361 1181 11 -806 -410 44 -1584 446 896 126 -48 -1313 68 1272 -615 347 127 -587 366 -8 712 626 378 ]
[-1328 -382 812 -845 752 51 1214 364 638 490 718 -527 382 522 -306 130 -918 1012 -521 -10 -845 1074 348 1491 -464 1292 -892 -455 -253 356 228 -907 -103 -153 -95 -440 772 1439 -450 197 282 569 984 -192 546 -325 371 -264 -483 -84 230 -631 18 -220 453 -240 1129 -126 466 365 -467 -248 -153 565 234 -114 -543 -433 -246 851 -968 606 -1195 -299 253 -134 -40 -341 -253 -53 360 -243 -222 -846 -954 319 -1021 -1110 -80 118 355 -1066 159 -224 -415 1111 647 435 -76 88 -110 1189 1053 30 1095 788 -627 -119 -1098 -1102 -843 308 453 -637 -328 -538 348 625 -569 -466 -336 93 -530 9 -738 -728 737 -924 424 -585 ]
[280 -556 45 -497 456 82 509 201 1058 -265 1127 -324 444 -93 -49 -500 490 -639 -323 -686 59 738 204 124 -203 51 -332 54 514 997 1011 -796 -549 -113 79 56 -213 295 1142 -380 29 414 -135 164 61 6 -537 -535 294 -250 25 313 462 1173 -563 -81 147 115 578 672 96 326 -562 876 213 971 342 -107 526 -1302 -546 -145 481 -428 80 1046 -885 -975 -7 -75 840 787 -1696 202 125 694 -683 944 1090 43 409 54 129 106 -1891 -107 251 837 836 1112 633 -133 298 -50 833 -124 -175 368 1509 -332 -140 1605 486 -104 84 180 343 414 -2048 -887 -684 -291 702 -334 -356 -1052 -205 200 -525 -144 ]
[1132 -91 -895 224 878 102 -1455 518 -165 78 926 491 -691 -232 57 606 458 -1195 181 49 404 -452 508 -520 -148 19 222 -290 1699 369 275 1447 739 4 -367 -162 186 -280 1046 20 1205 959 -407 701 1151 -240 294 -976 45 -118 250 682 488 -194 79 662 -671 248 1008 -168 -480 582 213 11 223 336 269 -330 1139 202 1037 -424 -1112 318 742 776 1278 793 93 186 562 449 528 85 -12 -356 410 110 309 -503 -207 748 -544 -278 -796 -1614 -318 474 709 359 -1118 -214 -82 -251 -983 69 630 123 777 48 1169 196 -730 671 -1004 -306 225 550 89 -180 -368 -241 429 485 -298 378 -343 868 -361 228 ]
[-429 79 -212 -140 -748 651 -436 159 781 230 -901 473 195 -761 1147 -208 -58 -236 -378 1048 214 585 617 79 -1029 -131 477 1201 -350 -86 217 -333 1269 168 104 36 -1221 286 -58 306 -272 -432 147 -1111 -111 -37 -191 81 -500 258 31 -29 1 -763 -248 -354 183 -514 -739 -2 824 228 -72 -284 -195 295 343 233 -965 797 1033 -188 636 -513 -1423 113 -703 -399 -739 1263 -545 855 1 18 1189 -534 342 197 -205 -154 398 -315 40 760 309 562 511 -1041 215 914 451 -306 -649 -333 -265 -407 -184 -582 -1069 168 -1 -481 -125 334 755 506 -872 -619 -751 -78 626 112 -868 -349 445 1499 -158 203 83 -99 ]
[-190 -2 -914 79 717 -407 780 -652 -66 -872 -702 -236 60 61 36 40 482 352 -664 454 407 -1184 -40 13 -999 -803 -1 -42 378 104 214 -557 13 -562 415 620 -1947 555 442 -120 -31 -1402 -316 269 955 534 252 100 628 -840 -558 -148 796 -1207 -89 1576 1082 257 -1267 -469 563 -471 234 -57 -1177 279 474 -1018 -690 1518 -350 511 1342 -274 -489 -322 505 -353 278 491 -915 133 43 -979 311 597 315 -802 165 823 -453 -187 -612 507 -67 -515 -607 345 884 -474 -401 -361 648 -958 -295 607 -1189 -502 139 524 -66 -1081 -324 -854 -536 -491 238 15 792 -1000 -593 262 -1019 -715 -140 197 5 180 531 -381 ]
[-28 -236 -371 1212 356 646 140 -698 1013 30 358 -645 -229 -234 627 -283 -818 450 376 -78 -176 -466 -969 950 -532 -895 -1098 31 370 -152 470 8 -937 -387 -30 -145 818 754 -976 -120 706 1266 528 -73 -226 1290 96 -417 -533 -69 334 -924 129 -943 85 84 653 -164 841 -213 -324 -269 -25 1058 -192 1412 222 -777 210 107 -454 136 886 -1241 916 -49 -225 836 435 -97 -301 -1153 -487 -91 -816 175 399 -310 -232 -535 -167 651 700 -331 667 661 650 540 -367 -593 207 -543 -293 -909 1130 -42 247 -277 293 -302 570 1539 -222 214 -347 204 -255 440 390 619 128 619 804 50 -1044 -1015 -28 -596 406 -532 ]
[-485 404 -103 82 -863 647 -364 -1037 378 -350 -541 749 -39 277 642 757 10 631 788 800 93 -1327 -426 -1100 572 -792 447 629 -1114 -389 -676 -337 1383 378 1016 -669 249 -1363 -277 -1362 -981 -1992 -309 0 -996 122 -103 769 397 425 -808 488 -477 -589 18 -520 -610 -249 -695 740 41 -127 365 -1868 -288 -745 755 1324 -831 342 431 -421 669 -736 -188 -287 -305 10 679 103 -338 319 663 973 -536 -237 474 302 -1014 375 -502 -1146 55 191 488 464 1186 -818 -510 382 347 -612 13 -23 -630 -496 1320 908 -355 45 -142 -585 816 414 -21 1042 446 -158 517 323 536 209 287 -441 -461 -122 -712 -1131 -128 854 ]
[-240 -226 1277 -102 255 477 -78 -193 280 -125 168 674 84 707 -368 108 -370 2 -679 -965 256 102 -1197 745 275 526 -916 -872 1073 171 -627 -353 -1068 -92 -220 1421 -35 -93 -764 352 1085 295 1019 205 414 524 -53 1118 -309 65 1169 -219 -354 -59 -406 212 128 -89 -665 -15 -577 -280 663 1016 18 1058 -4 -905 250 552 254 138 1279 -971 106 324 440 19 -209 478 32 -697 -147 -645 -311 -33 278 -641 -156 772 472 -746 59 237 45 1133 -27 -570 579 -661 -920 -805 657 -6 1385 1231 -460 -568 -1172 -94 -1261 -1629 -1747 198 1038 150 -457 399 -505 777 -41 -1699 -303 -465 1460 900 -91 51 -98 -307 ]
[116 -19 -423 -1304 433 -30 1037 -170 266 -1246 132 -443 248 646 -692 743 -655 297 39 -981 -100 799 -451 -879 -215 473 -372 621 -146 362 139 350 -106 136 526 841 1023 963 -316 -214 -421 -339 458 553 -1247 78 548 542 709 312 -307 -649 -695 343 -648 23 -5 -140 106 -350 -590 -575 -338 129 -420 622 831 -293 892 648 45 406 -1034 180 -1597 219 -802 -1142 -1119 -108 -749 -661 1597 -474 -1754 -338 -178 722 585 325 232 -134 381 313 -144 -40 -1170 781 -645 266 2 673 336 -751 -61 -329 -660 371 -269 -473 167 709 357 309 -160 -485 221 562 36 899 -1258 -682 -61 -358 109 644 246 -559 471 -1622 ]
[369 -103 -267 172 595 -678 257 -1033 -1126 -64 560 -14 455 -566 -477 155 -126 166 -87 -202 372 -30 -276 780 83 233 -771 -709 -585 396 300 471 -1127 693 661 -163 -310 -185 389 -144 -666 -1030 969 -599 -531 79 -418 45 838 49 -305 -209 1412 1184 693 -658 849 -292 821 -245 462 423 -116 709 351 1193 193 -490 -365 -1331 -1538 -32 -12 859 -394 397 -146 -845 132 528 808 -894 -793 921 130 -384 -12 183 -16 55 250 -21 -20 -604 -256 -849 270 -394 -110 -658 1469 -357 753 1051 562 865 -222 -109 1230 565 -1 304 172 -943 97 -294 50 1885 -123 764 193 -27 875 -526 -253 -23 175 552 169 269 ]
[-604 485 -61 -238 -420 -155 139 218 -160 -967 -483 1065 242 498 -530 309 -359 -271 57 930 716 326 264 88 -269 -647 -673 545 -604 -339 -74 -143 -451 427 731 -512 -189 -1392 -43 55 -676 252 631 742 -433 -385 -41 255 74 365 177 -606 171 -585 661 177 148 674 -1097 177 108 262 35 -1392 496 -761 453 459 -216 -77 135 410 588 -548 163 -23 -227 -203 -214 32 -680 62 -481 -56 1204 -646 291 861 332 -956 -243 587 4 419 458 1194 216 -1337 -605 1302 -44 -304 -727 172 -355 -413 1494 1023 1148 -929 156 547 418 -974 -722 -277 -287 -3 -652 293 538 -443 -25 -146 206 570 -486 -161 620 216 ]
[629 -391 -292 -48 648 -280 171 118 -713 -483 153 -327 -796 -939 142 -6 767 -710 606 307 977 -1469 135 -2015 257 -21 66 376 451 1008 116 1825 442 29 291 -372 -581 -501 653 -52 301 -236 458 842 -442 -592 -950 -411 322 277 -872 555 617 763 624 1516 -1016 977 352 -147 -11 712 -736 1027 -416 181 22 -302 -35 19 1294 -147 -1168 309 -664 252 401 -103 347 -305 394 130 448 254 327 -393 -328 733 -330 -531 -434 103 -28 -620 -1484 -1341 -1068 365 345 -976 146 -572 105 466 -961 -723 -450 -462 1363 -331 615 1199 764 1117 4 -442 -39 180 184 1265 -283 -411 182 396 -936 -645 21 348 572 224 ]
[-1000 83 -127 143 260 -187 955 -55 -346 164 -306 -399 -57 -794 -605 -33 -841 -71 -338 -328 -213 1079 -8 95 -508 94 237 2065 -25 -375 -583 58 -528 -330 234 1658 -313 1145 -1083 798 264 703 352 -248 -621 585 1029 -310 -212 -42 423 -1168 -362 -32 -724 -511 -458 -47 548 646 304 754 236 753 -462 104 -86 -596 -75 484 -207 203 405 -453 -1162 -64 -53 418 -853 64 -785 138 71 -478 -334 900 479 171 893 -859 358 -5 410 262 200 1112 -136 4 -753 -207 553 216 853 -793 694 238 382 416 -269 48 -146 568 49 209 3 52 -358 685 -297 -43 -639 496 -442 243 700 255 -289 30 560 228 ]
[-14 -314 821 -304 115 291 -456 -191 120 160 788 233 1269 1082 -564 628 -611 1086 423 1440 -1002 1517 -347 441 -233 504 -556 -741 -267 122 -354 682 353 -44 24 -970 802 878 -1106 -306 361 1660 -239 423 -256 130 -687 10 89 185 508 -685 399 232 480 391 -376 194 -136 -743 118 -384 -849 250 1068 36 236 -577 563 -28 105 -187 417 -1447 640 290 386 51 277 -61 65 1245 -342 -746 -1148 -354 -1024 -1050 -196 -361 145 581 -146 762 -939 -33 60 -44 429 1517 234 830 -323 126 1628 -303 897 424 687 -803 -949 510 -731 -492 -974 -880 -377 -165 -1036 -1059 567 949 -102 530 -1008 -688 -322 -97 -809 556 ]
[81 241 -1015 -173 -2 387 92 6 380 -285 240 86 -67 1489 534 342 -62 -347 87 414 -518 903 646 263 174 429 881 -361 -319 -223 -1584 -389 441 117 -992 -1490 672 -235 -566 -148 -667 -571 -739 434 117 78 -125 -946 -717 881 -570 -189 -435 -52 20 -176 156 -423 799 -314 785 -23 -122 -210 855 -584 -638 156 -796 -236 -237 495 214 74 126 755 -1084 -959 -249 140 -29 -537 1703 -222 -132 -725 -1188 -280 443 -1177 -373 322 -436 647 -43 388 786 515 768 796 -628 1185 -1414 244 208 -593 753 611 -669 -849 -456 151 -226 920 -964 -545 -229 -601 956 131 -533 277 -406 -58 -184 -331 672 -345 1494 -1342 ]
[-613 -120 197 663 419 270 354 -760 -538 1167 -669 -477 42 -333 -333 967 381 493 427 204 -483 628 -688 -223 -228 801 -257 -355 43 269 -24 1091 128 -601 254 -35 -122 961 -444 598 -1313 -259 -372 -434 391 249 744 -624 490 -588 -311 -104 1145 95 -163 -687 -587 -598 -202 -222 308 14 -616 718 63 -333 -1633 -175 -90 -94 -341 -200 2 645 -566 -257 -1131 -578 -156 -1095 -297 782 421 249 291 311 295 -767 182 220 -320 1174 -626 -277 -3 -514 -466 627 563 118 426 265 6 266 426 152 -532 1136 -662 106 17 -825 -173 -836 -863 -92 521 -675 216 380 -195 455 -67 -469 273 1059 144 1036 798 -432 ]
[1302 606 176 633 393 124 -471 456 -185 -503 -52 -597 -397 -135 -180 -36 365 -1336 660 265 109 -116 916 147 -720 -1032 -138 -521 -151 919 375 1310 1126 882 -470 -371 -468 -29 129 -261 993 -599 436 745 96 876 -330 336 112 -624 -248 -230 -995 -348 -338 475 -504 438 799 439 866 341 452 273 -515 339 -12 -698 -501 576 -197 30 265 66 256 -51 -390 307 -87 312 446 -408 -567 -500 -72 -463 -188 1066 83 -636 -928 628 -6 233 388 -756 91 18 -208 -681 -652 -1170 -347 2 -198 -413 -1069 82 136 240 1148 370 300 -236 453 -45 -1107 446 -1097 -202 141 -76 489 201 -96 -1312 927 794 -159 -392 ]
[-1074 -387 283 692 747 839 606 -1040 -725 1339 37 -1042 160 -1065 553 36 -149 -367 -534 -161 -612 9 132 -1052 960 491 -650 -367 1286 309 -517 448 806 -13 -1244 1187 339 -197 -26 324 901 71 90 -655 551 295 147 -253 -690 1017 484 -121 296 -587 -570 0 -218 467 488 812 -839 338 61 219 -1030 753 -37 153 422 101 1041 -72 1273 -242 398 -180 -790 913 956 44 74 381 -106 -204 -122 124 680 -819 -97 764 -184 -1028 590 -151 372 -1060 396 701 272 -884 -881 -552 995 501 328 1059 -1179 -382 -1831 89 540 -1160 -678 193 299 175 287 134 -307 178 816 -997 274 -209 67 -27 378 738 -270 -137 ]
[112 347 -59 566 107 -502 105 -8 -597 -371 289 -187 56 596 -1384 -50 270 -304 248 -376 705 -910 -992 -363 -478 -180 178 563 439 -356 771 -254 -385 -155 438 1192 -265 -214 469 969 -495 -1531 -454 778 -448 172 118 563 569 -1346 -647 1079 -177 187 -599 352 -351 1026 -257 347 -1232 25 378 268 111 445 612 -997 281 -148 -303 845 -599 578 -201 72 844 -236 -640 -652 -566 -750 693 729 -69 419 434 -306 717 998 176 605 -257 -61 906 -799 -1321 24 511 -988 786 -36 667 -439 278 331 637 -647 280 950 151 9 -636 225 532 -1090 414 -243 282 -125 -428 -460 -228 -44 847 1161 140 817 -472 703 ]
[-64 -274 -141 -70 -470 -821 27 -785 -111 93 763 74 739 -7 -1253 86 -304 -388 -52 614 771 -634 -680 27 555 -1009 -127 549 -312 -361 1055 190 -1759 497 530 -330 226 -383 -293 40 -126 517 358 329 -929 -25 -1010 753 191 222 -255 55 464 122 466 -34 29 878 905 -231 527 -302 39 -32 339 477 347 84 531 -470 -200 -170 -1051 570 916 76 723 282 -980 101 318 -895 -829 262 75 -60 -185 662 -382 409 659 -30 -899 -456 818 -599 560 -623 -565 -788 615 -558 -571 1121 -142 721 1008 -828 936 742 300 861 -630 140 1033 -509 -280 888 -701 4 884 -434 -135 -739 560 1155 -424 -292 -29 413 ]
[974 38 1199 897 152 771 42 202 482 -1255 -624 -781 274 -717 96 -569 49 1045 435 381 222 -108 272 1224 -149 208 184 156 -140 260 -1563 157 -337 -715 43 406 488 531 265 -229 -170 650 963 -410 109 295 -514 -970 174 -1 -857 -1929 -348 -133 621 23 57 247 593 -220 258 -507 108 609 -437 617 -71 526 -414 930 -969 165 445 163 322 637 -1165 -166 932 -386 354 -400 -361 -888 432 -1 -267 72 146 -251 240 1135 432 47 1111 1482 267 62 -699 -373 -557 -595 206 737 314 -363 -158 -613 -573 63 -36 482 638 -124 516 -490 -275 -307 286 -272 590 -17 -11 -39 -199 -891 3 794 704 -220 ]
[610 227 -672 206 133 -86 355 337 -1187 -634 251 88 -203 1012 -221 -694 -64 189 -91 -623 39 -1149 -137 -404 369 -99 -326 -1021 -691 -119 458 249 -789 544 214 -834 203 -689 310 -1048 -866 -730 643 -174 5 -234 -429 -551 385 274 261 719 -132 637 1182 186 99 -612 643 562 -648 267 -295 -422 277 -266 1068 -227 -261 -786 -796 7 -1940 454 975 446 768 167 156 246 -203 -1105 148 804 -9 330 -3 391 -168 338 253 -116 -703 -107 207 -637 466 221 70 -488 1478 571 -919 401 14 592 1507 281 1042 758 528 714 132 122 -864 -290 1145 549 717 1225 -531 137 911 -128 -821 -320 88 130 437 177 ]
[-762 560 796 184 -202 424 1022 324 -408 30 589 -981 564 -344 -779 -45 398 -748 -565 319 -920 1695 858 -514 -298 329 -435 264 -382 137 -1403 406 0 272 -558 -257 648 -71 -702 626 -892 225 962 127 146 915 -1273 1131 -577 171 -9 -761 -1266 553 -204 276 -321 244 526 -709 -79 138 -100 -214 182 413 -1082 -390 -785 12 -935 788 -42 547 -985 -216 -1017 -275 -385 -356 -338 -928 -60 -1410 56 -728 -659 1191 972 1041 -274 798 -87 715 216 576 -691 29 -134 -215 -7 236 -487 -661 1800 -188 -537 187 -958 -70 -361 152 -413 -102 -271 -1405 -243 -6 161 -396 391 185 -265 -682 993 904 543 757 282 -1111 ]
]
