[[-402 -299 135 -64 451 694 445 -765 -135 -200 -60 933 -478 -206 128 667 735 -20 -310 -23 175 -634 428 301 671 1105 50 649 -406 -64 359 240 98 -174 -153 -28 -406 585 -904 201 -155 -93 509 328 619 -1427 391 -462 -240 1036 -289 -53 -1074 331 -42 1147 -86 -114 163 501 1019 413 170 -246 252 -639 -112 82 -179 -389 96 904 -352 203 -1304 -977 -354 -293 -101 241 -606 226 44 -526 -627 -162 -605 487 278 538 -366 -17 102 -90 637 -561 -390 132 433 478 768 147 -86 -357 313 591 340 -151 -590 -282 421 -272 -322 -386 107 -148 -1001 254 76 -325 399 437 273 785 -457 994 -95 -298 369 398 ]
[-716 -558 402 -221 651 1088 306 -212 -125 -261 -729 270 72 710 944 503 785 -209 181 -582 179 -349 272 -319 342 171 -659 -718 -1156 -428 68 141 276 -331 -1002 52 -257 486 -217 432 -434 419 -260 -631 493 -539 -27 -613 568 208 412 -243 -204 7 571 1332 -135 200 -836 188 823 552 63 -395 111 -123 755 156 87 72 -460 919 656 118 41 -1030 -209 213 408 184 428 -8 462 -352 -574 681 -770 -11 653 -366 -184 175 -169 -358 153 174 236 -629 -21 103 -70 1081 -1200 -257 962 679 673 -738 123 163 -225 -196 -140 150 504 -330 -820 -50 749 61 -262 187 137 -819 -555 -32 -707 -43 257 -157 ]
[-401 1055 -192 325 -546 41 -881 -446 599 -179 100 294 -46 475 -156 243 107 69 -242 14 420 -1119 -520 200 49 664 583 746 246 -13 -84 -893 598 312 -192 -275 794 560 -12 653 392 -294 182 735 -340 636 45 56 -115 -115 910 -401 -576 556 -210 -58 -469 -745 383 708 -106 -1123 90 231 353 -505 -572 -339 241 -1457 705 510 -862 345 -1042 -416 -342 -584 -408 -818 -776 -150 -236 -366 181 -596 -232 72 -501 680 -981 -530 -246 165 616 -374 -544 677 477 -71 809 -847 685 -160 -772 -323 -242 886 -107 -591 646 -170 -463 -430 690 203 -47 603 305 598 37 233 604 79 317 555 691 147 643 491 ]
[-714 128 -18 682 -518 384 -410 -278 1099 -140 317 597 -833 388 -2 -193 287 -396 820 90 -31 33 -169 241 -404 -364 190 102 -719 -523 -460 -251 -236 -561 -664 882 -58 -330 -163 647 -292 -37 34 -291 700 -63 -453 121 -711 204 711 -656 -22 901 -812 352 58 8 164 1347 308 335 245 -857 589 136 191 -121 1008 -549 -443 458 -150 492 -121 -1607 -16 -278 345 663 58 -312 -334 428 -306 743 -487 -468 249 853 398 455 -71 168 387 -344 79 -507 174 -207 616 169 130 -558 895 -782 495 627 -39 9 150 45 -497 -554 385 -511 364 -531 24 533 -313 54 233 -26 -100 -80 -1257 1129 54 -21 ]
[-438 -585 -138 108 1205 165 -845 -187 -84 -142 688 399 343 16 -501 273 225 -294 1180 138 -35 67 -1072 513 -396 -47 -193 94 392 3 -716 600 -340 -752 -778 218 363 88 -1099 847 -52 635 -113 -425 610 -1257 -769 -827 81 339 62 282 -349 -462 -906 1014 237 292 -83 1020 951 391 77 -235 -260 147 -161 67 394 -497 -232 773 133 849 -93 -1083 -175 121 104 1217 -337 -305 489 197 104 820 119 -478 149 1005 189 231 -505 735 -421 -90 -271 -370 342 601 -202 1031 19 -98 1391 -87 -49 -533 -1 -60 533 102 -205 -237 237 127 -1 -702 275 -256 -105 201 576 -1042 -117 94 -1064 682 92 -289 ]
[77 -89 502 36 -868 -790 515 -120 -192 113 35 253 -192 -825 -503 370 -1021 -1293 -1166 9 -452 203 786 -192 -489 512 196 -186 -6 218 394 342 56 -31 702 265 323 -206 57 -2 -784 -767 208 1226 -375 184 799 71 -175 -476 -392 501 318 342 339 -1476 739 -437 -214 -1673 -490 -384 -423 515 1019 -437 315 197 -227 -11 -170 -965 76 -33 680 95 -495 279 -493 -636 169 632 -349 97 -121 -512 287 383 -983 179 136 129 272 -271 85 -203 -34 -255 -1 95 1119 -180 391 -41 -671 276 -132 70 -682 526 -220 -558 521 500 -898 356 446 649 -1683 267 -132 -806 -1080 985 194 490 428 -757 -15 325 ]
[184 729 89 579 217 -850 -1142 383 103 437 80 -582 899 -302 -488 39 -350 -173 -41 -288 -459 150 -1151 -164 -696 344 46 -119 329 299 -1052 -709 -365 -500 135 -422 1186 -387 955 -329 -499 -426 -398 389 -164 1107 -173 812 -99 -1315 162 -83 524 -851 -838 -935 -1 -1214 -110 343 -31 -925 -637 185 415 -510 395 -329 244 -402 420 -521 -122 16 435 -386 -565 67 -531 361 -962 -719 235 572 242 617 904 -277 -1510 35 -254 -55 372 113 -564 790 -244 909 -420 653 649 745 26 311 -115 -560 -963 0 -145 -381 -470 -667 -560 183 367 522 827 237 -399 895 -465 -1021 195 -265 354 -35 657 623 -105 448 ]
[-472 -1069 672 -450 1107 1095 281 -234 -855 -290 -125 962 117 585 -235 1197 1348 371 608 107 -31 -771 -385 423 1141 -181 190 282 274 -49 238 -202 741 475 -335 -692 -621 804 -528 1055 917 301 -264 -355 -596 -1046 -271 -1126 423 704 -121 148 129 -604 697 1770 -91 153 -596 270 32 891 79 1202 -389 -17 84 152 -459 -404 -358 1340 145 -246 -885 1 196 -333 407 -322 203 -417 291 -190 -591 -460 -381 581 605 -236 -544 362 -870 13 150 -894 -637 354 1203 418 -853 -237 -161 -133 980 685 260 -523 422 -148 391 583 121 196 -224 238 -903 -472 1170 266 357 3 557 -1325 -969 -288 -239 -744 -313 -767 ]
[71 62 338 11 1100 750 -371 425 -1031 -282 -535 -148 326 -244 1041 714 -542 17 -131 -519 -426 -289 119 -770 -389 1689 -543 -483 -312 353 14 637 -473 -521 -297 144 111 815 565 -183 -1906 86 293 665 497 -511 760 -354 190 77 479 -218 -55 -333 1085 -312 574 -765 -763 -887 701 215 -169 -332 338 -1042 80 -164 -525 -104 486 -111 753 -342 124 -273 241 29 -306 -264 -903 -41 241 -266 -1097 161 -135 136 131 131 -149 425 -473 -336 -284 166 755 16 -1071 385 750 483 -927 336 115 1082 179 -415 -783 -419 -1228 -383 260 40 325 -338 -349 252 -493 431 -616 -261 -562 405 -204 -38 424 -670 -127 192 ]
[-113 396 269 92 157 796 -327 352 350 124 -352 -778 -572 151 650 171 132 138 -445 -151 618 246 -48 -369 -382 295 119 -166 -1954 -106 57 -183 29 13 93 -557 112 -17 1945 -858 -681 712 -67 520 562 432 -75 140 -496 74 1265 -183 448 713 -243 24 484 -816 -1327 245 -312 -683 147 -1045 637 -205 -11 -437 -173 -335 -264 710 504 253 -677 -596 166 -806 4 -125 217 -822 485 474 -1024 271 -136 291 357 -534 -376 311 -989 -133 268 769 382 -969 -531 -220 1 -235 -580 154 -157 53 445 -70 575 -16 -882 -35 -147 -862 859 -937 180 -203 514 954 -196 608 239 -217 394 -324 390 463 226 493 ]
[-390 543 -253 1205 207 801 -745 569 565 35 228 -57 88 315 828 195 11 731 1019 -388 1295 -39 -666 200 367 134 -333 752 -857 146 -63 661 -385 -766 -829 957 198 752 -392 109 -674 1179 784 -930 1005 -969 56 -790 123 970 1144 -521 -1216 337 -1230 1077 382 222 -600 1238 -274 380 450 -1069 492 -483 -340 -650 584 51 -73 -85 -200 663 73 -1099 72 -613 -13 399 -681 -501 15 -196 -844 252 -339 -451 1646 448 -954 218 -765 234 -289 255 358 -1475 -75 459 -586 13 -988 -535 710 180 1501 -547 254 -479 57 449 -314 -801 1225 -614 -200 -447 570 -140 57 379 -156 -81 283 249 57 1228 761 -387 ]
[-736 481 1013 787 -1203 406 75 681 69 -697 135 623 73 52 -573 819 688 -491 -475 -508 162 -202 -731 672 98 952 1216 1196 -1417 325 657 -660 633 -344 -618 83 13 461 -237 -33 -18 -506 1257 1098 513 -831 48 -396 -1136 37 764 -179 -209 180 -515 304 1152 -797 -365 6 -291 -817 -307 323 1461 -1312 -137 -455 -601 -511 -447 246 -449 -69 24 -795 -168 -628 73 243 -777 -676 -367 354 -1014 -548 -77 -43 -481 -290 -940 208 137 439 -81 -443 -825 350 -296 815 923 -444 -104 -560 155 39 166 480 -288 -239 358 150 -146 -252 769 364 4 649 -1420 1359 160 -695 -788 814 76 686 173 -397 587 127 ]
[1122 1261 -904 -93 720 782 -1187 301 -677 159 556 -988 -14 -859 -110 -849 -693 1019 647 -194 183 -126 -701 848 501 178 165 613 1563 356 -403 247 -36 -510 753 -524 -108 1133 -131 -13 203 516 -19 74 -39 -476 1228 -392 702 -71 392 -188 -1366 -370 -208 -358 -897 114 398 611 -972 -28 588 120 -411 653 -1486 74 -10 -305 1001 -798 -757 112 30 563 344 -766 -881 -1434 -372 60 392 238 589 -257 3 634 687 340 -672 -449 -848 191 -258 -525 527 33 122 70 -395 -322 475 -88 -723 -5 97 -299 337 -667 259 -20 -307 -395 96 -648 -489 -363 343 -651 -237 1088 -43 643 478 513 1564 89 475 166 ]
[1021 323 1121 -804 -193 172 340 1042 -652 -513 694 16 136 2 117 -74 39 354 -752 -769 198 -40 265 274 67 158 219 441 -6 -16 706 -394 283 -242 5 -81 -470 -50 947 -1028 96 326 -536 1609 270 -391 811 176 -635 -280 -381 167 654 126 882 -734 226 -279 -452 -1411 -442 -266 -319 349 526 -1269 707 -28 -391 149 235 -14 162 -1067 776 988 304 -478 -268 -984 528 81 199 643 -360 -132 467 -34 -440 -775 -461 121 -697 -203 232 452 6 -288 -1035 482 559 -379 -68 -468 -1115 374 402 -553 169 529 -320 529 -76 377 37 105 -862 707 -769 423 -228 -500 -1259 -53 70 522 568 -921 -140 -289 ]
[-18 -299 -695 660 -555 -260 914 9 -126 633 -628 -668 -139 -1220 -156 120 786 409 -283 347 -526 538 504 -63 212 -355 -1333 -1142 -134 276 -258 150 202 99 753 54 -187 349 -622 -588 147 -137 192 -1064 -545 360 -429 -39 -135 -198 -774 -191 -740 -824 18 -96 -607 76 -33 375 -858 270 43 538 446 413 541 540 -571 1313 -326 -1212 -365 -663 800 604 307 807 -176 -358 211 235 334 -515 -177 -93 113 203 411 -1473 348 -498 1187 -279 -57 330 357 83 -702 -147 -1320 361 -618 -8 -21 -536 598 -973 277 11 -329 -30 -112 421 -965 -51 -130 -373 -58 -320 -564 -346 -30 207 -834 -313 945 427 -414 -666 ]
[-973 -701 324 350 168 -347 922 183 451 641 -1012 257 73 -384 317 281 577 86 755 208 -545 175 94 -474 398 -534 -797 -1017 700 -102 -821 -583 352 -23 595 42 -78 583 -780 -160 337 92 209 -1129 -1125 815 203 412 558 391 -428 -233 -500 -1115 129 103 -906 590 822 38 -546 431 -336 615 -29 442 -84 -9 204 58 65 -624 169 -300 -135 1004 320 589 -548 -125 131 54 -704 -1027 -183 -590 432 651 129 -1185 -418 648 132 -815 510 -125 101 524 1206 89 -1048 305 -294 -282 412 85 444 -36 -295 -46 -383 181 101 71 150 144 -123 -418 1293 212 -58 -88 373 -909 -663 -446 354 432 -816 -352 ]
[-301 428 244 -229 -346 284 10 -189 93 577 20 261 -494 -532 -253 356 812 1219 1068 -142 -581 -6 -1091 756 716 -87 345 456 1166 975 -315 -246 646 7 714 -802 -431 862 -550 -177 -158 -898 998 -369 7 -909 478 -82 132 434 155 134 -681 -576 110 166 -227 74 -65 563 -1155 215 480 604 69 742 -1517 -734 -550 -390 59 -934 -640 122 -1186 583 190 -67 -120 -671 -1082 -637 -653 -919 597 -763 -37 833 455 -266 -841 904 -452 376 -45 -853 -652 1192 938 1053 138 -628 492 -149 -168 294 -137 520 104 -1019 -92 490 695 -221 330 559 328 -108 218 472 52 319 -139 732 -396 -385 630 -261 529 -126 ]
[-347 -48 -605 -1039 -1389 2 74 -782 919 331 -99 -349 -374 1447 519 26 665 489 83 -1263 850 61 465 313 381 -534 -93 26 -364 -321 863 -512 473 615 -232 541 -342 -113 76 73 -705 127 -857 -573 542 -182 -830 -24 93 314 -292 -186 354 365 514 658 -189 168 -109 423 287 292 570 -786 -525 536 314 -354 162 -236 -380 577 -53 -79 -73 -322 51 930 1166 504 273 -32 144 -422 215 374 -1078 -364 428 -257 -365 -820 716 -601 -26 408 -622 -260 -1029 -684 -143 -329 -62 21 -500 336 657 -264 -5 101 94 973 132 -123 394 471 205 105 406 -324 116 412 160 -514 254 -25 -1299 -471 784 -372 ]
[-267 688 -125 721 -600 -159 147 356 331 157 -899 489 44 120 1050 -426 -930 848 -454 -51 893 -420 -29 -907 607 -168 -936 -93 -85 713 92 -253 558 1056 28 426 598 149 219 522 117 384 480 -579 -197 1871 -213 -359 851 -254 1704 -640 526 325 -132 65 823 243 -921 -549 -1052 -192 245 498 409 85 307 271 -145 418 229 -465 92 -468 -152 878 408 -819 15 -908 592 -40 -949 -883 412 -1348 -228 -109 891 157 -121 -108 190 63 251 -322 456 -500 545 -671 -1227 -1303 -406 257 -540 -923 171 780 786 -831 -220 748 96 32 303 -177 193 226 411 255 200 337 399 293 -7 -71 817 661 -124 -595 ]
[725 423 -759 -189 -377 1048 -419 -346 1023 -608 455 1184 -643 403 188 -231 -1541 -294 264 -514 519 -382 622 616 314 134 389 434 599 -71 117 -447 257 -109 422 1004 -140 765 135 1493 -479 486 -742 802 -175 159 971 -768 179 349 218 -472 72 977 -283 -683 -189 132 -173 601 81 1345 -9 -24 445 230 1 22 196 -1325 524 318 192 468 114 -752 -92 -1342 -51 -659 701 396 45 671 -170 -735 -671 1103 -688 1715 -437 314 -314 -131 568 -1404 531 -510 889 -961 837 -655 769 -5 -78 8 572 509 -20 234 378 573 -1393 -23 -51 -1110 -568 -177 -466 652 -421 349 -176 1317 474 302 -389 -58 248 508 ]
[-547 -366 -261 38 1759 239 542 -200 -1399 39 14 -903 688 -1050 -1429 268 1243 -857 -91 822 -1366 231 281 173 -634 1377 -561 -195 -146 124 -287 -10 -113 -914 359 -672 7 340 -722 -990 264 -407 -75 368 647 -1318 471 -259 -234 839 -724 865 -1488 -1313 660 202 -1094 868 895 -416 1633 -838 -42 -714 -459 -153 -963 357 -882 368 75 180 -336 -166 36 -178 -93 1450 -229 589 -371 219 897 185 -166 1039 133 344 -596 -805 127 -788 602 -48 -504 652 -72 109 224 412 134 1677 63 -279 513 635 -544 -1251 -349 -1 604 -1326 -325 -135 -78 -85 -974 222 161 -926 138 510 292 234 36 1554 639 -33 -496 985 ]
[-278 547 -192 -566 -821 116 -727 31 530 439 -638 -1139 -606 585 1193 -694 -495 264 -296 -641 1065 -386 182 -215 391 -848 713 -87 -808 -342 214 -81 674 903 102 -626 43 -234 935 476 -742 89 121 -179 6 915 33 -210 209 -229 1260 -349 94 323 566 -259 813 -860 -1401 -473 -1604 -672 1071 -922 -458 1210 180 -543 -441 -513 418 -173 -282 194 -483 -570 446 29 177 -1050 40 -375 -172 -176 666 218 -962 463 830 110 -274 -31 -385 -279 -480 43 50 105 -155 -550 -649 280 -143 1079 -624 796 -74 871 377 -387 -348 218 637 -84 997 -817 459 -67 823 294 148 546 166 -485 269 -1298 -74 -840 1095 -284 ]
[-48 229 1541 119 103 -77 -507 429 -476 -5 -224 -459 453 492 -294 -33 879 -224 455 -846 -92 262 -290 75 323 -408 146 -289 699 -881 -1084 -1669 335 -348 -562 -590 202 -597 314 466 216 159 -574 278 262 583 121 633 -368 -969 -564 -757 -55 -908 360 379 -221 -772 438 -334 -787 -109 307 371 -63 861 1014 -101 279 -343 -256 295 -338 -1486 994 438 316 462 478 -58 27 -900 297 1038 181 1029 554 -20 -888 -444 -327 -4 174 -441 -56 193 -839 1269 -594 516 -583 1636 38 -156 259 -428 -325 -87 -140 436 202 -27 251 460 378 240 -381 -451 979 136 633 -408 377 -1438 -206 -505 70 274 -702 -577 ]
[-244 -171 -408 -641 792 698 -447 -368 -443 196 -12 514 -249 -627 -146 -54 -364 -440 -629 22 -948 -197 434 -262 -395 511 510 -1053 135 -150 -290 -99 261 -80 651 -111 -163 241 465 -57 -406 183 -1718 1043 -420 227 579 -854 367 -177 1102 380 591 13 1133 -1426 -105 222 -280 -854 432 186 -376 124 702 -732 214 940 -78 -726 -57 171 1040 -583 267 94 247 -141 -568 -1277 677 111 -199 283 -569 -243 303 833 -98 369 614 -713 -437 -527 141 -171 1024 -695 414 -701 337 -617 836 50 -9 -72 580 -557 152 -195 -856 -342 -750 -692 -942 -835 -416 230 -200 823 -1001 412 116 -862 405 733 264 -101 -1180 539 ]
[-258 415 -244 -201 -157 -475 541 -722 889 670 70 -135 -1097 -596 -431 96 1142 283 -1 619 114 -240 877 77 439 268 -1678 -367 375 -488 -377 -897 -422 -169 806 20 243 -758 655 -1077 -129 -410 319 -22 159 1013 -240 1071 -930 -153 -1409 44 -477 568 420 378 -891 -224 511 650 708 -592 -338 -372 -233 190 -175 -77 368 -214 745 616 -559 -388 -1575 733 -659 342 55 815 -559 -66 850 -627 859 -170 241 -427 -990 -452 -9 -326 348 -404 1501 584 -921 882 -332 496 190 223 225 670 -758 -943 -658 674 -186 165 132 -164 -202 -431 306 563 -363 169 317 -170 542 826 1063 249 -620 87 293 96 -119 -143 ]
[698 750 -832 -1041 -204 -314 -569 -658 527 390 1298 -193 -1230 57 -46 -221 -940 80 -209 -127 656 -364 841 254 -354 123 707 -121 152 -572 207 -72 -147 38 922 -4 135 -172 1499 -650 -794 -345 -1564 1292 -361 508 313 649 523 -689 316 -8 667 1040 307 -1407 -257 55 -129 598 40 -538 -564 -614 -110 -261 -704 37 147 -504 -106 403 -193 148 -1274 292 -846 -603 319 -1517 -107 269 132 314 -55 -159 -174 520 -847 655 -608 -787 -294 -537 182 112 914 -245 -754 -1157 999 -1264 1029 291 -1520 -623 -221 31 -75 -200 -139 -314 69 -654 -49 168 71 632 -496 528 -611 790 -530 181 724 230 -29 -228 226 793 ]
[153 229 -722 203 -661 -304 40 286 1151 5 661 -104 -1299 -253 -356 -739 486 610 -227 286 1087 48 186 758 -402 375 513 279 -1121 -112 -333 -571 324 113 -126 -92 -44 -379 -329 -906 980 750 608 356 596 -2 -760 452 -1459 24 -685 -1357 -1181 146 -981 97 859 -611 1136 1738 -146 -826 -278 -870 -39 -363 -366 276 -528 -249 867 940 -1117 -68 -1542 -583 685 -439 356 345 -367 -77 668 93 -108 -33 -46 200 -504 -464 -490 -825 976 288 560 168 265 710 -905 -304 51 99 565 -759 -1250 -526 -457 463 -238 631 902 712 -425 -486 918 103 -297 -183 -137 94 117 716 380 248 165 -299 -146 -242 53 45 ]
[-290 -127 -309 -81 193 -827 -178 988 139 569 937 48 -581 -1779 -378 -328 -644 -130 263 152 -90 146 -1002 177 -979 -166 -594 -6 201 632 -358 1298 -1545 -2020 993 932 -60 21 -980 -1174 -991 105 685 320 630 -770 423 -125 -331 -81 98 417 -693 97 -1432 -416 882 372 -1181 -868 1053 -48 -42 -479 722 -576 77 417 219 604 230 -917 523 597 122 -218 -770 -13 -577 234 -395 -157 -236 41 25 -100 999 -848 -109 238 650 504 -936 430 -173 142 163 -1062 -593 793 114 376 -337 209 558 -1146 207 -475 -131 -726 -112 -177 -382 -323 40 -162 -173 591 -1354 159 -586 192 -846 418 -427 877 -654 882 -77 -288 ]
[-50 -676 -277 -834 -94 -138 510 -516 644 -46 906 82 -443 384 459 -89 117 451 186 506 1046 112 362 473 259 -1230 -252 135 -319 -426 734 969 -1184 -243 90 503 -718 -1054 -367 -820 243 50 -21 -127 586 -960 -887 133 -386 647 -1703 1308 -121 1434 -628 212 -655 1270 -126 -207 1593 -136 -611 -1037 -1028 130 -905 -298 -38 463 173 377 334 861 -404 -38 -437 -146 -86 997 335 578 473 -564 489 -401 555 -221 -129 390 513 854 -529 845 163 457 331 -657 -456 -266 -195 -776 102 450 487 258 -363 652 215 559 586 223 316 -253 280 -184 -676 572 -676 -950 259 851 -556 135 -249 -493 -1568 -178 317 131 ]
[243 -1030 -140 -36 817 13 704 -534 -552 425 616 569 915 -468 -251 662 743 191 612 -50 -333 599 -127 298 863 -692 -1657 -788 1403 -51 -338 -251 509 199 775 96 -176 -142 144 -1162 294 -288 -1513 -162 -1642 131 -811 57 604 156 -1508 1002 1027 -1414 -75 -46 -1810 430 749 600 955 677 -1105 1278 -671 25 305 658 -476 546 -230 69 498 -647 12 973 -722 344 -420 305 101 66 -388 -520 440 -496 716 714 -992 -785 -421 312 895 198 -488 851 235 604 381 -468 -535 -32 386 864 705 -81 -121 -594 480 21 -279 246 -843 186 -867 636 -946 333 180 -310 -440 -442 337 -1175 -646 557 88 375 -1411 -23 ]
[161 -118 -692 -691 506 976 583 -203 -582 -656 -319 580 -501 408 833 -650 536 744 220 701 -451 -417 633 -588 766 472 -895 -431 136 802 103 473 648 517 -262 471 -804 318 -106 -435 -97 -435 754 -573 198 -59 -52 160 285 200 404 -441 184 -58 1156 761 447 415 -33 427 859 953 -9 -283 -693 82 -422 564 -500 1008 132 186 364 93 -1764 126 161 -20 2004 47 -43 732 181 -1068 851 53 -1107 -273 533 83 663 -496 314 572 -359 -393 751 177 -36 -429 796 129 -459 -212 -208 404 -932 346 -260 -623 -282 151 13 119 -309 -422 -734 436 238 -799 -644 407 158 1668 -767 308 -484 -1035 154 -245 ]
[-770 419 -549 917 -1171 -271 532 -206 1461 -32 -1091 -1183 -413 916 97 192 -295 -708 893 -291 434 294 584 103 320 -503 -7 -520 -72 -1354 -191 -922 369 189 -638 701 540 363 8 1232 -297 -894 -683 -1272 -396 1055 62 635 908 312 177 -489 -660 471 -545 -203 -1713 918 793 1437 -1014 215 237 -899 -327 1565 -946 -1037 1355 -564 -175 -687 -739 630 1183 -265 346 608 -902 29 718 254 -889 -21 241 163 -719 195 -272 -184 -720 643 823 -486 571 154 440 -581 837 -1145 -636 -405 -318 -204 586 -299 743 0 -18 724 682 133 84 -114 542 -375 689 -858 888 -81 -227 320 -143 -41 804 -898 -185 599 506 445 ]
[-451 -31 -486 -199 -138 -235 328 -1302 -301 -250 161 -94 415 110 -878 32 975 -940 -43 1229 -282 -334 -74 758 685 94 -30 333 885 206 366 420 -105 529 -648 682 -99 -464 -1480 337 504 -417 1468 -239 629 -967 -1601 -113 -542 624 -686 2013 -523 263 335 595 -142 168 1516 109 849 -228 -156 -194 -241 591 -1357 -40 -496 -94 -680 -32 -398 265 189 76 -154 678 996 2048 -774 681 32 -292 404 -63 343 -876 391 1108 1011 -1087 1174 617 -444 -283 -762 752 7 108 81 -460 943 722 1101 -34 -534 1268 -119 -381 291 -540 722 -290 -807 466 44 129 -915 -1200 894 194 777 1064 152 617 -834 -142 -15 5 ]
[-1132 -799 -962 513 -492 -384 -1024 -236 187 1140 366 570 492 -1297 75 -82 -1508 -498 869 -663 33 914 345 -24 312 -815 -408 80 914 -636 -138 1809 -715 -429 862 1242 -138 -61 -1346 1151 -1502 463 -24 -571 147 -286 149 -1286 988 361 269 581 -427 -980 -493 -956 1056 1025 278 -369 107 286 -303 203 -223 200 -148 -174 675 -53 -103 -764 262 228 917 -695 -414 502 -1304 385 -130 289 -996 -842 358 -195 -435 266 1017 1793 310 622 276 -124 -1414 -794 301 -502 206 276 -960 133 528 1331 1007 340 518 -55 -1195 -938 -551 94 149 -425 44 -108 597 -269 -836 -621 245 292 -714 -761 -101 -10 -884 749 -120 -811 ]
[85 385 -372 1096 526 518 -647 375 270 -38 230 89 250 493 945 -401 -72 1022 1539 -965 221 1658 -926 166 -754 -240 -1367 -230 -757 149 136 -402 -395 -331 6 862 -168 -302 1510 -1107 -1052 26 -418 -1369 89 350 -795 455 -283 36 485 -260 1734 -517 -704 105 -1255 626 17 1306 754 556 -637 -1060 -49 -32 -84 35 -29 377 123 -104 520 163 192 70 471 25 -142 1741 636 -1233 -419 -246 -287 207 -206 -494 249 -708 -331 1653 197 197 -309 680 168 -302 -305 -89 -309 -250 -813 297 681 166 164 849 786 -201 -1064 502 -320 -383 1198 327 747 -1009 -30 716 -1017 152 -116 -564 -42 -563 -414 630 -258 -45 ]
[338 -634 201 18 -322 -375 -392 -340 650 80 -81 626 -396 -337 552 289 -85 -486 -2155 467 1190 193 924 -693 0 422 -179 -715 -1313 -335 -970 424 782 197 -145 -226 705 -431 17 -213 -93 960 77 1579 967 596 -276 624 -415 -137 -197 -941 -845 626 -1359 -399 560 -1525 -838 260 828 430 -136 -772 1196 -758 1945 605 170 -834 4 927 290 -302 -957 -1504 -255 -900 -99 -601 0 589 59 -94 -554 207 746 742 -1559 1345 88 -216 378 657 547 433 410 -681 -144 158 581 641 -150 -131 -186 -66 53 -899 -104 206 -73 -212 -1121 31 113 -1102 -1356 915 16 -69 -31 -638 804 158 -6 198 -513 635 -299 964 ]
[262 -181 -264 -215 -97 -502 -725 351 758 -45 928 420 -521 -25 -1624 575 -34 -525 333 320 165 -363 -1013 909 -768 234 429 682 349 176 52 98 511 -484 422 423 226 -69 15 230 197 -454 337 82 -618 -746 -226 -1511 -1505 643 -637 601 -777 -24 -258 -183 874 -1181 -902 50 -199 -232 399 52 748 -137 236 -36 -402 -1486 1157 191 -259 961 -506 -400 -90 1053 80 296 -269 -748 928 580 351 -268 -86 -224 -987 621 -1055 -35 -1054 434 786 -121 -1261 339 815 1188 818 -35 1201 -319 -604 410 412 -63 8 672 848 473 -507 326 -233 243 -571 -398 -310 533 -138 -575 -101 -233 59 -129 259 -1120 418 -448 ]
[-308 -148 273 1136 -1398 -1007 24 -576 718 575 452 520 -70 -578 -839 603 -157 -593 125 278 348 769 670 -148 -112 -482 185 -31 -200 -411 -310 -1259 -197 106 307 903 1112 -461 -800 1157 -111 236 -91 424 -492 982 -840 1311 -804 -676 -1425 -1018 226 595 -858 -453 -520 -54 1002 616 -1115 -360 -511 576 1277 -501 435 -215 892 -300 -970 -336 -936 -381 195 302 -213 -251 -73 272 -352 21 -33 250 -668 -261 960 572 -1238 -72 10 -280 731 -469 214 -102 -98 -24 -48 -506 -459 -482 261 -816 -171 -1180 443 87 -329 559 333 -336 187 203 -232 863 1350 -161 -580 315 -375 -1526 -475 -836 246 -247 -100 565 13 -273 ]
[-632 -299 27 570 -932 -991 -280 -670 -347 843 588 -356 -998 -1241 -438 408 130 -803 421 2 -138 550 552 853 -160 33 -335 -795 1109 -486 -708 1146 53 -287 439 19 -223 236 -1153 -528 -719 -197 595 -648 251 -955 537 1193 157 -357 -464 -228 -1176 -968 -23 -762 452 -541 1127 390 -1386 895 7 316 672 1251 -243 384 -32 17 -270 -1042 -1297 -376 204 30 8 759 -109 168 -824 116 -1132 -490 177 343 309 -24 127 562 -127 482 960 -740 -211 -142 -474 892 223 1084 107 1328 29 939 269 172 657 -20 -865 179 -507 -31 1576 -132 -312 720 599 -695 -633 -413 278 -14 -286 -130 -74 -803 -134 -278 -131 -907 ]
[200 -236 -53 -1636 -658 -1294 -29 -292 443 -137 -155 -287 287 177 58 -4 -604 -565 -1182 -758 394 -4 62 428 144 -1435 -14 -488 -164 -53 898 345 938 492 293 -336 296 -375 312 927 4 -325 -121 272 -89 499 -982 -425 786 -1111 305 1610 970 107 -359 -426 603 466 -1759 -1108 221 -877 -765 354 -289 715 259 195 -419 -635 -267 194 361 1057 632 358 -276 220 -363 -237 1290 641 374 -462 1500 -535 121 -380 -1625 141 -44 467 -398 1255 312 -629 -1158 -417 -313 397 -765 -768 497 1077 -336 -161 -1324 749 909 226 654 394 316 982 131 657 -151 319 -1429 367 37 -302 -273 309 -409 -750 -902 -584 628 342 ]
[454 285 -871 324 -1161 -382 -259 -112 119 -89 -371 243 547 -536 253 -19 -1907 -924 -905 -1132 -419 -316 1004 -667 -142 705 143 -279 342 -429 687 -621 331 643 510 285 198 -58 1021 815 -919 -505 -903 914 -1573 1720 180 398 33 -1219 438 -813 1168 -104 687 -1235 580 -1521 1168 -634 -81 -650 -599 1090 53 87 489 -19 276 -667 1097 369 -139 -90 -121 -158 4 -233 -978 189 -231 -166 -677 189 433 -57 -854 387 -1020 422 138 -418 1218 -800 225 -148 -236 1408 -298 -965 961 -234 1084 1548 -949 -409 -128 1287 -680 108 -804 -532 -529 455 141 -244 623 -98 -923 -32 -826 -256 -101 278 417 -290 637 -436 -138 -235 ]
[578 185 -1678 576 -1320 -733 -180 -899 972 134 -541 284 -1063 217 -54 138 -1016 894 -128 177 839 -292 -372 -620 -141 -28 -608 -747 895 632 -300 400 -485 704 349 1792 900 525 -1031 1438 -819 122 377 -372 -841 700 -793 102 348 21 -122 -461 -705 392 -891 -678 153 -1077 269 734 -58 234 147 -157 278 392 114 257 128 -169 181 -1165 -119 514 -563 -305 -9 -184 325 -1136 770 148 -1029 -483 361 -1279 -194 -90 -284 968 -452 70 843 976 339 -888 775 -308 230 -1551 581 -2046 499 -886 -659 -820 3 455 -15 80 884 308 -255 338 -1618 483 416 347 -68 -519 -753 -266 -608 957 -41 -389 -76 71 -199 -355 ]
[542 -456 -1400 189 -223 626 114 -642 -216 -907 714 546 -789 -883 -922 98 -735 -281 -335 1298 -173 -131 502 292 447 -359 456 609 -898 -165 648 200 554 513 930 -352 -358 -173 -111 643 1001 -50 379 113 -724 -281 -881 -792 -971 782 59 -618 165 479 -350 391 50 -31 -595 615 339 -504 382 250 -102 307 -517 592 -663 -775 598 949 -1342 424 -1529 -733 1043 -1099 -223 530 121 -201 277 839 438 -703 -1143 1533 -535 316 650 -17 -70 701 744 -1231 -245 336 1135 -652 -614 -921 1050 48 54 -468 -167 466 436 -130 796 738 -855 -255 120 -1204 -362 -1153 -328 -390 276 131 676 942 -343 -328 151 -772 576 -235 ]
[-702 -557 1317 387 -513 -10 1183 -1229 652 703 162 803 -106 36 90 991 1384 -258 -721 28 251 85 -41 592 133 -67 -236 173 -547 397 525 -351 -132 617 -275 169 -250 -608 -215 -65 -265 -583 6 64 706 -1065 -539 -186 -1058 563 -1228 1115 -147 464 -92 785 -657 318 163 -673 -290 508 216 -240 661 364 187 -936 -314 368 -1380 36 -217 -284 319 -568 -438 881 429 630 -312 -366 93 -1268 -958 299 637 40 461 -672 -216 395 625 -557 285 678 -1007 -245 349 511 37 235 365 -191 703 321 723 209 588 617 128 -513 711 372 -208 606 9 -78 201 -124 479 60 313 -320 8 -104 -246 555 -494 -147 ]
[-1080 -407 392 96 -1115 86 1182 -230 52 -471 20 708 -611 -1348 -955 -182 828 -1028 -90 878 -1463 568 123 573 -3 -159 181 393 -195 13 5 44 452 -734 302 260 -1004 291 -1022 262 223 -144 1030 620 369 -731 615 -948 -610 535 1058 654 -280 -374 -128 184 227 862 146 -644 -352 517 -18 484 1133 -416 -245 107 642 -238 -1828 -186 -546 -137 354 -337 116 159 -24 425 1199 722 -444 -219 -789 -35 -387 79 1288 -527 1208 191 -50 -238 -75 -1404 -867 -883 942 1080 312 -153 664 -1271 1123 -606 847 -303 -410 -365 -235 27 -84 -469 -445 -220 254 -620 -727 336 182 589 -262 685 -516 798 -371 561 126 -796 ]
[-1189 -538 901 -218 351 246 611 -229 432 520 -876 134 -666 1025 463 290 114 394 805 269 350 -143 -293 -409 503 -1070 -412 272 690 -339 -646 -105 -260 969 26 -238 206 -441 524 406 808 -126 -346 -354 260 881 -669 705 675 456 14 653 1020 364 -374 342 398 1112 -228 292 -1096 318 190 489 -390 1265 -1094 -1079 198 493 -823 -30 463 0 -498 859 -272 -1034 83 127 715 205 -454 -496 140 -496 187 238 995 501 -165 1391 -931 -263 463 -92 329 -187 245 -95 -1361 -631 -832 -2 659 -376 -695 820 50 -304 -708 501 1210 89 203 -78 691 -408 1469 58 431 811 262 -351 -720 -472 -365 973 -538 -114 ]
[-1092 -137 -406 102 -189 -782 -1027 -452 141 -294 -527 -389 -343 1338 442 -147 402 246 796 -269 -878 68 -68 -481 -2247 320 397 -1620 -18 -729 -740 -355 342 -345 -1051 -150 46 373 -574 -57 -267 -532 -923 -994 264 403 -839 -133 218 -109 1088 -1325 -196 168 900 -991 -732 735 -104 139 308 124 -179 -306 -54 317 -491 1204 348 -1076 270 -709 -239 -379 974 687 1541 1831 336 -70 -253 267 -292 -900 -339 297 -423 -274 404 -324 592 9 -30 -350 150 227 446 598 -1341 -318 -180 -116 81 -744 -200 -88 283 332 116 400 -666 859 1104 -170 616 455 958 -892 231 836 -920 -23 276 -1658 -16 -1840 -806 158 -339 420 ]
[776 -328 -466 -352 583 -201 -349 130 -1361 340 234 -460 -434 -1265 -110 -200 -15 953 -338 355 -71 694 586 445 370 774 1658 895 309 0 106 149 -578 226 1326 -217 -772 396 -29 -290 53 -136 -692 354 -820 -959 927 352 -439 -302 -358 -133 4 -693 -31 -221 -242 -806 486 531 -998 641 -178 366 308 -1436 -44 574 -562 501 -337 543 -447 -461 -1246 749 518 -607 -213 -1006 -257 149 669 116 -1719 -77 666 753 92 56 89 -866 -132 -971 -588 -744 302 467 -216 7 -56 -690 -172 -128 -567 820 118 -1107 -1536 -646 -324 -511 189 -721 -1640 -184 156 -413 -643 190 -733 -151 -886 49 -46 505 1531 -1747 -67 115 ]
[-148 -393 -563 1111 347 -77 352 41 340 248 -310 443 965 -474 -1252 212 803 -141 -711 1179 -1358 30 296 471 927 -482 1277 586 200 219 -145 217 -283 716 549 -899 -296 -225 -594 -268 1800 -797 71 -489 -280 -446 -542 -341 -302 910 -828 1010 -309 99 -678 -376 -738 562 607 666 395 -349 -740 451 -543 -593 75 246 -44 671 55 -354 -183 406 232 -710 -93 -423 -925 962 -903 792 339 156 -266 -115 323 187 -7 470 715 -96 188 1025 -339 -221 -179 755 713 539 -551 -101 322 503 859 398 -580 -82 300 106 125 -646 -914 -45 -929 -767 418 -91 -463 67 309 -724 755 1100 -495 516 209 604 -293 818 ]
[-394 -368 -38 -1783 -23 -489 626 -1565 61 294 -569 779 -1365 -674 992 -543 244 159 -788 -719 -381 -475 684 84 995 526 -234 -883 -90 -712 346 -323 488 -188 372 -438 -367 -451 -562 -549 -600 -568 -71 -650 162 -18 103 -54 1116 -373 -281 -209 184 -742 1003 783 -268 155 334 332 535 572 429 -803 3 -458 685 745 -58 -160 0 145 -214 -474 -1385 436 -80 1011 -429 3 -318 774 -947 -1007 321 -287 -800 584 331 -154 214 -707 1910 -1725 912 -353 -18 1206 322 373 713 858 117 -360 -429 125 -39 191 -745 -821 -391 -168 492 -774 -312 832 -307 373 180 -25 209 750 705 61 -158 337 -612 -1557 459 -80 ]
[-927 -473 705 306 -248 -938 501 331 357 904 -365 -149 649 85 672 260 -4 413 24 -118 120 272 -461 -154 639 -1435 106 473 110 385 -398 55 -385 369 1201 -530 -569 -303 -107 -164 317 903 -848 -962 -387 797 150 546 901 -393 -446 -178 623 -346 -1446 744 836 49 -558 -808 -328 18 -660 937 -87 -423 984 366 553 555 -255 122 -214 75 -38 -949 -520 -521 224 552 989 252 528 397 -979 -331 325 154 479 -799 539 268 -538 -709 -739 132 -525 -428 783 434 -1073 127 -1056 -689 445 -77 293 -1041 -647 -442 -560 691 175 129 -433 -245 158 -358 408 -179 558 -467 100 -517 -987 76 -439 353 315 -1079 ]
[216 -302 -870 -608 252 35 -1024 -652 -552 920 713 -539 591 -481 -888 -303 -730 505 40 -618 -14 399 -958 457 148 -408 -737 -214 546 629 68 217 -751 -634 1019 105 295 -568 -73 -874 316 210 -943 -445 -863 97 -335 -564 25 -1016 -717 700 10 -863 100 -637 -76 -26 505 -670 151 -1481 -145 760 45 -53 -1085 175 -255 -65 956 -343 329 -99 193 425 -313 389 -674 72 30 -490 676 -840 1478 -322 907 -72 -416 -924 -366 -1222 -577 -4 287 793 195 -267 -224 278 -410 -618 852 -723 -1116 55 -329 -349 -458 61 321 -119 -174 -296 23 1241 43 397 -305 -1068 -369 419 -585 -1218 172 1392 1348 -719 -75 -277 ]
[-102 -594 432 -401 742 -384 605 828 -1078 -886 -403 482 1648 851 336 333 -671 -216 -265 -580 7 -378 511 -1096 -515 267 86 -486 -72 293 833 680 77 313 -934 -49 122 619 -286 -172 -150 868 -448 94 -234 -520 481 -308 1319 399 333 759 1179 -956 708 -321 733 1043 -500 -1224 799 1473 -959 981 -595 -425 294 508 -753 235 -1 -72 1469 131 1534 1749 -168 -55 0 575 -12 461 -745 83 114 -689 620 -219 -72 297 -51 330 252 -150 -471 181 446 -743 165 31 -535 -331 -974 1441 461 821 115 -706 450 111 -469 463 -112 38 607 438 -112 740 -484 809 455 -658 179 -388 548 -579 -812 253 -628 393 ]
[-445 -863 1239 -926 270 868 842 -44 -732 -1015 -111 467 1055 172 211 1394 1149 -96 934 -666 -1110 795 -166 630 72 590 -916 30 1111 545 215 35 1137 -216 -603 462 -689 1770 -635 1454 -555 -128 -415 573 220 -1274 215 -1575 -157 448 -539 649 -125 -772 836 666 125 704 -387 -82 -108 265 -14 1064 499 -284 -181 -1142 -663 -439 -1141 847 749 -80 626 958 214 1063 348 -149 416 328 977 -964 -690 -19 -251 -204 -607 -456 -400 637 -647 453 -652 -204 -504 -155 -758 425 113 433 -181 120 536 423 609 -1054 -796 -108 284 885 -53 543 -543 325 -899 -298 -294 324 -629 -63 -1053 15 -673 25 286 -730 319 -760 ]
[486 26 426 240 -517 663 1016 -183 230 515 -511 857 -670 -454 -86 610 73 -432 -956 361 1014 121 415 -70 137 695 -194 -524 -376 581 679 -186 284 743 571 -376 -212 486 634 -491 153 -307 1773 215 -736 -9 707 -5 -288 235 -348 862 -142 352 240 280 314 -323 -588 -793 -205 357 -656 1115 1043 298 -134 -439 -1058 575 -664 181 622 416 -896 989 -1454 -633 707 -190 456 -493 593 -1333 -555 -1344 381 1131 -76 -181 -1146 116 52 -574 443 -453 -1081 293 879 216 766 -825 -191 771 -507 474 -108 -46 105 245 -512 -823 678 146 -469 992 412 458 -144 362 1048 706 286 822 288 70 1231 27 235 483 ]
[-568 -132 684 -117 -1552 49 -562 356 298 -838 -243 995 303 1744 416 327 758 -513 -1101 -577 708 -281 321 -307 606 -304 1096 203 -406 -621 373 -1548 603 609 -122 219 -93 278 -264 727 669 -526 -861 -326 -122 631 -398 -102 -412 82 153 -1236 655 493 -506 1085 -629 -46 -683 274 319 903 523 209 266 44 1946 384 845 218 -458 800 436 -546 428 274 -286 517 1374 -148 -436 -356 -265 -57 -514 60 -879 78 -536 691 329 -1055 763 -821 491 -318 -963 255 -571 -1077 200 406 -227 -207 -119 -924 719 -327 -227 -455 452 516 -887 -130 -283 -744 -373 203 1106 489 515 -27 1170 -168 326 545 -990 259 128 -441 ]
[274 688 666 391 148 -410 -772 467 658 103 -83 -150 646 300 1762 -989 -574 227 -555 -328 870 105 101 -921 -243 -225 1352 314 -1292 -705 457 -160 -1206 305 -237 60 252 -1145 626 -536 -153 500 296 -646 -573 582 -83 1247 -770 -118 671 182 574 -211 -201 -1215 47 -328 1001 -365 -787 -811 -611 -976 -20 -1452 561 -383 678 398 520 -1009 -50 -231 1028 147 653 -148 -755 -701 -194 -535 -1006 -136 -558 234 791 28 585 -1056 -92 432 -64 -662 52 309 495 -199 17 -13 268 -486 127 -453 -949 975 197 1417 -600 -182 -500 -420 153 -352 368 245 771 -133 288 331 448 -988 -765 -928 803 -434 916 68 -592 324 ]
[-965 -311 -515 285 -277 608 -25 -399 178 -258 -797 289 55 1108 287 -290 321 838 327 38 -311 -889 -303 -400 -245 138 637 782 -669 -695 942 324 -186 -250 -778 -160 -766 596 -361 -259 862 -362 450 -1302 -1022 167 379 -827 384 146 520 -887 -646 411 153 1117 -790 -276 663 1400 271 -524 781 616 -449 -597 -462 28 479 -260 461 888 -391 716 -1147 -160 -99 297 -604 461 -754 40 -705 -941 -243 -569 -965 -870 1713 -389 -528 -85 -258 -750 591 143 -25 619 61 99 350 -298 -436 -81 -159 407 679 143 -786 -262 320 209 -63 -869 639 -30 47 52 991 61 415 345 138 -613 -208 -429 369 -89 640 190 ]
[-483 -680 156 -668 445 414 -9 -1103 -1572 -505 -516 -386 -504 62 67 -41 268 -448 -946 158 295 -893 751 -53 869 -234 -627 -782 222 -488 64 -395 -320 -28 -101 -337 -448 -146 -854 1676 343 868 -611 -169 -263 394 682 -51 863 -671 -1285 -855 -973 120 568 1217 286 -329 -505 -1477 809 147 -74 330 -293 392 955 1141 67 -394 836 774 -593 -168 -264 -53 6 429 182 -460 1399 916 910 190 -28 -12 -269 351 -731 -75 666 -967 -312 -440 174 -679 262 -399 544 -426 -165 541 -959 -760 51 293 -539 -1074 -605 316 1101 -420 264 37 -719 18 -1091 216 233 -1221 220 175 327 -765 -778 426 -371 -1760 602 -1098 ]
[583 108 426 -666 380 540 417 51 -274 -87 -209 -1077 507 -546 1018 -19 320 541 -759 -323 -65 668 411 -387 -557 429 -589 -261 -1155 -117 728 702 119 305 -219 -642 -254 380 858 -1110 -999 1529 1228 731 -29 -838 -366 381 -1473 741 24 577 -140 -161 504 -14 -61 -1641 1139 367 233 -541 1 -657 -149 -485 265 -901 -150 83 -51 39 547 -23 67 596 602 109 -1007 404 -316 -550 -355 248 -625 534 43 -226 1163 -1150 61 40 -191 46 270 654 187 -153 -1983 8 339 527 -64 576 -476 787 1360 254 -260 -38 -1265 -224 176 -140 482 -285 -273 -129 119 -530 -271 85 -26 -594 239 -366 507 574 -234 -182 ]
[981 716 105 667 2 392 551 -598 -286 -108 -422 55 179 792 221 248 377 1047 -71 49 399 545 -275 -323 164 79 -1279 -394 400 241 234 97 231 717 -537 38 315 -666 1006 -320 117 -1355 -271 -673 -952 566 -226 -983 53 457 -73 580 590 963 702 -314 -1212 610 -1622 -453 -739 311 246 776 -249 559 -20 -96 -846 677 91 -1591 763 -911 1655 1849 134 666 34 -723 781 -721 -178 -729 908 -1287 219 28 424 -766 132 -28 410 735 207 653 583 18 -821 -893 -705 -1839 -115 650 -104 -49 382 -110 1146 -380 -223 454 525 -173 -1015 785 -180 470 170 -209 402 371 242 -307 -113 -339 1556 269 -343 30 ]
[983 -293 516 291 716 -347 62 426 -119 -363 272 523 739 991 342 -320 114 210 356 1112 -120 611 694 -1376 -675 -738 -64 -295 242 -264 -610 -230 -396 1106 127 41 106 -528 685 -98 339 959 -802 -454 -349 519 -417 618 -713 789 -1278 -195 767 -257 941 -35 -1196 757 -290 -543 -123 175 370 -448 -1348 661 938 -108 -536 524 -194 643 133 -194 23 671 952 516 1727 420 345 10 1329 190 -461 463 247 366 -193 -757 676 680 -527 -309 -297 788 556 156 387 -880 -825 675 -359 43 43 733 -377 -415 366 946 -261 206 38 152 -85 -703 32 -827 1795 -284 481 -439 882 -1067 -111 -1567 -549 -355 -515 -362 ]
[16 -185 472 830 -606 -139 1057 -93 930 192 -238 1072 -534 378 567 475 860 699 168 473 -331 431 337 -968 -147 156 -1183 -311 -944 37 -546 4 -186 -305 -352 111 -152 -522 44 84 -354 -797 357 -1049 638 459 -202 -187 -322 -410 -202 -1097 -405 862 155 1350 24 -648 -630 717 585 890 850 -232 474 -104 1338 -312 362 1187 -725 -14 238 -741 -411 -498 -246 788 807 -879 -97 -822 81 11 -1145 786 -1122 -505 486 -388 173 616 611 -35 -82 103 269 370 -201 -36 1205 504 -772 -1321 275 -783 693 -405 -131 -334 -215 -252 408 643 -539 513 -616 241 130 -168 -328 -777 -333 305 -981 -899 477 1174 -168 -642 ]
[590 237 -408 -214 777 -93 -380 792 -862 -419 60 -1136 471 -223 -81 -631 147 1074 -261 -119 1398 127 197 873 511 -149 -235 937 229 31 -23 -40 -89 -409 163 -425 -253 332 -428 365 1009 1384 705 343 702 -314 459 -1105 -71 819 -650 451 -1581 -184 -709 538 409 572 306 -721 53 -76 -100 -587 -707 561 -865 -349 -482 431 1108 -676 -47 273 480 535 -1 -277 -678 -31 789 141 1153 772 243 -301 162 439 529 581 193 -209 -132 453 -411 -377 -38 -187 -195 248 -980 592 -142 -435 11 526 -815 670 982 342 801 -77 -74 258 518 -840 -842 -188 196 -1384 385 1096 234 770 -105 15 325 -391 231 -117 ]
[-141 78 166 327 65 -259 -843 -866 -955 -182 329 752 -479 -138 -541 1278 -844 -1098 -255 84 -45 -1264 44 402 81 1039 -287 -90 416 -34 488 585 209 733 -555 234 737 356 -471 2033 -606 -79 105 137 -247 399 -686 -504 174 -716 95 -563 541 -107 1139 -339 942 -601 365 264 -980 253 -153 1415 858 -336 -20 -66 78 -936 489 289 -1104 -576 816 21 1087 650 -308 -1002 -734 -9 -341 -557 -844 -290 -907 -378 48 847 117 -457 305 -538 635 -742 112 404 -818 -511 -156 -1435 541 -305 -342 -234 175 124 -1447 -281 -203 98 1510 308 -740 1526 290 -566 -435 563 180 -1110 -38 224 -330 -375 430 -580 -291 -593 ]
[144 -730 863 -211 1187 -892 445 282 -630 -49 -500 -1310 1602 1371 -101 564 689 -559 -265 158 580 -293 -693 -149 599 -262 1233 886 -1627 158 620 -463 764 636 -870 -452 486 -227 861 659 103 -355 -554 -48 -589 462 -975 -179 697 -342 920 435 1383 -793 217 1832 286 -511 -904 399 -916 -983 -598 -114 -884 -269 -533 -455 -342 -306 -1122 1212 -20 26 -455 -609 355 387 925 636 -835 -504 740 249 -891 950 -43 181 -56 -1015 -687 -805 540 -115 -1064 877 -415 145 775 -626 -1117 -230 125 323 515 700 -445 -144 821 -696 340 -604 899 424 330 646 135 -301 1195 361 492 -1132 526 -922 208 -932 68 -812 155 343 ]
[307 -235 -396 714 -101 -469 536 742 -159 -326 290 1014 588 -602 -508 -476 -195 -987 -155 -301 -800 1144 265 -490 -565 129 632 72 -403 -216 435 276 -154 -388 -345 311 -608 -237 -301 -400 147 -981 -321 -46 841 -210 -869 903 -158 -597 61 -190 724 -120 -1455 -753 217 713 502 705 1117 -496 -665 46 777 -454 588 276 233 1114 -875 -167 -171 -110 240 41 138 -75 -222 1201 -30 -318 -1030 178 -576 531 616 -171 -850 30 961 455 1133 785 -755 12 437 -51 -584 -196 -11 -853 251 126 635 -1384 -186 -682 -112 -574 -601 -495 -772 254 116 86 466 -319 -1286 77 -779 -1460 -996 720 -90 434 -118 1436 -538 771 ]
[232 -1044 927 -204 -723 905 2163 435 -561 -1535 -434 40 739 428 -341 635 474 -1131 -187 49 -715 -1046 234 -81 456 215 340 -249 170 -352 454 236 653 -738 -422 160 -994 1006 -1410 -622 1028 -223 438 825 -199 -1315 1166 -116 509 841 -62 1103 -1146 -420 1445 302 -259 607 253 -1376 518 199 70 978 -143 568 -225 110 -948 178 -1080 324 384 -146 821 465 -557 -109 947 -427 639 1170 -109 129 -226 -340 -372 348 -57 -551 -1148 568 -487 540 -107 257 323 693 722 -105 874 855 -198 -148 601 530 350 -252 -176 1087 1011 -253 -388 561 -519 -875 -2100 1242 497 -426 231 259 -1303 1417 -583 485 -182 -300 86 274 ]
[387 -432 -46 -290 238 -2094 -589 172 -199 241 530 66 467 -463 -293 -999 -1028 14 -47 -410 -29 327 -222 -334 -815 -43 46 686 353 -210 -235 21 -1148 -141 -542 350 924 -1058 -1313 594 -658 -650 -37 884 498 101 -1795 895 -395 -266 -563 -399 1010 71 -1296 -107 127 -193 290 395 964 -886 86 -481 -991 -161 410 662 398 718 -170 -95 -481 -26 -317 5 321 226 -720 1513 -809 858 -1120 129 668 800 92 -880 -696 677 916 148 1010 844 -252 -154 351 750 -1838 -339 -488 25 33 182 -72 -847 -1537 957 -501 90 909 -66 526 221 -123 641 1228 422 -1443 -731 -489 -738 -279 -583 -71 1067 -1644 -49 -6 586 ]
[-600 -698 -703 70 149 172 202 -208 -453 -513 225 773 -388 -403 -1855 942 736 -807 509 728 -849 -409 302 718 -166 -105 -778 -753 -330 -9 -1 -296 96 -854 411 -763 92 200 -1177 1287 171 -488 -11 -228 112 -215 109 -1264 810 -356 -134 -74 -79 -86 555 710 -90 866 -1280 394 945 -148 -71 741 -201 1228 70 423 -429 205 -490 359 -531 34 -110 -383 -480 554 546 0 346 -623 666 905 -70 7 -984 341 -421 -47 1111 535 208 890 -279 -1122 -305 485 733 142 -162 1284 120 -133 1301 -1126 -324 -658 526 -58 784 -278 379 740 -342 535 -222 -864 -181 442 -121 252 -364 325 -1266 -397 -547 181 426 -568 ]
[981 -10 -720 -745 1189 -299 -499 -280 -991 -310 -308 -517 886 1065 960 -431 -1347 -217 363 239 -710 -651 -364 -567 -528 -366 -27 22 764 675 555 1221 -1409 -209 -143 -187 109 415 314 13 318 -270 -194 -1123 -1203 456 -298 408 853 -615 201 488 1106 390 645 -266 -794 254 123 -584 579 -390 -30 706 -825 -46 -161 -374 267 1022 495 -194 643 1303 798 372 -56 67 -7 88 -178 380 402 -303 521 335 110 -310 748 -29 1296 193 -684 -255 269 16 563 335 -496 -906 429 -92 -590 344 358 332 -385 475 -286 38 -1212 -917 587 1468 -593 474 1130 198 206 -560 -391 -994 -623 652 -262 -472 -107 -732 289 404 ]
[217 814 -517 -631 -190 -627 -743 381 756 356 296 -817 626 126 -346 -209 679 325 -129 -307 559 195 589 -474 -70 -836 129 -558 835 -896 -273 -1279 -280 -842 25 -456 666 -173 393 -164 -77 337 -537 867 -549 1020 -462 1119 -252 -673 -935 43 -600 -23 393 -925 -1255 -327 312 630 -419 -1770 -351 -95 -334 0 -420 -936 485 -253 373 388 -538 -379 -241 1171 63 490 -809 -470 -583 -326 416 42 410 450 1089 -45 -1247 -653 -74 -197 -333 121 -4 767 -111 694 -1478 126 -509 -329 296 1095 -988 -458 -92 154 195 -463 -195 -569 78 -371 1189 335 -173 285 408 -4 332 -1 307 -986 23 -938 600 954 -287 177 ]
[150 215 1510 239 -27 -163 -154 552 -813 -323 748 -624 -251 -620 -196 330 2 227 1137 -165 -442 593 -510 381 -827 323 504 294 425 -12 2 -304 -612 -1106 258 58 -534 -784 901 -666 -800 -315 -382 902 404 -576 -271 -159 -785 135 -734 444 663 619 -7 -273 265 -645 -305 -1250 -426 264 71 -73 1015 299 -718 -164 -84 58 -307 -1298 331 -178 978 684 45 432 -120 593 -385 -1004 233 1641 -938 618 710 501 109 422 561 1085 -557 -536 -481 730 -373 103 -251 267 317 -380 752 -610 713 -137 133 -124 278 253 -1142 -157 607 -194 -242 -642 506 -633 -690 519 -260 -350 -443 113 305 -452 -42 489 367 50 ]
[-157 -404 899 -237 -950 -475 1099 88 1269 -875 160 1709 -52 855 1400 -614 -1210 -232 -778 -787 840 283 549 -709 -426 869 511 174 -781 -688 172 1335 231 -12 -1097 34 343 -209 -1607 -575 -87 -15 1018 329 597 -369 680 -404 669 240 226 -687 -618 568 776 -312 884 836 94 -864 645 -299 555 -225 -79 -1225 1220 396 -37 65 -459 -35 468 -849 16 333 -212 144 -267 -306 -340 748 -1365 -1395 -288 -771 -441 138 311 38 -989 147 196 -56 653 -211 734 444 -292 119 259 566 -386 -1191 -905 960 345 -249 -1164 981 718 842 653 381 1136 431 -794 1189 84 139 1131 -191 -403 -36 137 391 -197 -510 794 684 ]
[845 44 573 -510 269 121 178 294 8 399 535 -717 -303 -241 -1128 -725 652 52 235 694 -543 326 -832 650 -787 -882 1279 -82 36 473 92 -879 -390 -356 -50 -1027 -467 -739 245 184 1124 889 417 779 -54 22 -434 72 -1185 -410 -735 -505 530 1057 68 527 697 285 91 -682 -928 -331 459 338 -412 421 -301 69 397 -5 -920 387 128 76 286 521 361 -238 1063 192 355 -125 1585 1758 27 -202 1070 -439 505 -746 1136 -375 -936 546 -531 -273 -515 131 -656 -34 -318 -50 615 299 328 -1458 -533 889 1795 484 362 84 604 235 -685 235 1196 -577 -487 243 430 67 480 -687 187 -1294 -940 245 -440 -669 ]
[-1031 126 969 1725 74 491 -749 -114 50 1098 -713 544 -391 189 -28 -467 -28 109 -163 -241 -210 -49 273 -333 22 235 1586 175 -1035 80 -350 -1288 -1593 -156 696 13 -710 -190 272 928 162 -343 289 -1036 91 1074 855 677 -606 -798 -421 -1586 -870 521 -993 -132 447 -470 238 286 -853 -349 -866 487 1171 320 -196 378 712 428 347 -567 2 -430 80 -696 -361 -291 -517 430 -659 -1236 -215 -412 -917 -316 218 921 350 -196 478 131 481 -1339 409 -976 467 525 634 -223 189 -807 -80 -748 -115 -748 -9 976 -820 -164 -393 -1316 -420 -572 39 -212 544 -310 270 857 630 -105 -159 161 -94 118 625 798 -492 620 ]
[-212 1152 -327 -1167 -991 -446 931 583 923 529 346 89 -645 -478 -40 -201 -86 -72 370 -724 -55 -478 -341 822 244 -198 778 26 599 571 768 -800 -405 -294 887 -416 -675 732 -314 -952 -255 -792 -28 55 433 -385 514 846 -5 -671 -200 599 92 683 -439 -729 -188 1199 -98 -384 -2 -404 -30 136 255 4 -629 -219 -122 449 -154 -280 -485 45 348 384 -402 -644 -461 -408 207 219 -239 -228 430 -1010 494 -187 -291 -1323 -186 180 171 -677 160 -484 -894 -206 -405 340 199 -1211 33 539 -506 -1015 203 281 400 -116 109 765 -81 -54 23 560 518 667 -1641 997 -27 439 -999 1010 309 360 6 3 590 301 ]
[622 -24 1673 -937 800 334 1006 282 -652 202 -390 480 -373 102 124 -331 1383 447 21 138 -689 -876 1288 -437 997 -635 -113 80 -9 -709 186 -168 341 -72 -544 -421 -1004 -134 826 -446 371 -889 609 470 622 -627 971 -90 -966 541 -735 406 66 752 1826 568 -165 -590 -670 -293 -940 -47 526 87 327 -331 659 -521 -111 625 104 -296 319 -791 -54 401 465 100 -316 -875 -436 217 113 253 -242 647 173 50 703 225 64 656 -776 -717 852 -281 234 382 -795 668 399 436 305 61 61 1085 132 216 83 347 -703 -363 590 39 -760 -609 -456 227 503 393 -49 -1129 327 267 -1104 -505 542 -78 -539 410 ]
[10 -1162 -5 49 809 790 -259 369 -1468 1205 -320 -501 -276 -397 755 199 -337 904 221 -1118 103 655 -707 -299 294 -670 -86 127 307 176 -186 279 -753 -152 1464 -246 -1027 507 802 -843 -624 597 -656 -250 -529 234 407 -313 1042 12 -142 -515 423 -1452 -407 322 347 -219 -670 39 -241 808 17 1354 -234 98 -534 862 -871 724 100 -219 790 -581 152 -438 -165 -601 -257 -691 -117 -251 -245 -59 -990 -421 -345 1743 945 -687 -228 839 -12 -1054 -740 243 998 -61 -1028 -268 -607 91 -196 -699 -60 389 -442 -1192 -427 -460 -1058 689 610 -410 -719 -345 533 -716 587 -11 475 38 -137 107 -486 134 272 171 -874 639 ]
[-32 -188 -318 657 -2 713 -77 -253 12 -829 -395 415 297 -133 -365 -194 922 29 -578 1126 -1381 -578 -1 224 250 693 1275 -256 -470 46 -389 -509 1363 211 434 -1296 -987 1120 -89 -801 1938 -93 839 183 -708 350 653 -278 -535 -22 501 -394 -1357 -957 -131 -557 -572 -751 901 940 52 -476 -372 672 323 -287 -722 282 -997 -1202 690 192 -236 -242 -1151 -255 291 -810 -617 -86 -396 146 -370 -415 180 -742 -507 1221 -610 -100 -550 -225 254 402 55 -232 -260 1741 1606 627 1020 772 1171 92 -477 570 -552 183 -188 -117 244 151 -1624 -762 230 -1197 -935 317 939 329 330 299 806 959 140 -844 1427 18 369 976 ]
[-306 -161 -196 887 -1119 -8 -184 -661 1213 602 -191 167 -554 274 247 221 -343 424 570 225 336 107 84 -523 246 -688 134 56 -328 2 -238 -411 49 725 545 208 311 -286 -381 1226 19 249 724 -476 -633 1481 -1110 -202 181 -112 -829 -1570 -257 273 -230 861 524 -241 870 829 -611 -499 47 247 -98 209 -531 -791 647 -618 -154 -75 -611 -65 -1246 -475 61 -32 379 -462 -134 -253 523 -271 -650 -811 -822 657 498 410 -899 6 799 -369 298 -481 347 890 13 -953 -372 -1889 668 -1131 -641 -662 -96 537 -936 -1017 94 25 625 -496 -167 490 429 -409 984 -170 34 104 218 -123 -579 -702 -206 524 269 -659 ]
[-117 -131 -242 383 395 325 -838 692 205 459 -257 -739 -731 175 -150 -50 212 -739 807 117 372 866 -102 517 445 379 1267 108 -421 -407 -785 618 -668 -719 466 148 -390 437 675 -965 216 852 -325 -820 -301 -1 -447 668 561 -265 -100 -565 -329 -430 -1339 458 991 -861 472 2146 -478 420 -668 -356 -178 659 -1564 531 520 50 -177 702 522 624 -923 -704 258 -602 557 1037 -1140 -292 1129 999 -1667 204 83 64 319 83 -198 150 400 -634 -492 212 968 3 81 -204 -393 -365 -51 108 1037 -665 368 -374 -322 -478 -1295 -3 -108 -1233 48 -817 72 -1372 30 430 87 575 537 592 398 -616 -340 126 -260 271 ]
[865 315 -151 618 1031 234 -193 -320 -427 143 582 907 502 -34 -1064 -745 80 365 598 -103 -1513 505 -1154 667 -389 -248 -1461 -611 1391 1169 -1030 -855 293 -487 -28 -224 -34 455 55 63 308 148 -682 -915 5 342 -433 -704 -545 217 -255 -119 612 -1539 331 -532 -488 -415 338 1526 -71 470 -119 1015 1083 418 1157 492 -487 -150 500 -285 -726 -427 1104 -143 122 650 -36 558 211 -437 172 651 564 713 -380 343 -78 278 -98 372 794 106 191 228 113 774 911 647 1088 903 49 -822 -480 -709 470 -593 596 26 -298 300 -1103 707 -751 648 -15 -1011 173 368 -20 -1487 615 549 -397 633 422 594 -687 -536 ]
[-226 -311 561 320 -796 826 -438 -1341 -623 360 -858 -42 -660 -549 682 -171 -562 -459 -802 -150 -453 225 -86 -828 -627 139 -1520 20 -1022 -625 -325 24 -40 -324 -63 428 278 -745 714 804 -903 236 454 695 815 947 -9 17 -116 -426 834 -812 129 679 -377 780 -207 -2180 -401 394 534 -385 1128 292 1172 236 948 753 350 -914 -273 704 -186 69 -12 -1936 -364 -689 -550 122 802 110 -291 470 -705 653 -575 341 353 1223 340 466 302 -437 1118 -629 147 -358 -171 -248 1097 587 56 -757 317 -345 428 -66 -1010 -771 -413 -653 -2 -206 -530 -898 51 -151 -242 -184 -283 -243 759 58 -481 773 -473 723 288 101 ]
[-309 -120 733 31 -795 829 275 178 349 -543 -206 164 -217 1194 -238 998 -107 -971 -328 -761 -84 -656 257 -291 -157 1728 -378 205 -858 -691 247 -298 -576 -572 -1418 105 115 -91 781 -197 -1517 252 79 713 1229 124 284 271 -285 -172 770 -526 73 955 841 880 263 -1189 -255 1 1906 -283 765 -407 366 -554 1006 -806 833 -885 -458 1391 526 -286 474 -989 -669 -163 -22 1422 -445 -830 -348 1025 -676 736 -798 -1214 -501 327 -193 481 63 -461 1056 721 -766 65 -702 62 1290 418 -895 89 572 -614 696 -923 -959 490 -190 200 -462 -725 1367 359 -69 681 -254 371 716 25 -303 -17 258 683 -1147 317 600 -133 ]
[-204 -369 -1590 -316 -372 658 -113 837 761 -725 -333 -734 -805 377 -131 -550 -162 166 541 643 -60 200 314 -861 -1119 -275 921 -412 -304 -370 258 456 -443 309 519 818 -409 657 497 222 494 628 192 -611 -909 718 -344 55 -51 449 894 -69 -44 448 259 -770 317 343 316 943 264 -231 49 -238 -849 456 -1254 498 -35 607 200 -33 1257 968 -919 1012 219 -40 269 -1019 346 -284 -70 383 -396 -345 -1129 -401 133 17 171 16 -644 402 -402 -379 877 -397 -532 -2310 -38 -1131 241 440 -774 -343 -443 643 -95 17 311 162 86 -687 -782 -976 542 -42 638 410 -452 592 -12 835 164 -1379 -338 363 -615 541 ]
[-707 216 -740 -581 -1589 76 -1107 -429 -160 -130 370 -182 -196 -386 -79 -630 -657 439 -1289 335 133 -521 -916 -417 -998 -397 547 121 -490 -36 653 717 947 1253 697 -158 -67 -569 -213 -62 737 -742 -623 822 -610 686 -901 138 -319 -651 636 -734 351 454 -119 -914 -88 -359 -229 -940 -111 -1659 375 835 14 256 -701 1026 -383 -255 747 -2 -869 -111 -520 229 485 452 64 -1608 408 -8 -567 -409 868 -612 -619 415 -248 -406 433 -797 122 564 13 -199 351 382 -1038 -1398 -305 -1960 945 -273 -1455 -821 -468 494 -12 -847 316 198 189 29 -110 -648 -636 679 -279 -453 -190 808 171 -563 299 344 235 -115 -180 92 ]
[1162 410 -296 -386 -82 -127 592 824 855 503 390 39 636 -440 -832 -1375 712 1654 -540 -1175 394 -140 -885 1001 478 359 812 477 79 369 650 -643 -452 -864 -2 324 -886 283 -656 -1906 995 467 638 -727 71 -1258 -63 -83 -809 466 -500 303 -1160 -841 -94 315 -608 -681 1348 461 614 -490 -91 -266 -162 -753 -79 247 -524 579 1069 -221 1 576 -314 341 65 272 -122 758 -855 -347 -379 -318 545 377 581 -334 186 -1124 -1342 -685 724 -151 552 596 -672 1027 43 502 619 94 493 -269 -1031 748 207 -447 307 -9 965 -194 -1032 -177 919 290 -600 399 -145 -584 185 156 -102 320 503 1215 522 106 129 352 ]
[1433 279 -705 -721 -721 117 -191 -138 551 -138 447 -253 -34 -181 -1239 -138 -897 -1158 -674 835 -687 -134 1265 -122 -731 -165 -133 121 -537 -92 385 -592 790 198 1118 -558 978 -475 1271 -155 1060 526 -527 1197 -1008 1804 -111 753 327 -420 -297 -319 969 69 723 -1400 -79 400 249 759 -440 -1742 -349 72 68 -353 94 245 31 -354 -94 172 -255 -40 -237 229 -69 -644 448 -608 653 1302 1228 1155 169 -479 -380 529 -1282 -1188 -481 -1454 55 -428 142 -90 509 -184 368 -682 -84 -566 1058 -603 -1859 -212 -739 -4 270 654 213 -108 -802 230 -776 516 1009 281 -474 526 -542 -539 31 51 297 944 448 -765 353 861 ]
[731 -823 -697 -1255 484 -263 378 -387 -386 530 249 -840 -813 153 159 -229 260 291 -1068 114 346 388 774 530 790 190 89 819 -676 -473 473 741 -845 -128 805 -199 -785 -642 791 -1190 -125 -548 193 -90 898 -747 161 299 119 181 -1039 553 49 -42 232 434 -324 -745 -1147 -519 879 96 0 -1596 -900 164 -325 -365 -262 -105 607 -27 -301 -552 -1314 -375 533 364 -150 1037 -490 -229 167 214 -237 1011 -711 -284 69 -306 430 -53 97 -950 -150 694 -589 190 -423 868 383 543 -294 856 -305 1317 -436 -626 -437 -842 -936 269 111 -154 793 183 -389 -405 -3 -1136 56 352 -392 -5 -394 224 -109 -1676 755 -467 ]
[-538 48 -854 -579 60 597 356 -979 203 1092 -413 196 -657 -877 -847 371 663 487 627 383 -1199 -813 -309 265 590 -275 562 650 357 663 -155 -660 -784 -543 1390 186 -460 -219 867 -485 211 -309 179 -1041 252 -107 915 772 198 1150 61 -45 -218 -9 193 -27 -28 -187 43 494 330 -64 434 -89 58 88 118 -652 399 -247 393 351 -190 671 -1518 -707 -325 106 -8 682 -1229 -1070 -823 484 5 255 -437 616 108 -101 284 245 -327 -941 663 -300 -673 1069 2040 152 923 -157 165 372 382 -19 382 488 449 -754 -680 -194 -1306 -556 94 -440 634 88 827 560 1015 -298 625 558 138 280 -492 -233 -492 377 ]
[-999 -699 284 -766 -449 778 307 11 16 -368 -1150 -9 -1128 -569 453 586 455 -891 780 -384 -259 -1176 -502 -289 -1337 262 -485 -1070 534 -490 53 544 1009 -84 -649 -106 -56 1314 -1255 1464 324 -918 305 -424 -353 -344 -306 239 726 170 858 -300 -587 347 348 377 -150 -19 -391 110 -7 101 983 1105 639 1432 416 185 -56 -100 -40 194 -54 625 -177 -93 162 687 -604 -1582 1082 -62 -697 -831 -235 -32 -1118 -282 349 637 -194 822 -200 -195 871 -645 306 1058 42 -918 197 436 -577 270 565 -596 486 6 -233 -649 -167 -359 1250 745 -613 -184 -117 -73 949 435 -1066 413 -75 -441 -1075 -561 -437 438 97 -304 ]
[-595 450 232 382 -198 -430 573 55 1084 -293 -1336 -218 304 970 1439 -1124 -550 -587 470 -911 -406 -2 -569 -317 -598 -608 536 -842 -1404 -149 -205 -921 -328 -638 -729 420 -66 -117 176 27 -216 -685 178 -644 -809 1481 197 1040 677 -1591 1636 -740 1308 -268 -739 -457 265 -2 -149 -286 388 -355 59 -107 353 -256 808 290 -265 396 -1068 -119 879 -729 585 -954 -812 -540 630 294 606 -291 -1220 467 -575 130 50 -544 -229 -1564 278 -163 993 -754 -700 -468 340 612 -754 -647 -387 651 -701 -137 1030 -1108 8 1309 -13 -300 -650 -447 -576 868 997 284 582 480 -487 1330 -127 -554 -661 -286 -132 -368 -914 856 -468 935 ]
[50 336 -694 -233 258 -1470 347 379 -261 -520 400 -1039 -172 275 -541 -392 -28 -376 226 1435 -72 -490 801 -96 -408 -997 248 -629 848 -158 527 70 -1075 -367 556 478 -286 322 -69 -615 1082 -222 422 -627 -492 530 206 958 769 -75 -48 924 -368 -176 638 -709 -1004 1235 750 -513 102 52 29 -1371 -926 625 -1255 -190 -261 628 234 256 46 201 -535 1555 -24 200 576 -636 125 1120 -565 -226 -53 -606 1128 -1458 -78 -190 679 -717 -468 -318 161 -89 575 -561 297 -784 -1099 -753 -287 430 -347 -430 -544 339 -49 -167 937 -736 777 -490 71 -175 26 279 466 -415 144 986 257 113 125 -472 -606 -505 -428 58 ]
[55 211 166 637 -546 -649 81 972 -1063 -575 978 -678 897 -634 -1337 586 -296 -949 361 -265 656 750 -392 854 -402 582 236 1113 976 -466 34 -146 477 -6 37 357 443 560 -620 338 474 200 195 113 -371 -38 367 746 -88 75 -754 84 -469 -1758 -470 -134 -4 399 1997 172 -592 353 82 693 127 1051 -92 -750 32 465 -257 -594 -1008 -688 1130 834 -243 698 -566 439 127 -839 -1313 828 22 150 38 -397 -569 -632 -642 89 1471 -797 -693 608 -654 713 376 197 -512 633 -304 218 304 207 194 -465 -335 188 687 176 94 812 121 594 -273 -360 64 -600 456 -627 -579 -387 550 964 644 -602 -273 57 ]
[541 212 -93 -145 -142 -839 367 461 322 -37 -429 99 89 -837 -747 65 618 688 -41 -389 -1032 -507 -1213 -362 -389 32 344 -356 1518 -98 -807 -690 106 45 -18 -55 206 259 -718 634 -391 -364 785 426 94 497 -1370 747 -280 -435 -586 -247 -552 -702 -240 33 148 -742 378 751 -200 -1040 798 158 176 830 531 -872 28 -449 -264 -134 -391 31 -564 1132 377 275 -381 252 -592 -562 -607 33 642 122 186 -1140 -1021 -335 87 489 -27 849 673 56 -392 2038 -1165 617 74 -194 118 727 -201 -1751 -1113 437 309 -901 196 -1 -266 158 345 517 360 -266 389 563 -222 -652 169 681 -892 -1197 -18 733 117 -379 ]
[370 21 1635 -672 -92 37 -873 -336 -702 -170 545 -328 441 1071 -228 -330 321 -354 -606 372 -387 -486 371 -643 -556 414 768 730 -1013 -169 307 449 -396 -192 -288 -110 -271 -714 962 -489 -1006 70 -457 1107 2116 -1043 560 253 -1340 702 1041 1116 202 797 657 -445 415 -1377 -1040 -449 573 -546 1316 -1663 160 -307 654 -223 -124 -773 45 396 493 -37 331 -1715 551 171 681 134 -656 435 4 920 -694 1526 -329 -640 560 2188 535 -98 -482 -179 -379 452 317 -825 -386 76 2186 473 460 -290 -151 804 563 99 -700 -676 -359 -221 -85 -1566 -149 -1291 -402 951 -66 -137 787 -77 293 870 428 628 -961 330 359 318 ]
[338 180 20 -337 -1587 204 882 -263 752 -623 -520 531 -387 -473 -248 -227 269 -72 -877 -974 -287 1119 385 141 397 717 630 513 -762 497 1347 -1030 391 151 101 258 -412 129 -362 -197 -1105 -844 457 808 861 -1332 179 107 -695 911 -6 359 43 247 -776 198 -277 298 237 190 201 516 875 -616 -95 862 -1091 108 -231 594 -1119 -307 303 562 -811 -154 156 206 429 738 -25 185 -1024 -341 -46 -422 -509 886 -410 -566 -147 908 1035 930 143 -921 -222 -89 236 -105 807 -318 1241 -288 144 1 201 516 617 679 847 136 18 -232 -331 -527 593 3 -1048 -141 -73 735 -216 2022 848 475 -1006 -367 258 1303 ]
[13 -293 292 -98 -361 413 415 -77 -335 -788 -805 448 287 -575 -759 478 -592 -326 -951 125 -1300 296 -206 -449 -990 981 -131 -730 54 699 -127 -553 -597 -411 192 -547 185 -268 -233 515 463 -418 174 1342 -91 954 -166 -510 -639 -339 -631 -555 -495 -708 185 -1126 260 139 558 -1320 1050 -931 -699 222 938 -400 -102 -574 -917 -300 348 -491 477 -781 1128 775 756 329 -836 -191 1031 -261 120 293 -663 -644 575 355 -1665 -317 -70 456 736 187 786 -864 183 879 -610 -136 361 -509 879 -661 -368 -619 -1029 67 -927 -416 276 -502 -499 144 -201 -116 -199 343 -580 286 -321 374 22 1171 -167 76 548 -49 -473 -226 ]
[-653 -344 -113 -371 58 -1473 -270 -552 180 976 24 -573 667 -359 127 192 -648 334 209 -84 455 7 -172 -174 -277 146 -1217 -1218 455 585 -1339 223 -101 168 -141 -395 1791 -71 -311 -27 -890 1077 -174 -533 335 1103 -357 -177 1029 -559 925 98 -340 -1152 963 -452 708 282 -994 -421 -1085 -1234 -539 128 -327 -96 113 221 -628 -365 -617 -383 -421 -596 345 25 58 884 390 43 -747 -50 276 -1207 678 29 286 -273 8 -481 -707 -431 553 -367 -811 1167 390 674 -188 492 -691 1914 19 338 -405 115 -47 -168 417 295 -27 414 1558 -210 327 990 1073 174 553 467 349 -66 444 -1172 545 -979 574 -310 383 -638 ]
[-357 853 -871 622 -1405 1817 -930 -301 43 -1237 -500 72 -66 1196 703 245 569 434 1114 -71 -1545 691 720 290 -113 59 -61 -82 -400 -116 469 -915 373 -247 -19 861 -855 645 415 295 238 -497 -191 -1016 675 -145 -128 -478 -254 204 658 -584 309 829 1283 -225 -1635 768 615 472 1015 356 -336 -958 20 -278 -771 450 -14 -735 89 1114 370 -646 1212 -634 1340 -9 896 182 1329 433 744 1015 -785 -378 -1412 151 136 37 442 63 700 -134 31 -1199 357 1143 -811 -631 614 -976 -261 -352 423 205 676 887 -242 -45 -463 704 -461 -658 -53 -1032 -180 -697 -1104 671 34 1101 -131 850 -356 -436 -762 -483 -283 214 ]
[-241 -24 -292 557 589 -762 -151 -1223 -577 520 -642 171 709 -150 360 790 684 1355 56 -297 384 87 -522 144 871 -229 -1519 641 1119 1320 -587 -288 -350 146 868 -629 1004 275 -936 384 -45 -427 333 -1341 -116 -236 -809 482 403 -94 -1536 34 118 -875 -1532 861 -854 -129 -651 609 -57 949 -90 629 204 -342 594 49 130 525 443 -662 -687 89 -1044 -103 -534 -424 -239 605 -240 351 466 -699 649 -748 867 447 -57 616 -101 375 1109 -17 114 -485 -999 721 271 1613 -472 386 -1160 -227 600 46 -214 -164 369 -873 -169 212 455 676 -854 769 782 -281 340 -641 -219 -630 519 747 -1340 -67 333 62 88 -858 ]
[790 -198 -22 45 -51 -1650 -105 613 98 296 653 -296 794 -466 -899 211 -237 800 -17 1326 -754 1202 -439 -928 -1269 -605 965 478 83 367 240 918 -817 551 365 -1021 193 -660 -84 -274 473 -226 637 -566 -353 -241 -36 246 324 517 -104 1221 -466 -274 -246 -728 -680 1690 252 -494 533 -98 684 117 -1291 274 -410 -688 -63 583 -989 -18 649 930 341 1873 -177 941 6 -94 -199 -316 -384 -325 383 80 1190 -838 184 -125 894 222 -913 857 119 115 -205 -416 505 534 -1011 -1178 756 163 -549 -603 -9 -541 246 -280 543 -562 493 -554 -30 750 690 -30 475 -218 827 460 97 -105 603 -852 -337 1110 151 231 ]
[-611 -938 258 -749 69 1478 1279 513 316 -965 -843 141 237 74 605 318 431 -228 -926 652 -330 -95 36 -564 -499 912 73 -1562 -1093 134 477 780 234 731 -1249 47 -781 864 -770 -296 409 918 142 65 421 -1261 -340 11 -242 579 -519 233 -473 262 1031 453 430 305 1471 -887 1485 3 -151 -801 -238 -368 -311 367 -371 131 255 1281 1439 92 -296 -48 985 76 -270 660 748 548 162 -254 -961 -177 47 -179 232 -623 143 72 -44 121 1076 360 881 -740 350 -961 301 -876 -495 -283 -128 549 632 -576 225 851 -68 426 -159 -526 244 -1154 -1293 454 128 -514 -60 884 690 76 576 -553 -1042 -468 -1338 -308 ]
[-1212 33 606 785 -325 -883 291 -1313 52 378 -14 196 -254 235 492 95 -921 -454 -182 563 276 -13 -84 -1016 -684 -649 -371 -318 37 434 -771 582 -17 483 309 34 1017 -539 -618 -110 -537 -977 299 -483 -506 569 352 1052 294 672 765 -219 145 458 -220 -533 78 250 -340 -1274 -114 -1012 480 -789 23 930 -227 -311 134 312 -253 -883 -601 381 -915 -737 -662 395 862 -633 106 -241 -1636 -1236 1309 196 -721 -87 -352 437 -386 615 -187 -415 -215 826 -132 -468 1891 -726 651 471 -53 -484 -264 769 -841 624 -821 -300 910 -70 955 -309 326 189 859 392 1057 -812 507 364 376 -131 147 563 82 271 488 309 ]
[-281 156 -454 -471 -27 163 236 423 304 554 653 -575 -1117 -134 -1020 110 1260 -59 -167 943 319 -824 -449 701 -102 -270 372 114 -736 6 244 407 905 42 530 58 -42 737 194 -313 1045 643 568 611 -360 242 101 647 -25 -87 994 -600 -536 323 430 -117 -61 283 432 602 -1199 -585 -25 -463 311 -64 -413 -159 423 -668 -167 -204 -441 84 -1692 38 335 -231 482 -915 -89 -16 -95 -184 -183 149 107 -688 582 -1175 -690 -1078 -549 -347 353 -182 -736 -928 538 -123 -1129 -558 52 -264 -1104 -248 389 231 1281 -189 601 -214 -5 112 737 -101 -431 82 1220 88 -548 552 317 -998 -471 -429 -347 -348 -327 -616 ]
[-298 -327 1311 -957 -949 -628 -59 365 -333 -242 -70 347 949 1062 131 -96 343 -219 -444 -722 -199 273 592 16 606 -479 176 300 9 -616 398 -528 1089 80 -496 -272 -388 -653 -23 176 -56 -1059 -691 810 691 7 200 -750 1222 -636 1171 1144 1178 -1238 1728 167 -516 430 -1022 -1099 -225 152 -951 86 -58 -357 296 599 -180 -46 -1025 305 254 -1370 1155 840 -99 447 -69 -514 1073 334 -619 34 75 658 -853 464 -140 196 -445 5 549 -399 -203 -1112 -946 417 556 901 168 -125 125 -646 -601 802 -351 -382 -310 -480 -190 -98 850 728 649 539 -793 575 -661 230 513 133 -789 -1157 -105 420 -453 -877 300 -610 ]
[70 503 -329 82 -165 516 -710 37 1234 186 102 -406 -188 -461 -1255 -742 727 744 -436 -409 -210 480 -65 50 -193 -505 -363 -292 -1069 -309 442 -237 -756 -949 571 576 -66 -258 386 -261 -371 240 -765 -132 931 -70 -332 -390 -605 -422 493 576 462 145 -496 -55 100 156 -1071 564 -626 407 369 -986 1445 136 655 -242 539 920 -1193 -1502 550 213 986 -98 -1203 -456 708 114 1079 -840 722 638 -145 1069 151 -753 650 140 -161 -443 -217 -1 401 565 -609 -1625 68 612 -150 547 -521 -752 -100 -1000 1278 -1465 944 -572 -95 -821 -457 -518 -965 -767 -185 -137 579 -88 -1076 6 -969 95 50 860 434 1154 269 -366 ]
[-169 394 -168 82 478 987 -802 -922 169 -6 -628 -533 484 1331 -144 215 30 -244 -187 -454 81 -198 -473 209 -253 787 -190 -420 -913 358 97 -300 -56 -52 277 -1079 -190 892 50 316 -443 3 -219 -262 1114 209 -160 434 731 -634 -439 -473 -678 998 -392 954 -1624 -760 24 344 1949 -446 276 -387 -137 991 -752 -8 -95 -1040 613 819 293 981 -384 -1969 -626 -167 459 407 627 -350 726 602 -178 604 -808 518 -767 1081 -177 378 -527 377 554 -91 -638 -124 239 -727 1167 346 5 -305 134 616 -215 -102 -126 -3 150 -1011 -346 394 847 -129 -327 395 766 -552 103 520 618 1128 394 7 -629 1041 890 1003 ]
[-243 99 -822 -703 1713 667 -377 343 -560 -591 -7 -753 838 438 528 31 121 -173 -216 395 309 -798 214 -54 53 454 -1311 -802 612 410 -57 259 -629 613 -631 486 671 1401 -9 434 -652 1303 -1047 558 -64 463 -366 -1128 479 303 254 1017 -105 146 1151 270 -990 70 -276 -289 948 -1067 -390 -594 -894 -222 -661 -83 -371 -577 814 1360 550 173 -183 40 178 -423 -468 -286 -365 257 1233 -739 -880 279 109 -934 526 -223 178 -712 -1132 -33 44 1045 721 -1326 -404 -1045 -706 -859 -627 1148 68 529 256 -1163 219 -326 -327 -197 -248 -689 296 -402 -838 -93 972 -123 -791 793 903 -849 -23 543 874 -103 -256 -75 ]
[754 327 -451 811 -73 1192 585 830 -122 -219 515 -479 47 411 220 4 -1337 200 648 -944 526 -124 426 877 92 53 -583 391 17 27 1216 -394 -317 -1189 -227 1679 -697 -637 910 -485 -911 -341 862 238 37 -281 717 -572 -62 186 -986 -461 -638 -135 623 -468 36 565 93 -1101 396 977 -431 -550 84 308 -575 -972 -735 901 596 -288 -331 -1018 1561 78 168 228 582 153 -108 -175 -39 860 -557 -33 -390 140 42 -428 -1215 -42 645 -418 -1069 58 434 356 -1677 -116 80 187 -443 433 317 577 797 -250 -482 425 -211 255 590 1029 699 91 -1000 116 -1097 -636 232 -121 -2255 1452 18 350 -44 -82 -498 -179 ]
[466 114 -941 -560 -704 -361 -1393 -332 -423 -493 1051 -652 -62 512 -952 116 1059 345 -380 285 -166 -247 -411 724 -777 -1087 -56 195 805 -175 220 -461 1269 569 -222 -1233 562 -67 389 26 1595 332 -1258 741 -438 -213 -602 73 -603 30 365 -86 233 -620 9 -293 -1019 -636 489 831 365 -115 1436 1145 -963 708 256 -88 136 -490 308 1298 -1148 -78 -50 328 307 739 182 -1323 63 -71 410 234 1117 640 -461 -175 -777 327 136 -314 -224 1146 301 279 -1263 151 219 -19 302 -743 1092 343 -530 -621 -415 -225 1038 210 902 750 -697 88 -506 631 -66 -137 851 108 352 -267 1256 -1135 -42 -252 -4 423 -571 98 ]
[987 231 -136 -121 189 965 -2141 631 -1304 -1915 1445 606 260 -382 -25 -493 -1046 -1103 -158 316 -150 1051 -486 144 -609 424 234 469 276 -674 63 1243 269 26 -634 425 334 -267 44 706 24 1025 172 1183 575 -661 -124 -5 -724 251 938 -122 462 12 -41 -435 838 419 199 -160 1193 -330 832 -191 350 -22 -209 632 264 -568 -444 408 347 579 654 -617 379 -891 20 252 474 393 246 893 606 432 -434 -522 -762 1648 835 555 -1378 1762 -560 -443 -289 -815 44 537 790 368 285 -76 375 -37 -410 400 387 360 143 125 -343 -592 -408 -844 -293 -366 -764 -1106 -308 176 -266 178 794 852 -755 -675 621 -641 ]
[414 710 -1139 433 -867 416 19 123 1011 -210 -624 -265 -127 142 -27 -893 -1029 464 -146 -829 909 -31 446 687 991 -332 1151 714 -297 -490 881 241 586 352 114 353 -280 635 -745 140 23 365 480 -898 -615 133 1179 613 646 236 -318 -664 -1081 636 -331 348 -584 143 1860 1132 59 979 163 -410 108 30 -798 284 620 -290 704 -763 -228 530 34 -159 -374 -777 -689 482 -318 720 -413 696 -192 -670 -949 -399 447 597 -1111 -662 39 -64 622 -592 148 -70 672 -137 -14 -448 -334 -971 -451 899 1219 404 -237 627 353 -259 -317 -186 700 -382 -395 455 -138 -573 -207 -143 -50 1613 769 634 160 -684 916 732 ]
[-27 21 -605 1003 -493 -1351 -967 797 -812 1353 -97 -1114 1132 974 -436 565 -750 -71 -499 -55 205 -126 -52 -560 -696 -132 39 911 -349 -21 571 476 -1091 -110 316 995 596 -321 612 -974 -333 -538 21 -1032 -810 532 73 727 126 -97 -267 13 74 -207 -62 -269 -396 -1099 409 -804 695 286 230 -286 -407 -403 25 479 354 854 1114 -830 115 -586 1277 -490 -147 1217 -512 694 -1172 -150 -753 1138 -410 144 150 -929 245 -13 -199 -791 893 -949 -389 831 176 -277 -98 -101 309 -679 -1048 -418 -291 214 719 -121 223 50 -272 -491 293 774 -127 295 335 643 -878 -840 713 -1888 -498 -256 1045 620 535 -197 -846 534 ]
[273 -260 -237 -96 -1050 -1162 735 253 860 -217 88 528 -177 -100 213 -591 288 1217 -553 94 166 329 93 415 -254 -606 -30 -111 107 -458 242 846 435 648 -715 280 -471 -730 -564 376 1808 -235 705 -726 405 259 -1478 -673 410 -284 204 370 -26 173 -840 -292 960 895 438 597 -726 -775 -32 281 -220 -323 450 -86 -292 1189 -48 -1495 -263 -257 973 877 344 77 -578 476 943 539 -649 -507 470 -42 -234 -1236 1245 113 782 -183 1509 487 -235 146 -270 328 -540 66 -1244 -729 481 -493 -678 -937 -390 -25 756 -356 459 1210 440 3 -807 503 520 -288 -413 -614 320 754 -294 323 -60 -490 62 777 902 -966 ]
[-879 220 508 1475 926 255 -543 -1 -384 219 -571 -820 237 -47 -173 1127 190 -1302 -151 -433 500 -468 -310 -464 -218 792 -938 -349 -689 -1040 -227 -102 -152 -1163 -586 -602 432 574 0 -175 -207 -744 -440 -449 -436 52 -214 -465 245 -162 -88 -444 -1605 -29 -759 918 -749 -1187 -431 504 -59 -1430 609 -397 1243 265 -34 5 -18 209 441 -4 -730 385 -90 -597 -654 846 -1427 -659 -538 -568 -61 -414 -536 532 -90 -106 242 -350 -1004 782 -231 -363 234 1350 578 -531 -590 352 -211 968 -857 395 600 -64 789 -209 -95 -216 47 -1754 359 -261 613 129 -713 53 838 -315 -595 -12 -209 -634 -150 274 1760 605 262 550 ]
[-425 -99 73 1156 47 282 -906 140 157 52 -669 -1344 -160 -565 -134 -545 1425 -487 -371 33 401 275 -743 -151 -806 144 1068 -95 -1467 -756 -169 94 7 209 -91 -1085 -191 784 -321 -483 588 552 412 -251 -686 388 -945 718 -1015 -46 723 -459 -1043 -928 -1397 273 -1237 -1016 840 1106 255 -649 373 27 58 36 -101 814 -226 -576 -121 43 -21 783 16 -809 -42 115 -536 -488 -26 -451 -73 44 -703 464 -26 110 193 -882 -334 424 -133 434 -104 87 -105 446 -166 -807 -679 53 103 252 586 431 -534 54 291 -414 202 -909 -1010 -1068 537 -716 69 -56 859 821 -253 159 1032 -1113 -37 -422 171 855 -395 1107 ]
[705 19 451 197 -225 -234 300 437 25 448 136 111 -36 -477 -384 460 152 1068 -466 -604 428 1388 218 -369 -427 90 521 348 542 754 1244 -973 87 1243 654 -840 32 -116 350 -109 -317 1191 533 606 -917 117 88 57 -1151 1035 -918 -186 732 -265 633 -363 1436 383 632 -1092 -1699 422 612 1158 466 -671 -185 -605 -506 162 94 -513 -89 -483 290 2325 852 32 -259 -240 911 -904 132 -110 -455 -1457 875 578 938 -988 -219 47 -976 -58 80 -31 -1039 -194 -283 241 -1332 -2047 96 80 -1366 345 768 19 13 226 -556 961 1474 -589 -1007 1232 1362 -677 298 25 594 -79 -172 -71 380 -370 1256 -295 -249 -732 ]
[-488 -148 228 -183 126 521 389 393 763 133 -26 2 523 563 835 1014 1021 517 216 -100 1141 -577 -986 380 103 -113 -569 -618 -917 938 -417 -661 284 629 -145 -1385 88 -367 324 -1044 527 863 269 -126 -56 143 26 -824 650 240 66 198 19 -1396 -103 841 1170 45 -1065 -300 731 149 -879 -214 -205 -438 564 -152 -1658 200 4 712 205 -711 -536 -388 -538 106 819 108 -168 -1011 631 317 -366 -390 275 1026 -280 -1287 -1128 -146 890 -81 -1205 554 -660 530 773 554 -749 1193 -567 968 71 407 -487 -21 1152 -35 3 575 -111 381 1084 1322 -279 564 780 1234 1555 318 721 -785 261 -417 114 -48 140 -470 ]
[935 -107 453 -148 287 -1230 439 690 -326 1187 411 399 -676 -988 -69 -785 1606 722 -1539 926 488 749 266 58 988 48 -26 680 -477 232 -639 1194 418 249 1289 -955 -933 -39 -338 -1852 1234 95 576 249 -242 -226 636 243 -46 420 -982 80 -1289 -431 -1246 75 142 -818 253 786 -1045 861 415 -78 -42 143 951 977 -360 1116 394 -366 -52 -1028 -1449 450 -396 -157 105 -1322 -306 381 -285 -508 -592 121 -161 366 1035 -924 -259 -944 206 -106 229 272 114 -242 609 976 159 -520 167 -960 -1635 173 213 -1431 210 -711 -132 -248 -128 -400 -1007 -84 -1860 708 710 -1220 519 199 340 268 -725 921 1094 60 -429 3 ]
[239 -377 -138 418 305 1126 795 506 -336 -170 282 122 -34 -455 -391 152 742 538 988 -15 95 1027 230 788 1711 -358 -644 916 -436 -129 -265 -468 -11 -1100 79 611 -958 245 826 -288 555 295 -609 -37 585 -805 220 -282 -333 673 523 687 -47 -68 -1192 829 -244 1545 -582 1683 -183 -112 -639 23 -200 -242 -364 -563 277 795 -1509 1418 326 317 -314 175 -248 -1185 307 669 1180 -256 753 422 215 -101 318 28 -227 100 -400 690 -746 1065 -237 86 982 -984 111 96 -858 69 -444 352 1428 -1381 -167 -390 893 251 666 465 -1742 -949 75 -787 -536 280 -81 415 -274 805 -708 463 -259 599 -208 594 -409 -88 ]
[274 304 -378 -704 -363 -913 -248 11 -666 -240 -402 -444 426 -263 951 -518 173 -196 -1404 -365 -336 -164 -74 -81 141 619 -388 -486 1436 534 172 174 317 1045 79 815 -72 -187 -99 114 -1109 -146 -133 1036 583 282 -130 751 -120 -650 417 1089 881 -710 535 -1611 380 -227 695 -1469 -270 -750 -290 -263 190 31 -147 -733 -1013 67 283 -1110 119 -1051 1125 849 844 758 -245 336 217 201 -980 -551 -107 -1 684 -541 -77 -36 1252 -780 1099 159 -815 -89 -269 300 -1924 -507 -126 -662 576 1020 -657 -74 -451 406 -1069 -828 -1262 400 322 -75 -385 120 -10 -279 -654 -957 -381 335 -493 543 -106 464 379 -447 -615 -1094 ]
[629 1054 87 600 -719 55 -952 571 -35 263 1297 -314 218 472 -1550 -446 374 735 1180 -794 748 628 -1186 1029 -28 -788 597 1346 991 -487 -112 -461 211 459 -398 -498 96 -758 529 -135 781 395 -586 230 376 -141 -196 -526 2 -269 -90 -8 457 -230 89 -67 988 74 898 852 -1110 -304 -70 864 -797 1050 -232 -62 297 328 130 236 -679 -719 923 724 -181 -382 775 -649 321 -865 495 1273 470 398 -779 -491 879 233 -1247 -540 -39 401 -1278 35 -364 381 -808 147 174 157 904 -217 -873 -657 -366 -208 887 554 569 896 726 280 -323 976 663 -216 158 -67 543 573 -207 -675 622 -289 186 676 -55 -810 ]
[75 -167 -63 328 -732 -915 -228 598 288 94 174 -555 569 -6 -928 63 -1117 -560 34 465 443 525 -337 675 -642 495 509 1224 153 -45 383 69 -221 -153 231 919 110 322 -393 633 -94 470 1066 470 850 -13 613 -143 337 518 399 985 -254 78 -1436 60 558 518 309 -273 355 198 303 319 -81 352 -997 4 -528 -227 -525 -580 89 120 1160 283 -404 -724 -336 1369 342 594 -358 1004 -812 -900 477 -459 -276 1280 579 571 412 248 -357 -961 -357 -268 737 107 -512 -458 144 -178 919 -407 268 463 167 -765 174 620 -17 -150 438 -275 132 -57 -1467 122 865 48 -750 1153 548 645 -772 290 115 659 ]
[422 1394 -420 651 57 -1262 -118 -722 519 513 -510 -476 2028 1078 555 157 -774 -76 -46 -212 94 -627 -992 -355 241 36 212 1290 1184 496 348 -560 -627 632 -594 28 895 540 -287 248 106 -166 195 -551 -537 712 291 -16 573 181 189 97 -379 117 -820 737 -1041 -775 1673 265 605 -883 867 -53 -433 -655 -15 -598 882 -324 -174 -155 -807 -51 691 -12 -583 884 38 773 -1162 140 -288 599 -508 -399 434 -1289 33 109 -875 -1695 903 -907 -19 179 -1018 530 -233 -384 -166 -764 1228 9 -207 -745 837 57 -515 -543 649 -205 -812 201 -283 703 750 131 448 -363 1405 -880 1063 598 1378 1122 885 1228 122 781 ]
[1804 210 -5 271 -715 967 -500 -59 540 -425 -80 1770 -380 985 1028 45 77 1681 185 -1477 63 -336 -580 -455 -160 584 575 268 -275 842 433 -141 -657 -840 -1231 153 -272 258 -628 552 -974 602 1230 -237 1510 -1241 243 -7 232 -549 456 -1620 -123 60 -135 1265 1029 -364 -519 504 633 2187 385 -191 349 -852 1204 -736 263 285 -862 92 486 -518 260 -276 392 -933 800 465 -814 -1105 -818 -73 -473 320 -280 -291 765 265 -543 415 294 450 346 -990 -547 625 -979 1053 1217 -171 -752 -1057 -78 -3 424 -203 1 79 -139 961 -367 89 601 1132 224 381 -80 454 380 -353 -834 832 192 -534 -811 795 203 -170 ]
[-167 235 215 1019 -953 -688 169 181 594 319 592 652 -1317 289 463 -693 -226 1355 -417 -171 638 -341 -283 -180 -304 -427 -361 648 212 -53 362 629 -201 610 -758 1422 -629 -986 -241 -1060 119 -288 774 -1086 1119 -459 -10 633 -873 1166 -317 -832 -1204 582 -902 253 442 -248 573 -319 -64 160 1444 -1169 -35 217 308 479 463 355 1017 -1103 -1132 12 -23 -337 1031 845 260 283 -296 82 -1827 -763 578 -152 -68 -1775 760 271 83 616 56 41 972 434 227 -286 -176 490 95 -710 356 -971 -465 -219 1350 505 374 603 429 917 723 -618 350 61 -332 40 83 -1026 345 -35 -312 488 122 221 -798 73 -786 -545 ]
[687 -389 -252 -522 -645 -536 579 -41 757 -184 663 546 -1453 121 41 305 306 585 460 91 605 -70 1049 424 892 -6 290 293 -381 -472 998 28 321 -170 -414 291 -274 -313 521 -1037 -202 -438 198 15 -86 -236 -1004 325 -31 565 802 -630 1133 1344 -162 713 337 -371 -371 927 -219 61 73 -225 -352 -642 169 598 648 182 -582 908 -714 -328 -1975 107 625 -594 690 193 -23 -69 -866 4 -597 -389 -332 -638 271 -161 -298 185 245 218 695 -295 -324 246 -546 -543 124 -2045 1029 175 -426 -567 767 501 324 207 158 1566 712 -1162 -202 601 673 -128 -521 735 755 233 313 234 197 -337 -661 -530 -158 -146 ]
[-112 -337 27 -308 384 -952 670 624 108 466 -581 -200 -1018 -274 914 -1084 -237 -50 -591 -960 939 -134 660 -419 -488 -224 970 311 -1394 69 130 110 -975 -419 -470 449 -469 -696 -567 -374 -451 813 41 586 1263 -350 428 -357 43 333 357 -514 65 668 -831 1016 1984 103 -184 -493 88 -322 300 -1119 106 -317 268 570 -588 1078 -563 933 497 343 -457 -230 698 115 276 279 114 132 124 575 -1577 1051 324 -221 935 367 1066 -425 268 -501 278 202 348 -674 -1615 -1048 -588 158 -330 -17 -29 -395 -14 577 -234 249 -79 -382 488 -1028 106 -297 106 -189 -89 139 552 588 -133 469 121 190 -934 819 -627 494 ]
]
