[[-426 -236 -8 -261 -1129 105 -1218 -260 233 -300 -425 -225 451 149 825 671 -131 -34 -820 651 67 -362 -627 95 -365 293 191 -350 -629 365 -760 -165 -152 -295 -539 7 -112 290 -145 54 239 737 -125 -381 277 79 604 306 454 -160 171 422 -354 328 -180 -591 -36 -917 400 -87 -806 22 -65 -508 -1206 -226 138 647 -206 -821 17 -61 32 785 223 83 52 -720 129 388 -335 72 -594 -965 852 -481 574 -15 816 24 390 110 -131 -76 -767 -71 -80 -660 -241 222 -344 243 246 -26 6 196 -153 -1092 370 -13 165 -208 520 140 522 1104 146 -514 -197 -611 -26 361 36 261 269 -49 -246 -615 -945 211 ]
[65 254 -360 -271 53 -39 522 66 226 -25 64 64 146 -9 -550 168 270 389 107 236 -180 490 595 -575 -221 -311 -86 -123 -574 -105 1022 -102 371 -325 215 504 503 366 480 -180 -681 -286 376 550 -327 -572 -375 766 62 -570 302 -47 -160 -688 -366 939 180 174 -218 433 440 800 -732 -799 -319 -18 885 -565 1179 388 -335 333 -77 0 520 131 -135 -8 -91 763 -6 603 175 -244 -679 110 -157 -88 367 281 396 477 -451 345 678 -213 1232 -396 180 511 -210 211 248 -123 -1046 93 388 -778 -666 925 808 30 -982 -664 338 190 1098 656 170 -124 -661 -148 136 346 -43 567 105 -1105 254 60 ]
[765 761 -360 64 549 -376 289 -74 -1342 913 403 -278 -154 364 222 -159 849 170 1156 -290 -114 -139 822 -1323 -388 -412 -152 -273 131 -667 981 6 -65 -97 463 809 528 678 128 -602 45 -864 -9 668 -314 53 -300 -247 -518 -718 46 -193 1081 -1251 -153 269 564 -149 -4 72 -195 398 183 -462 -979 -327 142 -1260 915 1040 206 -193 190 -43 256 568 -242 768 411 534 -1099 -67 67 5 -145 676 -483 -155 -67 471 -11 -245 -44 249 661 -1139 490 221 -511 -508 -287 -198 -623 -259 -645 -352 497 -426 -713 241 177 -705 -231 -600 -965 103 146 1219 257 712 -399 -447 -444 -450 248 -521 250 -49 489 -747 ]
[-725 -736 -875 -409 -394 -98 -237 -291 -66 -456 -1 92 -212 -61 -516 532 -493 125 -267 726 238 737 -725 -751 136 -297 481 273 130 549 230 -105 540 -49 153 -469 282 441 917 893 -369 -150 216 550 -157 -60 652 478 -180 72 280 918 -385 -136 242 510 -311 29 118 -32 252 -152 -364 834 440 -258 663 465 -223 -774 211 -88 -361 644 384 156 678 -483 -217 -538 327 -955 -62 -1489 451 687 562 -312 -110 -184 -496 289 472 -325 -130 590 -398 579 245 205 -636 653 -155 526 -607 -963 -13 -44 -487 -175 881 1025 -40 -439 -173 133 1388 455 59 -183 77 95 -283 332 280 197 -412 163 -407 175 ]
[203 -85 700 956 114 163 1185 1229 -162 776 645 -335 -118 -293 177 -295 -424 129 212 -241 -396 675 942 603 309 22 135 -552 -271 -506 832 12 557 273 8 935 -437 -39 1108 -177 -566 -559 -64 -30 239 207 -621 728 99 70 535 -561 618 -298 -164 -67 -312 -284 436 208 121 1132 667 -327 -291 520 39 -1367 134 1162 17 60 -445 881 114 276 163 191 382 708 95 795 769 222 -606 242 -821 -176 -279 12 -524 748 -417 -296 -3 -330 1235 167 -389 741 -678 -550 316 -132 -460 288 99 -525 -1002 -126 203 324 -329 -533 723 -398 172 118 69 694 -184 -925 675 62 -90 448 753 -1140 1277 -511 ]
[987 1040 606 1149 -655 -217 -40 -318 -819 1207 -41 -642 -372 -424 472 -286 537 355 480 -679 381 2 614 674 293 -733 -827 -662 -215 155 266 -735 -230 -520 45 924 224 -169 459 -520 482 17 302 -38 236 542 -472 -190 -272 321 138 -325 531 -264 34 -724 376 -1126 870 -314 -241 460 692 -584 -632 -548 923 -484 465 282 323 382 -627 1086 -175 -483 356 -66 1184 -462 -51 546 -139 526 416 942 -266 -238 150 -216 235 85 -332 43 -55 -488 5 570 -564 585 5 -396 -575 -633 -452 -56 307 166 418 -678 119 -38 147 -210 -106 -246 57 429 -433 675 5 -767 -165 210 272 36 1218 -309 -472 -1053 ]
[-1127 -431 -261 106 -177 -74 -1134 297 -1014 -36 382 854 -126 617 600 507 -224 441 528 155 -440 -546 84 31 -631 802 7 -669 38 141 -1341 -103 -949 678 -443 -413 186 -473 -875 367 915 571 48 -931 319 127 858 359 117 -460 291 124 318 -44 -420 -330 -172 -269 845 -52 -1008 623 -466 -123 -290 -461 -622 278 -651 -689 -141 42 897 -251 -220 466 -259 655 -553 1029 -925 -380 -181 480 -240 -931 -410 394 190 218 338 -248 -258 56 -298 -155 -618 -379 -614 -687 -111 182 91 -554 440 250 -774 20 -335 186 173 -1244 609 39 -342 1324 -1216 -677 -314 257 1175 489 -117 -861 -138 -959 -1171 432 205 1037 ]
[-945 -497 -1181 683 -994 -439 -522 -829 -558 120 -843 574 -138 -6 -169 278 -635 62 33 260 -126 193 708 57 60 -480 -540 -267 135 323 -286 -104 210 255 -511 23 674 -103 598 815 -456 -47 192 317 292 -605 695 864 -348 388 398 722 -540 55 -203 1173 111 -463 792 -377 -494 1474 -351 -119 179 -1023 1413 647 912 -743 668 709 -583 49 326 -610 579 -423 39 511 -91 388 -772 -716 667 -415 1289 -412 415 26 135 598 -637 419 320 406 -947 707 -969 902 594 -24 186 -823 -1065 -389 -103 -397 -128 24 1119 45 -223 -686 199 386 1444 325 585 467 539 -78 -223 910 445 705 264 -606 -40 -469 ]
[-1011 -306 -756 920 -759 -244 -1294 -472 -543 325 -671 -270 83 885 1261 640 169 385 77 -1021 125 267 213 -42 -1165 79 324 -870 972 -288 -681 -266 148 138 -331 664 -600 31 433 -366 585 -61 295 -189 641 987 615 839 213 190 513 372 616 -338 384 -887 -188 -833 567 -1176 -291 1291 190 -105 -71 -388 640 -234 -156 81 -192 312 224 512 -425 -221 589 224 399 133 -573 -66 -600 -123 998 26 50 -300 76 154 803 -354 270 -491 -364 -618 -380 134 -785 -483 -154 61 -796 -73 -712 298 -55 -252 -746 -85 5 -713 632 -44 -307 1307 609 295 761 480 -344 183 -331 7 1018 -888 -537 550 15 -377 ]
[236 290 536 -1504 48 -472 -61 212 414 137 619 -1172 404 971 313 803 408 -203 -718 928 349 -171 -188 -319 -450 -14 -118 32 132 62 182 260 714 -24 30 112 470 330 -229 -528 -69 99 937 -316 72 300 -186 766 806 110 600 299 -493 0 -119 -895 134 -565 -619 65 1290 184 126 -505 -472 16 616 -1286 223 269 -628 220 2 1359 -165 585 595 265 458 269 -85 476 -71 115 246 1092 -382 -512 -18 -295 -492 104 -201 -837 -341 -488 642 45 438 -196 -519 67 2 983 -683 -109 219 322 -419 -443 -156 -33 -44 -744 191 -545 432 475 340 -548 -1069 589 231 -453 694 -195 -268 -221 -201 267 ]
[954 1014 163 -518 211 -94 184 -1045 1320 -697 -674 -273 50 -89 -1185 919 370 321 -1005 912 1093 156 -241 172 -105 -998 -928 185 -345 737 1079 405 -244 -322 60 -215 531 -390 246 -155 202 29 736 -196 230 188 336 -107 46 263 -31 218 -720 -384 -726 -26 333 -151 188 794 1435 -523 -1194 -257 -651 123 779 -200 232 -284 -56 1209 -317 935 498 -447 -41 -281 -397 139 768 585 -104 -333 13 1069 -89 669 614 -615 -403 225 545 377 337 797 455 -24 1620 700 -754 1275 -40 194 -356 327 243 540 392 -344 437 70 -457 -601 860 -14 1153 13 -739 -836 475 205 134 516 -231 518 164 -710 -964 751 ]
[-277 59 567 -757 -640 7 519 574 -573 428 662 -425 885 -89 303 -790 208 -1229 120 513 -485 -1518 348 559 555 76 30 442 55 589 -82 741 485 94 -162 37 -153 -256 -984 154 -138 459 89 -546 156 -716 -822 -437 -37 509 -316 -512 -42 1274 -350 -684 -254 285 -600 7 324 -884 1098 448 -647 243 -1061 -484 -31 282 -336 -612 -557 -900 -685 542 -269 731 714 -524 -618 746 316 410 -357 383 -325 -206 -977 510 -433 -189 -605 -625 -67 -36 900 149 -423 -379 549 -1299 897 236 89 52 -321 525 218 -107 -1038 -329 781 749 -34 -1446 -1535 -347 22 -94 -235 60 153 -421 -487 -386 3 -534 275 70 ]
[-390 114 -519 841 439 734 549 -706 298 90 -392 -265 -318 -619 234 417 -318 267 -62 -733 364 961 -361 728 222 342 1023 273 207 -286 666 333 294 -328 277 -124 -310 -282 1079 636 -643 -303 -543 509 -182 685 118 352 194 569 381 125 142 -892 364 -334 -973 253 841 -324 1396 -1414 122 876 -264 881 310 105 -1326 915 499 -119 -328 137 -649 -476 -82 467 35 -1098 997 -1000 726 -123 -233 483 -451 258 -183 -650 -850 179 533 -1111 -1187 314 -25 36 926 -99 -743 1009 -859 415 91 608 -231 184 -746 -438 207 1297 241 482 237 -277 -179 -489 66 190 -73 -1145 258 204 101 -420 225 714 -103 -338 ]
[-413 -222 -1250 480 364 355 -756 -941 -552 -1032 -516 797 -31 -133 562 454 -1181 440 -73 67 168 -347 -1072 212 -737 152 79 274 150 125 -3 531 -369 -322 263 -205 -76 -722 444 480 653 753 -505 1037 -231 -281 291 142 -263 580 -244 555 -428 -233 -155 476 -147 358 -8 -120 -433 -824 -734 995 1213 381 -65 1034 251 -412 81 294 269 -1647 -357 -374 -161 221 -902 -1014 -443 -155 -172 -283 -902 -339 1038 166 452 399 -9 -126 559 -653 -705 1278 -629 -103 -144 -705 61 823 -408 -474 817 326 -663 17 -81 712 -25 -11 147 17 -435 448 -73 -1057 225 -335 923 -84 227 309 -16 -619 -602 477 -647 129 ]
[567 -364 -164 -23 238 108 410 447 -1073 535 1351 707 -421 -819 -726 -522 -759 459 342 -154 -32 -377 -721 -1128 99 -321 260 69 -422 225 911 145 454 -551 596 -487 -411 197 780 -328 -248 -122 -499 818 -183 207 -1038 -707 -1175 -365 -581 375 541 -151 -705 496 169 395 -1160 216 -252 216 -1140 529 341 -429 -38 -510 263 -165 -241 -1073 -286 -467 492 -113 207 -225 -590 -142 -927 -946 617 -971 -1113 588 93 -286 -245 275 -353 477 898 555 1393 -103 677 134 327 285 -515 382 -89 -279 -766 -1248 27 -80 -390 659 555 205 -510 -875 -482 -495 416 103 26 -506 437 -51 60 -251 -468 -239 -121 -735 297 -281 ]
[-878 -862 -171 -485 -412 -216 131 65 -529 -861 -294 271 -382 482 -165 105 40 -448 -21 -195 -481 -137 -236 -748 567 96 526 74 439 -71 -1172 500 384 172 -291 -970 463 139 323 1500 -1175 -276 -712 198 -249 -269 371 384 246 -833 466 -186 -450 1169 122 817 -407 475 -304 -544 -360 -168 -212 -121 -275 -798 40 868 -562 -13 -87 -705 389 -519 101 -7 281 966 -92 951 117 -827 158 -1206 93 -1048 233 -911 -555 -7 650 -143 -975 -35 581 -414 58 -218 321 -361 278 1 637 888 -392 -329 -143 -329 -671 771 1039 706 404 -257 -551 -112 44 200 555 48 20 629 25 127 -31 112 -669 -540 -328 95 ]
[368 697 -441 -1143 -482 -120 463 -571 -80 950 87 124 759 18 -818 -175 927 -1391 146 -7 471 -1235 471 -596 224 -477 -212 393 104 560 -230 114 248 -597 61 -246 385 420 -1157 -227 455 538 350 -765 558 -320 -167 -964 350 -448 -112 428 78 207 -378 -182 837 984 -848 190 -1081 342 387 -766 -535 -417 -469 -204 1264 -278 -220 66 -52 -1200 192 329 -89 33 1166 75 -1596 179 -391 240 654 -265 -144 -482 33 534 -39 492 -472 526 1277 -892 -644 -182 -351 -123 1203 -1084 609 58 -603 52 663 172 938 -356 -784 -814 491 -242 -732 -1174 -964 618 1057 -182 -1078 528 -877 79 181 -100 218 140 160 -156 ]
[-474 817 -258 459 337 -385 -527 -30 -544 -859 -857 -653 339 39 866 -76 386 170 305 -7 217 304 -243 326 -390 118 -961 -116 -180 918 392 -55 -613 2 612 734 -88 -469 -615 -339 139 -184 290 130 -338 -399 150 -355 -196 -53 -29 -164 465 -283 62 -208 195 -967 638 -412 564 -909 377 143 -409 -70 -57 -412 -191 -379 -222 -170 -425 293 -1212 638 -835 221 922 -975 826 -175 266 192 -334 910 614 459 49 50 359 -1192 97 -479 -865 258 -227 138 393 -843 -521 -210 -435 -451 24 223 -112 521 391 -287 -497 341 82 410 -9 517 -693 753 -821 -569 -40 -560 144 -173 -431 -766 -289 423 -844 -64 ]
[-250 -1393 -173 268 -1411 414 -578 -664 -427 810 -310 589 27 -388 -117 1077 480 474 26 252 -162 -203 -168 -455 254 -964 333 -554 -14 210 -182 -1069 22 -797 -289 924 -137 280 550 560 936 215 1043 13 434 780 442 428 -229 455 338 961 447 -602 43 -799 581 -648 556 14 -674 1105 -120 75 -45 -402 456 410 424 -871 603 881 -278 1351 668 76 709 -1067 -41 81 -1109 -686 -658 -551 1023 916 143 -226 799 1224 222 917 346 396 785 608 -892 512 -1487 1095 -528 -198 -62 -158 -794 -171 558 -536 -208 -692 670 -406 434 -1230 -168 695 994 -153 501 624 -48 -55 -482 -10 360 -309 505 383 -263 -468 ]
[1607 -531 409 795 78 394 -202 9 117 529 249 451 -262 -814 237 73 -352 589 35 106 -186 -53 -673 597 786 -340 228 -234 -482 141 -395 -479 -20 -58 255 252 -503 55 1384 -381 71 -115 165 879 -511 399 -760 -405 -39 510 -998 157 -49 46 975 -44 -531 167 -711 -274 433 -123 -520 333 1228 -351 762 461 19 104 956 42 -358 706 292 -501 226 -856 78 -415 55 -678 264 420 -117 569 166 -352 409 -209 -178 486 -136 -316 434 868 606 420 -634 783 221 34 -638 -18 357 -1129 521 -122 378 428 34 695 251 -40 -81 -1135 652 -1114 -40 567 -36 -228 235 506 -133 996 641 -163 342 -882 ]
[1835 517 319 -380 -78 -477 -866 -466 -530 962 627 -211 -515 488 753 147 435 501 -5 470 -146 -315 355 -474 -3 266 82 -171 -1097 -40 -437 22 -255 -322 276 -94 1091 1004 521 -234 -389 -323 -367 213 -733 -178 -29 -839 375 -629 469 -343 107 -62 114 250 116 -798 299 -117 26 40 -509 -737 -1215 -826 1322 124 577 470 327 -348 -82 431 961 -85 237 516 359 816 467 -713 946 83 3 -18 -229 -314 450 -1104 429 513 -910 306 -199 -635 634 -471 -236 789 843 586 -661 -91 -326 -1030 63 -865 686 -236 1004 766 104 60 -375 -6 322 24 -1149 704 33 -280 -288 515 406 735 1044 -657 -1438 -1076 ]
[-604 -652 -584 -193 -262 -98 -131 -605 -587 424 -485 537 490 206 -66 -122 558 -434 457 90 216 -963 516 583 621 266 1038 -360 1178 299 -126 274 -7 288 191 -805 582 426 403 1387 -278 -424 928 -91 230 -465 768 -689 101 -21 -145 522 -575 -211 388 -146 -374 1336 343 -632 485 -575 220 1116 204 -186 -296 1019 -311 -108 882 -161 -291 -611 -301 -53 -196 326 400 -530 -459 -571 146 545 -48 -186 -638 -1033 -720 593 -387 -85 -1176 3 25 -6 -601 487 -908 -565 383 -677 -237 -65 40 -460 546 617 -292 -449 579 -230 1135 480 -909 -1471 -695 -222 965 1373 -44 287 -243 274 400 -509 -503 946 522 -224 ]
[-2123 -621 -712 175 696 -22 664 -335 -235 -665 -482 158 -298 -131 -1036 -650 455 97 956 -183 -619 1716 130 -801 743 18 -353 376 -110 -369 -366 -861 -58 826 -143 29 -219 -529 -471 525 -968 -383 11 -93 -802 -633 137 1080 181 -31 77 -61 169 132 419 1318 -313 937 -653 -580 426 431 -972 -423 1306 2 -99 521 155 37 -1155 781 567 -992 -245 380 -303 -46 -459 414 1061 -1007 305 -9 -592 -109 525 251 265 1130 1482 -297 -249 -59 1072 226 -164 259 272 -271 438 -195 72 345 -846 -88 184 345 -337 590 1059 644 -949 -60 -444 792 760 937 423 -412 -583 455 -352 -70 -900 255 -815 554 546 597 ]
[-1198 -1307 -114 -188 -309 -1048 -694 295 -144 -88 617 -167 342 5 1207 -813 -1020 326 -416 887 -1182 -212 666 -35 -741 971 -495 -763 55 -334 -316 335 369 985 -301 -76 -887 392 -861 -1074 -387 -90 -77 -1044 356 -589 -58 777 111 363 216 224 -373 1109 -1008 -149 468 -1070 -402 -795 65 2176 -747 -406 -266 134 -37 -44 220 -736 -889 -467 120 282 -132 242 601 -780 -789 1801 3 512 699 263 -703 -737 1005 -214 431 1111 410 679 -177 720 -114 -927 -453 -316 -967 470 532 -423 1356 -38 -813 113 -1061 -448 -160 -628 424 -993 -1015 -746 1121 1416 -75 263 401 -1163 123 911 520 -587 372 248 -720 -701 389 113 ]
[-362 -408 33 -804 -237 -62 1228 398 716 455 -11 -352 -9 765 -1115 -309 551 -570 301 744 336 -113 526 -703 -149 -391 165 334 624 -478 1713 -29 1047 56 -633 -148 530 943 -198 -399 -143 -1418 643 780 73 -149 103 -182 -1694 -19 -773 255 -877 -937 -336 657 533 25 -622 670 972 -79 544 1470 -107 -349 58 -672 -80 432 290 -445 -542 573 850 -749 -12 -461 -636 -965 -392 580 -1188 -979 738 433 64 77 -1334 -172 -955 -994 646 995 367 -328 804 1004 -79 -389 60 66 -102 -771 -616 -826 535 210 -493 95 -554 -760 164 665 -202 -210 1506 992 429 813 -326 -233 -277 -426 48 -18 571 261 798 -34 ]
[-698 513 -207 323 -714 276 -614 -381 -330 82 191 90 356 -263 1571 -644 973 -322 670 -879 -739 -922 359 -197 -91 -136 361 402 466 -147 -824 446 -372 449 -733 509 535 217 -1137 -230 283 525 -1141 -150 226 -489 1 27 -68 115 -246 -1007 -2 719 -207 279 -930 -558 1098 5 -871 -993 1573 -525 -1271 452 -800 350 -217 -211 342 -1179 10 -1313 -490 619 -253 808 481 -350 -294 667 -269 -202 1250 -1213 492 484 6 456 502 -378 91 -288 -782 -1000 -393 -185 65 144 537 -168 446 -441 -15 464 -792 -975 89 62 -564 -511 442 1404 -256 677 -1638 345 -532 -41 105 -75 -749 -306 -182 -570 236 7 -356 -496 ]
[984 435 -156 -426 1230 -573 373 -907 -231 13 -617 -227 -128 861 129 -381 458 90 61 70 23 -378 377 186 -92 -629 -1576 319 289 312 -345 12 -313 -133 90 738 -386 -403 -737 -1037 64 322 310 56 -575 -375 -452 -411 -182 688 -121 -329 189 8 256 -219 734 30 -1624 -441 1715 231 -894 -458 883 -331 476 -607 800 1126 -1101 1339 232 461 -476 -74 -88 618 -298 77 591 -32 389 1679 -1403 885 379 280 203 323 1193 -1225 -132 -173 980 976 837 -362 422 189 1068 51 -89 352 311 71 474 1227 550 192 -580 -331 -97 -118 21 -428 172 -374 -563 -766 156 -363 470 -314 -149 243 -232 30 -1083 18 ]
[401 -928 24 -878 -32 185 510 -405 230 -210 699 974 -108 469 -1102 340 823 -272 -190 633 -106 -861 679 -189 365 -166 363 80 344 1047 -52 222 38 62 265 -842 -123 418 -172 498 372 -259 1017 -1015 1055 293 310 -1458 217 -906 -474 156 -567 15 -1099 -281 221 766 -642 265 1042 280 -1701 191 214 -86 -482 495 -631 -665 -1127 -223 -74 674 642 94 371 298 35 855 -519 -563 1035 343 -654 -165 -1098 37 55 1036 673 376 -160 509 1625 226 1258 -675 776 951 126 -392 1372 56 -853 283 327 677 -27 -777 334 -1112 876 -84 118 -280 -823 -894 -562 -15 714 697 152 -631 -679 328 -826 -123 -333 1004 ]
[-572 -1031 157 335 -289 174 -648 -95 404 -351 -1134 123 1016 -423 871 47 -1399 -350 -1211 -277 -899 -336 931 1203 123 1576 475 -155 342 153 -1 1490 16 483 -269 -218 -1411 664 20 -166 -1403 -775 -713 -354 464 -185 620 -1017 -295 -108 -45 151 181 54 -679 62 -364 -368 341 -532 1132 208 29 1222 -1348 372 -723 533 -1092 -85 579 -1284 -695 184 -469 -710 -595 -225 24 119 1193 108 309 21 94 -1139 402 503 -63 -26 -616 68 392 372 -668 274 -216 -785 -562 795 476 -410 597 -453 9 315 -300 -154 106 -862 -701 343 73 1396 1516 136 -979 -349 -369 -731 -86 -977 385 -577 -270 449 -749 -88 287 -73 ]
[68 436 1062 -681 239 -1016 439 260 370 -344 -244 -743 688 -332 -1184 -1058 88 -215 -775 -74 -289 67 414 -475 476 -17 -1072 -286 -174 464 958 1105 -224 487 684 -440 -78 66 411 -953 -1140 -951 -146 -231 359 -400 -789 -506 -183 -924 -78 -347 80 942 -821 1460 322 -203 -592 -344 744 598 -332 -25 -633 200 32 -112 260 432 -586 -116 -191 -577 618 -560 -271 148 -241 789 1476 556 940 -499 -753 -16 -419 -236 -365 -378 147 -250 -263 1509 811 -343 346 -603 285 281 381 -478 556 59 -544 -817 -33 210 687 -198 739 413 -685 -58 25 -284 197 1285 -753 -489 -453 213 -89 353 -961 1301 575 -842 -18 214 ]
[-784 198 -51 389 -582 -3 -1318 -589 -203 -263 177 353 776 -388 337 -485 407 1039 -259 -416 376 66 1068 374 -263 -217 374 -894 642 653 545 57 -747 960 -264 -132 -404 712 1025 -635 176 -154 421 -692 1015 249 425 296 -353 248 -377 251 -288 258 -161 195 -1128 -38 915 -491 1110 1349 -635 34 47 790 92 610 -151 -633 -225 -286 -735 752 -119 -561 536 -501 -148 -411 912 1090 -402 79 498 706 -1251 192 163 -26 652 -108 459 67 -568 332 1195 356 103 944 -915 215 -296 58 -943 -230 334 -340 -829 39 474 -1113 218 1551 394 827 615 330 -846 365 810 -132 -403 -4 -197 888 -1593 -399 72 468 ]
[-178 211 -336 -696 283 439 392 -356 -112 -692 255 729 121 -442 503 761 -648 459 401 691 -462 -1084 712 62 578 -102 -409 321 419 24 39 928 -169 139 -248 166 1680 -44 180 565 -149 97 -145 803 -646 -1111 290 1500 363 264 370 -177 -925 203 -368 1916 -59 613 -154 501 478 326 319 -250 754 266 732 626 1053 347 1318 309 -51 -326 -531 498 26 978 -628 229 144 1099 -68 880 -676 -154 281 -313 487 452 -597 487 -1215 -549 63 561 632 683 -257 577 1019 429 1000 81 377 983 309 -284 -648 1054 -98 -399 -769 -183 271 -1082 -260 17 576 104 94 -282 301 -340 -384 951 -642 -465 321 50 ]
[1620 -526 573 616 859 -55 839 907 722 -441 -274 -138 -102 251 694 -233 -722 -292 284 353 -511 290 -226 444 -448 185 -161 37 296 -1324 414 1 -58 511 257 124 -1191 225 448 162 -72 -1013 218 621 689 707 -156 -115 682 -529 -914 -656 313 -567 1015 -920 524 -125 170 14 -1471 -17 962 343 740 623 -886 233 -46 589 781 206 120 -224 766 71 -547 -359 16 229 -905 1187 -537 35 231 -959 219 -223 -313 426 -750 221 -473 -26 -418 204 -126 -472 -1683 -906 -525 -1547 639 140 1910 1079 -458 -570 -410 71 -1158 -208 290 -202 76 -126 -193 -1208 840 1287 -468 375 966 406 650 -142 750 5 1735 -380 ]
[597 -10 108 552 667 285 -179 -337 2174 -1049 -880 25 -75 780 -197 159 723 -102 -963 -516 226 637 58 1133 -507 381 577 -506 -40 -480 -80 -887 431 -115 258 352 -994 -323 -708 -450 335 -354 689 -74 351 596 70 -1098 735 -238 -4 -256 -180 -1016 -191 -1147 -42 296 346 424 946 -611 -1071 -135 499 -135 216 -316 -773 35 -584 114 110 -9 135 -462 -600 -130 217 -131 906 -347 577 724 0 -1182 -357 445 992 -199 777 -165 -125 1011 -208 29 -170 -1002 995 6 187 224 -266 -541 -572 787 396 526 127 -279 -347 302 -252 845 1072 573 12 -1009 81 -244 -374 308 499 306 -372 -142 490 838 -241 -157 ]
[-1554 -1017 138 84 -482 549 -463 923 236 407 22 1089 257 -1262 -192 -513 -244 382 359 21 -985 -265 -57 415 631 1090 1068 111 -880 215 -431 -186 -246 505 -43 -507 260 -108 -711 690 -1093 366 501 -366 -269 -1318 -288 400 152 -363 -430 -151 -241 677 -309 810 -486 97 -471 -190 71 496 -252 -1030 -1130 10 127 965 -212 -812 1076 -399 -38 -629 -560 56 -1072 -911 -508 856 -45 -428 -373 -145 -544 -923 196 176 383 1084 657 351 -1143 640 788 -503 251 -982 -5 521 -91 -305 447 -1449 -214 1018 -232 -914 -46 1048 1200 -298 -880 -101 630 384 -558 -161 -208 -162 9 821 263 527 -168 -716 -278 -781 808 959 ]
[691 622 -551 877 -572 -550 -156 -768 -990 731 -869 -129 53 9 40 -207 1021 -397 1009 -352 -166 -253 -127 120 203 -498 -792 -453 379 -377 -362 -280 -505 -72 -58 -807 276 323 363 709 -319 -70 -735 208 939 665 381 -826 -181 -1130 -367 -217 600 -720 711 -77 454 -269 1151 -585 -1446 -383 -234 -161 -1092 -429 -71 965 -166 17 260 404 357 843 665 -700 221 -479 607 959 -1116 -270 -120 -660 963 -892 -150 -407 417 165 603 -616 -1356 911 248 -589 -729 -535 -458 439 -334 -210 382 -630 632 -336 168 -680 549 -786 829 -736 635 -567 -339 805 -130 -723 -80 1089 861 176 165 832 112 760 538 -111 131 -524 ]
[221 1758 -156 375 1351 -122 -26 -786 -37 -141 -1272 -642 640 317 474 132 619 566 43 -811 638 58 -387 -719 -255 161 -744 179 -243 -1446 448 1200 -993 231 -354 -44 351 288 99 -757 -836 -612 -1020 528 -260 225 -256 -51 91 -423 -106 -446 150 -914 127 537 -235 22 -524 65 475 -701 -411 -812 -677 711 -669 217 253 937 59 280 923 -217 -654 47 -877 354 145 1192 263 512 -352 -1 97 -760 30 627 1368 377 489 -1223 -502 -273 -287 94 652 -990 1012 -331 -371 694 -711 -99 742 470 1013 -776 -45 673 -10 -720 -102 -11 374 313 -290 -396 -54 -743 -312 -128 163 -278 -126 772 -821 -276 434 -417 ]
[-1423 66 38 -136 -935 625 226 -432 1143 58 136 -80 1297 -828 -491 -67 242 -237 -311 147 -51 996 -470 250 -108 -256 102 -226 -520 826 296 -152 983 -17 87 325 -620 340 491 -869 655 1023 -703 -359 42 -752 -220 525 -16 -34 225 279 679 504 -48 743 -663 570 56 393 -523 715 506 -214 -439 1086 -337 -122 607 -125 -778 281 -52 -1349 984 -252 314 -592 -15 -1096 -105 26 475 -1378 140 156 -59 575 580 77 245 627 826 17 -248 -423 530 -553 510 656 -226 707 210 -334 -1008 121 -361 -725 15 -429 -23 975 -7 704 399 815 488 1169 -97 -606 -980 133 -1256 758 -757 1249 907 -370 328 546 ]
[-956 -214 17 210 412 -166 -571 1108 402 29 232 -142 279 1020 967 961 -242 320 31 1433 -285 -579 -408 -662 -422 335 902 -729 -632 -636 509 599 171 688 -426 1424 453 186 -101 -385 353 -552 1133 505 -212 -288 245 1395 155 415 426 555 -110 -989 -709 -40 -388 -1375 530 541 423 485 48 5 -905 -459 693 -1287 -116 596 1421 -122 -195 1196 -472 1872 -1073 435 -309 1422 -895 -88 -586 -631 189 746 341 284 634 516 -1270 321 -1261 -272 -603 383 825 88 -770 -253 -885 678 -90 -385 -933 29 -144 -1019 -1072 799 253 -885 -68 -503 393 1167 438 -509 244 648 280 2 531 -342 130 -877 -221 -261 297 57 ]
[-494 -469 -18 858 -1688 356 -314 -1297 31 594 -1335 837 427 -578 936 437 769 -31 172 -1314 -424 -1168 272 -68 222 -473 -771 -36 441 11 -357 360 -364 -124 -1395 -257 -650 164 -653 -434 -31 -889 -1027 -371 781 940 1 -625 -1117 51 -1209 -387 60 28 -408 -467 80 -900 187 -1003 395 -391 -273 198 -1614 123 -630 1345 -1128 -515 -9 -334 243 -221 176 -1595 -39 397 -57 650 -648 230 -850 14 1371 -1232 670 930 103 656 1073 -961 734 627 684 237 609 -565 -296 406 543 -689 845 -909 -250 1168 -97 -757 651 -8 -685 -1372 1067 659 633 1074 -267 -564 -121 -249 305 265 -326 -876 -221 172 723 -570 83 -562 ]
[-545 103 -421 -34 718 374 232 -744 316 17 853 289 -130 228 -935 -269 414 299 768 -757 -85 1219 -677 -1547 75 -547 336 800 67 -177 132 112 -138 -23 524 -395 352 -53 755 264 -91 -125 -26 7 169 459 -754 469 174 -599 -275 -203 212 1067 120 621 -325 726 -621 142 -799 270 -115 210 1801 805 -373 1267 567 -242 -1013 299 470 -2205 945 180 8 -165 -99 -12 379 239 340 -685 -262 46 -189 48 -190 728 754 686 621 -245 976 20 130 -423 143 -290 58 602 401 805 36 -239 -735 -92 -80 353 606 316 364 -164 -713 195 212 -25 180 -43 -601 1012 -1105 130 -378 176 -471 371 160 921 ]
[-72 233 548 -153 449 -291 -407 -759 -1025 681 -146 -885 506 679 -367 -586 590 -71 -402 -254 50 -430 504 -49 -676 -827 -1341 559 640 -20 782 -462 -359 -340 862 402 -170 -1428 -728 -389 144 605 881 -376 514 810 -641 -151 -202 674 15 -187 1435 -348 190 -1010 796 -714 389 201 538 -502 311 -9 -176 -395 -395 -1450 -115 576 -1104 1497 -267 -295 276 -45 -439 233 371 -541 -214 789 -344 979 -91 1105 510 161 -273 29 41 -541 1155 -163 337 19 -1163 543 -774 -585 -1180 -989 -443 61 270 4 106 1202 294 -1183 -349 -616 462 -755 -320 -670 159 9 410 -378 -283 -45 435 5 52 -1841 469 782 73 610 ]
[-484 -828 628 705 -1134 590 -2166 823 -1394 377 103 -94 -271 1145 1009 996 -461 -231 -378 -722 -377 -627 688 -223 -262 1284 1629 353 885 -747 -901 307 349 303 -300 -343 -191 511 403 1061 -374 -65 -531 -227 293 467 429 -80 -398 -145 173 -39 489 752 446 175 -405 -674 144 -445 -755 -2 846 319 -755 -895 -241 263 -1581 -80 488 -1263 472 222 -246 -270 378 332 548 834 -602 99 -1786 -544 1279 -450 539 -625 -544 -580 -417 406 523 -1041 -901 -1180 170 967 -1075 -327 -345 -249 -621 -178 397 -64 -243 -583 -568 63 11 -883 1253 748 -385 13 394 -83 1165 325 106 504 63 -584 797 -656 -1273 -170 585 39 ]
[1185 -600 2069 985 214 165 863 473 698 -589 -614 628 -41 -868 -753 -465 -241 -6 -1018 -391 132 -307 213 812 607 -637 227 -747 -246 -1018 11 396 -638 158 -413 66 -736 -440 -289 -356 463 -903 -1042 281 -889 -236 -315 -1162 -1080 778 -847 171 28 404 -262 -592 943 613 11 415 -338 -143 281 114 -165 -51 -1251 146 -79 417 1226 -327 -206 -800 30 -1228 -780 -308 -919 543 -554 238 -910 60 -184 -161 -118 311 33 -222 -452 -59 631 975 401 1014 -360 315 -867 -675 -247 -878 -190 -457 977 406 663 104 1067 482 -1020 -555 151 -96 137 -313 -602 -240 -96 701 1020 -103 -92 -218 108 759 1259 -333 379 -657 ]
[-738 -270 2 -1023 319 -161 208 -993 160 125 115 329 1014 369 -125 475 1328 124 2 833 187 -603 240 -51 -538 -808 -824 508 -592 -74 -1027 743 -717 852 -1258 -633 949 -606 -1586 55 -469 565 61 -1051 -294 -433 658 1189 428 357 -247 14 -458 -146 122 645 -247 35 638 545 891 -88 -417 -1570 -1035 -311 -580 -424 33 -292 147 763 -497 -154 408 529 -586 -203 -719 1281 -415 425 -556 -437 698 -295 399 419 182 -313 35 55 -449 -170 145 76 61 -229 498 400 -481 448 166 531 63 -12 121 -637 121 352 -46 -578 513 -63 344 34 -815 -258 233 475 -17 882 -367 541 50 1 -90 -702 275 598 ]
[-462 -396 -304 1361 -207 197 -1065 -357 192 -648 -598 -232 1058 -1104 681 -134 -498 -113 -727 172 482 633 -120 430 -670 2 -117 -476 206 767 584 -514 -214 635 602 278 -2420 -825 739 -652 7 -138 -475 -460 913 502 29 319 -72 603 -869 722 1218 722 528 -688 176 -369 -62 -1341 -863 751 -10 -111 118 1248 -481 149 -393 -412 706 659 -1093 -248 -324 174 -231 -1524 -154 499 19 -89 -415 -592 213 825 1044 -223 1006 -12 49 88 1140 101 -423 247 -495 277 -747 -360 -1150 -675 -369 -396 880 678 -257 -1098 493 215 -978 -365 385 137 267 428 546 -294 1305 -327 -375 676 197 955 175 203 -157 -754 927 -402 ]
[568 -572 -1326 -646 -154 -1204 270 -573 -271 -69 -478 -1007 -186 1529 817 224 -120 -868 132 1393 -574 420 1253 139 -265 221 437 -355 269 -329 -492 892 687 448 -10 579 454 1507 543 856 -1743 -754 504 955 20 -902 1451 50 1047 -926 497 4 -439 -912 712 11 -83 -372 1059 -448 702 335 366 26 -1515 -1562 1468 219 96 840 939 -510 -482 1847 984 508 312 367 949 706 -440 132 85 -1113 557 -201 164 -1095 -291 290 -494 -149 -2022 -263 -260 -878 645 -468 -953 -90 362 -593 700 1015 -695 -376 -331 -822 -830 24 723 337 633 15 473 528 937 -1 9 1351 -28 -61 127 960 1445 369 -249 -619 -754 -800 ]
[-850 -752 -551 206 730 640 1423 -53 1051 244 -42 -329 -366 97 -1176 868 301 -481 738 -204 -266 1742 16 -204 127 282 828 433 924 -360 290 -76 728 429 84 -214 -98 -163 639 209 -333 60 269 -190 -59 313 260 1558 19 -126 176 243 -259 -394 479 910 -1012 702 147 293 922 -197 381 960 717 1373 -78 -132 -721 836 -407 668 575 27 702 -299 552 180 -547 -193 922 198 89 -287 -245 165 -845 455 -1541 -808 -1191 674 1217 -478 -762 -358 -374 -315 336 -56 -810 1243 325 1282 568 -350 -837 515 -1265 -399 -39 1342 -110 457 -191 252 -98 721 296 357 -1154 -985 -62 -446 82 223 -206 1096 1130 1850 ]
[-264 -129 -242 -195 223 436 -44 1469 109 289 380 232 -388 302 -75 1076 -1015 211 -228 -430 147 1282 -20 -460 -141 671 574 -479 -499 -52 739 -328 288 -1011 60 563 283 700 1286 331 -187 440 -73 -280 382 926 427 1100 212 -749 1466 -200 323 -895 384 -526 302 -105 714 207 -1037 1016 -122 338 -157 333 109 -340 -186 283 -603 242 991 1565 468 779 31 362 163 1280 -224 -160 381 606 -521 -799 -850 -354 -149 -276 -352 762 -532 -157 -123 -37 647 -598 -157 149 -549 514 756 720 -396 369 46 -1018 -381 71 454 -104 -223 -1130 447 698 705 -53 507 -516 -307 -193 953 -583 637 -406 -1014 -582 -15 758 ]
[-212 -135 -812 587 799 269 436 886 129 417 572 1257 124 -471 -110 -865 -320 939 462 59 243 136 -715 -35 -915 -17 142 -142 -512 276 1376 413 -169 -247 400 -33 -1286 582 -68 242 -420 -405 419 -216 137 -260 -37 -856 -782 -28 -233 87 295 -297 -988 -1172 451 237 -448 885 -8 543 -1205 274 54 856 -784 -307 302 -860 -917 -494 -241 -198 121 363 -540 -1330 -923 -74 -654 -3 329 -263 -1922 922 -313 460 11 1296 -134 206 932 610 1024 929 900 -757 467 -160 -1304 212 512 -104 -47 573 -496 -394 -764 514 174 -993 -488 -944 889 1289 527 -617 -819 -1137 1262 -42 324 103 137 -1278 -863 -1245 247 622 ]
[-229 -421 -415 374 1169 478 860 806 -161 -359 -577 -133 145 -454 -142 -1400 449 -591 549 -755 -97 852 246 -468 779 62 703 42 -663 -885 -360 -546 -242 497 18 1190 -807 299 -333 -104 -345 -1437 198 243 -121 294 -730 -600 336 -481 -589 -271 564 400 1170 -275 199 257 -735 100 11 274 1216 -606 803 217 -1256 218 -178 245 173 -697 -96 133 -225 744 -1156 -1292 1063 -207 591 -713 443 -188 349 -395 -536 -682 253 1035 954 -1195 -632 642 669 -226 67 103 88 -853 350 -1279 -69 167 519 158 1251 -771 -257 616 -330 -309 693 644 -96 -587 -511 97 582 913 -533 -311 -64 769 -974 -29 -135 462 703 -1162 ]
[-277 101 -687 -1328 159 110 -214 -1022 719 -926 -396 97 1733 -91 1059 1306 407 -106 -794 1184 -690 -406 -439 77 -702 -701 -545 383 -84 650 -830 602 2 -194 180 -84 242 130 -630 -821 -707 139 -755 272 -648 136 285 1079 1171 -772 246 374 355 -122 128 29 6 -443 149 242 1010 -174 -249 -1127 -964 -99 485 -448 393 310 -373 -135 -262 -325 223 335 -579 -70 474 814 244 74 630 -254 62 -22 799 60 736 -507 89 122 23 -517 -105 287 259 -630 683 235 -1238 800 1301 983 -201 450 107 -798 -983 438 -540 305 280 -588 721 -92 -664 -339 527 -1092 -822 -342 460 160 -633 483 -466 -872 102 484 ]
[-493 -1297 1051 -179 -306 -294 -530 85 1431 -1543 82 -53 -630 849 -215 -312 721 932 -1018 -860 -741 -565 -352 -622 -681 542 932 -51 617 -331 -393 -231 408 -368 527 -226 -1317 -364 -807 637 -267 150 614 -263 -347 -562 -1038 -514 151 309 150 -672 489 1286 -314 -526 -401 207 -689 -182 622 -607 -838 -299 723 -416 -150 429 -1007 -235 -641 -1083 286 -1367 -717 279 29 1123 -942 141 634 -283 769 55 -673 -698 109 538 49 586 1427 -358 286 400 394 -329 -188 -1530 1160 -436 27 113 141 863 -415 1101 -912 887 -259 784 442 520 -828 203 849 778 -156 -618 -136 -1015 -405 1326 270 -216 178 -1098 -400 269 -369 632 ]
[-233 188 -68 -844 -932 -453 -491 -629 740 411 -364 445 1561 -285 -166 47 613 -270 -261 184 599 -861 -301 -1003 477 -999 58 -745 -540 538 609 49 -561 -602 -9 -356 115 1272 344 -1082 52 -1243 209 155 190 641 410 -997 -174 -1259 -711 1355 329 -651 129 -267 420 126 507 456 -844 378 280 458 -735 -865 -441 958 599 -952 1076 -423 -334 -392 1329 369 -1380 -725 908 -454 -740 -945 -1091 -1294 1550 430 136 46 383 94 -438 -19 -128 1516 926 314 -353 -97 -1298 -423 -224 -631 465 194 -476 -700 1258 -1230 1002 672 -421 -230 1213 514 -448 298 461 352 294 196 -845 61 -1466 20 -283 781 372 308 -744 -1045 ]
[53 -689 689 -501 925 136 -1648 1879 -141 -1359 1541 426 309 506 919 661 86 997 -7 906 -1212 -26 83 64 -1441 1232 386 -598 -871 158 896 -574 333 393 662 733 -186 361 91 208 159 411 1022 248 -63 -780 -576 147 -271 -388 -68 69 -442 -704 138 189 -279 -1011 976 1288 131 401 -758 -342 260 367 -206 -1333 330 -1428 -930 -1262 -232 517 14 1095 -128 -326 -74 -66 -600 469 -126 280 -979 182 134 -142 766 191 425 267 -175 241 -881 -282 775 -656 256 61 -1104 -346 -192 -919 -498 111 -671 -633 -771 539 60 -153 -1597 -340 363 838 -68 119 -406 -299 -108 655 675 38 67 -173 -499 -778 214 76 ]
[1485 786 256 304 1881 417 -215 232 -818 -121 226 -623 46 -165 -347 -6 -379 -67 259 29 -442 490 -156 -272 -179 117 91 236 -738 -1020 546 426 146 166 643 516 119 12 -27 -876 -672 281 -866 1548 -1162 -598 -472 -723 -799 -818 -408 -517 1152 -1091 -149 363 -54 0 -799 1118 388 -1544 -316 -336 -461 -133 41 -1352 657 1086 653 -121 427 -503 227 449 -888 493 -800 92 -297 22 -183 31 -905 -103 467 642 1299 -161 -283 -925 953 246 -324 -207 204 -877 675 62 -488 521 -1039 -838 1049 -423 848 -238 -792 628 -118 165 -693 434 -759 -289 -90 -117 -655 -707 -140 -576 350 -522 -850 436 90 -600 165 174 ]
[-707 -961 -473 -665 226 -268 -976 -115 -1065 156 693 -267 98 1444 338 487 -45 -872 -145 -696 -1030 -1138 32 -725 -483 396 1267 707 1031 -741 -702 988 1076 359 315 -372 7 -835 -332 500 -740 315 -28 693 45 -336 -614 347 59 -7 -171 582 154 607 436 25 -162 -197 -960 -723 887 -129 481 54 46 -567 296 -489 -1017 482 153 -438 34 -690 -758 77 159 907 124 256 -1118 -901 -1094 -662 6 737 902 -1188 -723 -115 310 -417 -71 -816 206 -522 70 -150 -302 -1627 455 -537 -746 334 50 -206 -1173 548 -325 694 -109 -480 872 -25 -1029 -540 -546 -460 1261 625 -27 1368 -412 -99 958 -722 70 785 -474 -891 ]
[-308 -267 873 -436 30 -331 430 1505 -460 147 513 -475 -885 606 -887 557 480 -55 555 41 -560 749 -104 294 463 83 -395 -310 25 659 -829 -460 -38 826 -407 -225 -663 -725 -712 -119 -150 -471 785 -645 86 497 -173 795 -473 123 86 -557 694 413 336 -818 -316 -554 -187 -359 242 423 789 412 195 -1350 126 -1346 -938 241 -112 444 -105 540 -424 -411 255 858 56 -543 219 129 -896 116 152 867 -658 556 -1483 -741 -458 -494 575 338 64 342 -26 760 -278 -853 -201 -757 -329 314 -336 -267 -305 2218 -680 -104 -600 224 377 219 -441 -88 -406 325 -757 310 104 -67 27 -994 -665 -475 -70 -229 1279 371 ]
[1377 1083 -1375 112 99 -335 -62 -482 324 -569 -1078 -446 377 -308 357 257 766 -349 63 835 485 933 366 -614 -1146 105 565 123 -1214 898 810 125 -390 -1048 1122 665 256 921 -595 -954 363 -459 -548 426 -537 -742 570 -898 296 -1385 -171 445 -695 -1488 -150 995 901 -128 193 414 -24 -969 -300 -750 -1966 314 288 -136 681 -102 2 -605 -100 -618 542 235 -570 -374 1051 1013 -190 -304 506 -353 -717 -83 315 331 579 -270 630 88 463 431 -281 -999 786 -718 655 -118 139 64 -215 -568 548 -33 386 -1509 789 681 -654 -201 72 9 -447 594 -237 815 -910 -102 -246 -731 -599 515 626 440 298 -343 -1153 -480 ]
[-1220 -345 -933 1004 -298 -168 1527 984 -555 258 1205 1286 -29 -1040 -453 -883 -1493 -158 585 102 -96 471 -173 505 174 -900 -87 -252 56 907 -1189 332 909 173 -315 354 106 -70 127 222 -106 809 -15 140 0 -1112 -72 601 -401 -462 618 30 -372 807 -476 5 -719 254 196 770 -1416 1359 493 13 567 -911 47 -764 -177 -962 798 -1481 -543 129 -212 1095 551 -393 512 883 -1244 -581 721 -1218 -304 -358 746 -855 -92 775 -1061 259 -468 -142 1214 -613 -538 48 447 792 -43 -97 1096 -130 -182 -1177 -644 -171 -1469 960 -145 430 198 -1282 336 -961 -792 321 402 -320 700 181 -968 15 150 610 -187 -1026 823 203 ]
[-579 305 -1459 580 8 -217 -323 -1061 -1151 -725 -619 -407 -418 549 848 1 225 365 991 -110 -174 505 -590 45 -978 185 -515 -470 -20 343 -804 -158 -672 -337 -120 399 -35 -792 217 106 -233 -243 -72 754 -1041 -313 177 285 -158 -468 -289 -78 -257 -430 420 -489 -830 137 -146 -568 271 -1717 -643 677 -219 -1087 552 97 -107 -58 -873 -105 204 -462 -731 220 -428 801 -35 -798 -243 -1205 370 -410 -536 -66 716 330 -117 717 952 -1421 982 -1260 -519 12 139 -372 -185 -1366 295 -56 -1237 62 546 -649 -36 160 -564 1272 -311 830 512 402 -846 602 -461 -80 -467 -1098 -901 -805 -612 -602 -151 -942 -1137 420 -1068 -201 ]
[859 751 656 -496 140 -184 -1422 -741 -301 495 8 -311 -213 888 1208 845 -359 1002 -114 -160 764 -279 -1356 -614 -1182 -335 -1176 271 86 -474 -517 749 -16 -818 -754 32 1373 362 -915 -853 813 217 -536 481 -336 674 188 227 -588 -122 217 -26 -123 -43 163 -308 976 -1265 7 356 657 -291 169 -352 -854 -1488 1132 -504 162 -510 488 -613 183 887 -216 -188 25 235 -602 -310 -65 -80 -914 -667 690 270 1319 -135 947 -703 -545 -326 1082 -340 -167 -1074 -525 466 523 72 718 2014 -966 -522 352 -722 55 -235 745 -261 -329 -214 578 -439 24 180 994 961 59 -920 -116 1055 -558 -556 696 -745 -371 71 -1247 -363 ]
[289 -520 650 -446 687 -269 349 -114 219 679 548 -490 -6 374 879 610 -16 -142 286 446 96 440 -678 217 -240 417 -835 54 274 537 -565 -106 -27 -3 -62 298 -879 193 -46 -613 594 -659 36 -718 -137 824 323 -126 634 -285 -145 -73 210 -111 85 -1124 334 -117 -735 -164 -307 207 1074 560 864 218 -621 -347 110 -449 -560 322 794 -109 -301 767 404 283 251 -404 -49 -883 255 477 -395 -54 392 -3 199 977 -215 201 944 -800 549 133 -785 -131 -337 -935 574 -310 -439 214 1110 -386 -269 661 295 -1037 -709 391 959 -758 -762 -708 -868 -48 353 -660 -1226 645 -1113 -1347 613 -728 192 356 560 -604 ]
[475 8 -843 -1406 -902 -80 634 410 171 214 574 58 1132 -47 -550 -193 356 -363 -1456 445 -253 -427 -477 -1526 -583 -934 665 232 -247 -377 1220 562 340 -1161 263 -309 -281 1041 -233 -137 -152 -418 -445 443 668 309 -322 -461 90 -782 735 840 1129 -652 -162 -926 1222 101 145 746 -560 219 -35 -439 -1937 638 -596 -1113 461 418 -321 117 -559 1035 665 802 -110 -900 -279 810 -1396 -798 525 -1709 632 655 -476 240 282 19 -657 599 560 734 32 637 17 -567 -414 529 -1112 203 611 679 -847 -79 374 -1116 -114 -849 -233 -711 -146 -1511 922 840 292 318 100 -486 214 -773 48 442 246 332 511 -58 -54 -825 ]
[-1646 -373 -259 34 -475 178 -1144 -271 -1288 -1036 135 281 -28 225 325 -119 190 992 698 -104 -399 -1202 -858 -1326 -117 -246 719 -79 519 -477 -388 -182 -280 306 41 -458 1011 -656 392 1405 848 -31 195 1081 -27 -484 -170 7 207 -169 -858 614 -490 323 60 -189 -1109 119 259 -155 105 -1100 -411 100 751 21 -221 1618 -328 -703 331 -216 650 -1286 -320 -63 266 986 -360 -741 -989 -399 -91 -564 -266 782 -304 -211 723 851 974 -1263 -38 -732 217 403 302 423 30 -1250 -561 -528 -860 -619 224 210 -258 403 -969 1095 922 -611 664 118 -1100 26 276 -746 -330 596 1407 1256 -361 177 -32 -578 -474 794 -114 -366 ]
[2330 34 -1330 -712 1380 -345 -19 -825 -849 -150 -1424 365 20 -506 -41 699 -93 -455 387 845 86 -256 -27 -391 -13 55 -245 717 825 -626 377 1297 -178 428 970 -338 367 809 1125 827 -846 -240 -533 1263 -929 -715 772 -1172 -149 -272 84 213 314 -1207 649 997 305 1364 -798 423 97 -687 25 554 -551 311 -277 -98 1490 536 1028 577 669 -362 880 -158 137 -281 -571 -41 -739 -335 -555 -421 -735 -366 258 -308 101 -250 -1264 485 235 21 480 394 -1091 -129 -280 -246 -650 537 -657 525 1219 -518 389 -370 -183 -173 297 510 -678 -1074 -1078 -627 285 342 332 -320 -412 -1112 315 631 798 107 -711 -350 509 -151 ]
[1632 -3 348 660 -495 -112 -1058 938 535 262 -512 264 276 114 431 1016 931 975 88 -218 -294 151 -212 317 -1637 -302 -101 -551 -504 51 63 -1224 -14 -598 674 783 -301 -76 105 -1241 1039 433 228 -91 -626 521 112 -296 677 -770 134 -170 834 -664 1043 -741 798 -644 -157 -87 -586 1673 -1004 -1332 117 -496 1020 -694 1585 -303 -271 1044 71 -195 -91 -43 193 -235 1117 783 -389 -567 337 818 -539 106 98 342 777 -382 1628 816 -105 141 752 -290 546 -565 -179 551 -446 376 -346 -1228 -406 334 116 -410 577 657 -330 516 -571 -993 -481 1122 215 331 -427 -103 -991 -93 982 493 1103 -583 -38 -282 -145 -480 ]
[397 -1053 -125 -513 1278 566 -568 73 81 -369 -690 524 812 1095 1258 1135 244 -342 -703 -1229 200 -1172 -1200 -440 -1005 559 -95 25 818 10 242 1453 -301 -487 186 63 -768 420 136 -690 265 -524 -779 38 938 1095 865 -1524 -286 -676 -507 616 352 -1137 -68 -149 1280 -422 -462 -247 -127 556 381 -285 606 750 -1395 -439 -35 154 -122 -626 -93 284 -34 47 -354 -601 -487 -837 -1303 -10 -316 143 217 -982 1074 60 423 353 364 -925 1225 326 139 383 -1242 -1227 748 171 -228 -455 -164 -22 381 1151 668 -247 854 -1162 -1116 -1106 978 -494 -534 789 -801 -348 541 2 150 70 685 207 -206 -1086 -4 413 -435 -877 ]
[474 -845 1188 740 386 646 56 618 294 -402 72 533 -812 -120 -163 798 -697 1157 -612 -1459 334 583 -66 1190 -99 551 -66 -730 114 -551 -612 -109 -193 -185 -228 -846 -48 -502 624 324 160 -1097 686 31 -94 1249 -587 -27 53 244 166 -123 -4 615 73 -778 416 170 -445 -697 758 1432 -824 -203 1302 -531 338 136 31 -42 -121 481 153 284 -320 -1838 367 537 -13 152 288 883 52 1146 -413 -272 -1111 -271 -90 -385 6 303 -80 -245 257 348 497 149 -127 -98 -94 30 -75 -400 -288 1546 444 1200 -225 263 -96 160 -282 -898 753 -558 265 -616 538 391 154 0 1285 132 408 -213 -221 -472 1426 112 ]
[-33 -533 -755 939 236 -22 470 177 501 -555 -795 18 -270 -660 51 -1222 -1223 -1082 -642 -605 -622 269 1452 763 -393 293 -63 -436 -686 195 733 518 573 -68 -171 372 -654 -178 190 302 -784 -88 -961 -189 462 -663 -187 -168 -523 95 65 -344 260 564 -1203 519 -309 -111 249 377 -207 716 50 -960 -1411 245 -154 -760 509 271 85 -126 -505 -141 2 -227 -391 558 -66 609 89 884 425 -328 -516 -1567 -201 740 -134 -512 252 461 -318 333 -146 -269 155 -991 496 367 109 -500 677 -172 -799 917 -321 -1020 -525 255 -387 449 -759 407 1377 554 275 -272 -20 -944 608 -1038 942 194 -113 -6 583 -1766 -40 250 ]
[-1016 705 503 580 -609 120 -637 565 -343 1736 206 -541 -60 200 -104 -187 -371 -189 485 -661 -1039 167 1642 586 87 1308 274 -42 -113 -716 -886 -281 -271 657 -560 159 1002 -397 -560 -273 102 708 -248 -1052 -356 6 64 1226 101 675 298 -385 -14 -99 -43 94 -228 -513 787 -165 -623 858 661 -334 -1453 -563 410 -257 -239 766 797 696 508 15 -703 -860 -341 165 191 848 -501 301 -358 1573 730 -685 -27 203 -579 -571 -830 499 -280 -639 -814 -1765 -771 725 -1728 -222 1160 -35 -940 -873 -313 165 -726 667 344 -721 -166 -485 -363 394 -91 -298 -732 385 571 623 -746 7 -367 -481 670 -316 177 1023 1093 390 ]
[1166 50 994 -573 23 41 -515 877 -863 672 -254 -654 449 649 1405 322 -77 -650 -246 469 -1238 -1591 -81 -370 608 1415 -18 868 -325 -2051 -944 606 -971 199 -569 408 23 519 -1472 -13 -715 -40 -1003 198 -458 -528 -125 -561 924 -83 -239 220 380 205 260 -315 111 -218 -554 -465 -658 -1082 436 -598 -1046 51 -974 229 -24 515 314 -632 664 632 -912 765 -380 -146 463 931 -577 811 -1450 781 619 15 444 27 441 236 -904 477 -537 -1318 -1045 75 -265 319 -2184 -507 262 -1502 38 545 1140 -505 -84 -1103 1148 -177 -1145 -646 317 92 159 -39 -657 -702 383 -512 -580 -428 738 -1299 389 45 -253 460 384 -373 ]
[952 551 388 -440 -1204 64 393 -444 -683 19 765 -73 -788 -1043 512 35 -1000 385 -320 385 -182 -672 28 957 142 278 -77 231 -1064 135 -1236 -98 -313 -1005 -676 -501 -504 -20 -746 -440 -403 891 -1330 161 -533 -100 -686 556 -65 -528 -574 -33 -27 953 692 -559 -395 -510 211 -295 -299 -1080 -132 -613 -1473 -1416 645 1107 -1206 -219 732 -1092 -374 -300 -404 -842 198 398 -28 -657 -357 274 -808 -194 294 -684 437 -34 -202 -941 166 -91 -218 -155 -723 -598 470 -455 183 -650 453 401 489 575 1216 509 -961 -727 46 1469 -593 -24 396 1084 582 -248 -890 -802 -15 -254 16 83 0 -232 64 -266 -270 -1130 -809 15 ]
[-324 -823 19 46 846 124 315 619 933 -999 829 14 -744 95 -543 302 -1091 -507 10 526 24 1233 400 -160 347 926 596 -256 553 346 -4 -337 366 624 936 -852 299 131 297 65 718 -856 95 -290 -584 -42 934 -699 291 -765 -416 684 323 210 -89 392 395 813 458 252 492 30 350 520 668 -3 -192 773 -752 -525 615 -703 618 130 255 475 -585 1087 354 -315 359 -1098 934 244 -850 -407 -109 211 -807 -789 -636 -126 365 -343 216 -922 -656 161 883 -1659 -72 944 721 204 -149 232 -658 1119 473 -559 144 1206 173 70 -85 -153 -401 1255 13 566 132 487 -123 -401 155 -637 -76 1204 316 1196 ]
[488 236 -432 3 771 442 22 572 -100 -53 801 1128 293 -173 187 292 64 -127 622 751 856 -377 -819 342 493 -56 1150 122 602 1586 258 260 -139 149 625 -505 -109 589 221 478 780 -300 1077 -304 591 -95 557 -1103 33 -402 344 349 540 -447 236 270 -371 1198 491 545 -109 -48 80 1091 -162 352 -700 -1135 -163 30 58 -271 -483 -330 81 1093 -901 386 426 -1109 126 -715 536 -405 -600 1174 -1008 -208 -710 -545 -939 922 91 -7 216 424 566 330 512 68 -869 655 -123 -51 99 -306 308 585 -877 -427 55 443 105 208 -510 -914 -515 484 -541 762 736 -537 48 362 -899 -908 -1116 178 713 846 ]
[984 872 479 653 -125 93 1179 75 1391 484 -847 -74 -296 -595 -633 770 1439 2 586 -470 -57 997 5 111 876 -441 139 -704 -617 528 1173 543 -486 -575 181 1194 107 -178 1421 -222 -464 -1170 362 -298 47 122 -463 -133 252 -582 -145 -696 -318 -140 250 171 -760 297 660 304 439 -641 125 237 -789 959 -107 152 -44 398 369 161 431 -764 325 753 -826 550 783 952 976 76 736 835 -264 -302 -759 556 -132 714 266 525 -311 609 1006 159 356 -625 671 541 368 380 595 935 -216 223 -330 -279 662 278 875 872 -71 -750 -160 -338 -457 328 -142 188 -909 -409 -685 -128 -1087 397 812 -494 68 -550 ]
[1144 189 125 377 -150 -780 -440 -986 -698 446 -1406 -686 170 -390 189 -12 -24 -219 -589 258 -99 -379 989 -441 -121 -460 -627 494 15 -408 309 -38 -750 231 178 1174 -672 481 112 -286 -648 -329 450 56 58 -261 432 -533 360 -225 173 -380 713 -393 -643 268 1053 -1377 -565 -1259 -282 427 -233 -742 -1208 492 820 248 925 852 310 558 123 633 -156 66 254 -489 -231 1176 576 598 -168 78 716 233 551 -135 745 660 796 -137 -173 624 447 288 -796 -1127 -680 819 696 -1057 -398 -774 635 478 92 -809 647 -571 816 -748 -610 -227 -429 804 392 465 -877 26 -388 -454 -161 612 682 252 1055 -499 -873 -134 ]
[-195 -646 634 369 -232 19 -41 425 -1038 -29 294 -402 335 -790 665 142 -957 -4 171 -187 -676 -88 -1120 1493 260 210 -671 -143 -231 305 -549 724 -381 -173 -647 184 -546 -1022 817 -66 -446 1371 -458 370 84 237 -518 488 -193 321 -830 -500 -423 532 213 -301 -875 -538 644 -953 -58 -901 279 635 -239 20 -170 186 -905 74 446 -444 -459 -324 -613 -1081 -39 -469 -214 -934 -174 263 131 -704 -1317 -307 306 -559 -627 56 -467 -360 130 -1191 -539 -419 -124 -489 395 -529 -223 141 -481 0 233 -935 -1485 445 -78 816 -96 952 553 -92 -424 -616 -1157 -644 -90 -142 43 170 502 78 177 -615 -165 -1156 323 -229 ]
[-59 189 -111 -21 1039 -412 375 -517 395 629 217 478 -350 651 -325 540 -240 699 246 381 736 -269 834 911 652 249 -621 -266 910 -106 -453 409 -383 990 -598 -1317 1012 -667 425 63 -393 -37 568 -1074 453 -37 882 -14 177 158 190 564 -1373 -604 -628 359 -661 914 -151 394 1426 -142 -260 165 1051 88 -309 314 -747 3 699 606 -155 619 -797 167 -589 -125 -311 646 1507 -474 1186 1257 -272 -556 -215 -43 -84 -598 -718 -425 110 247 -39 -238 -700 489 1097 314 700 1133 -504 -717 1250 -919 670 1555 -81 -451 518 457 263 454 475 -2019 -1085 -428 -53 -65 238 66 172 -507 -468 598 -506 723 507 -347 ]
[-1093 -590 -745 541 465 704 205 602 809 790 -339 55 388 -1118 459 -643 -781 -630 -390 -374 -825 -33 -1076 -66 582 299 574 252 -359 -464 -476 147 479 303 16 -174 -253 -229 52 -830 -936 -41 -987 -170 -123 -342 -1164 432 49 560 -314 534 -192 1398 704 49 -128 256 -1522 -68 -276 294 514 -637 -416 437 -394 242 -349 47 489 -159 200 -257 -1059 -124 -921 -1330 143 275 -451 -913 176 -765 554 -374 1409 -204 534 386 -226 80 287 -348 -83 -857 -409 -434 391 -29 269 15 587 -501 376 644 32 -559 593 348 -229 548 33 -532 1099 -538 98 -203 711 -1332 -273 150 425 1056 -46 827 64 -162 641 -244 ]
[-529 237 352 -629 1057 -794 -1532 688 -113 -223 180 154 117 1510 1080 204 58 243 -681 -478 26 385 48 218 -1051 970 577 133 -366 -354 -765 1031 -152 114 160 415 1374 679 -281 -361 -887 47 416 216 -1109 -1629 845 241 597 -720 615 145 -812 -82 280 483 -457 -921 522 -62 662 -81 191 -1023 -1197 -416 428 -367 -227 -635 51 -767 223 -285 -371 766 -361 88 675 976 284 -10 -778 332 367 -828 837 -352 96 352 342 -322 -741 -711 -878 -201 -64 -889 234 -716 -357 -521 -617 -346 -634 74 -63 -432 133 205 667 292 -272 -427 270 453 -525 654 -258 -391 -415 1122 -467 13 1384 -590 155 -152 -861 -214 ]
[-656 -1324 691 435 -1160 631 5 -883 542 1685 -221 387 -278 -847 14 242 -437 982 -87 -571 -428 -375 491 851 154 887 1015 -207 -949 55 93 -114 24 -1252 -842 -572 196 523 19 284 -406 717 -31 -588 -344 -183 254 -168 -325 545 -214 285 -865 -898 -53 -821 -243 -285 1318 320 157 97 -263 854 -381 -72 -383 2154 -528 -542 -25 -882 119 -880 883 -797 -327 -271 286 -584 -73 53 249 1298 -303 -1360 593 593 -138 461 918 453 236 770 -391 88 -489 -1284 -908 819 655 -320 551 -668 316 988 -370 -141 627 -674 651 194 235 744 381 -8 -1387 -1401 -503 186 -106 -470 -128 -334 355 -251 746 613 -949 125 ]
[-30 -168 -150 531 625 -306 -261 -1688 -1018 86 -1267 669 -459 -393 -129 -512 1193 341 -415 -534 243 -661 484 -260 616 -944 -596 324 805 194 -895 3 -1419 334 107 -377 672 -147 -85 400 -385 -57 -298 270 59 52 227 -1387 -270 -40 -1072 595 -56 -248 -363 609 -366 362 -185 -848 184 -570 -385 -889 -427 -1238 -324 687 -705 -121 759 -363 -486 37 -1018 -295 -569 -106 485 336 18 -647 -58 -317 784 -442 932 -199 653 438 433 -895 208 -300 889 -323 -1330 342 280 -178 -704 -64 -526 -240 -16 -481 1092 511 591 -389 392 -515 1053 -404 -870 -814 -723 146 259 -245 800 -562 -113 495 16 -394 -251 627 -37 -193 ]
[853 615 852 -1020 -132 -447 -175 392 2010 -459 -26 -602 391 1371 504 -18 501 285 -505 1386 -84 -226 -406 284 -1209 199 -617 515 116 599 -27 36 136 178 550 -517 -910 453 -497 -1357 243 781 -562 40 -393 -733 -340 61 390 -163 -413 -936 -149 912 1016 -548 538 -350 -930 18 310 -87 -104 -114 -83 198 580 152 -156 714 -524 613 588 -88 115 189 -185 485 -50 -152 16 -58 109 192 -457 238 561 556 -517 -655 889 -994 -553 -533 -172 33 1529 -1087 398 -1027 358 343 504 123 1103 422 -805 -755 1160 827 -1062 -188 330 919 679 1150 551 -309 -1101 -473 -242 994 369 116 932 598 1 104 -1103 862 ]
[-927 -918 671 439 224 -701 -3 129 380 -578 -354 135 -96 -436 -91 916 -724 42 -771 488 -499 -492 979 394 715 895 -413 -382 -329 -258 -1265 534 -21 958 -1159 -283 -448 -900 261 545 -1550 -786 789 -701 641 285 108 1270 605 -306 559 4 -862 446 -1006 471 -1023 -1125 253 -563 1120 1353 -910 -634 -489 -954 1072 -67 -600 -106 340 -523 -559 758 -794 -101 20 1030 -68 2306 1194 -287 656 -67 -127 -1220 241 -90 652 -466 -332 1054 -1007 467 180 263 -384 -458 -138 907 524 -335 259 -427 -870 85 -221 18 -1431 181 773 604 -459 -485 895 -185 -1022 -961 617 -290 -464 -676 905 -681 -862 920 -249 -784 1013 -443 ]
[-842 269 -1256 430 49 -310 -413 240 -418 -490 43 542 -365 518 -229 -26 260 43 439 -961 742 410 220 -1318 -805 40 952 -640 222 -107 4 -947 641 -1085 916 -675 798 457 262 717 24 -204 -355 1030 -970 195 94 44 -120 -1395 754 994 -121 -918 301 892 369 736 -201 53 -1358 231 -819 6 567 -944 417 70 43 -330 -74 -369 637 -740 317 -115 708 958 779 939 -1064 -738 40 -368 -228 -647 -210 -1098 -148 -577 699 -232 -892 719 233 -859 -204 -467 -339 -1283 -69 -50 103 107 -84 -130 1178 -487 -413 1671 -40 -82 -408 -574 -738 290 353 419 1241 440 -189 -60 -396 262 1091 335 -424 646 427 14 ]
[-177 -216 41 277 -506 -290 -619 -476 151 -88 -906 -17 -791 -261 -813 -998 -910 818 -113 -1230 -448 1012 550 403 -235 -344 -1222 -89 -570 -44 -1129 -929 -530 -468 -531 147 -163 -462 -214 -579 382 632 -581 -562 345 1229 499 556 -434 -185 86 -317 202 146 -10 522 539 -779 111 64 -1263 1483 -358 180 449 -1289 93 1000 -308 -380 -828 1003 835 655 469 -1058 127 -954 -485 -1 1204 87 196 -243 500 -1393 -62 743 -340 -149 1540 -592 509 1058 431 -115 -269 -248 -138 566 1226 360 196 -110 470 -369 -77 736 682 70 204 315 -631 704 706 1188 652 -403 -784 -869 407 -446 -66 -195 -579 489 61 919 -764 877 ]
[979 772 -1 -756 387 -180 -54 517 1117 -357 -696 -136 -18 938 -185 700 -218 -179 -884 -573 807 -260 -1204 67 -212 480 4 394 185 502 -1161 746 517 -228 323 -28 -41 236 -228 -272 -327 623 -213 250 -50 -26 599 -505 1063 -706 723 81 -403 715 -50 -361 -134 -36 -1266 -222 -74 513 -262 -946 452 -1245 906 -336 3 -143 -446 -253 -90 872 -522 228 305 7 972 -68 589 -137 -37 -421 -15 -140 342 -345 126 -1273 -483 -107 -314 -492 329 -261 563 -239 1155 357 97 831 198 376 -565 -749 -205 575 629 9 -64 1039 427 -66 379 -576 302 153 18 -1095 -321 48 739 336 249 448 -571 -409 -669 312 ]
[357 138 495 246 -1263 512 579 483 313 1541 426 -742 255 -530 303 533 718 -441 63 -679 353 -932 -6 1669 355 -117 1007 -129 54 -398 629 -114 690 -1181 -146 257 499 -81 31 -198 631 -643 1205 -201 173 1192 -1365 -458 -66 699 104 -267 -454 256 835 -1574 -13 -78 -50 -42 2074 -1130 654 430 -64 94 547 -293 -1133 216 228 -685 132 789 -1465 -152 -37 -132 1193 -1178 -73 -297 405 1584 587 847 -1799 -157 -866 -129 -785 218 -682 -708 -349 -1187 324 508 753 -178 573 101 15 -97 -398 862 566 544 43 -497 -226 -753 814 30 652 -1249 -814 -35 1115 535 -967 -218 671 -304 -107 -875 237 658 486 -567 ]
[741 69 166 -635 -108 -552 -426 -410 -240 424 428 -711 523 -17 395 197 -709 -233 -261 1904 336 -716 -109 372 -377 520 64 674 423 -240 1138 998 106 1186 264 -865 -358 970 435 -1006 395 -1538 249 -624 -413 646 675 -381 274 882 -768 352 -416 21 191 -94 240 -141 -1080 -511 1336 -510 -768 2032 320 719 -339 176 -70 302 -113 350 5 -295 -291 -680 464 140 -484 -1171 610 -228 769 -473 717 1523 227 -218 -816 66 -1499 255 837 -1008 -1074 502 335 1205 -737 -468 796 414 -246 1100 889 -457 220 776 343 -1113 -514 -220 234 979 -724 -428 750 630 17 637 -317 556 -160 34 -188 200 -661 673 169 226 ]
[581 -481 -330 -783 17 186 -929 100 -961 34 844 259 275 25 1070 24 -108 -362 327 -550 -577 -969 -412 -123 -429 -138 331 700 560 483 -587 -121 -80 84 12 215 301 -778 -1244 -635 179 924 552 96 476 127 -329 -524 28 -38 -1378 -320 -642 863 18 -1152 58 -868 -423 -447 370 67 474 -329 0 -204 27 -392 -17 -1258 474 -890 -497 83 -689 326 328 -405 484 -799 -916 855 -1568 566 227 215 1461 -355 -333 851 387 -372 990 -321 796 -144 -435 -266 162 106 409 -919 -73 -12 -120 409 -968 698 540 448 -1340 -1390 386 38 -475 -650 -1576 -359 358 -58 25 1091 -246 -673 759 -1653 -552 236 -316 -295 ]
[-950 -160 -623 526 -981 278 -390 111 702 -574 -777 458 662 312 202 1043 333 -309 -410 -161 112 109 105 72 -793 -530 730 -359 -28 831 -162 126 226 -220 201 378 -733 -989 150 652 144 -191 370 -1039 955 1189 28 679 650 400 812 481 790 723 -197 -1823 -342 -740 1413 -27 -2 443 -585 -509 -1302 672 -39 -1141 56 5 -391 430 -583 -200 -485 204 -553 380 853 1052 -297 -348 43 -720 854 900 -802 521 -275 -688 168 399 161 -55 -85 315 -178 -346 374 -70 -1197 -106 366 630 -822 802 99 -679 -609 170 -150 415 -39 -811 983 581 109 -54 133 140 -148 -396 -196 1004 181 -289 358 -475 -307 399 ]
[255 -873 -536 -420 837 -260 -306 378 -885 65 667 557 267 114 -1 1580 -963 -397 -366 -65 -518 251 63 -263 -383 555 -561 208 636 287 -556 358 -635 -17 650 219 -149 -17 -639 -724 263 372 -180 395 274 76 870 -78 50 -834 -589 721 539 -1409 -261 203 739 -306 415 -354 -761 68 242 144 609 36 -427 238 -684 -582 679 -26 1015 1001 -491 570 147 226 -304 243 -1330 368 -890 745 -70 -754 706 6 -1 571 -1228 -555 986 -713 -336 748 -1665 -416 -920 -950 -511 -805 273 410 1063 68 -343 848 593 -504 -623 -1326 104 -1107 -130 -163 -1100 173 725 66 258 709 137 -1744 757 -591 -471 899 945 1017 ]
[-698 865 -824 -425 677 -167 -133 -638 311 -761 -606 117 -180 1261 54 325 287 152 -30 316 1039 -129 -985 -368 -493 429 -561 -220 78 500 -251 148 -1066 -197 29 -849 1046 -507 183 986 544 781 -296 85 959 630 1108 490 853 -216 166 253 -576 -412 -172 381 189 526 339 -341 -901 -293 -988 -38 492 626 -245 1241 -424 245 -209 784 549 -133 -109 50 -587 324 -153 419 176 70 17 -14 -346 -997 -412 47 1191 220 905 -1307 -1206 -575 -894 685 107 -794 726 -952 -449 1132 541 -206 339 1146 -366 -360 321 550 202 -582 831 -168 -248 1162 -436 -1541 15 253 1235 372 967 292 -311 -294 -1247 696 -634 1125 ]
[1191 -110 -534 52 1224 653 173 -92 767 -980 -123 -234 52 138 36 687 550 414 241 236 203 990 378 -363 -271 -471 -337 581 994 -85 1486 104 627 -661 1109 793 55 137 849 52 493 164 635 515 -238 -68 -128 -9 -326 513 -112 -63 439 -55 709 540 -71 884 -740 584 1676 -984 -200 135 1471 1554 -10 -838 485 14 -309 367 -250 1407 38 1216 696 -341 -555 -308 619 575 -46 988 -470 1399 707 753 446 367 -161 615 1490 -1114 -421 417 581 833 1055 1342 -811 1156 10 1128 336 331 818 -63 -350 -992 -793 356 -692 -524 404 -620 819 565 798 -630 -829 -868 206 148 -30 643 -696 754 168 647 ]
[302 -629 -526 -10 -446 -149 -1328 -1260 180 -55 231 1101 -12 1160 -8 510 13 -486 -464 -474 50 -1308 541 -545 218 -1359 446 32 1209 309 -496 -362 13 250 -383 796 624 13 -282 -254 1578 49 1115 -401 834 -498 442 -351 -982 1297 -128 747 126 246 -539 133 496 -87 -28 -6 1335 1138 66 -521 247 -359 414 -396 352 -411 212 311 -845 550 -410 -485 185 213 -382 -26 -69 601 -1073 157 1023 801 288 298 185 356 159 -104 983 -256 409 957 130 336 -194 934 545 -316 57 -205 -1275 454 79 700 202 -700 92 -824 775 108 546 -27 690 -96 -161 653 1181 598 -620 -320 -213 208 621 332 -876 -217 ]
[-723 -1086 360 844 284 -186 -93 -330 -1235 -47 1097 567 -822 -769 586 -1128 -476 622 203 54 104 -890 -490 -679 306 -190 -318 -192 300 279 -716 -236 -936 451 102 -577 -259 -897 216 -365 919 449 -1225 -335 -91 -137 -532 -255 -525 410 -259 18 -266 1757 -485 1299 -101 14 -227 -136 -1985 615 138 425 878 140 -886 918 -691 -701 520 72 17 -15 102 361 921 -327 -1089 418 -9 -1129 698 -1276 -304 -760 1248 -362 252 808 275 31 1065 875 576 -139 -1515 584 -562 117 -58 232 274 -736 1321 -559 180 -421 1095 49 294 -324 394 -809 -258 232 -1034 -273 -633 -581 1254 -218 -78 167 -132 -501 -296 -5 -659 -518 ]
[-282 399 -781 406 -43 -1317 -1577 -906 -1170 417 -945 -505 -199 561 -515 -824 -454 182 -673 -741 329 -394 244 268 -1191 134 28 98 359 -833 -497 -26 -584 644 282 -650 195 -1114 -972 -399 163 1239 16 0 754 494 93 -151 -513 1105 -500 1006 -313 -497 -201 349 46 -652 45 -978 161 -355 -964 -70 -221 -1358 1014 13 -858 -525 -17 343 368 -494 -571 -1249 572 -846 -444 550 -46 626 -1687 -75 583 -343 757 308 -229 -31 95 -795 571 504 -762 -200 -1752 443 -354 -263 -230 65 -1157 -837 21 -664 213 1322 363 -445 943 -1320 -478 -553 -437 695 219 -809 212 -100 1438 259 272 488 340 -804 118 1544 -133 610 ]
[290 890 -1536 1100 1712 -216 -4 79 -39 79 -134 539 -538 254 -363 -309 -575 -525 98 -288 294 996 509 1040 342 -166 -227 639 -177 -261 417 934 -154 1082 31 648 781 -425 6 412 415 -67 -283 173 488 -723 132 -420 -342 1257 1208 194 -235 -331 -338 1068 -410 -10 1076 603 386 146 320 -45 1496 878 470 -694 289 230 568 641 -770 -611 -795 -8 150 225 22 -762 740 962 -381 33 57 -289 -179 295 909 -94 -923 355 -653 -146 -1419 1377 -1340 215 592 450 823 642 -307 -602 -295 470 -233 355 544 -726 279 -12 -632 394 303 132 224 -647 -516 851 1703 -719 104 1249 -600 814 506 -86 -193 -188 ]
[-976 -1491 -664 -372 41 -16 -14 -755 -1264 -363 7 469 78 469 270 -275 -521 -272 -474 -151 319 -719 264 -191 -1381 195 576 293 1329 303 -141 388 315 2 650 -613 -1160 -667 -1016 941 -829 549 -86 307 1024 878 297 -526 719 286 716 600 656 -423 -624 -503 294 1161 -103 -562 340 506 -958 569 279 459 -757 -344 -519 -139 -341 -355 -309 -666 -381 -77 325 736 -556 -581 -363 -1013 8 -298 -733 56 -30 -391 335 507 -44 296 955 -163 429 536 -1334 46 -514 -374 -654 -733 154 245 -523 324 13 1109 -769 -526 -416 179 534 -244 -174 -256 -834 -287 644 -123 204 -167 563 -346 38 -1370 -1475 1370 98 -492 ]
[209 887 282 -1465 484 -40 947 -848 -964 -876 -259 -482 158 350 707 84 -288 -1294 52 1239 -179 -1125 543 -444 153 30 -1179 931 -2 22 139 461 111 -592 -137 275 -186 -89 -1840 -52 -451 916 -1380 551 -941 -1512 -29 383 56 -212 438 -444 147 -340 -443 -177 713 321 -172 152 -989 -1131 429 -609 -1303 174 -1021 -587 399 1162 -389 -27 269 -879 -151 583 -473 2121 204 578 -949 590 -459 295 -917 -369 1135 -243 58 326 -366 -193 -532 -851 -712 -128 211 -119 -537 -1088 -62 -816 983 769 693 348 -758 -144 -400 477 -1173 359 107 592 14 -347 -1347 128 989 -904 87 -112 95 -1535 -76 -33 -467 -393 -720 -890 ]
[804 -683 733 -906 -1009 -182 522 668 -812 -608 24 -44 -581 -616 -155 -162 -684 -728 -870 19 -408 -1281 -734 -302 521 191 705 -162 125 851 -108 1206 178 -1131 955 -118 -1220 144 401 370 802 43 -840 888 257 242 -105 -563 89 -81 179 310 515 1695 -646 453 375 188 -968 -410 -1065 -320 305 1128 -513 -225 -295 -140 -846 423 667 -1195 328 -295 -123 223 744 598 -770 -825 -457 -1528 116 -1381 -727 1354 -516 -791 -698 435 -1185 546 704 859 256 -94 -604 744 -653 -938 723 123 318 1381 258 -146 -675 286 69 27 -513 215 862 -441 -1400 -210 -324 420 349 -546 768 -646 -504 -239 -396 -55 649 521 -1171 -601 ]
[1247 255 1172 -446 1636 -266 288 -378 1012 -1253 -301 430 -109 607 -193 504 46 -563 -840 384 493 -478 393 -587 -451 -34 -347 383 398 -943 -307 554 -322 952 -658 -607 -79 553 -1272 -916 373 -600 -688 -537 231 -47 10 -548 296 -311 -67 -67 187 20 -815 768 532 263 -169 243 -660 940 -790 -1375 -725 -578 -792 -1194 798 351 -441 -293 136 -997 580 -92 -666 1185 61 1479 -328 857 -961 -233 509 -1336 757 119 846 -922 -747 1457 -163 814 564 -439 -567 -108 77 42 192 -182 669 165 -771 339 137 -622 510 -533 -724 -453 -200 11 -178 -159 -399 537 626 -526 -429 832 494 -456 -194 771 -264 -967 608 384 ]
[192 848 -1136 1373 1313 142 -859 -930 -306 -210 -470 218 -353 -473 -317 638 -156 -2 482 -375 800 954 -605 -253 42 -903 92 529 480 -547 -264 78 -1280 478 220 369 1052 -825 430 -218 1051 -534 -511 452 152 459 896 185 142 728 -611 1034 698 -298 1102 530 111 -54 800 -751 -291 -286 289 -343 715 245 39 457 152 82 679 938 -186 -1040 -701 -39 -363 -415 616 -50 243 -397 -413 -300 560 1609 352 353 453 -92 -217 296 771 -1363 -166 912 -896 1496 162 -580 -403 342 -1173 -33 543 -37 71 392 539 -544 -89 400 39 -727 -854 134 282 664 261 1125 1005 288 -464 530 172 -112 -18 1271 110 -154 ]
[43 994 -1166 -697 -15 502 342 -824 -122 -298 -946 339 366 -189 -15 -9 1191 -641 1065 589 -414 -995 -80 -679 933 -371 -379 881 360 197 317 163 -334 -251 -1126 51 620 1328 -816 -186 -13 480 -923 626 -449 -416 965 116 -556 13 -574 -866 -305 -155 512 692 7 299 186 -363 0 -1703 -439 924 -1606 304 -53 1243 -543 123 613 43 -67 62 272 371 -614 804 527 -379 82 -293 -597 220 615 63 1019 43 -433 658 -11 -487 -643 370 143 -153 606 682 175 304 651 990 933 297 -545 -548 203 -677 386 574 -277 -325 180 1121 -193 363 8 766 3 -349 -236 -477 320 -720 -853 323 -592 40 -782 -147 ]
[979 -980 416 20 170 567 524 1659 561 -536 141 260 6 228 731 605 310 -573 -447 1239 -472 -144 341 713 52 1062 720 -65 -488 -532 -159 45 424 663 -93 630 -228 286 -753 38 -196 -515 116 -193 -448 -590 -435 -638 223 -118 23 -251 -704 462 989 -211 -63 135 -68 929 437 143 466 -483 125 1575 -1578 -769 -5 -107 358 -668 -140 532 -140 663 -206 -681 622 1307 -70 187 475 1195 -101 -285 -341 48 395 -116 -675 608 -933 -321 -874 281 -15 325 -608 309 -234 -672 534 136 993 -185 -208 -1063 326 -273 -1078 34 -125 -514 1142 14 -805 -192 368 1107 111 -156 689 -76 270 321 -379 265 749 -852 ]
[-998 -989 99 -1338 -757 -242 375 489 295 206 -96 438 -91 -197 -1840 -252 -784 777 -259 633 -865 -335 697 -239 -513 533 489 139 72 184 387 594 439 -295 194 -1048 449 -354 -279 392 -1349 74 848 218 -553 -560 86 1054 -654 -227 183 -258 -590 -120 -713 1273 -527 927 -611 397 1601 465 -1433 1090 -54 -1451 819 273 100 -342 -15 -604 23 -1382 103 -666 -136 939 -1461 -414 219 429 100 507 -554 -528 -624 42 -1789 -591 353 -564 -180 1147 1555 -14 661 72 538 -283 495 653 86 -53 -1044 -1443 -425 1148 -1302 1339 1260 -24 -1045 319 40 -818 1260 281 -146 272 45 669 131 -163 -138 -1002 -774 -69 991 1869 ]
[-747 -508 629 305 959 20 423 63 -385 -628 -513 -488 594 456 745 913 -199 262 -292 69 579 560 113 -243 -267 107 -371 -297 370 -575 795 -246 -453 -272 71 971 -741 -299 1203 -131 104 -4 -464 297 302 451 725 221 40 -61 208 497 889 -1515 442 -327 -95 -1298 1481 -395 -6 -23 918 104 -148 900 -878 -849 -694 653 -140 132 239 1275 382 992 -483 257 242 -576 -10 -671 -655 148 458 817 1017 38 223 -436 -437 -756 1154 -621 -1015 1002 -1091 349 -181 -378 -2266 -209 -978 545 389 259 -575 -915 -796 -1042 398 269 861 -642 -976 783 -59 200 264 646 204 -1170 251 -281 370 -1008 572 943 -783 -1195 ]
[1379 728 1710 192 -298 -278 10 -376 165 136 -18 -830 -507 -98 60 -300 19 -33 -150 529 306 -48 -171 395 868 -638 -1563 -118 180 164 -427 361 -315 1121 -562 -237 -105 -161 1119 -997 -3 383 -1029 396 63 -385 119 -1017 -836 226 -1516 -866 62 895 192 747 -544 -316 -849 -349 -1271 -230 620 -58 -381 21 -209 516 467 996 1348 690 214 671 873 -781 159 -100 -1110 -529 -195 766 -732 -991 1477 -677 944 450 556 -87 -304 -1509 55 272 263 -561 -321 415 98 978 829 271 -343 -1014 1014 -253 37 164 1864 -317 90 354 108 697 -619 -185 732 366 -826 176 412 554 -396 539 -713 1362 1139 -938 -365 -494 ]
[-1107 -638 -277 -312 -1241 -440 -558 -558 -158 469 195 -268 -148 905 280 683 -602 194 18 1399 -382 -410 651 -783 -759 526 -722 45 -583 -262 398 -175 367 -58 -725 51 1287 -1129 -806 236 397 36 739 -41 -587 -1071 549 1403 388 339 202 175 -1201 -364 -1516 1169 301 -659 -422 -103 470 477 -663 -335 -102 -23 1307 83 873 -78 -265 1296 250 -727 733 -99 455 256 -1220 980 -1 720 -323 -230 -279 -318 1024 1063 655 150 351 432 520 -385 -488 597 182 -168 -1261 511 1375 -242 -139 -1361 -214 729 -418 -40 746 139 465 -669 -412 -349 237 817 1072 -131 -534 -327 39 -12 -382 -331 171 483 827 -220 -160 588 ]
[-256 185 211 774 -1373 -323 681 272 -1090 1396 -258 397 -386 -1097 -260 565 -576 866 770 -1104 327 -157 585 76 187 -534 -528 -458 434 323 1482 -123 129 -608 -434 260 283 48 1230 -152 324 -980 -27 223 376 814 -695 340 -1620 -382 203 -48 600 -1282 -461 443 286 -868 793 -155 -334 858 893 486 -681 -488 160 -164 -174 95 690 -492 77 -547 204 -635 277 244 495 -429 -1202 231 -248 19 -419 -40 -28 165 -312 552 -895 286 681 518 799 -218 62 374 43 483 -529 -239 8 -1419 -380 559 -408 178 -688 270 564 -775 -93 -891 -149 -232 181 283 333 217 192 -465 -311 -723 154 -253 393 -1087 1240 -832 ]
[56 444 903 -100 549 905 11 144 1318 -298 226 -108 -204 -128 19 -718 632 669 222 -2045 -631 -219 478 34 -167 415 736 20 -583 -1333 496 268 -328 -724 -85 554 153 -136 -633 -288 -707 -322 1053 1049 131 384 -1426 17 117 -152 -341 -1147 -454 -639 824 -500 -565 434 72 184 623 -385 329 -228 704 -333 94 -160 -172 545 -12 -873 498 -941 -555 -237 -987 401 38 -1012 482 442 -310 1222 585 64 -1117 594 -335 -207 952 -261 -142 -50 58 -565 815 -512 37 -926 874 -936 -1273 261 -281 174 117 311 -616 1047 -496 -415 -285 1202 -262 -166 -627 -171 88 633 -637 -232 -211 -360 -239 -645 559 1297 258 -938 ]
[-943 111 -371 585 925 -685 1155 217 -119 -669 -492 168 -356 336 280 -347 -709 -637 248 -48 1309 869 476 -258 -601 -167 -52 183 551 -43 270 246 -141 -181 224 134 -455 47 240 -338 499 -429 -582 261 -428 -234 945 -127 -309 -229 226 -404 672 90 -141 109 -398 315 321 -453 114 192 118 48 -581 64 -527 -539 -872 924 -256 -517 77 -39 -6 602 12 1467 35 468 236 -740 463 -806 -7 639 -486 431 -1593 -111 -690 -935 496 -788 -190 42 1360 189 1030 -1611 -1764 566 -302 1128 -115 725 -171 -98 -1523 788 -777 566 405 223 265 1078 368 898 -45 331 835 -432 100 -242 614 -980 -544 363 -156 599 ]
[1006 -963 653 10 214 -853 51 -25 -569 -790 -660 419 -788 378 565 299 -1024 -114 -504 1190 -395 -392 -133 -8 1114 -598 -419 -1130 -364 -89 -571 138 -429 246 36 240 -52 380 913 823 129 -583 44 687 -202 -388 1172 -442 417 -121 182 1439 -783 -243 -83 -599 556 -424 992 -441 -489 221 -189 282 195 -720 950 300 55 -6 1467 190 -538 1578 14 149 280 152 -377 259 -68 17 -376 -218 206 573 437 -562 323 -357 -839 528 -818 -438 -959 1269 -1099 367 -1904 -389 -454 -1279 214 723 18 -812 349 49 46 -1021 577 354 944 -741 -877 501 498 -479 -673 1240 1455 -1097 320 52 223 1080 942 106 -622 -772 ]
[379 -831 -644 52 766 -353 54 -79 537 -228 240 -138 286 33 790 -379 -186 -912 392 1160 -1 891 642 -385 131 -161 144 508 71 -238 1016 1016 348 1350 214 225 -536 359 828 -486 -839 -691 -898 88 191 -1064 -21 -228 -235 1327 -663 469 -482 305 360 1143 -565 341 21 -169 626 -220 407 657 725 2062 -1096 39 345 375 153 -168 -125 153 1026 588 270 -816 -862 607 611 909 471 -3 15 228 962 86 -76 -229 -907 306 878 -255 -1088 651 29 944 -162 694 -86 -367 823 972 468 -199 -888 -1011 1168 -620 244 348 202 477 499 202 1014 -234 -123 600 817 35 412 578 -395 1629 560 -849 72 -797 ]
[-517 1187 347 85 -691 712 -450 -709 -1059 316 -214 980 1073 -119 972 293 -374 202 864 331 930 -967 -1013 762 901 319 417 -734 -84 811 -636 -55 -602 -166 -1594 -530 489 362 554 1404 82 1769 -1301 -45 -547 -1103 1067 693 -90 114 -179 24 -530 -315 558 121 -682 1546 709 -164 -2141 -713 352 -255 -201 529 -960 2012 1009 -140 376 -49 -221 -1263 -153 607 -819 450 -201 -930 -1138 459 -236 541 -464 -1159 515 -626 582 464 1013 -267 -1410 -918 -685 860 666 -610 -225 -45 46 252 -271 -293 1066 -300 538 -1252 -322 843 671 -106 865 1378 -1020 -823 -888 -718 188 1081 623 640 -158 -82 -519 256 -1069 -693 -217 86 ]
[687 1123 114 781 -871 -452 -508 571 368 -799 -370 -178 -654 -381 837 -578 84 172 -51 -345 15 -345 -1823 466 -385 -1057 -186 163 723 1064 -476 -355 -172 -139 128 181 -726 460 -620 -400 1260 783 3 168 -59 -202 263 -69 -250 346 -272 -558 46 1042 368 -882 -124 -955 368 -47 -1375 -1100 444 -253 -197 -167 216 128 -476 -734 70 -172 127 179 -338 -43 348 235 476 -1194 -348 549 -794 -706 -81 792 974 332 -179 46 38 -278 778 -241 -466 28 81 72 354 -533 -340 267 1180 285 471 86 -876 506 470 369 -826 137 448 161 -187 1609 321 474 -1355 -1173 1066 219 -32 409 899 -925 215 -671 -1017 -1 ]
[72 10 207 561 162 149 206 -1153 392 -138 -62 657 791 -591 22 -712 -952 -454 -1198 -150 252 -552 478 1711 262 -824 -768 -755 26 -25 245 1047 53 489 -502 -250 310 -763 969 -685 386 1077 -392 -379 353 224 650 308 570 539 -101 -219 -1144 176 -1503 210 -739 804 625 118 -373 204 -1465 -127 14 540 -128 35 329 73 -328 982 -642 -1049 945 -958 106 -35 -410 375 -434 1957 316 315 -287 -1278 -162 -590 474 409 -366 1196 -87 -29 -299 -72 -365 -334 -676 678 285 -168 709 -267 -919 -119 69 -520 336 82 265 -727 76 506 334 -572 -359 -1050 709 -461 347 288 479 227 -164 852 659 -1239 554 564 ]
[1255 426 -963 -580 969 -294 -148 -107 -695 261 -426 234 357 542 765 -305 564 -428 627 1224 -8 614 75 47 79 563 -2 909 -517 -198 -71 -20 -630 690 229 -48 429 1113 -1503 -1021 -274 -452 -307 244 -811 -827 930 -1929 -26 -577 -375 -396 148 -1119 -27 197 606 -19 -581 -358 39 -811 -273 426 -986 286 -869 -348 269 -67 609 411 -166 -95 -226 431 -1121 -875 555 724 637 -919 179 73 400 -663 637 582 608 879 -341 -362 -547 103 -224 270 -285 -261 -626 415 250 -33 204 -894 659 -180 714 -522 887 -695 -817 -406 -163 617 -212 366 -1129 362 -704 -444 -247 -142 275 -613 -95 -234 -717 637 -220 -143 ]
[533 435 -256 1313 178 2 -1049 -362 -518 497 760 552 -479 408 1130 569 -572 395 528 -1534 -71 180 -41 37 -610 640 -587 158 -1 -222 -799 -455 -419 52 -376 87 -860 -242 -573 -1031 1179 463 -4 -920 716 1403 -105 -490 170 373 -173 -222 556 -301 -611 -528 580 -969 444 -845 -1697 1613 -947 -599 672 272 -243 -221 1203 -390 -1648 158 777 -1055 212 -307 345 -427 1111 404 -477 1093 504 550 746 -1074 511 605 15 712 885 755 668 106 129 -611 -939 -556 -246 848 846 -75 486 -603 -757 514 -590 443 1020 -987 105 -260 -1170 -732 468 1466 -484 142 -132 -505 17 634 105 50 5 -752 356 250 -38 146 ]
[-1156 -202 250 -410 -1084 -728 -322 638 671 -1085 -860 -454 965 514 22 -919 -298 -285 -937 854 -782 108 1127 717 -428 585 -343 236 1098 616 -310 323 490 732 -67 -609 -1061 781 -830 -558 -668 -125 554 -1 781 -528 -167 311 -369 -122 -327 191 -759 1169 62 -114 449 -630 -450 -526 674 1218 455 905 300 304 8 917 176 -677 -628 -668 -319 523 -402 -185 -271 -859 696 -131 650 1375 -1607 -104 346 -266 852 -56 -588 93 131 -381 -845 615 -448 113 -492 21 -1258 267 107 -487 1541 -709 -210 317 -575 299 72 -312 -711 -1226 209 935 896 521 -482 304 224 -687 -509 -57 119 -196 341 882 -1488 -34 278 1550 ]
[889 423 286 80 -53 -46 1221 766 -38 872 454 -774 -806 51 -570 -130 1054 -590 1444 544 8 72 1414 99 -147 -258 -1122 329 405 130 9 -561 -190 -275 -464 231 598 525 -696 6 655 -647 -302 -851 210 911 829 -309 -607 -210 -431 -767 162 -45 -468 -108 410 -629 806 408 -715 94 210 387 -335 -136 -415 -377 -463 -349 581 -738 46 1765 -430 459 1107 -118 738 689 -91 300 -226 860 994 686 -864 468 -604 -252 -1096 -443 -137 -335 78 -946 -167 1333 544 439 221 262 865 398 -24 -451 -524 205 115 -652 -1109 -1170 273 -12 188 122 -596 -35 137 485 1012 -738 -99 -1172 332 451 -103 220 967 531 ]
[554 644 -739 -499 -17 -299 241 -471 -330 -925 -293 50 444 -542 -1524 -89 514 302 172 -28 -579 -8 216 -1172 -477 -610 320 55 634 -510 1892 33 -109 -165 739 -1109 117 807 1252 -230 -261 -876 -606 822 -410 384 -58 -367 -744 -1252 506 -152 311 -836 -137 777 33 546 226 725 -225 43 -1016 1260 374 403 339 -330 454 212 -384 -400 115 -665 983 -673 904 260 -138 -275 77 -166 -17 -622 -21 135 -765 -119 -183 -549 251 -48 702 1481 537 170 -110 179 413 161 -602 402 3 919 -385 -773 550 -287 -1332 555 196 -189 -1121 133 -984 512 987 838 -140 -267 -414 -1198 -235 -122 -228 801 -533 366 -137 -383 ]
[1279 2015 -1780 136 809 -580 -438 -1406 -1056 382 -73 590 -302 964 -13 169 -354 -592 497 -774 159 -198 1358 -141 -948 -50 -1104 125 82 12 72 82 -477 -63 500 -469 531 -1121 -667 -687 -256 0 -211 -45 522 749 -372 -682 146 -327 -368 50 496 -643 -192 -395 492 380 378 -705 423 504 -1446 -654 -282 -1013 1094 -1204 1217 235 -380 352 -172 -1202 -278 -1078 -41 1272 745 1118 -333 1331 -613 1715 159 66 11 372 -307 -1242 167 -139 -27 346 956 -477 -426 226 297 -89 758 -157 65 254 -624 386 -106 980 166 600 -376 -1114 -594 -945 -91 -410 267 74 387 323 870 -143 29 5 533 -962 137 95 -146 -97 ]
[285 109 131 -23 -765 -430 677 712 -170 -436 -702 -419 31 -234 -1048 -521 -67 -126 190 426 98 -61 637 765 -657 120 -383 -106 -463 565 424 222 -207 7 -623 -158 -112 6 166 1034 -36 994 652 -1112 805 -936 97 -549 109 -755 345 -1121 -485 889 -551 389 10 644 -219 154 -1489 840 -431 97 -752 507 -1186 913 1013 -445 -1653 448 730 -707 489 386 -153 100 -123 140 96 1115 938 -581 -1540 -1241 -717 215 -702 524 1197 371 -1001 566 630 -413 738 -1097 728 323 494 -21 848 -793 529 429 -1073 -335 294 73 1086 136 -131 -119 -60 722 -263 343 -1187 -726 191 -8 456 697 -304 -251 -1043 -1408 -1063 545 ]
[-584 323 -375 -360 359 -466 284 -948 707 54 -679 106 -296 -324 -1669 -435 513 39 -384 -778 -442 1010 621 -978 1309 -1237 468 334 464 -542 -751 -706 475 -157 128 283 705 472 347 317 -141 953 178 355 -503 -116 -72 1408 724 104 623 563 -588 -37 917 1248 -969 810 30 402 395 316 -206 -1235 1135 -764 1276 506 304 457 48 1320 407 -38 213 -10 1321 -254 269 432 1029 -498 -501 226 413 -445 308 -248 927 -129 750 759 -150 243 527 103 -339 305 552 1165 567 702 -402 1139 -994 -436 1115 644 -983 244 1000 754 -538 -78 -667 -918 1356 510 973 -212 -682 -360 -685 548 801 1816 338 778 -67 75 ]
[402 1246 426 513 198 311 -77 -449 -420 1010 257 774 -226 -211 -760 -1133 188 161 295 -1062 611 213 1536 -1061 -470 -627 -752 1125 -1048 621 368 -274 -536 -178 -379 479 355 -285 -543 -96 423 623 141 -1000 936 -120 -187 -971 -588 -492 -145 -599 754 305 -800 563 398 -251 910 473 -1234 1306 -490 -1567 -1029 -12 -177 -227 1682 -485 -495 170 -481 -1655 596 551 -844 545 558 474 7 666 -537 205 838 -195 -202 1412 162 -288 780 981 141 656 1613 -84 272 -436 3 1076 839 41 -140 -1155 -1676 422 -542 -794 515 -231 259 -777 -482 653 84 474 -227 679 -347 375 454 -51 -1146 398 -44 -939 782 -68 -355 341 ]
[804 600 441 -450 631 -317 620 829 -609 806 464 -9 -158 177 -921 -24 -175 -773 807 -160 472 -90 34 550 465 310 -346 -304 248 323 -498 34 -839 -88 -81 -207 759 -322 -1148 188 -4 559 949 -485 -74 -224 -41 -941 -428 -952 -104 32 -22 -132 -144 13 995 1101 -883 876 492 -187 -270 -91 -187 -44 -1091 -500 647 -1040 -824 -112 1103 775 1 130 -258 -502 329 82 -321 346 -251 1608 -1021 297 -1222 -458 -895 527 510 -644 100 483 1242 -731 -288 210 575 -336 -81 -667 320 -406 864 -938 353 661 148 176 -49 -329 -729 -789 16 -809 -684 912 -622 -116 598 317 -333 -1239 -327 -723 -985 560 108 1176 ]
[137 555 87 -316 950 615 496 -1198 156 -39 795 436 -878 267 269 -555 836 524 1496 68 -437 563 448 -6 -289 -870 -399 145 223 63 214 -557 -221 40 156 894 866 -503 -678 -365 1265 703 923 -33 -469 -225 -531 1130 641 638 -559 -983 -381 248 -691 -1029 35 165 -612 -17 96 -20 240 -477 1154 807 921 114 871 631 -660 1267 152 -457 283 528 124 1021 -520 -552 -186 1123 -118 1023 -945 476 -610 572 -377 1572 947 176 365 -620 555 357 1091 -177 -285 -271 220 221 853 356 -313 1313 -169 1135 -290 188 -528 -486 -230 704 -826 482 -772 238 -806 -68 -424 185 -485 -942 73 -738 156 380 -693 873 ]
[-1189 -1069 -46 -81 -884 63 262 -253 -1605 -228 294 343 -735 6 415 207 -512 103 865 -220 -725 96 273 -1163 315 -124 145 306 -11 342 -125 43 389 -160 471 724 597 -53 -6 1201 377 -389 196 610 -313 -174 209 391 11 -1017 537 295 192 208 -636 -40 489 -1262 638 91 -502 344 969 488 -349 -193 3 637 -462 -453 358 0 561 74 626 545 463 912 694 111 -329 -433 -304 -918 -468 -229 -120 -486 233 1161 290 -447 -664 -87 255 161 -486 -576 -1464 -858 58 -943 1357 -184 334 484 -933 -438 -209 59 739 322 961 -241 -885 872 -739 634 -510 161 -277 62 -634 -1376 -256 -283 345 58 -949 468 ]
]
