[[-491 87 -161 -313 -172 -27 -428 220 511 260 841 382 674 -163 -39 -84 221 253 -306 869 224 -384 248 481 -124 118 -452 -324 -151 -567 81 43 -6 959 665 -162 266 1111 -90 -264 155 614 206 427 -760 -378 144 -237 -225 -315 -312 -245 -25 203 196 395 -964 743 272 389 110 444 -627 -331 558 247 -396 312 81 776 143 166 -524 638 58 -1085 -116 -621 -12 263 -180 476 -122 -254 126 -20 53 -44 -592 -391 565 -399 215 -307 288 -382 -116 -696 -76 937 518 107 -276 897 -886 -79 -96 -1137 164 18 -148 801 20 -458 -419 -158 23 487 850 274 169 -241 -296 -277 -396 287 -652 8 -37 -112 ]
[-683 184 -410 552 -171 28 -678 426 532 763 248 105 221 -320 -437 -417 62 524 -132 147 556 -370 -445 190 -736 1012 29 -630 446 111 -264 887 -610 -270 820 -619 -174 145 -201 -81 480 -550 -193 936 103 31 -350 -187 33 -747 426 299 -361 158 385 858 92 -431 1072 157 -350 182 -556 431 185 -208 446 75 -195 934 -4 -24 223 153 -65 -1074 -379 1007 -282 -346 145 86 478 323 706 -850 -904 -774 -531 -249 -127 4 1042 222 319 -315 -7 -694 68 698 55 -344 310 12 544 -424 -349 -623 -67 -31 -494 228 -270 -511 -246 180 -192 -339 220 -498 -619 139 -100 -433 -392 -176 258 84 183 629 ]
[-290 -357 -372 60 -521 641 -393 247 296 594 977 -43 338 -964 -585 -25 275 -342 -160 198 162 -275 -968 238 457 -181 595 -594 148 -57 -225 823 0 686 903 -998 -263 792 -671 -494 34 304 513 538 440 -591 346 -27 60 -93 -661 -323 -33 -368 -130 68 -134 -29 665 185 -491 6 -680 -287 613 167 -71 58 237 1024 71 -831 261 91 204 -711 -402 319 220 267 -404 -402 326 331 -306 -1453 126 124 123 -398 -29 210 1663 683 229 -710 97 -734 -230 214 37 785 -20 228 -60 25 -645 -1035 126 455 -764 151 -801 87 -691 -132 96 -238 -30 577 517 26 -277 68 -785 -207 103 4 133 -40 ]
[824 -543 175 546 -349 665 -57 624 365 53 189 -410 -223 -671 179 -272 6 7 -449 178 137 -362 574 -581 343 -142 -82 -98 -264 -629 424 870 -38 522 494 225 292 55 165 -740 -219 935 487 132 443 -509 1454 -205 -610 -331 -568 369 299 -289 -469 -538 97 -553 -673 45 -593 -683 -120 -195 340 -450 -380 261 -404 984 202 -102 -68 -65 546 -558 35 -823 -207 642 -1025 -346 104 235 397 -635 292 71 -111 23 34 -947 464 145 161 -313 -339 26 523 173 -601 790 -316 89 -407 248 -568 -42 -423 63 -824 349 -414 -75 -138 286 -1208 144 201 678 71 494 650 423 643 199 -380 -172 191 595 ]
[610 -277 422 -79 318 -1051 477 -331 -109 461 -1351 -341 603 657 259 207 367 -459 597 -175 -963 172 79 -297 592 -418 716 1415 37 33 -860 -428 345 -297 -748 -304 137 126 785 28 -204 9 206 -559 713 117 -523 432 -284 144 159 -623 189 380 -683 498 291 -31 -414 -541 166 -181 605 -736 -100 761 -61 -109 25 -71 493 -199 -14 154 -394 1353 283 43 -62 234 -107 32 337 -267 651 819 807 -435 550 249 207 510 -829 -629 -116 730 -237 297 -179 466 -310 -79 253 429 3 -521 859 291 -430 -753 738 409 715 165 587 700 676 -391 35 -820 -757 471 235 -294 514 917 12 -62 -407 -413 ]
[-371 493 143 -227 -565 835 396 -256 107 -536 431 335 -849 121 -586 1303 -158 629 -188 743 839 427 -721 892 -252 -238 144 -403 509 -354 929 -304 -181 86 42 275 208 -786 -553 30 884 -771 -270 -157 -461 -702 213 -485 253 5 35 567 -221 -467 468 -166 -66 -485 -325 398 15 -216 282 338 667 595 -256 -279 -284 -41 57 256 -387 319 27 -228 -252 477 1062 688 -76 502 -31 294 -47 -939 67 636 -291 176 155 308 467 125 -110 -562 427 -92 187 -786 43 15 1348 -225 98 -26 -452 -339 -75 178 70 -187 -447 526 -146 246 67 22 -340 609 -597 -152 94 -67 0 -676 -79 562 219 -279 ]
[-44 -467 -81 -1001 980 -70 409 -83 -712 1 -217 -255 288 -862 -12 263 -53 -210 154 -277 -1077 106 -705 7 701 336 188 1438 -496 -273 -894 -350 426 218 -903 -579 98 123 993 -284 -890 340 -276 81 509 -89 -74 820 -1504 -90 142 85 65 -245 -674 -250 126 393 -220 -739 36 -168 -215 -760 -670 -64 -386 -530 -60 -443 -627 -1006 498 -67 -469 419 1067 -786 -782 -96 -526 -142 107 -403 -695 173 317 41 90 -221 167 323 -477 572 -343 -376 5 -67 -31 96 -252 -8 -954 524 233 -984 -194 35 -22 -660 -129 -769 346 -691 -532 -189 114 -144 -33 -37 644 136 -105 96 -255 997 331 -132 -159 -334 ]
[536 -180 -402 181 256 -18 683 493 300 -386 -792 -581 -886 -138 -241 -745 -80 -1006 -82 -930 -1009 25 -371 -560 422 47 585 -644 -212 -140 168 1026 -37 -144 169 -281 368 -43 -275 154 -307 -157 489 -60 123 377 414 348 -64 464 -689 713 -1114 307 -1333 -874 904 -119 112 -297 210 133 -283 456 -407 116 -234 837 365 -277 357 -247 844 -125 677 667 60 -635 122 -74 35 -589 340 206 -308 -485 182 -641 598 -109 -195 84 683 -341 374 799 -295 573 216 -37 -378 275 -659 -26 167 39 31 -156 -247 4 101 635 345 183 9 399 -763 -423 866 267 400 169 -84 -320 955 -28 -190 -276 -933 542 ]
[-495 890 -46 -415 470 -121 214 -389 -494 -208 448 84 -46 23 665 -215 -436 224 474 152 -70 -449 -532 695 994 -1033 -391 519 31 758 -769 -974 316 182 -398 1 -51 805 -304 -190 -272 623 -227 -748 4 334 -296 -670 611 862 229 -407 1418 -285 282 180 290 598 97 -688 -188 444 834 -667 677 396 362 -241 834 -298 -144 -187 180 -177 -740 214 -942 112 -66 208 156 163 118 84 -174 892 -133 766 558 -27 -630 1008 -1065 996 -405 376 -7 216 -244 -60 366 -694 -207 -258 -415 148 441 -121 -169 984 114 -90 -471 -764 518 -1074 685 1020 -377 114 517 -537 -724 926 -569 65 514 396 140 228 ]
[497 -444 111 -813 -399 -244 775 -279 -444 -192 -139 -18 960 -782 -235 880 743 -124 -85 -418 -250 534 142 36 545 62 664 454 59 -779 126 215 -616 1044 -113 -310 300 -40 1272 -172 -610 280 523 88 -123 -527 601 800 -703 -529 135 -26 524 16 193 -161 -770 353 -358 -623 -589 -722 -153 -231 -803 -253 354 -251 -451 -836 84 -448 -745 -254 213 497 629 -1568 714 931 -654 -581 167 242 -583 358 503 265 -375 628 -437 -1258 -547 -214 -876 -352 -259 -527 -110 3 -758 439 -971 736 -220 -839 -648 -163 409 -395 -55 -317 -520 106 -148 178 -266 -104 47 -92 386 263 202 62 -27 -114 -104 -409 261 -931 ]
[-659 815 -246 31 213 586 647 263 -215 104 637 94 -658 -841 120 0 -48 511 -353 983 -409 326 -976 1314 550 115 401 126 568 -251 701 -212 -686 431 173 789 -135 -481 -188 -614 211 12 -196 -4 -770 -271 -535 -859 -789 -410 376 588 70 -38 958 -600 -271 -37 -13 -672 -520 -284 891 -241 -70 65 -132 -628 -730 -811 -774 -44 -352 487 -7 -138 -196 -1107 863 1251 -964 276 136 263 219 -547 -510 656 -387 58 -552 -63 -618 -300 -921 -1147 118 426 360 -370 -709 104 347 -127 -26 -348 -213 -454 -470 -269 351 -407 -604 -1237 70 -780 -18 -188 -182 678 312 4 -64 299 -1034 1 395 778 159 76 ]
[-760 -196 -193 784 389 976 59 -633 -629 21 -584 327 -380 -551 -428 396 -351 388 -195 428 -84 285 -898 390 -43 301 341 82 294 163 767 -1352 265 -1353 -852 315 363 -1588 -287 -783 479 -568 -546 172 570 21 -53 9 -834 -133 378 -308 -544 -492 654 -238 1120 -901 -192 450 -703 370 -366 253 -375 -547 -651 -1031 -937 761 -426 -500 426 -190 -674 -98 190 729 182 -198 2 -118 -272 -915 67 -713 -562 -311 -150 -415 -31 589 347 568 103 -900 185 206 331 -762 -332 -442 746 -501 844 182 568 488 -593 -869 -247 -1896 267 250 -133 -672 -167 -642 -783 239 -1207 932 297 -837 -176 276 -210 571 731 -258 ]
[-596 349 -1110 -176 -654 580 -729 -136 330 766 1809 285 163 -803 -105 -906 -514 -22 -600 96 -285 408 -365 192 -80 517 -111 -50 -132 475 -104 1593 583 -107 -147 106 -636 286 -107 -114 158 2 -468 266 705 -360 -584 492 229 -481 177 345 -77 -416 396 -158 -645 -282 1232 694 477 110 -706 160 -308 -253 -492 342 -190 -118 -636 -339 612 632 302 -735 577 76 -1373 -840 -259 668 -178 621 -822 -153 -893 -176 -66 -201 635 264 872 1132 137 -895 1092 -112 156 296 664 370 -39 309 240 -388 -609 -194 -219 97 -323 524 341 -1145 -1218 -791 106 -516 -145 836 1082 -906 103 -287 -1511 -498 795 -31 -94 551 ]
[112 -560 352 -442 -249 -623 -149 479 -311 -83 -395 -471 314 126 -501 -624 1037 12 492 20 -67 -445 606 -352 -586 51 -285 -968 729 -628 105 497 -6 339 566 57 -682 -213 184 381 -428 -152 491 295 -1355 795 -203 -103 453 -147 517 -505 -929 943 470 134 -654 572 96 42 -285 250 575 -31 -69 832 -101 -369 -185 -155 446 141 -801 -140 401 -479 196 10 1429 773 469 665 -208 189 540 -111 925 -66 -55 540 -297 -542 420 -1019 260 162 -689 -46 651 183 156 -56 -338 78 633 277 325 391 828 255 144 -515 -324 211 48 443 -54 -1045 464 -680 -6 -64 98 109 550 6 -623 117 -604 -604 ]
[-538 315 -1016 1519 21 -684 -272 432 618 433 -913 306 -577 -35 481 -953 -742 312 801 -1385 -82 78 235 -540 -372 247 308 -876 620 653 8 168 -482 -680 311 -164 839 1 -176 234 200 -648 -497 182 311 473 -251 886 803 60 -35 -426 108 91 243 -489 950 -91 1034 -259 -813 -28 181 1312 -686 -939 1053 1114 -261 -177 116 -42 826 -882 798 848 -322 432 586 -734 176 -510 222 173 27 656 -1519 -490 294 300 -599 -741 -683 -243 -84 611 -400 396 -624 -25 -358 -829 -248 -728 635 -368 843 -188 -291 -175 -233 -384 -386 -576 570 -629 -1239 -94 33 -289 -474 139 544 -959 -778 -105 458 27 481 666 ]
[-441 573 -885 1180 320 -685 -472 804 770 430 -405 588 24 -32 208 -1040 -144 332 -164 -570 438 -542 275 -501 -277 1053 79 -480 -169 701 283 1275 -1033 308 1627 -56 405 471 860 -45 256 -965 246 198 -404 190 209 411 -312 -1250 203 292 -218 612 379 -232 -270 334 1287 -286 -2 197 -418 225 -318 -1269 230 1227 -415 354 -145 554 -286 -144 873 -84 507 -385 250 -817 156 309 465 200 240 346 -1344 -328 -802 -280 585 -1675 -95 -529 372 141 -309 -407 5 728 -194 358 -250 272 78 -953 103 -888 -337 -427 801 741 37 -1358 397 -633 -480 62 428 549 13 -511 291 376 -552 224 -122 -92 255 314 ]
[96 338 69 494 -1148 -668 346 -350 416 561 -270 653 199 -32 189 114 -608 285 134 -101 -91 463 824 -34 -620 -516 66 -253 -620 -239 58 293 -55 237 -790 667 748 271 -181 568 713 -538 -1327 -786 383 -199 -480 317 942 -44 417 42 253 -674 -196 89 -439 -709 -98 -57 145 -135 421 263 -246 493 764 542 -539 -317 42 -298 121 -374 273 706 79 162 -278 184 -187 464 -86 265 -57 80 -812 88 -34 828 356 -231 -406 -167 62 269 249 540 -640 -360 -479 109 744 27 -124 -630 -377 -215 -30 -459 -411 144 819 863 -285 971 -185 480 -434 507 -538 -380 591 -485 -137 -562 527 -462 675 -696 ]
[-19 -408 -10 608 -624 -1312 51 336 -563 1242 18 -389 341 -668 43 -1377 737 -118 832 229 -214 -810 611 -96 -118 -755 -307 -368 519 9 -667 261 -20 667 491 32 -845 1135 -35 -30 -411 1263 925 53 183 -100 -37 -601 894 321 302 -808 704 115 581 769 -1568 542 782 -1359 -448 34 1345 -1320 1250 609 726 720 -163 60 600 -948 296 35 648 -171 -866 -141 420 752 -665 -166 -43 441 -108 691 76 622 53 323 -483 -243 -769 113 -356 -6 -989 -192 -676 299 -488 202 -673 641 174 -99 13 -434 175 1066 -776 87 -1381 -414 501 -454 30 468 -293 -501 576 278 233 540 -867 355 349 403 0 270 ]
[-582 572 -1305 -154 -481 149 -1054 333 348 -78 703 347 1008 -100 -106 -493 274 -800 70 -826 -1097 194 601 -449 702 353 422 -866 321 266 -258 991 -374 1171 787 -769 -133 66 279 8 245 -957 295 -227 -848 306 452 1491 823 -576 -852 -598 -565 196 373 -449 -291 156 1512 746 -90 481 -166 161 -845 -254 -86 505 100 -442 -157 -120 -373 404 674 156 673 -1020 865 311 246 979 -41 203 -97 212 640 -238 106 -266 188 -1525 535 -194 -89 18 282 -243 -457 814 81 654 -733 267 143 -557 -61 -971 288 -742 264 256 -35 -691 -438 -1154 298 -712 584 436 1337 -916 -66 -511 -706 -390 -720 -534 -797 -546 ]
[-483 163 -622 -118 -450 397 7 -1170 -696 -64 -336 126 -142 210 -618 197 397 209 -259 -533 544 713 -572 1136 38 848 298 350 1699 563 423 513 480 -531 -470 190 -661 -1262 1332 -332 414 -819 -287 348 215 229 765 220 -678 -1189 839 989 398 69 745 1041 8 -953 663 -903 320 -40 386 -574 158 -273 3 -664 -423 -789 -500 -266 -118 1229 -819 95 315 635 -280 -138 137 998 367 333 -55 101 -336 -692 -535 555 -404 961 38 652 -808 -265 484 -660 500 -111 -295 -1052 740 364 1039 -370 -209 -9 -209 -130 626 324 -139 -1445 429 -459 752 -755 -336 -618 -745 130 -342 -143 -600 -371 602 805 352 523 ]
[278 817 418 -167 -410 1312 332 245 -110 -1934 -467 457 -1155 850 -112 865 -442 -91 -951 -878 626 282 54 207 423 103 26 74 464 366 1458 101 150 293 265 -130 931 -1137 502 -214 259 -831 124 -878 205 -239 2316 450 -304 -305 -608 1452 569 -707 -817 -337 1077 -1274 -633 -666 -350 -734 66 1324 698 -369 -132 964 457 -642 -151 890 -363 235 667 462 -463 -439 70 -104 460 235 659 629 -298 537 -95 -306 62 459 566 -427 -166 58 -388 1042 533 8 56 -513 -644 -60 -59 -635 -102 -449 -732 -228 -329 276 -103 1127 65 -335 863 -524 -10 963 599 204 12 -492 307 3 1307 -577 -13 -193 -623 439 ]
[1127 -452 532 -1130 1194 -495 612 -85 -76 -213 213 -612 473 345 506 395 808 10 116 440 -512 541 584 42 -44 445 461 1413 463 -455 142 -70 189 -635 -306 386 -352 -458 631 497 -1215 316 57 435 -1064 856 -798 700 -1076 88 178 -863 -754 376 529 -781 -380 1214 -421 -205 418 -351 268 -680 -1335 -148 -589 -877 -514 -893 -472 -249 -182 -28 -866 735 841 -677 -59 -61 -408 -948 -414 -371 129 145 1079 62 -149 506 44 -208 -1029 -588 119 -120 -152 429 930 -476 -117 60 -632 686 572 105 667 1525 258 -98 694 -1058 277 -17 119 227 -363 -1319 -491 -536 -85 442 21 485 -223 306 -140 354 42 142 ]
[-109 -377 -146 -413 393 -1047 722 -327 -241 218 -836 -102 698 -460 -330 443 -113 -93 1350 -281 -295 -175 -1112 26 487 -162 569 497 -297 -175 -847 -270 -112 80 -308 -558 1337 472 199 -136 -59 175 138 -8 -126 268 -1222 -588 314 647 614 -322 224 1319 113 722 621 1537 507 155 -426 715 -1327 144 -635 459 -144 -376 107 162 1046 355 341 -1174 -896 349 -232 12 47 701 563 -377 294 -265 78 344 -118 -457 295 -83 -1175 83 -246 245 -78 1219 -1124 142 194 459 -3 -880 213 588 -462 -588 347 -417 -163 -185 636 394 -182 114 79 233 -294 -280 305 -435 -234 131 -805 139 281 212 101 -277 -234 -402 ]
[-898 493 -253 -441 -128 659 862 -334 -346 -133 1060 -52 -371 97 -138 -769 51 -355 -372 450 -158 37 -849 563 -416 254 -493 107 231 127 419 366 785 -524 -126 850 -438 -1248 -911 -212 -289 -205 257 301 -186 97 -549 -1433 286 -86 325 911 -575 428 641 130 -266 103 -17 672 472 565 -617 515 521 262 -877 477 -235 -737 -342 414 672 -17 202 -659 343 -223 -792 -3 -113 377 41 476 -614 -186 -704 -344 108 -618 723 168 383 827 -289 520 563 644 261 -298 255 241 -215 187 413 -151 -401 78 -364 440 729 -12 265 -821 -898 -1353 90 -577 -57 169 1068 -751 -935 -755 -352 50 389 56 -931 1162 ]
[326 -749 146 -61 831 -764 690 -804 -1255 -377 -879 -645 -373 -246 -121 -387 -245 326 606 24 -241 -664 -142 398 409 -502 -581 -306 24 -636 68 -986 498 -1249 -699 338 -970 100 562 28 -178 750 562 298 -79 190 -387 81 -152 733 257 -5 -363 634 -9 315 18 98 74 -263 781 276 303 -509 563 78 -389 -338 763 258 603 -47 -121 125 -863 255 239 466 626 -91 490 277 -203 -521 282 471 34 56 249 398 -607 1394 229 -39 517 -150 -494 -747 758 -489 988 -665 -205 317 -193 629 831 413 265 1099 726 505 -263 126 435 177 280 26 -110 -529 -959 449 -479 225 870 247 -638 1461 -369 328 ]
[-657 -29 746 -185 172 188 320 753 -1010 -627 -366 587 -797 -1570 -741 -253 -574 915 772 493 297 -747 -448 486 -337 425 110 -822 -347 -194 210 743 106 343 573 -517 383 -92 -35 -146 -27 -727 -948 -371 -52 -380 -583 -346 -361 -280 487 864 -373 -172 370 118 -292 -24 417 14 -10 -312 -587 767 636 2 -510 503 -369 33 -260 -132 -58 -1248 484 -544 355 520 227 27 491 989 365 40 -1137 -1098 -1440 19 -653 51 245 -320 946 24 321 -485 -648 -469 612 -188 -145 -124 -255 71 205 -610 -589 -584 377 156 -371 -276 -436 -438 -115 -153 526 69 137 532 603 -1023 202 48 -242 221 335 670 -318 -266 ]
[1012 -322 -177 -760 -707 -633 399 170 393 -271 -16 99 1101 788 932 -655 -481 70 -96 -58 -828 -363 1348 -127 134 -861 -648 168 -799 -318 -532 216 -623 458 204 103 -34 817 27 596 -927 678 -9 -416 -249 212 -367 797 1226 278 -514 -1070 287 -217 -274 -83 -691 -41 -187 316 -486 -298 225 605 134 76 277 1111 863 142 328 84 -871 -592 541 318 77 -926 668 275 -469 175 328 442 51 1334 -141 672 351 731 1113 -1146 -810 -448 -32 915 787 185 -650 538 -303 585 -1307 679 -688 -861 324 61 763 710 -485 719 -101 71 -418 -34 -434 1228 567 -482 57 -247 567 -404 720 351 -244 -719 -884 376 ]
[163 -336 -301 -556 1170 231 289 -612 -47 -114 583 886 67 -80 427 569 -39 199 523 -81 467 324 266 1493 -732 -143 -260 -495 -47 -971 418 -1190 -62 503 58 605 571 358 -65 441 -573 840 -1233 945 -1665 144 -647 697 -606 129 -858 -399 -619 390 689 -524 -348 911 66 -856 463 -176 -1146 277 -643 -205 578 -287 -700 -929 -1482 -311 199 -403 -764 243 1025 -996 434 181 -161 -392 -227 -1031 -1403 -588 -768 140 -890 253 -57 -496 -1082 -484 -677 6 149 386 -589 -489 -329 -151 -650 616 -835 -166 -418 -307 1089 -435 453 -418 -116 173 -664 -876 22 89 -509 -11 845 -333 -995 -508 -1227 -241 338 -188 554 -165 ]
[352 -34 -1000 -321 -226 -406 -7 -938 956 1256 693 -320 169 571 -311 -1314 627 -1093 329 -103 117 431 -582 -280 -818 213 368 -519 412 600 -886 1391 1099 -587 95 434 -529 57 -529 410 -63 362 -327 852 268 302 -1047 -466 863 -179 -106 287 -514 802 -399 -66 -159 557 683 -458 770 1129 -608 -287 -12 1002 -149 73 264 -318 -259 -209 829 325 -94 -50 409 493 -1032 -768 35 -86 -334 784 -319 -519 -104 -1660 331 -27 429 1243 425 592 -325 1002 43 938 790 623 939 48 263 382 453 1117 81 -26 -111 15 669 1095 405 60 -1111 -217 586 -1338 -320 23 1058 -907 -760 154 -807 -61 980 -119 -36 415 ]
[1058 68 409 582 173 -964 -10 100 211 436 -979 447 733 -207 763 -713 359 497 291 -477 238 -346 1099 -409 -4 -82 -30 -627 12 -385 279 -34 -8 -566 -202 395 923 261 158 691 166 539 -163 189 302 131 646 654 288 24 321 -625 327 264 -279 -299 655 140 14 -1104 -711 -132 -69 1001 -709 -491 861 -100 64 499 -233 -461 -674 -1172 -248 329 282 31 25 -165 258 -793 -61 391 1177 584 -376 -838 29 1338 -117 -589 -691 -418 -274 1091 -822 553 250 -75 -754 102 -79 -106 99 -223 207 51 141 -123 -244 1023 317 1002 390 187 -1073 234 -556 -342 -1505 510 505 11 457 -105 263 -270 860 -183 ]
[-462 925 140 -424 2088 -1305 -1038 110 280 -452 -496 212 -65 639 482 1012 -577 705 864 99 262 -46 -516 -175 -538 964 -249 207 15 -123 -1138 -1129 -17 -565 -114 -527 54 767 484 961 -121 -573 -359 951 -165 -701 -134 1944 -138 404 -620 157 297 -278 -478 158 696 -161 250 -943 498 309 -95 51 -447 -177 577 -456 556 410 -459 -497 348 180 -568 405 294 1054 -286 -1036 531 -356 -21 -715 678 163 130 -138 -92 -251 -60 1231 -494 64 288 -26 -28 -797 -597 -61 808 -824 -285 -80 239 -234 826 -680 584 -286 -160 310 -299 550 186 42 236 711 -43 -1049 -686 86 -583 -137 -91 604 -69 720 -43 596 ]
[1129 -1431 131 439 -140 -466 576 -208 48 35 -728 -713 -143 270 -636 14 510 -685 287 -405 -195 -352 -253 59 -359 -581 -76 -279 -385 -314 -679 243 -207 127 556 -906 -1140 828 -61 327 122 489 400 375 614 -892 -387 -338 72 -166 -579 273 -655 584 -909 335 -861 359 -510 446 639 -302 -133 -793 1273 553 168 1064 902 478 900 94 -18 1157 85 -28 -11 523 335 -328 -123 441 444 -25 -666 -558 384 -89 -191 -477 -217 634 1191 -605 532 -118 557 -951 -450 569 398 392 -562 636 -676 445 -506 137 650 190 442 610 -355 -51 -317 1529 554 372 117 -921 0 87 -502 -472 621 188 285 540 -488 262 ]
[855 -155 -288 303 118 -76 -1351 736 751 293 -243 185 183 40 244 -228 523 -946 -32 -825 -340 574 226 -929 194 543 824 -428 337 495 234 753 146 57 599 -355 334 1069 621 299 645 -54 471 562 513 114 1299 2171 -132 111 -1426 -314 40 251 -905 -801 600 -663 596 -900 355 -434 -163 -146 -651 -543 377 434 -445 208 -436 -706 367 509 213 648 197 240 -629 -64 -333 -1084 -307 -166 604 -254 487 -705 428 80 406 -601 -588 -606 278 206 -704 149 -532 664 -482 110 205 62 -68 325 327 -336 -210 -788 -265 1107 350 542 348 119 130 -900 518 -175 393 639 565 22 -58 650 -270 -757 -172 696 ]
[307 -659 -647 -342 -498 933 484 -504 -19 -332 570 -285 -531 -517 -1102 735 605 569 -167 -57 440 657 -440 725 -197 -212 -155 -2040 920 -481 1147 -115 -640 -580 -50 -193 -504 -111 -395 514 927 425 -115 1411 -627 255 328 632 335 445 -456 344 -893 330 367 -552 -120 619 545 -75 233 192 -145 736 319 417 74 -814 178 -103 -103 -405 -259 677 -492 -905 -124 552 1560 442 109 -155 -504 8 -65 -1385 172 -32 -528 369 -362 402 862 -60 -101 -562 5 -13 676 161 508 -1086 865 -174 327 1090 -253 550 187 643 -558 -206 -746 230 -288 -309 -441 -572 -69 255 -716 670 -187 205 -325 -369 -11 921 821 53 ]
[-395 430 321 735 -73 295 -31 457 12 14 -278 -445 -435 -858 -219 -658 111 251 -543 -1401 -10 -542 87 -990 854 -125 17 -655 -182 -158 -437 279 -449 -329 207 -1503 -40 10 1114 -574 -167 -45 781 -418 1235 621 1125 273 -581 -202 407 245 568 -155 -644 432 1182 -1374 532 -145 -618 -917 233 1233 206 -73 129 435 445 394 436 -397 355 -529 925 285 535 -227 668 -65 361 -335 1005 750 938 272 -197 -764 636 319 -408 -667 636 -145 195 65 -306 39 356 1342 187 -107 -515 -470 -100 -700 43 407 -960 48 73 506 342 -195 434 -260 41 -201 351 95 -634 267 117 291 895 143 -209 -483 245 -522 ]
[1411 -158 -272 1011 337 -249 512 137 -219 399 -378 -145 72 -1255 609 -1341 -251 124 -31 461 -737 -275 280 -249 682 -692 725 -272 -711 507 900 263 -336 -958 189 370 176 1074 -166 -886 420 974 297 -20 1066 -784 -73 325 -146 432 -613 -685 161 -556 -173 -1412 324 139 114 -893 -89 -273 672 -923 940 -439 -251 1016 -225 1262 -447 -888 593 267 -196 535 -1306 -388 -14 -461 -1113 -1252 -615 -490 -308 46 -786 -333 -261 -400 505 -205 -90 69 896 -527 -748 -198 622 151 -179 761 -552 337 -668 1150 775 -372 -1198 427 -228 143 -135 -504 288 -727 -94 196 -650 1009 577 253 599 581 -312 19 254 1354 389 562 ]
[1360 -768 82 882 233 -336 264 910 281 -39 -979 -791 -663 -577 -163 -306 -3 -15 765 -1476 -287 -153 -530 -1186 658 -374 573 -685 -6 581 -243 1356 -858 648 1068 -717 -578 354 854 159 -363 -190 266 101 210 133 -176 616 462 -339 -217 276 111 1313 -476 -1235 524 254 231 -46 510 -650 49 143 614 -341 444 313 277 -468 453 660 317 -361 160 288 197 284 978 -152 -369 -161 -87 198 -548 -429 160 424 40 100 -1148 -1148 125 -340 113 200 -522 -114 810 481 -2 137 145 -678 -229 1076 150 712 -158 -104 368 152 -712 -778 534 362 -418 -874 194 -27 503 -93 78 1335 278 174 312 1052 -51 389 ]
[23 918 918 798 723 -192 939 -37 1200 996 316 -58 541 -869 386 32 -532 1773 -535 1838 -235 21 -327 658 838 -500 415 1597 -586 -824 -247 124 -184 -16 -576 691 321 307 -114 -437 -129 529 -933 -107 538 -256 -1616 -671 -508 -611 1152 208 442 -393 528 1073 -128 -629 -462 335 142 40 -176 -428 52 625 -306 -1184 -778 1014 24 201 232 102 -885 -743 121 -666 -827 252 -723 515 936 -385 1691 -482 -737 -84 -588 477 -574 832 -31 15 513 -1268 349 340 665 305 -409 -164 803 285 -668 -403 622 232 -1013 -401 -784 31 929 -622 238 200 -202 521 282 307 -1278 216 50 -71 -178 273 51 767 778 760 ]
[-467 1049 183 -810 -810 -589 -167 -451 219 785 1807 56 1112 -429 -142 181 -68 286 -162 977 748 313 363 163 -842 525 289 -442 -795 -421 -356 722 -246 32 95 -118 -196 1178 -510 -124 189 188 -210 382 25 -196 -961 -497 575 583 483 -85 59 -939 358 640 -1608 -20 843 372 44 292 -363 56 79 465 590 329 641 -8 574 -116 -28 179 91 -318 -1084 630 -1378 -473 33 -857 -264 800 174 -235 -583 -410 -37 240 605 982 885 891 1008 -215 258 -1140 -209 -491 1136 245 -668 726 -512 73 -611 -326 861 1508 -369 1260 -354 1063 -466 983 348 -109 -424 368 156 -406 -534 569 -186 -1475 28 -238 551 -465 ]
[-126 269 -718 449 -768 -578 475 339 -237 184 -507 -434 -1067 -1478 221 -1527 -818 259 -56 -326 -1468 233 -282 175 505 245 -16 -515 324 -517 -377 973 340 -372 -1181 329 320 287 -577 -110 986 -23 -841 -305 484 218 -193 -298 -252 801 195 410 -451 -204 -400 -590 402 209 564 -753 73 -227 1195 -507 -350 894 -361 375 -217 -94 81 -1144 744 793 260 285 -36 259 -111 413 -956 752 22 605 411 -229 -271 310 793 222 139 1012 -72 249 521 -67 -256 1080 61 245 -641 -643 736 367 297 -621 176 272 -638 125 375 762 119 -1000 -432 559 -1488 -496 117 1066 -895 777 464 223 -806 540 713 715 72 751 ]
[424 381 -419 541 530 631 -469 139 478 601 -494 577 -438 753 478 -917 -435 -24 -58 -581 -536 388 850 282 483 -696 -631 424 -661 651 108 -1135 614 -584 -447 410 -17 740 194 114 348 652 -259 -1098 488 662 1089 975 346 614 -439 -369 -139 -289 -1026 -1148 -332 -764 659 -718 1032 155 900 -106 457 -158 388 1293 502 -597 -43 120 230 427 175 678 440 -96 -695 -1149 204 78 -433 -618 -52 1955 -228 92 714 583 1342 604 -1898 239 109 392 418 617 -863 -427 -4 109 79 -287 -73 -16 721 -644 -284 297 -244 1445 828 -250 927 -795 283 1321 846 -71 -312 -308 1041 -445 848 -1 -780 -534 -546 628 ]
[-210 700 -111 611 869 369 -312 522 -503 -1284 -70 27 -1248 582 833 -689 -503 -639 -545 -21 -148 -552 -228 -223 86 110 -808 -139 -244 674 1039 -598 -838 250 748 1384 471 -190 0 -630 1078 277 487 -526 -731 84 1071 -1212 -481 510 -405 302 -372 780 583 -17 377 91 -210 12 370 349 -211 -1120 71 -465 -539 729 -398 -71 110 1039 167 1101 -292 -13 -917 -707 -359 773 480 -168 -745 -1020 213 649 268 452 71 -1235 -702 -255 -1110 -121 930 330 -289 538 -184 127 -45 -227 185 8 -1100 689 49 136 -660 257 1145 460 -17 -11 479 -779 23 584 -188 618 605 603 -283 1173 738 -25 -416 -104 -760 676 ]
[-183 -1214 501 -149 365 616 788 -633 -438 911 -599 -339 514 -297 -668 382 728 -154 -663 248 -978 514 -1632 1093 -45 21 546 459 -261 -460 -248 -1447 504 -1595 -906 -267 -822 -213 -744 190 112 -431 73 472 -44 1010 -1751 317 -1444 152 122 -400 -1030 466 -1054 -366 920 -402 -761 -355 786 45 -684 517 -883 254 333 -1348 92 -95 -452 -391 -54 -499 -810 713 647 684 158 -334 -721 -1071 81 -548 559 -609 -428 -398 822 14 559 1118 58 -628 -199 -805 -44 148 -177 -630 33 199 751 -488 1068 -203 179 219 -130 -773 646 -848 1145 847 -702 750 704 -1201 107 -869 -973 697 -461 -1551 241 844 51 -336 -63 -536 ]
[96 2 160 -1739 -567 827 780 -200 157 -803 804 -370 -265 -18 693 98 518 -300 -88 -152 -309 -309 -459 996 734 -1007 128 -60 618 -269 -223 844 519 1286 216 -290 -710 150 -497 487 -776 166 -852 -610 -656 -32 552 -815 305 -23 53 -80 345 98 -356 -1281 -390 728 -1339 644 431 -397 175 -747 29 106 541 185 822 -1296 634 50 -812 -200 -144 -86 241 -458 559 1026 -110 209 -224 801 -1183 -369 559 628 679 259 -451 137 -40 692 -813 395 322 -104 1310 145 569 -197 -115 -362 -99 754 -965 -248 185 787 406 22 -468 -296 -525 1007 -158 106 328 312 405 -1349 -196 -76 51 -293 108 407 123 505 ]
[313 -1075 -720 1961 -285 1250 -893 686 -623 1028 -250 -541 -852 -124 -629 -1091 -420 -961 512 -812 -241 -562 1192 -759 68 -188 -80 -1324 -347 715 27 765 -127 316 614 -219 -434 -98 294 -1066 -543 162 322 -190 -131 2006 -102 -211 -426 87 -253 -264 -628 254 -371 756 1145 -1304 994 -93 -640 35 92 401 659 -453 147 -714 -206 145 -439 -251 844 -320 318 300 -408 556 -383 552 -77 376 58 -372 -171 -972 -67 -176 384 57 -585 -830 1270 -155 -88 34 -364 859 122 -299 -894 444 226 -553 336 555 -413 794 182 -824 -801 -238 -322 -251 317 123 98 -1414 -658 391 490 772 -72 594 -94 -139 -39 -921 79 -763 ]
[-64 -384 -500 -491 -1318 -1402 -71 -407 395 528 316 293 949 162 -308 -104 -421 489 1056 -988 379 167 -110 -445 -689 -269 -647 -163 244 -407 -1106 555 -119 370 169 -34 26 426 532 500 21 -352 -953 763 -537 281 -678 271 2021 -161 1048 288 1157 606 468 1393 -381 -520 1107 -461 -295 468 656 135 1101 1396 656 148 88 -12 181 -449 816 -352 -599 5 -129 960 -177 890 -125 1107 98 767 771 138 177 -270 153 1068 -368 -60 -391 676 151 909 6 -21 -425 556 -261 -560 116 853 41 -470 375 -368 213 828 -612 269 154 -377 -973 178 50 -533 202 -481 76 -438 -700 177 -121 -229 698 -746 -172 280 ]
[-267 -768 -613 -853 -323 359 -570 -433 897 756 448 261 345 704 -573 1040 -806 -60 860 160 -893 165 -24 314 -151 291 403 -169 -263 -994 -1339 1 200 3 25 -918 146 319 35 -182 -591 214 -1133 733 255 -708 -524 1257 -118 -132 -1597 843 -622 -556 -956 10 217 -725 666 171 461 -145 -690 500 98 608 -58 692 46 315 -194 -565 582 -322 -90 279 572 -44 -498 177 -419 701 401 -577 -838 -1539 309 -715 -406 -682 1148 -88 596 89 -570 -242 718 23 -516 394 609 469 -33 433 -238 -489 -344 -1282 -155 -943 -1085 158 396 298 -1180 336 84 3 956 153 306 -321 144 -1627 -256 837 11 -146 -810 -426 ]
[-240 -10 -89 -368 -48 477 -474 -232 467 82 -1094 157 -159 606 -302 31 -166 782 116 -711 708 -402 -247 232 -512 25 -930 -947 -157 -480 32 -707 -611 556 13 305 543 937 818 -301 -671 386 -743 865 -1212 257 195 278 -123 78 746 209 152 386 -882 97 1250 -759 -236 -717 -400 737 172 376 83 840 1164 -811 -55 419 -1 -535 -479 86 -144 -214 -904 -487 926 73 430 357 -268 -1105 -596 770 593 -58 -447 384 -674 248 -618 96 -261 -448 -87 -41 432 -123 262 -953 -324 -316 -60 743 264 -1163 536 -324 -1409 -576 38 -115 250 700 -597 705 1488 -449 -356 241 -17 -765 1301 -678 -326 -670 -137 -875 ]
[546 70 878 -1075 61 -111 -808 762 -178 -661 -182 445 -549 598 465 -723 -295 -293 -44 57 -510 28 963 -558 -153 396 241 -1033 -84 -459 -296 281 13 669 88 530 -1048 -504 -514 846 -956 -648 -1230 -941 -550 703 -698 -186 258 613 208 -488 -836 -61 109 -798 -32 -568 -218 -121 351 -208 58 217 -946 322 -39 -641 82 -1585 -483 257 -190 -808 370 721 481 303 -10 17 792 521 -646 -434 -1056 -228 964 397 739 489 -187 23 -532 -594 -129 292 -219 1509 645 -605 -465 697 106 -477 177 985 440 748 1282 -375 -73 630 308 2060 -476 1134 935 -180 330 337 346 -575 605 710 431 -253 -223 -373 -352 -652 ]
[-656 120 165 846 -550 -156 766 324 -564 -1220 -488 596 -299 -856 -285 -549 36 -678 -997 -922 -1612 773 147 509 1185 -211 953 -1139 -142 -41 966 -575 -601 339 -261 -259 -793 -152 -165 538 667 -1425 -405 -859 -8 410 98 480 39 -106 -160 977 -94 -379 -254 -370 -210 -631 272 -669 644 408 651 -3 -880 -327 395 483 -13 -2438 -127 207 121 202 819 1072 211 -775 336 342 594 301 673 26 -669 -63 -598 250 517 523 -1134 327 241 -981 -249 -288 274 275 -729 -601 -742 145 -430 -859 -79 -268 -271 -16 14 -549 13 105 682 -305 296 -513 1012 1160 635 322 341 -960 -641 -243 -372 -630 -79 -109 167 -498 ]
[-319 -698 -1323 -72 1384 -727 802 -71 -368 -321 -1011 -187 -267 -304 267 -207 -437 -867 468 -948 -415 409 -542 273 223 476 186 326 -285 -264 405 -1214 -216 415 294 105 335 437 1357 -434 -479 -19 552 1012 -288 -285 114 697 -726 -737 -936 -665 -209 877 93 -578 489 743 -207 -251 -148 580 -956 -813 -856 -741 -573 154 -498 -547 -320 -177 109 60 -41 911 1318 -1090 889 202 -209 -797 -84 -922 -1252 367 -271 68 246 -509 -115 -279 -96 -335 -215 361 3 93 154 -95 72 -316 -443 398 -602 -396 603 -750 396 -707 1474 -114 -598 -1227 -334 -832 -148 437 90 108 322 140 -482 72 -846 543 -694 469 184 46 ]
[291 26 225 813 243 186 52 343 -94 182 -992 -419 646 -1130 464 -1293 702 -99 -140 172 -471 -887 -652 -448 794 -132 420 464 -237 610 -1674 208 -841 560 1108 -1279 -308 135 -89 -23 207 -288 344 -85 486 -420 -252 -769 11 -1124 166 -795 695 -507 -18 751 681 -336 -317 93 -549 257 447 -1415 412 -376 476 -502 510 774 -95 -1396 -428 -717 -175 -383 -63 106 33 111 -583 -582 420 1008 193 -509 407 157 26 -309 -809 -468 416 892 -383 -886 -546 -40 -174 1080 -930 689 -68 179 -90 46 34 -123 114 -575 -596 -1229 -501 -8 -122 -141 613 646 -724 -545 -102 634 79 446 -393 455 -128 -174 521 -6 ]
[39 1192 215 76 -29 262 -819 598 -45 -77 4 494 -128 439 -244 -189 656 475 -110 -215 708 15 -389 -112 -763 236 421 -661 765 792 372 -450 -129 276 1476 416 -709 -999 -597 140 563 -1952 -520 -102 -872 307 -240 -242 802 -428 662 -532 206 114 1544 360 997 -945 -252 -1343 -1100 -113 472 91 78 247 1120 -587 -828 -52 -1016 283 -521 -430 36 220 -340 967 990 678 411 542 124 358 951 -427 -120 -722 -113 31 -180 -881 -638 -153 204 -114 -152 610 -118 -896 -537 241 365 -1456 900 457 163 531 -8 -248 353 -1519 -753 353 -26 -937 1371 -1234 -673 -20 827 -830 175 610 -363 -305 403 156 238 -334 ]
[-8 640 24 441 406 336 -1231 390 880 -293 69 -227 -298 248 750 28 213 1180 299 517 28 -317 469 238 -259 -533 535 -592 452 93 -129 576 -561 -467 81 -61 939 193 -332 -43 1396 -357 -767 -731 47 -72 909 496 375 216 -342 -718 -294 -522 171 -642 1129 -621 217 -400 -768 -709 895 153 -438 110 684 31 -490 749 -102 -59 305 512 -177 234 -1219 224 1066 966 111 -88 -317 -327 1462 -328 38 -196 271 -271 -802 -614 -239 -240 184 -37 -367 392 490 64 -265 -328 798 -888 261 93 -94 -538 -1096 -490 -471 -506 -408 634 379 -7 -762 -75 -850 -180 -469 -154 634 227 822 -693 596 446 91 58 ]
[-853 1654 101 230 1547 -163 480 132 662 -375 402 676 141 -132 29 109 129 1334 159 1121 1092 -738 -139 645 -355 237 -7 522 160 -143 377 156 -1343 598 756 -17 620 -133 41 -493 -406 -256 -875 -241 -1474 365 -282 -1075 -842 -497 1215 716 -558 -26 944 -810 -1167 825 10 -63 -69 71 762 -261 309 66 590 -409 -353 735 208 822 -526 179 -160 -1272 -302 -251 564 -184 368 465 730 -91 630 -527 -685 -57 -1613 -61 -462 114 57 69 700 -292 -119 -952 734 913 36 -519 -428 352 -87 -412 373 -445 -434 455 408 -439 285 -1166 1105 -59 -174 252 456 547 -686 -511 105 411 203 -515 -659 588 820 335 ]
[-466 184 -1042 -964 648 674 372 -364 -587 -1257 1501 601 152 -1112 186 -338 -875 115 108 688 -467 -174 177 942 1088 -688 170 -589 384 -206 -160 -733 -53 332 -477 -664 591 725 -13 -108 -626 943 -658 143 -911 689 -561 847 6 1076 -790 -413 75 -837 518 -379 165 964 566 -550 -465 390 -23 -43 -95 313 -231 -581 110 -218 -976 -615 584 7 -670 -417 -129 -1136 1188 531 -306 88 326 -484 -1085 -457 -289 1086 -134 318 -30 20 -667 521 -39 -180 266 -221 -20 363 -17 -662 -1801 325 -698 -404 337 43 186 532 -465 -983 -220 -529 -746 -1860 -154 387 -152 834 1566 -372 -857 703 -1161 419 -395 -390 -182 -119 ]
[67 -314 102 654 -11 -500 -76 1024 452 280 -880 347 -526 262 -107 -132 -66 -391 -372 524 33 -803 -320 -98 -723 220 156 299 -70 -316 688 -35 33 1026 1277 290 376 19 -1200 -422 -23 -537 -139 -149 -1368 -198 -555 -637 -983 -391 -492 -1022 -1355 -94 -251 -782 -643 547 66 653 188 100 -545 -406 660 78 -814 654 -146 1098 -142 433 -18 360 1031 253 -253 167 326 -701 -485 505 254 -266 -531 -719 -198 93 -735 -942 1102 -469 299 -1424 1593 52 -414 -539 -683 -151 -346 1150 46 609 -96 -207 318 94 588 -312 417 100 -246 -10 332 834 17 -26 322 574 -127 552 529 -233 -247 453 -632 848 102 -286 ]
[-468 680 50 -28 -54 -579 519 -76 756 -1112 -726 818 -376 748 -1 -218 559 -370 391 -305 601 -1179 -104 151 469 -720 507 -1098 856 -443 -860 -36 -239 654 1016 -1105 532 773 -101 1034 1031 -1322 -119 -503 -727 -176 519 -175 528 -465 -438 -69 194 -109 -738 1141 259 -136 -152 -748 323 72 1093 -156 1366 1297 759 803 569 358 -230 -604 -257 223 822 902 -150 572 1778 1143 997 1050 1015 587 443 -729 647 -10 309 312 438 256 531 -849 281 960 -447 -500 -752 958 -449 111 -113 231 -257 -1150 -98 -1309 -101 59 435 795 261 1199 -224 666 1259 659 24 224 -536 -773 -984 -600 234 119 -350 -891 -400 -738 ]
[815 -767 -235 -70 -1215 -672 1204 -914 -202 652 -986 -231 -207 -706 -506 -387 728 100 -239 -1004 1346 -179 -150 326 -9 -285 -237 -1343 329 -750 342 684 -372 -637 -303 825 -775 -74 670 431 1042 158 288 1156 570 -757 517 -646 806 -768 1089 257 227 971 573 1142 177 -678 147 -810 -17 -27 85 -256 282 466 545 -596 -870 837 -382 -914 -618 63 -475 -399 709 770 1048 552 153 156 94 813 115 -302 6 -210 -404 831 -925 147 445 494 -166 -300 -655 -328 687 -487 -701 48 437 62 398 199 -787 662 249 616 357 -65 -733 764 -277 681 -177 -559 -802 -362 -950 321 -287 296 93 -634 487 299 292 -187 ]
[-79 712 103 -57 963 -38 581 -409 -392 -590 1038 -632 -999 -379 297 -1 -295 -491 362 183 -500 -264 56 680 586 -501 507 -344 -46 -682 909 -598 301 -604 -350 -143 -266 26 -494 -711 -766 719 307 393 -382 -224 -880 634 -502 2131 -382 -490 -719 216 528 -650 740 334 359 -593 -475 22 -396 428 -53 487 -693 -384 -31 -35 422 -502 754 349 52 951 -520 -416 670 644 255 -385 163 -344 -415 170 326 -567 806 -31 -1156 642 -127 538 534 -188 -194 334 786 -842 328 -508 -1484 271 -401 533 356 857 -562 703 445 -360 -501 -456 503 -1114 -24 -1389 -468 342 756 -239 -577 28 -461 -166 -204 794 -503 606 ]
[-644 542 -371 10 -343 934 3 481 804 754 1222 418 306 -705 1137 -142 -146 711 -142 1293 487 -682 537 707 290 -12 339 408 462 -633 269 -76 757 -161 -371 212 912 505 -832 -127 1710 -296 -995 353 531 -330 262 -1150 -705 -940 -226 -607 262 -840 -335 -499 90 -222 -147 1008 -704 58 529 -148 695 -590 -451 -20 -190 1159 -768 -289 40 416 -634 -862 -22 854 -1161 314 -1227 248 83 832 1352 -1292 -1307 -467 223 -49 726 7 588 761 104 126 -723 -634 515 329 -228 237 671 -306 -43 -862 -345 -1443 -994 -427 -302 620 204 -499 -256 312 -547 37 -875 573 -666 -407 -176 -364 -602 331 -301 453 1069 903 ]
[-437 54 -836 -708 -788 -148 639 -746 -204 -788 874 656 1412 2 -1097 408 890 -13 -537 -729 969 205 -700 -135 265 191 384 -344 689 217 434 895 -177 176 429 -101 480 -519 -178 230 -163 -427 677 582 -340 -13 832 340 719 175 30 -824 -630 505 996 -284 -831 1231 972 511 -819 1087 -1061 379 -579 52 -731 55 492 681 697 -468 -730 220 -224 -392 564 241 975 -288 446 -25 187 311 -954 33 616 374 175 43 193 -51 1089 1721 558 287 466 -386 15 -106 295 445 -625 1293 743 -624 356 199 827 1284 667 -340 -762 676 -628 -980 -435 -563 -86 551 78 103 -518 349 -61 -393 -4 -149 399 -174 ]
[-126 490 -351 -634 -446 189 149 -159 743 202 476 242 -257 249 -348 80 70 792 989 -598 936 1040 -94 413 127 65 915 -737 883 256 11 674 176 -583 -271 -579 -421 -64 -390 309 509 -991 -455 585 733 418 -652 -73 879 146 -45 438 447 -61 460 14 112 376 839 -386 332 -1135 1176 1028 814 74 199 362 11 -631 -480 470 162 -203 27 -194 -86 1983 626 -511 10 60 87 965 503 -394 -700 -631 249 730 769 777 484 -53 -366 99 -149 -390 173 -183 675 -747 1021 -830 169 691 663 -328 -195 770 639 695 -776 -380 133 -82 404 -1370 0 258 -129 -987 -104 -4 -967 -64 716 1127 44 291 ]
[-544 809 -691 -992 -297 -12 -451 894 774 -382 369 790 -702 203 -402 -632 93 848 -841 -354 413 300 148 1855 -541 414 -788 -1593 655 -551 665 1409 -440 963 343 -359 67 1177 93 675 -413 -430 -955 86 -1365 676 58 850 619 -685 667 228 -585 740 414 -161 -122 587 989 -463 -59 -59 253 1072 -795 1171 273 191 -292 -530 -995 -330 -678 821 -57 -1068 160 278 1337 176 1103 1361 240 129 -1084 225 165 661 -384 264 624 -415 125 -1095 17 -210 1042 722 649 823 428 -598 663 51 263 -418 3 -4 799 -407 194 246 654 -960 -970 609 -578 198 1325 122 -526 -933 450 -521 -1033 -371 696 -34 -337 -655 ]
[61 -940 -460 246 -285 -1114 1052 -1411 -172 -76 -1180 163 209 -932 -689 649 -456 -1216 219 -702 -444 72 81 101 30 -479 365 659 -913 -567 22 -430 365 539 -1614 -259 700 -18 144 611 499 -375 67 -125 235 -763 -812 1289 725 264 -511 141 -1054 -294 -776 -271 -96 -9 503 307 1386 196 -504 -63 -187 295 9 85 -342 -191 105 -522 939 241 -203 777 410 -619 441 -271 222 54 -242 -691 -1655 92 -13 291 -239 128 -647 94 50 -306 -13 17 61 -955 -577 -836 -215 -171 -467 430 -625 -481 -902 -381 664 -447 391 -517 471 590 -51 882 26 307 -96 -82 277 148 44 -743 190 -438 -486 215 -583 -545 ]
[339 -756 -153 46 1103 35 423 -523 -1077 34 -912 167 27 483 186 -1314 -93 123 709 658 948 -198 634 -56 -188 57 398 -648 -206 1072 -23 -586 -250 -1899 103 971 -688 -1371 -233 -37 -604 -231 671 508 299 52 -1394 -690 325 164 873 -815 -1089 939 1070 1027 -236 545 12 -113 13 324 -19 576 422 -1144 25 -601 -35 -230 -1078 561 -370 -1398 -134 -411 1097 519 810 -1007 1212 -616 -253 -643 -574 380 -1312 286 -506 -36 885 185 220 -245 -712 -67 -225 -99 318 -1095 244 635 -608 -530 340 1019 1452 762 398 361 693 -1415 -144 1062 232 -1699 814 -906 -1339 -505 532 -505 -150 -139 -420 368 -149 141 -469 -533 ]
[-23 25 -595 -97 239 625 -247 -12 -49 27 -417 353 -302 198 -222 -745 37 133 -849 -823 -161 -595 -340 -420 -671 290 -577 -1543 -690 2 -243 1211 -517 -1167 -139 172 -332 -1028 -103 831 -776 -391 136 -140 94 1143 152 87 459 -291 473 274 -420 -339 -283 116 1196 -1358 582 -43 -1013 166 -631 1828 -879 -522 128 25 390 252 -355 -135 341 -1264 751 -75 809 -8 556 -472 1070 261 370 767 305 102 -960 -1073 387 384 113 -491 1202 -30 -408 319 469 614 135 -31 64 308 -572 -747 778 -835 -343 157 588 3 -299 -558 256 1189 -924 -327 -387 68 248 -314 -370 -324 -174 -646 1577 -1011 123 -924 -572 -355 ]
[350 -1278 -199 409 -137 -40 -87 -662 499 517 -821 34 751 -763 -276 310 392 471 -788 692 18 516 -862 -181 -48 1025 337 -387 -296 -239 -208 378 -476 -269 851 -228 -898 289 1203 -213 190 52 -47 959 283 -336 -537 -134 -1248 -1504 297 238 633 774 520 -26 -376 -322 258 882 -647 709 -764 -315 -222 -667 -1439 -1008 -416 1253 278 -352 -413 676 -93 -637 598 51 205 -263 -332 650 -461 -650 359 -448 -188 -1001 -782 -380 -515 161 759 -665 -191 -1563 -255 -549 1360 1063 -243 -199 -125 699 -168 1087 1038 -64 460 -1018 -71 176 -439 -622 -168 396 769 -458 1266 -139 -1542 171 -122 30 183 668 -699 893 625 101 ]
[-671 621 -95 -1398 41 205 1323 -71 -600 109 722 505 32 324 788 -96 57 122 -664 -132 -55 603 -341 1031 679 -517 283 1317 -251 1362 429 -493 -855 -375 -619 215 -1005 543 79 279 -805 -160 -91 -701 621 -869 -1034 -1438 93 357 1729 967 1156 -251 528 -982 -77 554 -527 -545 365 -591 939 339 148 -386 594 376 70 -2139 -869 584 -116 -287 -540 323 -173 -438 -240 -705 99 -674 195 449 -1976 1263 -382 963 -512 77 -366 -68 -1638 661 -1281 -204 1356 -98 63 -881 -160 646 -930 -858 -175 0 67 650 -716 509 1085 -392 242 -1352 310 -701 663 1010 -474 -153 705 -768 110 177 -797 -375 1503 -19 -41 -190 ]
[-819 749 -309 -1206 531 47 110 103 -460 -195 -188 1198 894 -247 -1135 760 -36 1212 786 358 89 -86 -516 1268 450 -4 -519 -321 -314 171 -355 -1132 -566 901 58 -1300 342 217 291 142 2 -917 -605 -196 -702 1280 264 -178 556 -606 1227 323 214 209 647 514 -12 478 636 -583 -786 987 69 511 843 416 318 -1399 468 910 -469 -142 -974 -795 -1777 -993 480 665 539 259 644 1197 537 194 1006 114 594 -103 -756 347 160 -271 -102 809 -279 442 -117 -397 -115 133 -291 -760 27 384 556 -976 251 -1222 185 -21 -574 -86 248 -1224 13 -1182 581 316 901 111 -677 -897 -395 113 133 261 -389 78 -354 -795 ]
[11 -769 67 -121 -519 -712 -225 -536 -803 0 -332 862 551 913 -64 -278 654 -1346 -724 -543 -211 -858 442 193 271 -5 -132 -1389 -547 727 619 -1069 -367 1096 151 -62 151 397 -941 -72 255 342 522 -350 -477 213 1071 -913 -138 481 -928 -515 -916 558 -330 349 -283 1287 607 -226 1181 1857 -826 -940 459 -852 303 450 1055 338 -85 -279 -380 109 -885 38 -638 -135 -303 -1010 411 -258 -1048 -1134 -1659 210 508 -136 -664 -1163 -58 -435 -552 -486 -99 729 -653 -453 -752 -416 -295 794 -259 715 -453 1323 94 -1133 475 -446 475 -285 1156 1375 195 -142 705 121 182 462 426 603 -475 399 61 148 -598 -137 243 -1587 ]
[349 -228 307 627 -949 255 360 -56 520 254 751 -830 -256 -89 -515 39 -320 -413 -372 -490 174 739 -898 -119 541 10 959 335 832 -211 178 -382 1017 537 -259 304 -733 -1541 -618 143 37 -279 173 868 738 -277 -642 -1088 -152 -347 -84 594 -476 357 -401 89 162 104 -917 388 193 -416 -256 833 -96 -474 -27 -1010 754 -818 -177 545 -743 209 472 531 721 -424 293 61 -327 257 212 994 694 -1065 47 507 606 501 -252 997 1235 -231 -948 191 877 321 404 -1045 285 78 1135 -1117 -54 425 -865 238 -279 221 504 1140 -424 -234 -402 345 -383 -946 -634 913 197 138 -680 543 -794 -106 747 954 853 158 ]
[-300 93 -167 525 297 722 -434 85 387 274 81 -642 -1172 1008 166 -111 134 -618 -93 49 -269 -509 -722 -434 936 -1370 838 930 400 661 -541 -127 248 -48 284 -340 -371 230 -792 -895 371 451 1251 -1454 1147 -558 16 -666 -184 1226 -928 -459 70 -293 -150 198 1201 -760 -134 -21 -80 -1038 -88 -664 -374 779 14 149 -255 543 1255 700 716 296 1020 1030 -428 -274 1360 698 -70 -253 980 -607 106 251 1252 111 1319 -750 -794 335 -367 -399 -56 -205 71 649 -469 -603 237 873 867 -1106 -133 72 523 12 -1224 -419 546 20 -814 756 877 -180 924 109 268 288 416 447 1319 62 448 670 -69 -398 -1070 -382 ]
[-1101 484 -599 487 -336 152 -241 -455 627 761 794 181 -328 110 40 -1594 -593 -111 -317 433 -292 -340 -338 242 -938 692 -371 -379 -223 792 -423 971 -520 359 719 424 791 1024 169 -516 -102 214 -440 -507 -3 207 -567 -463 -417 -54 414 76 -158 26 220 425 -109 520 1280 -789 -390 138 -786 330 -113 -24 -166 1178 -698 -82 137 -231 498 76 650 -211 -469 -752 -274 143 -392 -139 182 186 -516 843 -1201 -473 41 100 341 -1007 -1140 413 34 -157 643 881 -412 325 -577 50 -382 1227 -8 -831 -615 -1151 -625 -176 -93 187 308 -225 -507 -457 -777 78 -8 521 379 111 627 -82 -661 347 705 -750 -454 -236 ]
[-405 86 -264 145 -47 67 -1597 -156 -194 -311 -523 456 457 149 88 112 -171 -175 1693 -873 -624 557 -1171 -204 1119 -363 972 51 281 1609 -1061 496 628 94 139 -1281 371 1224 1003 -97 822 -681 -150 -1055 1825 -188 630 1330 509 69 -507 -152 1532 -731 -376 86 1220 -381 1076 35 207 -881 -296 -87 -376 -420 -236 346 -421 193 -7 -458 776 -574 257 856 -293 1178 -359 -89 14 27 785 -251 -420 -72 -17 370 327 -311 -334 430 539 892 298 428 132 39 -1203 522 -368 -144 989 -94 419 -1031 417 -980 -383 -692 -434 1058 -5 65 775 -595 1245 475 -300 38 -81 -462 -167 -201 -462 -144 986 -431 -184 -463 ]
[73 741 -313 21 643 -146 272 -329 55 354 107 -131 -170 -951 -496 -664 72 17 549 716 -324 -221 189 999 668 127 -163 345 -344 -822 -33 104 814 637 -305 896 543 139 1377 -530 -1 705 169 -189 -1173 289 1089 -766 -428 -241 -149 1316 -361 165 -536 -804 -201 -303 111 -1091 1475 58 820 -959 605 326 -290 301 -259 -700 -216 86 -498 493 -278 237 763 -1868 -204 1322 -855 1024 55 336 543 -400 22 79 -559 430 135 -603 -857 197 -343 91 -466 -18 660 100 162 -172 193 784 -672 -732 -1018 -1426 -587 -177 1225 1774 718 -757 474 252 -324 167 382 571 221 -253 -664 890 610 -353 -1281 560 -27 160 ]
[-395 -5 -842 1180 201 622 -421 356 -24 719 -1129 -455 -859 -492 -48 -826 -768 371 -565 704 -618 -755 307 403 309 404 -789 -127 -261 -375 185 28 -529 837 55 799 806 344 -198 -844 1152 -226 44 -29 -1200 238 248 -399 -1381 -932 26 964 -524 374 -922 253 719 264 -32 -450 158 713 590 -1409 781 -84 -258 -443 285 839 -418 276 -120 931 -1135 -648 -891 -272 -226 730 -636 717 -288 -606 1160 -559 -202 -94 -426 -671 98 -2 137 -902 526 -528 -569 -211 354 663 -39 -254 1134 -22 -388 488 225 -1457 -1050 -1554 -34 -337 1181 -1027 -71 830 -600 371 389 881 -917 955 463 396 -8 733 -915 409 512 -403 ]
[37 957 -359 -601 -867 447 784 -651 -1052 -736 229 351 303 -505 -441 -461 -201 -458 -796 -655 -612 -563 -775 477 -380 -564 -1070 -1027 -239 197 -573 -552 -226 366 -620 -92 -749 -509 -504 694 -533 -335 202 -197 -580 664 -534 281 1175 742 910 428 176 -118 1 512 477 -896 -329 -1063 -484 428 -14 632 479 664 1343 -916 581 -150 273 -781 -36 -364 -428 -620 -200 545 227 1164 90 149 347 806 -836 235 -268 520 225 588 -587 114 -314 1519 -792 880 577 228 -730 161 -220 -483 -1096 -420 173 -954 -955 689 547 825 -624 -734 -112 678 -985 -278 231 172 81 -541 189 -206 -800 -268 946 -153 232 -681 -668 267 ]
[-806 -1054 -175 -78 -528 427 248 402 8 -208 -253 612 -724 -351 -216 247 -606 877 595 516 992 177 597 864 426 -895 -603 336 -998 -274 593 -1294 1098 807 -335 871 1414 715 -162 -188 280 589 -632 -125 -501 -74 1262 -1544 -705 254 -21 613 738 -755 -279 7 -733 736 -944 201 793 236 232 -629 1395 -1094 -1151 263 -308 78 -581 -187 328 -431 226 -1325 296 -379 -643 455 -869 687 -402 -673 -759 -417 -1451 1642 -928 -580 770 -362 -512 242 -73 -585 -616 190 -698 -354 -770 -879 753 302 -1145 2 499 -437 -242 327 -396 -621 -237 -911 629 -746 -990 1819 369 1342 273 363 -360 421 -143 1376 -580 283 1085 238 ]
[155 494 459 511 -13 263 508 627 191 3 463 178 -1145 724 635 271 -542 741 163 -232 485 408 1049 810 226 -678 147 458 496 -507 1183 -388 154 412 -47 869 479 -450 -220 317 46 640 -968 -133 -1098 222 -715 41 261 714 145 293 313 -8 -290 -497 262 -157 329 -623 523 -574 952 1271 139 -2 867 -363 414 -1740 -243 1656 -329 -107 174 806 7 -189 50 -344 -204 96 156 779 241 773 -406 263 655 1939 -307 264 -1750 -642 -219 436 -11 280 734 -1881 -718 413 427 -1340 95 327 -197 486 -316 497 -93 1245 150 -106 1410 276 -427 -119 -217 -126 -93 -282 952 518 -83 -878 -245 -58 -2 -227 ]
[219 1036 -385 -862 -344 -367 -105 886 774 71 321 177 -260 -571 -349 104 -219 335 307 23 -324 47 -1306 301 1644 613 1048 475 937 3 701 880 617 77 342 -276 1078 371 447 -267 381 -828 725 -266 -495 -114 579 1446 322 -57 -505 526 440 448 -604 -809 200 -104 1209 -345 431 468 823 19 -300 271 -309 712 704 -310 -49 336 -425 -89 -107 173 103 -349 -142 201 -273 193 584 1568 1100 448 77 284 575 1433 708 493 -656 -53 -42 -163 -221 -739 972 -939 468 510 527 -51 351 -1051 434 -797 -62 614 219 1665 -60 -1195 311 -103 -679 -1087 1056 323 185 -780 295 851 -153 -224 -415 425 -836 562 ]
[1047 -1248 719 -730 735 1044 -187 -76 -898 164 -430 -314 563 -76 -666 99 862 -47 88 838 179 277 -228 551 572 -481 157 1231 462 -564 829 -1414 866 -1169 -636 -199 -751 -457 582 -849 -508 1330 1143 124 170 364 337 159 -1855 581 47 -781 -937 -548 136 -643 -320 663 -654 -255 -355 -704 402 -1390 -2 372 -594 -1033 -713 38 -702 -368 -143 576 -572 -620 -261 -88 -50 -112 -93 -615 -198 -547 -395 -144 805 790 -32 582 210 771 -509 -289 150 -1022 -434 -311 465 -512 -372 199 -72 -149 436 -268 -79 914 520 406 -396 -1216 85 110 653 57 621 -409 44 -1120 172 924 585 645 568 167 -843 -17 -494 -337 ]
[140 -189 178 222 -523 -430 -743 -61 221 211 -1276 319 392 533 242 -891 -384 108 -169 -927 676 858 130 -1516 -186 394 609 -950 -449 1340 178 500 287 -1263 -726 424 639 624 95 430 427 -695 78 -597 1226 55 -795 19 644 778 626 251 -243 -12 -734 37 421 293 -24 1160 880 327 -761 1352 -1117 -403 -303 305 -171 44 -243 364 242 -1034 851 246 -454 1005 -1021 -1795 1207 -517 -332 -409 -1045 1013 -1105 424 -89 273 320 135 772 -87 544 416 -377 -6 -517 -354 591 -246 401 -815 3 159 1310 423 734 -194 -78 415 1211 973 525 375 235 69 832 -250 -75 -6 378 -195 678 -411 -171 -814 120 -661 ]
[1317 -30 -234 647 -81 -273 1006 -266 420 -13 -651 150 -493 -470 -492 487 1019 776 965 -749 373 366 407 660 197 -1496 1007 -1235 442 -905 1077 -137 -657 -517 -420 -397 289 770 -78 73 564 299 33 872 193 239 570 816 313 769 -40 -506 -314 -214 201 -717 49 -55 228 -1109 -158 -1019 1177 -121 610 237 1541 -61 130 94 45 -1155 107 411 -483 880 -354 926 1380 482 -319 -699 412 187 233 -907 115 -232 -78 553 -876 -419 51 -771 352 -107 -1010 -268 -629 -726 -301 73 81 201 -335 330 475 162 51 -266 -169 -119 -149 1033 728 1171 -214 -614 -633 -120 -766 1281 -42 -695 -116 -518 -76 516 1135 -246 ]
[-194 508 108 29 494 544 1144 6 -616 -433 90 189 -1641 -198 -37 -193 -1081 303 662 -767 -2 46 -931 1135 -328 -318 -75 549 1232 169 773 -705 476 323 122 148 -209 -800 -42 -396 466 -1392 -1399 -293 112 -706 -972 -58 -61 205 694 850 -172 144 -260 -268 424 -345 -298 -1121 947 -1311 367 648 1052 519 1198 759 -334 -2069 -919 558 896 -235 -194 1036 -125 -185 841 245 -268 869 565 -277 -1388 313 -1683 260 -12 541 -127 -175 -973 -85 -893 440 -141 257 -398 -620 -545 -444 1132 -669 41 -723 -911 -953 -624 -199 1011 435 216 -851 -256 -369 1309 149 -658 198 1600 -1635 -17 -706 -1009 -188 1114 1074 -77 616 ]
[61 146 -889 635 660 46 634 708 1090 181 161 -425 -1357 367 -5 -1271 -662 1279 -333 -939 -116 734 464 190 -917 458 -499 -505 174 -86 76 801 -373 -992 625 509 303 -464 -524 -123 -517 601 -854 846 -281 16 -241 -314 -487 63 -168 745 -994 91 451 -101 -136 -94 462 -65 280 -766 -614 1693 -173 -567 721 1654 57 -984 -298 315 1092 336 997 -215 320 -208 -715 -1193 -474 -589 334 324 -539 225 -1861 -1143 -435 441 282 -453 -302 -43 -30 226 569 1119 -181 -250 -677 -214 -429 -238 259 -204 283 732 -275 -96 -462 330 -629 -960 -48 -716 -1461 242 461 -718 -477 326 734 -1036 -597 46 830 1224 92 1336 ]
[-94 91 -588 155 33 -265 143 -376 -340 -256 -610 637 618 690 509 925 -962 12 1237 -857 462 545 1934 163 557 199 -310 929 113 480 -609 -749 318 -271 -515 -343 557 -672 304 572 -337 -183 -514 364 -255 114 150 960 388 213 -480 -182 615 -122 79 581 239 -227 -117 808 834 -465 155 726 -392 -1077 1281 114 719 -1092 -171 -158 -158 -593 -342 1479 1031 83 -232 -833 69 -36 34 -669 -608 844 125 185 451 656 584 190 -762 -24 -851 1039 909 -140 -641 -401 -228 -601 25 97 585 -406 367 -134 748 -116 934 639 5 -173 603 -187 -15 80 -286 -232 -661 254 -146 -1289 -899 81 -40 -1046 273 388 ]
[-1073 459 63 -586 -410 -208 -1118 -146 1051 -193 1132 615 -458 894 342 1186 -1173 1679 -229 -22 1970 -9 289 -73 -656 394 -871 380 -354 -505 52 243 -179 733 -358 691 430 488 926 159 396 -378 -1045 249 298 -1061 43 575 528 -764 -30 762 1095 -514 95 295 -84 -1012 -553 882 908 -563 -309 902 -445 313 27 -485 -233 669 -301 1134 -498 302 512 -732 340 -215 163 -683 -315 1431 -71 -82 -48 515 89 781 -768 -286 400 -407 -199 324 144 -1411 1063 -307 177 250 1282 -581 1581 9 -953 -93 201 -111 -237 -118 257 153 525 -572 -129 13 -278 1093 99 1120 -13 -507 530 216 -295 -87 219 51 729 -354 ]
[-427 -1182 764 93 -279 1021 -498 329 -576 -251 290 -811 225 -1340 -200 360 -201 26 -950 -382 234 -839 -16 -178 1017 48 -1106 46 584 -377 -520 -412 419 141 -910 -1131 -324 604 550 -446 15 1167 503 306 335 1695 1443 -343 -1243 374 -461 -171 908 210 -891 213 830 -657 168 -43 -182 -46 -341 -142 425 -184 -263 -1506 216 997 102 -51 613 415 -1021 -1156 -525 -142 154 -73 -662 -469 316 -876 1272 156 720 221 787 205 -1248 359 -261 538 -266 -457 -1117 -519 452 474 -315 -909 101 -489 383 402 -363 305 -25 276 -1059 -486 -637 -433 832 -338 -726 652 905 -935 -505 661 -623 680 337 760 -487 -7 39 946 ]
[-555 -482 -495 318 -577 -1495 287 449 733 463 -497 325 1397 564 493 -723 -557 -245 367 -843 -645 447 357 -753 -1224 362 -499 121 -1261 -148 747 881 149 173 1004 854 366 695 706 -193 -349 -80 -129 862 -1226 1119 -586 561 379 -685 -133 -503 -548 482 215 -69 -646 840 503 858 265 375 -1184 -143 -819 -718 -530 1136 -652 462 660 170 -37 -262 894 356 185 -512 -602 -357 145 -646 -1008 -568 263 991 -558 -314 -9 -77 1645 -762 465 -872 1146 906 -6 337 201 128 236 61 531 827 18 -57 373 -660 415 219 456 903 464 -749 -174 293 -729 -93 1198 519 -154 -253 -334 -491 -195 268 -252 -525 -605 -89 ]
[-471 -180 -451 -220 1027 942 209 241 -293 575 1082 250 -132 575 -88 672 -485 -610 -164 523 -1045 95 -1313 1602 1078 -901 -83 1985 149 282 -257 -947 228 -83 256 -794 -190 782 179 -414 -93 498 728 -592 268 8 -888 664 -1236 285 -234 -440 -123 209 -594 -423 371 523 677 -657 179 -7 -776 -24 148 1043 -1118 -244 -103 71 -342 -41 395 972 -889 363 -561 325 -580 99 -468 -208 -36 -271 -1056 524 682 658 712 -548 371 1183 -463 491 273 -83 830 249 -181 528 43 884 617 694 -22 -1660 -124 -238 -1036 -125 476 943 425 -941 -319 -837 1356 323 -75 150 -137 -43 344 -289 -728 601 595 253 -1444 -18 ]
[904 -537 -356 -230 -404 -604 438 -294 -200 363 -690 -1102 123 101 -166 -1853 383 -658 -108 302 -801 -262 -287 -1198 431 -164 182 -17 -506 196 -17 1019 752 864 -227 975 -953 344 243 -389 -775 392 1193 -262 831 573 157 -1650 -182 -420 261 236 -125 66 -900 543 -291 86 -1197 -580 359 278 708 -1464 430 -52 -3 -451 332 -180 166 -59 587 482 632 250 -443 -1171 -1006 293 -867 95 -120 487 -18 930 372 65 697 -455 433 -134 -43 -65 -276 449 -920 823 137 -188 -319 785 384 361 -6 699 373 -619 314 -167 332 912 488 484 -281 1281 18 -588 613 653 1224 417 47 550 1021 466 88 -64 -885 281 ]
[-938 -671 -584 -651 282 110 -418 -61 -335 -18 235 110 371 -423 195 1049 333 291 130 356 -430 332 -1165 220 -73 166 1233 -314 -457 127 -825 -488 -836 -385 238 -1927 353 1653 701 -111 -216 401 750 597 404 -648 -1040 1059 -1686 282 123 -773 -66 -396 -129 1113 -280 783 -49 145 -346 -462 -606 -58 -678 -532 278 -340 92 237 265 -882 256 255 329 548 -622 18 253 -134 86 -1549 -673 -484 -1153 -473 268 136 -448 -893 84 584 540 -591 26 -1590 -64 -1159 -477 843 201 -241 -888 464 -360 -417 530 -530 152 -465 -482 -1018 -51 1017 -836 556 647 -825 305 -173 24 955 -446 -714 -366 343 232 -1299 56 -2092 ]
[204 -1042 155 -296 389 -18 -68 82 17 831 -1209 73 -632 175 -1133 1109 287 1104 775 216 1227 -136 297 -137 -680 154 139 612 203 -776 -145 -134 564 234 440 -930 -368 39 1630 -180 432 -499 -443 353 623 -855 589 1631 -883 -1248 253 829 -127 129 -883 273 -1177 -925 -372 -976 367 -1027 -407 -6 1418 161 475 481 -89 127 267 605 -74 328 452 -224 1469 214 815 -624 -498 1712 341 -578 147 -336 -168 -464 -1169 63 1961 -355 -582 -976 -14 -286 -239 -1466 -26 400 72 -749 75 42 -58 -756 -190 -20 -198 -430 -491 659 45 -654 290 953 720 -105 726 -208 60 -540 1241 -98 922 1714 109 150 507 -223 ]
[-653 517 694 154 236 305 -572 30 -29 -488 115 183 508 -102 704 -72 140 196 -46 600 1053 150 251 893 343 -783 595 -815 388 378 349 409 -415 399 -25 516 791 869 -1613 -487 630 499 -746 512 -75 -1192 -175 -815 218 610 -1081 -510 424 -67 95 441 564 -176 -782 312 -267 -267 316 -433 14 336 276 -708 -311 787 -420 141 -445 89 -716 -518 -959 815 138 490 362 -364 333 -358 133 -1205 -55 318 529 -217 -663 1833 1231 -295 254 -383 783 -624 21 -344 306 -337 614 -805 -1186 1576 651 83 716 381 286 -347 -469 382 511 332 374 -202 -401 186 -122 550 -128 40 -884 -703 656 465 691 74 ]
[174 -2 -647 545 -152 -239 -297 -1 -145 170 97 293 884 203 154 -1025 1093 -369 -745 434 143 -137 897 65 331 78 -174 -1182 707 -812 974 -1366 155 -444 447 948 -548 -710 -215 -449 808 297 1349 392 99 -1492 892 -948 573 -806 -214 93 500 467 585 76 -156 -110 -657 224 -1054 395 512 334 132 -603 -245 195 -514 714 -659 765 -603 448 304 -800 204 -1339 683 788 -102 854 -79 307 878 871 62 -510 -770 -554 103 -970 118 -783 -825 262 -86 -220 548 34 -143 881 -632 -551 -730 438 351 -381 -407 -255 501 994 -238 -611 -351 -995 -220 492 121 -57 290 -157 -190 -776 636 -325 -520 97 -321 438 ]
[151 324 -658 805 15 555 1056 347 212 2 -587 -99 -355 -303 45 -535 -273 129 -914 601 51 325 -636 -169 662 1095 938 929 209 1437 290 698 -1669 -1042 536 -89 399 -908 -64 -807 507 -1476 486 -149 547 461 128 -98 -629 -244 732 717 -137 134 -289 -740 958 -1236 676 -642 -190 862 274 -447 88 -584 111 255 -359 -13 -7 49 905 191 197 78 -783 261 -663 -807 -1021 -959 435 -281 -421 468 -1099 24 13 -400 -49 -219 -1237 996 -43 -48 -665 -221 654 43 -916 324 -254 35 1419 -122 763 158 -1064 -46 -338 -60 -348 -1182 573 -366 -491 -340 59 -82 -335 303 600 448 148 239 127 -270 50 1927 ]
[-688 -257 -27 -1064 220 -184 -256 -753 207 861 184 -434 -80 -168 -401 797 923 -211 456 696 -763 -101 -509 -25 24 119 813 596 469 -65 -708 645 376 -393 -301 -308 -584 -566 -223 800 -483 -298 324 529 95 -693 -1046 340 -375 -180 502 -576 -1033 -49 -75 -464 198 377 74 486 -152 -16 -431 401 -852 -83 -360 -858 -60 -471 928 -267 8 -161 -98 334 439 -107 -133 -164 75 -1022 -661 110 -572 180 734 -296 335 -531 -550 349 245 141 -587 -618 -166 -361 812 -301 797 -315 -83 53 829 281 150 343 67 -216 334 -924 -271 712 -119 621 -759 -1744 -366 -657 -675 53 389 -1285 -565 184 399 673 -630 -749 ]
[620 -779 -355 -10 -232 401 671 -361 -828 -1398 249 429 -63 -1392 -440 -354 258 -851 -462 -1276 -274 248 687 -154 355 -382 -24 -813 -532 -854 862 -233 464 46 -569 -946 732 -314 716 905 121 274 66 -361 -188 566 1858 2003 210 195 -374 361 -460 -208 -1039 -1607 -583 334 838 -1039 -157 261 312 380 -704 -598 -488 -112 405 -720 -447 -940 542 -444 -56 74 1131 -887 221 397 445 -377 -49 1020 -879 -205 639 -173 79 1384 -572 -679 23 988 -6 202 -769 161 6 -628 -797 627 -1829 233 51 -784 -922 289 83 403 -1334 -344 871 615 -429 -999 -147 312 183 415 907 -1009 -93 800 1092 -827 -624 -729 106 -1064 ]
[202 220 818 354 363 -1128 645 1104 -744 -221 -1283 -262 -348 -711 234 -1486 -1037 -103 -25 -302 -1041 -687 -986 -573 410 1575 805 233 -899 9 -820 812 -1140 -679 510 -407 -82 -671 813 -167 -811 -852 39 271 498 118 -2079 -1212 -1294 -471 1016 1349 -96 302 -883 1078 842 -663 371 -973 -218 -345 -309 305 -743 -298 -483 -231 256 -226 -116 -518 -102 -1412 684 643 32 -224 -689 -326 -27 -650 587 997 635 -382 -1185 53 280 327 -13 360 305 -668 -171 156 -266 488 847 81 -770 536 -89 159 300 -1216 -263 -579 -521 -651 33 890 640 -545 78 738 47 -418 214 184 -232 394 21 1168 277 844 661 -422 -1160 -267 ]
[1616 -920 347 419 -1862 476 642 -63 5 -115 -899 367 489 -586 -1237 517 192 -1200 -363 -426 -599 321 7 188 291 193 1157 -80 438 953 369 1935 29 -160 759 -405 768 30 -605 120 1432 -1358 -204 -813 460 882 14 418 500 -611 -324 266 -27 -240 -294 20 419 215 623 -474 -397 -266 82 -79 -178 217 6 578 -125 330 37 -591 -537 -38 -470 468 -1508 758 162 -118 367 143 818 165 163 -1587 -388 -637 14 335 284 236 1471 -904 291 428 -501 131 -159 381 -1862 269 821 206 411 -196 -606 -375 -440 136 -83 482 394 -352 423 950 634 -322 348 596 -133 -262 16 38 -472 -717 779 -347 -99 12 ]
[-640 389 -486 -1189 388 -828 814 -32 38 465 -555 -889 97 143 691 310 -31 106 1233 -55 -830 262 617 -479 135 47 185 1222 1066 -408 -907 -684 899 255 -448 -216 874 -388 -319 -366 -706 374 125 -626 -426 664 -586 -313 -278 462 133 -740 -13 239 573 351 -354 1594 300 -302 -799 721 316 -843 -603 555 -358 485 -169 -358 321 322 725 -786 89 799 -367 -724 -551 -383 -80 -174 -219 -205 -480 1437 342 -511 253 -429 -179 -124 -1552 362 -238 1023 -1815 183 169 318 706 -761 -1137 262 891 -307 1489 287 -70 223 34 -567 -323 -672 270 -367 -153 -714 1063 -361 623 -305 503 -571 -1129 595 -408 316 -96 -61 ]
[820 -605 496 257 252 -574 361 -701 -903 123 104 -321 720 -1488 103 535 -467 -880 -231 -720 -142 -621 -379 -777 567 -277 223 1142 -1549 -564 -432 -421 1137 -494 -1005 -71 782 596 11 -686 -292 242 -33 -618 825 -548 -262 683 -563 317 59 -931 345 191 -544 -897 381 727 -746 365 6 -364 -777 -560 -1003 -970 879 -186 -53 47 156 -632 266 -847 -812 881 773 -140 -848 19 108 -1014 -275 -541 -744 -41 118 613 992 -412 582 -719 104 736 421 229 -253 -89 713 -1283 17 801 -373 -89 -669 -51 -1062 438 -125 -449 849 -1058 501 352 -571 906 -818 -456 -942 883 556 -21 -450 448 -103 304 -40 -631 614 -854 ]
[-1638 1320 -272 -1204 -600 311 500 78 -200 -1142 460 845 593 -399 -614 453 -91 -293 -1264 426 -486 384 -908 782 -420 575 -289 -962 -474 -663 631 -709 -347 234 -276 -341 678 18 -714 -308 -157 -739 127 -228 -829 -424 30 -800 584 282 297 805 272 -242 354 139 583 -977 -692 487 -887 888 -296 765 -210 469 121 655 227 -285 259 439 -370 -62 -174 -1107 -1040 -273 50 637 409 -221 -143 513 -243 370 -577 -601 -100 -437 -640 -462 239 571 -521 -586 100 -254 166 797 948 -361 -745 -142 -508 523 3 -718 87 -702 -158 -826 256 520 -1130 -127 101 910 1367 -855 394 -673 -1185 -1613 554 -319 -890 -511 -571 -425 ]
[174 772 173 38 523 1104 117 526 389 -295 5 -14 -1305 -1 -587 312 408 -99 -675 -590 450 161 -1559 79 59 803 436 -92 950 -157 1310 -53 279 625 206 618 -916 -1678 120 -426 -455 -15 32 434 -458 -1265 994 88 -907 -734 -115 1496 -797 83 -543 -1662 -44 -1191 -603 -1086 -423 -222 709 537 208 7 178 -65 288 -783 -764 -25 -571 827 996 -432 688 -757 397 -265 -427 394 -164 237 -191 -503 384 -150 -572 578 -254 933 547 570 -688 -1126 764 -15 326 -973 -273 717 24 -781 871 464 -710 -776 402 -244 -439 -214 -642 -848 -82 -769 -188 -569 288 -94 555 -427 276 -279 80 -475 672 436 16 472 ]
[-290 -199 1053 -294 680 197 462 1405 38 -1046 -367 122 -1420 840 1032 -416 -1122 135 -518 47 -465 -241 -381 -260 -425 360 -460 247 -386 6 923 -400 -103 614 -126 1472 650 -291 -1010 -142 -462 -345 -1364 35 -654 952 73 -1084 -426 552 -283 423 -298 121 -557 -1074 1232 12 -820 -728 -643 -77 539 1055 200 221 -79 177 -88 -827 -975 455 125 -839 42 301 -257 -422 -380 736 113 219 -413 -340 438 -408 196 401 525 -109 661 -117 -915 -235 -396 999 -47 2417 3 -1057 -960 -387 1079 -1051 -646 565 -88 412 -70 -158 -235 -594 321 -566 415 -227 -1021 546 416 1256 -310 623 501 788 468 724 753 115 31 643 ]
[-501 902 52 -141 -91 -1201 96 140 1074 157 -634 -385 -324 482 33 -973 110 1174 923 209 -782 578 -972 734 219 -940 286 70 278 -338 -264 566 -253 -131 -139 247 -272 631 400 148 76 -747 170 -16 -418 577 -919 643 1151 266 840 -614 179 514 710 460 -209 -551 449 -1180 778 -301 1396 -700 962 1931 294 -21 -598 -975 419 -207 611 469 438 844 -615 579 791 737 20 321 212 457 822 678 416 584 1325 721 739 1244 -650 -294 864 140 580 932 -478 17 37 -616 2047 457 -94 -756 1482 443 -660 566 308 515 557 -391 -246 -208 -19 -707 219 61 -1382 122 202 39 -418 -253 716 592 -453 404 ]
[-938 -48 -449 136 -332 -372 -969 202 268 271 1008 114 -596 -248 -280 -378 -477 -392 441 1208 -134 -115 -228 813 -230 485 -118 -1294 15 37 -522 709 -645 897 669 -307 -749 1270 -1173 672 1230 -299 -230 697 -163 -291 -1419 233 1557 411 -1502 -369 -1072 173 262 3 -493 -359 1623 1197 743 -47 -81 864 144 734 152 129 234 427 -481 -211 -214 493 80 -580 180 1126 715 169 -364 490 28 532 -180 -1630 32 865 207 -242 -309 365 633 -534 334 -1031 468 -12 -676 -109 38 140 643 137 -99 425 -655 -563 1274 59 246 667 -612 578 -340 560 923 -534 -335 -58 165 192 485 -77 -1260 363 173 284 -1103 115 ]
[-1288 839 -345 436 1404 89 479 -164 144 -243 -204 457 -1165 -59 965 159 -1047 1142 -397 -601 521 -704 -244 355 -469 847 -1241 -694 -785 -400 298 -71 428 -89 -376 -11 928 1344 216 103 -397 -431 -1190 807 -291 1180 31 803 -781 337 493 557 412 -201 -763 459 623 473 65 -260 -32 652 -985 788 -91 -578 1010 39 721 325 -507 -255 721 -424 -594 -345 253 218 -254 -1198 368 586 307 -724 349 -389 -1726 -65 -385 -224 390 51 -167 432 950 -183 -587 -394 -411 -551 1050 -1832 -747 -276 -613 -342 200 -481 486 61 -272 -525 958 -906 -349 12 -776 420 968 662 -976 -180 -722 -306 62 878 -610 -61 1242 673 ]
[142 -999 201 -178 -543 1568 -610 575 -603 174 469 -148 -112 -953 -46 204 495 13 -824 462 -263 758 -339 866 -325 161 354 608 395 -174 239 -193 420 281 -109 -640 116 -449 -326 -42 463 815 -649 -296 -99 -30 427 -467 -1512 -500 -185 44 -33 -195 -453 -778 -4 -680 -950 -276 219 -725 -336 -144 -594 330 -463 -1356 -138 -178 -474 -313 112 -146 -460 -562 -7 88 -555 549 -529 -662 -1058 264 -50 -1111 278 -301 160 -339 -687 475 303 -21 -727 -945 -24 159 295 343 -104 -162 1056 -641 729 507 -601 -441 -696 -484 -986 -262 611 551 -793 542 531 -650 20 318 -22 684 1177 67 -121 -436 173 -538 272 -905 ]
[-1293 -160 -133 669 -482 -614 -630 -238 162 596 316 -3 122 -136 -707 -64 -707 -468 -939 452 368 -310 -532 -1085 -641 720 221 27 -430 670 397 -18 -90 -712 935 -780 -245 -31 222 -185 -160 -992 612 192 375 -220 -315 651 -289 -291 235 291 -855 -788 296 -124 153 -117 374 7 -701 638 -690 -359 -429 -274 145 61 -481 956 177 -647 577 -105 334 -550 -387 178 -457 -1295 890 -525 -4 164 -165 -770 252 52 -186 -658 649 -298 886 511 687 -1075 461 -230 256 -687 385 604 363 -358 762 -222 -30 205 -247 442 -663 -1601 1005 568 -116 452 -242 -629 -260 1021 -147 195 977 698 -1223 93 -181 -267 112 -852 ]
[-584 -345 -439 1373 -55 735 -1952 921 -297 586 264 475 -318 -139 -178 -84 -485 646 -133 -294 362 278 423 -431 -1027 803 -515 -444 637 448 169 -471 328 35 886 -830 313 -299 519 72 -371 189 -147 675 -234 -21 157 394 -579 -607 -126 241 415 24 264 231 432 -753 611 -313 -326 -304 0 875 -95 -1009 486 51 -105 -386 -525 321 149 -462 251 -526 128 409 -964 -685 111 -164 -617 -88 -264 -199 -178 -685 -443 191 -342 -951 31 -149 -875 -747 59 211 -613 -193 -101 305 790 -949 -10 163 -296 -144 -150 -989 -844 -113 -498 -673 -205 -934 -341 57 -307 -68 -34 181 672 -197 -1061 -175 489 100 587 -714 ]
[483 -543 -411 357 402 -329 430 112 -983 36 -1849 674 -274 -137 -496 -1490 180 -301 748 -355 -543 102 68 -168 -60 222 1068 325 662 1857 309 13 1561 -1186 327 185 640 -429 372 193 327 275 13 -1073 872 195 -321 6 -16 64 743 -712 -581 657 877 618 -342 1161 315 -839 -640 606 -430 -679 -699 -118 -86 545 32 81 352 15 -455 -383 -177 688 770 448 -127 -1083 1302 307 -404 -688 -633 1137 -651 -1384 409 624 479 544 -1099 -372 -172 171 -705 650 876 -360 -434 -654 223 200 862 631 1420 393 -93 -41 1075 -483 402 37 680 -426 711 -405 284 -468 -146 240 1375 -467 -559 1328 99 -154 5 -393 ]
[-199 -445 -1054 1072 -1655 505 -27 -687 497 852 291 131 1116 -1005 1 -1354 -647 -538 -76 -756 88 100 -16 5 159 -457 155 -1288 712 -376 509 1272 -464 434 208 1560 121 -641 -746 -1017 374 144 -376 675 45 414 451 328 1702 -54 -325 -392 -85 178 939 -12 537 -1673 447 288 -833 -60 -952 1069 -661 -103 1454 -201 -1078 732 -142 -310 -269 -1127 352 -256 -242 -795 1282 1389 -544 161 -142 -76 1035 -1058 -776 -141 200 433 -1209 -1375 549 487 24 -51 -303 140 -654 -181 -884 336 -130 -644 480 509 -368 -736 -23 643 -1005 -109 -541 793 -610 -1237 -864 -952 -328 469 834 212 448 -1118 -536 -777 -23 -740 -81 635 ]
[34 -629 741 -301 429 300 -713 318 -744 -890 116 435 -451 408 -622 634 80 -383 233 1026 50 -352 374 -120 -1357 1519 -329 685 606 753 -65 -863 -8 -48 172 126 -574 -807 148 518 428 -860 -797 -73 -728 122 -295 -63 -1280 -775 -637 416 -835 -144 389 -769 -1223 604 408 -502 227 484 1221 -1352 64 -203 -944 -362 -399 -623 -709 178 -864 314 6 -151 170 987 -428 -480 197 540 -667 59 -405 -571 630 496 -492 -238 347 366 -519 -146 -220 -535 228 459 240 -547 186 19 536 474 1083 109 -696 184 531 -713 -451 -1546 -386 -648 93 -371 719 -20 -1049 -176 651 -478 509 1060 -922 235 378 144 -144 -26 ]
[988 -475 50 292 1151 -500 600 288 605 340 -1480 -184 -327 139 -267 -253 -272 335 156 -81 -337 -24 -1076 -557 308 -483 -314 58 -1087 -533 -458 -229 -27 -1020 -285 687 809 60 -73 174 -141 155 152 -316 -183 194 221 -480 -331 -412 404 421 -97 936 -831 -128 1275 234 -1371 -545 294 1117 -733 -239 -487 693 -860 -652 -84 1138 -232 109 -199 -880 -342 -68 734 -168 265 -1 -224 -182 -27 -226 915 -336 340 151 -189 -90 182 602 493 -209 253 733 -513 842 733 432 -253 243 786 216 208 -355 762 91 -293 -537 83 514 1059 748 -756 249 -567 528 620 -242 -901 -329 -820 318 1241 337 119 -184 128 -115 ]
[-336 -223 -692 164 392 683 -318 -130 -718 23 -94 -78 -281 -49 94 -158 -519 332 1085 -153 32 415 -1065 1133 846 -303 -186 665 784 259 80 -461 302 19 390 -216 755 -276 84 -932 1195 419 -710 200 176 -368 500 -108 -233 -267 -770 -59 294 336 353 173 1118 434 -152 80 -68 -425 -422 -477 98 101 -784 -221 -237 965 -270 348 -419 341 -1264 35 1066 510 840 816 -974 683 441 -247 498 122 -67 415 78 -11 367 923 -519 793 334 155 843 148 -158 97 -275 -435 1205 200 -83 -508 374 -40 -292 95 1329 480 -515 -1256 -8 -1166 -17 -420 -786 176 -216 434 -23 412 -138 565 529 -35 -48 743 ]
[-887 184 -285 -116 648 65 -140 -914 -393 -712 -90 -109 -151 -101 173 1003 224 958 702 194 585 -104 1165 617 -23 -672 -265 -413 214 -1073 293 -1456 382 807 19 465 -337 -657 166 -168 -712 279 -271 57 -1223 -128 663 120 224 -345 -220 -83 382 -108 1050 -203 -517 -413 -671 -152 -432 -172 501 206 -438 -1421 246 -1085 -8 -21 334 476 -740 -324 -12 -177 722 -714 1533 490 -147 990 -137 -624 58 3 -88 287 -854 -345 -1093 -943 -493 -557 -877 -885 -400 -915 276 -1002 407 -592 -962 -918 -166 1055 858 319 1026 -258 142 -1159 -1135 142 535 -345 -331 150 134 -70 -190 -277 48 -498 70 428 -1131 1339 741 -607 ]
[-813 93 527 803 103 21 -103 161 -104 912 -483 -339 131 -731 -763 -94 170 990 360 1406 837 -119 1323 -798 -593 516 -781 -492 -637 -843 -629 -826 -78 -465 -1046 111 761 55 -372 197 611 661 -284 493 118 -146 390 -1347 -17 -71 468 860 292 -526 -67 810 -155 550 -657 761 588 953 -96 -142 -486 -435 -279 -776 -783 671 258 -499 7 -109 167 -985 127 -357 -531 -588 -348 283 -632 -872 480 83 642 -527 -929 -719 280 -206 -77 -164 -31 -771 -1393 68 345 257 -590 -601 82 110 574 882 125 458 -376 -698 -1227 -388 -232 943 413 766 -969 1040 384 71 -297 626 30 -417 808 753 -263 -124 1367 -281 ]
[-109 -358 -105 524 -654 269 30 -206 -634 -833 -1222 450 -1128 -710 -1053 -363 -449 -145 239 -306 497 -44 -1939 523 254 -937 585 -1008 -20 330 538 1153 1238 -578 -282 -123 506 -640 -240 -132 15 -49 -703 -257 429 30 658 -1073 660 790 810 1264 -984 -36 -667 -55 1100 -756 389 -120 -385 921 -945 24 511 638 -1127 -908 -23 1283 593 -1064 331 90 -83 -936 -82 1456 -151 -63 979 1338 746 167 -835 -1514 -272 134 -211 -155 -734 1867 2125 1249 700 866 490 61 793 -603 -305 -618 902 -53 -126 127 -25 455 21 435 -290 571 26 -358 468 463 -731 97 130 616 -711 356 -732 559 1199 -83 590 500 -268 252 ]
[1323 -1371 626 994 -364 -37 606 -246 -409 -110 -864 -388 600 -196 2 189 290 -1110 -33 -1318 -254 -70 1748 -435 868 -857 -52 44 -723 -839 -696 239 -313 358 -409 -91 423 -761 -95 95 542 826 -198 -582 751 19 1061 -421 250 -608 -1189 170 -3 193 -369 1132 237 183 -217 810 295 209 -609 -711 -313 169 -850 622 -235 683 631 -56 -10 -578 -580 497 1267 -490 -41 479 474 246 326 -589 -209 -745 1124 -492 62 -105 -1097 -304 1176 -89 899 660 -118 308 -98 863 -550 300 -274 367 -780 402 -493 435 -84 151 193 -147 507 555 -107 -100 -260 412 -535 89 72 210 -324 563 651 -751 -670 -886 158 -722 ]
[-136 -107 -682 -88 -320 -1380 289 -66 422 -19 -86 700 677 29 1105 -230 -96 -385 32 -56 -505 -1 49 510 82 -457 808 130 -855 390 499 1281 -1100 392 -315 424 672 1523 394 441 0 386 -236 -450 -104 -472 -704 661 52 140 -31 -507 57 240 9 -674 -924 609 577 -275 737 -9 -276 -316 -692 -388 693 751 -146 -664 340 553 -49 273 363 1063 35 -659 -292 -473 134 -870 -670 405 -1073 808 -323 183 49 335 -115 279 -46 -441 -49 350 241 -1025 -86 -179 -80 570 -245 933 -542 -307 -6 -692 38 -46 345 972 429 220 -256 457 -117 93 -84 180 -25 -489 95 -457 -816 -1294 810 -378 -253 -317 ]
[-187 -315 -994 -1567 -796 -221 -564 -1 377 379 1358 314 303 -665 -10 -288 -343 857 -437 -778 958 -599 -162 -431 596 116 -730 -459 492 187 -266 910 1144 544 -430 -310 -244 1087 538 -387 162 -121 5 278 -35 56 665 -239 134 -760 783 148 1180 289 -214 84 231 1049 -179 230 1086 750 -919 277 -261 -452 139 -926 332 792 -507 376 -323 -1079 -317 -1317 878 561 -1121 -485 -96 885 -404 1168 -434 661 -45 181 -399 253 -49 -621 24 1164 248 -60 -436 -1049 628 18 1450 -118 520 -410 319 -281 -445 110 -73 397 -146 -91 506 -341 -1371 132 -789 -203 299 1119 499 -1054 244 881 -951 88 -167 -288 925 -446 ]
[-646 1127 230 392 -102 1252 -1616 128 61 -531 880 816 -207 -141 230 505 -406 1291 -672 1881 -7 316 526 306 -234 1930 178 -115 334 508 557 -502 -248 -911 28 26 619 -1173 -287 -177 1167 -692 -345 -318 420 -485 237 -645 -627 -286 414 358 367 -817 1330 230 72 -960 750 1013 60 141 -377 970 -288 -1426 -513 -157 -805 224 -36 450 90 -27 132 -978 -888 -155 -1563 -394 68 -409 -1257 -870 -9 1065 -659 -198 -453 -1313 232 -521 -545 670 -701 -1106 -350 35 653 380 609 -507 1067 184 177 519 -91 -913 -1179 -766 -1105 458 -298 -33 -120 -1215 -342 547 458 288 -1119 178 744 -1071 -622 -449 -270 391 -37 675 ]
[473 514 475 561 74 423 -11 -284 558 -273 1454 255 -531 630 216 377 799 131 174 242 1523 -322 -346 1270 -926 -630 -451 -721 700 -555 871 -571 -951 -791 1428 -23 -770 118 -384 506 462 585 500 1030 -569 -392 -298 -696 466 -33 9 234 637 448 913 -643 -714 -124 -677 294 -439 -588 527 -192 526 -248 827 87 -1 277 770 -14 -708 134 -1288 -431 -647 925 1243 853 -103 -861 261 725 515 -841 335 175 -302 496 -1295 -316 -403 28 -104 -462 -7 -595 119 -43 521 4 105 -95 -1123 743 -224 -367 -67 1103 649 -126 -770 373 -105 222 26 339 -714 -637 -242 -52 -781 230 228 -1128 -203 268 731 856 ]
[602 269 -603 500 -1071 388 -655 -695 754 724 1203 -257 1193 699 -193 64 1054 142 -90 312 673 63 935 56 -334 -345 383 318 1593 -201 -400 604 604 -392 9 -474 -354 -567 -838 84 1057 -291 1036 690 -278 -213 -273 -326 356 -341 -733 -1140 95 -537 265 1100 263 -597 385 119 -56 -453 1251 -417 266 760 128 -583 416 686 -53 -446 -527 1313 25 -40 -90 405 544 -46 -580 324 -153 1004 1790 -591 1804 -797 79 361 766 127 927 -67 24 -426 324 -844 -382 264 546 733 1243 216 -65 537 239 -216 -388 118 288 700 -465 244 -392 20 239 -1630 -836 70 -781 717 -25 -403 -1153 -938 -558 244 454 -292 ]
[587 166 -579 -138 -544 -321 73 -945 151 -844 -596 -412 89 1506 131 449 710 296 -849 -484 1137 -333 1450 -317 -498 63 -481 283 1099 -979 880 -374 -19 10 183 811 215 -189 895 140 -26 110 1134 592 -1560 268 1031 309 -365 -344 -300 631 -102 -178 -103 890 626 96 -365 -907 876 -115 633 -951 263 316 956 -119 -359 58 435 506 -340 890 117 218 -409 -1339 919 -350 -456 -159 721 367 496 341 1120 114 -910 -295 -111 -831 -398 -455 390 508 42 -408 425 122 829 -491 185 401 -126 -51 102 265 -808 402 158 323 623 -432 827 50 -749 173 913 -32 -335 385 15 231 409 -741 -600 -236 252 7 ]
[438 -1175 -333 237 -1159 -383 -364 622 152 1108 286 462 -232 -203 -576 -772 -222 -469 -312 314 669 565 358 701 -1465 920 -69 -1 470 204 1298 1434 843 412 282 1102 295 265 -333 -594 -518 469 173 46 -330 -322 37 -236 396 -1100 -189 -373 25 807 21 -752 -1372 -298 453 75 132 -197 -370 838 417 85 -888 471 -1301 198 -711 106 622 499 596 -1105 39 191 -669 -23 -943 -62 -152 -118 -1279 -283 -644 564 -352 167 947 -281 720 -322 449 131 620 -367 346 -200 -412 863 118 508 371 -592 -60 -363 -166 203 -379 227 -120 -1648 -43 -178 -931 -511 726 364 34 -106 627 -299 -986 -393 380 574 -87 525 ]
[208 -797 -417 50 -751 -174 -349 -5 287 297 183 213 510 -69 -207 -157 -625 -81 231 -1517 -275 88 303 -318 220 -258 830 -366 417 -361 173 862 -468 618 -178 -1024 -353 472 260 450 98 -404 -759 597 890 -95 -129 1497 425 228 -160 -632 -1431 -755 -699 -424 -249 128 754 615 4 -493 -667 378 -459 -288 1876 824 568 -568 287 -169 524 353 174 665 317 113 -172 -1332 870 210 675 461 -944 -569 169 22 -275 984 -320 -314 1355 305 661 164 602 -1071 -1024 -892 45 392 -279 -85 -33 -664 -682 -33 788 300 -901 636 574 273 110 575 -449 -315 -559 -129 257 -117 484 -474 -594 -1241 303 172 179 -265 ]
[-87 362 433 -839 -79 -777 354 -1097 266 -159 -958 -43 265 1225 184 745 54 791 861 -441 104 1333 47 52 27 -766 804 -113 251 307 183 -185 -499 -505 11 567 -282 -445 1085 406 -707 -825 16 -426 108 -168 -115 837 1051 -362 233 -956 142 462 988 -645 -384 243 -956 520 293 -526 142 147 -1001 521 -2 -381 -443 -643 172 331 -1366 -511 121 1054 852 332 2233 -296 617 -55 -72 -226 -545 741 194 794 71 59 540 -478 -431 -545 -225 21 1202 285 325 268 387 -249 817 115 103 393 1541 642 -8 -189 1679 -658 363 670 348 -308 530 -89 -418 -105 -528 -269 311 42 -177 -109 -274 996 358 -781 ]
]
