[[-34 -308 -442 662 -807 -329 213 236 90 -1285 -481 -445 -91 -2 -261 -419 -665 -213 -215 -784 -117 360 -661 -555 -734 1238 -477 523 -86 514 -496 240 55 -118 374 281 514 217 629 303 22 -333 -357 334 -638 -813 -377 499 -647 -894 -676 -219 378 -543 737 175 -70 -6 -874 -394 803 -424 -121 -839 -146 355 -238 -346 1098 204 -91 307 -123 -541 -635 -282 296 126 -159 -658 304 -158 -153 120 508 -159 -119 -232 15 171 -420 76 434 -440 165 -493 -558 1082 325 258 -392 -259 101 138 129 -389 810 -645 134 -351 841 787 342 -419 -150 -277 515 -827 -276 380 -35 404 598 -292 -415 -255 -679 -124 -592 475 ]
[-63 516 -1087 724 -340 54 -126 755 545 -224 -115 -244 561 -554 -1032 -39 -5 229 -622 -751 -1116 250 66 490 -1011 751 -1003 53 168 480 -1155 296 265 -447 61 316 -246 -363 -196 -439 -827 -1147 378 -498 -486 -374 -198 572 -576 -441 -295 -44 478 -941 -511 -294 153 396 -1101 -229 -28 -558 64 -850 184 -186 -373 -13 416 429 -70 484 379 -600 389 22 -495 -798 -330 -378 600 -214 -177 289 -89 -1340 121 299 212 -46 -849 -1222 -837 135 123 340 584 697 644 -347 -233 -264 815 -382 496 86 767 -606 128 -63 459 290 60 -166 -55 -288 397 -168 -183 -114 -464 17 104 615 213 24 348 -935 157 -434 ]
[-49 -325 228 923 284 106 171 -387 134 348 225 -586 534 -240 -1498 469 249 -102 -169 -316 -499 -164 -156 169 61 883 -318 -644 302 -466 -83 394 -213 -435 -162 -448 468 539 339 -200 -41 -139 815 310 -437 -1184 -474 44 -528 447 414 267 485 -769 28 774 306 1033 -708 -1000 -475 -290 457 -104 -397 -715 413 -838 609 438 539 -348 208 193 -37 -17 -1336 443 -4 487 -14 -33 -150 88 570 -1036 -123 273 38 -151 -301 -498 -30 -3 -225 42 -348 491 641 284 -338 525 -150 289 -481 -246 255 -430 31 309 373 -581 658 -982 282 145 -665 -699 -236 -569 -100 -435 228 381 584 -423 903 -536 -618 -447 ]
[-476 -505 385 -467 -423 1149 -105 -366 -768 -199 132 676 -386 829 338 299 -828 -806 -216 750 430 268 -523 -947 774 -484 1348 131 468 -84 -345 84 474 -557 -151 -615 -570 226 518 753 284 447 424 586 -453 146 638 -170 412 788 -97 -54 76 -187 739 171 428 -48 361 -109 -681 -514 -668 134 708 -465 131 315 47 419 589 87 -123 43 -597 208 376 3 295 1493 15 -275 445 301 -788 712 -240 -662 28 -371 105 1623 662 -104 788 329 -433 222 11 -385 -616 512 -314 -433 225 -599 -837 -121 -217 -190 350 218 -199 -148 115 233 -256 -112 -218 33 -36 485 64 -1609 -68 51 61 -48 -646 368 ]
[352 328 -418 -312 -169 -1179 170 384 564 -631 -112 322 35 -1265 314 833 730 870 -385 -1040 -912 42 558 854 -1440 350 -1309 26 -250 98 -31 -211 -237 1143 -81 236 -236 63 121 91 -57 -226 -599 -672 -619 -235 -251 235 6 -892 -211 -644 151 -135 -323 -311 287 -654 537 550 699 -109 -430 -1817 126 813 -420 -264 -299 -698 171 218 -210 -25 390 -92 304 -1214 -462 -1269 798 226 -397 -369 -510 -205 394 88 -111 428 -1204 -812 -1020 99 -850 -236 698 -82 1091 351 252 -384 359 891 234 214 188 733 -281 -353 -355 839 229 -315 -370 -144 327 -7 -359 118 998 358 -699 120 58 34 -830 -546 388 451 ]
[-623 162 -124 480 963 73 -14 125 -187 430 585 -477 348 372 -433 -220 -241 493 205 465 109 482 -150 396 149 -21 -216 -277 199 -405 -174 -149 -202 -357 -432 -222 217 -433 -714 -472 403 -68 -209 215 860 934 -176 -34 60 -57 -422 997 -667 5 342 332 -421 1032 299 -40 -1242 785 694 1177 -896 481 -359 -464 -373 19 -143 152 191 393 120 372 -1039 1142 -569 538 -73 422 -888 -715 1167 -393 -221 102 74 -203 -42 -998 -298 657 -511 -83 -501 -449 -914 619 569 -835 -450 154 -430 -289 728 76 303 512 -652 -642 -350 -160 -506 -531 -651 931 637 -822 -677 -320 796 34 -393 -416 815 648 902 -786 ]
[-770 -1261 927 593 -815 460 -219 -864 -781 -739 -934 -456 381 272 -61 246 -456 -379 -11 60 302 -449 222 -438 -513 -664 794 -257 -123 282 -40 368 766 -927 432 -706 14 443 697 -321 508 11 894 831 -455 -752 637 -26 -239 -572 637 306 474 -888 398 195 -465 237 -116 -430 -603 -713 442 -33 -1093 -942 405 259 763 164 -288 -417 806 -292 -98 -1166 -346 400 156 101 -285 -193 16 615 974 -131 42 -159 -460 88 257 840 1299 -435 703 879 -987 846 633 336 219 424 -147 -403 493 -127 47 -49 -611 269 566 -50 -246 -314 24 -90 494 -1004 174 850 29 13 572 -171 401 71 303 -70 -647 68 ]
[391 194 -779 -234 -193 -952 624 -149 -319 -690 885 -342 -842 510 329 -536 717 -5 -83 19 -86 568 -205 -146 -289 518 -403 54 -334 -957 743 -536 -307 754 -268 166 358 456 119 -303 259 173 -203 930 669 468 -369 307 635 448 -546 983 -23 471 539 197 375 194 -26 82 -127 -417 281 106 -354 1219 -568 -694 -336 -867 577 -139 -901 408 1218 37 39 530 -752 -479 -96 205 -643 -735 273 -229 -114 -117 749 124 -327 -234 -1149 665 -227 -98 -607 129 -297 740 494 -232 -22 421 -498 -588 53 475 158 640 181 -459 810 -374 -635 306 145 532 -663 -1041 213 -106 646 -830 -260 -676 -577 647 -411 970 ]
[738 508 -198 -530 791 -256 -920 -664 1266 133 -795 440 206 -75 612 -73 -893 125 657 -80 733 -363 311 -421 801 323 -579 -366 -10 85 -337 853 -180 -244 466 365 897 -846 47 -168 389 114 6 -1095 777 -525 55 -47 -271 -214 -179 399 -515 949 -841 -426 393 -217 -282 -79 -31 453 -394 22 218 370 578 222 62 717 -798 -314 -125 -467 16 18 -120 -26 681 -232 -521 -588 263 -119 -565 522 50 580 -427 -108 148 -201 370 -311 194 -375 627 -348 -1333 450 432 227 317 -134 -752 -92 -247 -229 13 -622 -108 -131 -656 50 542 -438 -162 81 402 283 -525 -419 -591 1504 -95 582 309 -259 397 -516 ]
[71 -242 459 260 -460 -245 1 17 -275 367 -289 -1984 -403 -149 -871 -633 1278 -197 271 379 796 -100 353 -53 -39 -219 6 758 -721 -103 932 -468 -338 -199 -295 -43 352 277 -428 85 -538 -180 295 917 563 -963 -514 15 113 -204 685 -295 -304 -24 -225 437 -789 -92 -741 -313 688 -1060 525 367 -721 -574 -36 630 691 -950 412 -518 280 -184 61 -798 -138 815 693 -804 -668 491 537 -256 720 -432 122 104 -150 -10 1108 296 115 -141 259 112 -603 436 97 143 -428 274 -821 -259 259 309 -13 -72 602 239 -786 -372 -350 556 -549 -85 198 -363 3 1218 -97 9 913 -193 -165 -441 441 616 -21 -535 ]
[283 -42 900 -512 -389 -931 22 -1036 41 -372 202 -1059 -566 -145 -155 -875 899 -300 601 643 1015 -713 109 -548 516 -458 -43 18 -1113 -422 777 -514 -64 248 333 237 1131 420 7 426 -179 315 675 396 1402 -1235 -699 192 73 296 506 598 -189 496 -327 -179 -419 323 -272 -1240 397 -325 765 857 -912 -165 -568 701 556 -907 841 -833 -581 -208 1009 -1257 -53 863 720 -623 -875 -408 -20 -92 -53 -317 466 163 525 326 173 195 63 -47 879 -299 -266 -218 -863 138 271 1001 166 -131 -839 -331 -264 -435 -338 206 450 -191 712 -264 358 569 128 -301 -37 1112 -772 -471 118 900 8 -35 321 757 -276 -391 ]
[172 -350 1125 -361 384 -779 -506 -235 849 -566 -88 831 598 -533 1563 335 -796 476 250 -363 1044 -441 12 302 -316 -1284 22 -364 -213 826 298 43 -207 967 428 832 639 -105 11 208 1001 451 -560 -739 531 645 -54 28 -572 -1717 -2 634 -329 842 387 -260 498 -120 951 610 297 1448 572 -115 14 358 616 -60 -674 -159 -26 10 -69 748 87 -94 245 -329 204 -893 109 333 -597 348 -396 432 436 135 247 823 247 4 1072 443 -660 -668 -189 -1062 134 798 522 -689 89 1129 -229 -198 523 185 135 591 -51 68 -529 229 651 38 -1085 -228 -34 -567 382 -212 -815 270 3 509 -424 490 927 204 ]
[-861 471 13 994 161 776 120 1200 419 1025 1010 663 169 -350 -727 278 -852 -271 -399 -199 -1122 212 -1411 137 -416 587 -191 88 624 865 -1388 -58 -202 -519 -922 805 -640 117 519 311 -146 -505 116 -155 -493 80 -494 185 -1653 -463 -336 364 -97 -813 466 332 241 -237 37 -541 -573 475 -193 -408 1217 -296 -71 -364 127 733 152 88 314 -170 -674 278 142 306 -372 1036 681 -340 -710 607 343 -507 -96 135 176 408 437 24 -53 179 -854 -549 -86 900 41 -980 -867 -1210 1 -13 256 -114 252 -586 -278 785 474 138 490 -668 804 -188 -774 342 -128 -508 -719 109 277 -527 11 -83 441 -570 309 -317 ]
[-478 -467 1090 -140 1303 -39 -209 -71 -838 701 278 208 592 -429 -238 1028 108 -60 -158 497 -105 -669 -184 -125 584 -849 94 -237 220 645 120 385 -690 -432 -262 347 -211 541 14 -281 379 48 263 649 -492 -423 -113 446 -668 -700 193 -650 -1260 -577 857 376 140 146 667 302 -1122 -5 273 -611 206 -733 573 28 -188 383 19 -256 524 1486 -561 390 143 572 429 874 -24 81 -441 -365 -17 -173 11 103 -1045 -51 494 115 343 333 -757 475 260 -354 421 364 155 -546 -736 268 -248 -462 124 834 289 717 -1355 -418 248 -247 354 -482 -1107 409 113 1 -165 -288 -363 -1140 556 -661 772 -94 -49 -1179 ]
[-406 -1126 680 -933 -26 1264 449 -532 -1794 -382 -165 49 -730 472 92 -323 1062 -347 -503 1090 646 -598 655 -778 467 -1144 1090 313 -339 -452 452 109 -7 -64 -348 -806 -804 387 -62 -800 -717 -599 1158 1163 386 231 479 53 441 877 1024 -260 -340 -334 -26 -203 -776 460 -286 393 -125 -850 755 477 -912 -1408 -83 554 -63 -801 -316 -45 -230 197 468 -212 587 150 333 138 4 354 1044 19 -56 686 -406 -180 -371 -377 617 788 475 -738 1658 1096 -393 -253 129 -313 237 595 -180 -521 704 14 -805 151 417 47 -1105 -766 -54 948 -128 839 253 868 774 339 -350 -467 -284 -181 855 -486 -271 514 -955 332 ]
[-80 428 25 -680 1368 -293 39 -370 -593 295 318 321 244 -108 -399 874 944 -294 -225 548 -436 -563 -50 -481 343 -127 -618 -422 117 -1281 113 714 -970 -184 -587 -574 -354 -425 999 -279 353 78 861 567 720 89 -116 356 -542 633 149 740 -1136 -5 -917 -758 644 -359 801 -241 -1590 -713 229 -704 -642 282 -176 -132 -619 21 585 -663 33 -177 1048 140 -596 -72 303 160 327 490 -435 -258 -307 -266 560 536 -621 -485 -62 -469 -507 -40 647 142 -127 -5 -771 642 456 302 -150 -114 -132 -42 -1219 802 463 86 -1112 -376 -22 -284 -7 -740 -166 455 577 -409 -371 -471 -714 -421 562 -50 493 -410 -566 -1063 ]
[645 -334 29 73 -43 793 -585 -127 115 -532 -443 967 -49 -287 486 -65 -405 78 615 -497 586 -63 374 -1049 -26 316 354 -397 657 520 796 563 -81 -10 387 512 611 253 -177 -467 -388 -272 196 -200 -292 168 -92 -437 -347 -659 109 -1058 -394 38 88 -14 -337 65 -891 218 718 6 -25 21 426 -986 391 -436 -14 1112 -1438 214 -449 -244 -261 469 895 172 410 -583 -785 -861 438 -253 -799 985 -572 -400 -695 -136 1183 1101 1004 -470 39 565 945 -368 -3 14 -199 -140 550 -426 124 -128 1000 177 142 -66 -894 -295 -219 559 1023 166 -141 -98 454 -373 523 182 -491 475 452 -206 204 233 -664 415 ]
[631 336 -127 209 616 -767 470 117 771 552 614 -389 39 441 611 -658 730 -57 -217 -127 -36 -421 1 901 471 -95 -195 -450 -744 -342 -596 -445 550 411 -1 -397 230 -216 -516 -633 -397 486 -117 -77 1033 985 132 101 29 993 529 880 455 -304 -721 -183 -573 -99 -319 29 9 433 446 603 -291 -76 1 -27 80 -122 120 -21 -245 -594 1078 -91 -12 66 -1593 291 456 61 -629 656 1372 144 -658 642 146 213 10 -1423 -311 355 -335 -171 146 -797 -165 -414 430 -53 44 -215 82 437 53 -516 118 -186 878 -599 343 280 -198 894 379 -178 474 -583 -61 -689 214 1906 770 481 -515 -17 162 34 ]
[-94 -593 -8 608 782 278 -447 -107 328 172 -1100 -613 1275 -258 -994 333 -22 -235 161 -609 -290 -596 138 90 -144 1616 -785 -23 38 264 -896 982 -93 -626 -122 73 556 -271 -73 -1156 -324 -783 744 160 786 -911 -18 911 -537 -5 -406 -211 454 -262 -355 -115 -313 -127 -1269 -154 230 -4 244 -254 -765 -850 54 -631 1876 364 -499 -161 364 -1375 -731 19 -109 361 -325 -300 64 39 -452 -414 1205 -593 -233 -328 -1499 -99 -109 -942 526 15 337 417 38 372 -621 261 -650 -329 -254 -173 39 -119 790 -1108 399 -767 -201 -9 -485 -150 246 -638 331 -230 893 -170 -546 -438 23 815 883 -103 251 -741 -671 -638 ]
[-324 -480 -97 -1676 1401 -77 230 -628 -1357 -391 192 -379 -380 793 1367 269 20 437 -359 1153 1045 -138 731 -344 94 -1089 136 -185 -276 -243 -46 -290 169 235 -345 -987 -78 -360 48 -353 26 419 -212 612 590 800 1137 124 617 -702 263 235 -865 -331 -150 483 -994 189 655 511 -1054 -721 -55 396 -1259 310 -74 1090 -1096 -576 23 -72 -172 804 435 -738 629 400 -272 472 874 344 278 -683 590 1663 -330 -159 173 -840 -535 -189 423 363 435 135 -395 -826 -1030 876 1351 68 -167 120 315 -565 -488 820 -395 -421 -1531 -358 -441 -83 -1308 494 2 923 524 190 143 -735 342 -186 40 144 -735 726 362 6 ]
[39 -786 263 -808 785 -762 212 -735 -697 -777 -730 -572 580 237 -464 460 25 -718 147 -145 855 -569 464 -606 -617 136 270 -244 554 -653 986 737 -397 -115 947 -1350 85 398 1178 -432 286 378 295 593 312 -756 171 556 40 -470 -182 -678 -167 -365 265 267 -150 -412 -324 -9 -275 -965 595 -1096 -1642 -997 250 18 -13 137 -211 -124 507 -725 40 -117 625 161 -21 -664 132 255 -10 -454 -240 315 293 -686 -761 -502 -484 275 857 -533 815 516 410 -41 -250 644 125 760 -380 69 297 -793 -374 24 -111 -516 -791 268 -56 471 -222 -113 -96 -861 392 -490 1131 534 -224 -404 635 -97 -415 167 -925 86 ]
[-192 42 -1146 109 -54 -1485 1286 -234 -1096 -219 474 -518 -179 129 -790 -218 101 178 279 572 110 354 -247 556 -859 328 -564 205 -207 -769 807 -210 -61 41 506 45 306 -642 21 -389 415 262 -911 1088 -580 -1192 -251 270 -74 -143 -1029 415 -772 199 288 652 -27 16 39 -301 -4 -332 526 -583 -730 1666 -324 -397 -148 -226 472 -486 232 338 -196 -784 226 509 -381 -653 629 102 -834 -532 1605 -95 470 -2 86 147 -815 13 -901 -304 -790 -970 -776 1018 -87 538 904 -496 -455 438 -584 -225 -587 255 -640 -96 -52 321 694 -1156 -556 -255 719 -69 -604 1004 -101 -139 1035 -879 -492 -673 -735 392 36 -82 ]
[-576 97 -296 -71 498 -206 346 304 159 1125 807 -671 707 -83 -1277 -123 706 -86 166 -23 62 -618 85 1089 -54 -745 312 401 -28 -37 837 -330 -464 167 -112 80 -136 -872 -273 -120 -29 -237 -237 -156 49 9 -52 192 -75 166 258 764 805 701 -595 408 272 217 -368 494 183 717 791 347 530 -536 -240 -235 -498 -80 799 45 923 458 153 -257 -684 -89 -172 -734 -151 681 -219 1076 134 -805 875 1244 961 620 -181 -683 -778 89 -140 -174 265 -94 576 -305 -307 203 -292 610 -368 -179 -575 -234 703 -83 639 -867 -367 590 29 81 -807 -256 -1002 -629 388 -586 -31 -253 -478 155 629 636 768 -331 ]
[-1386 -506 561 876 -123 557 299 105 -1086 -227 980 296 -299 124 -785 417 -817 -58 -297 -96 -29 185 -1484 447 -440 -596 424 96 370 -51 -362 139 82 -560 -1033 -50 -312 -845 55 664 114 -358 90 460 -1706 254 -470 -721 -1536 -615 407 1759 -548 -334 415 84 179 689 419 -720 -611 564 730 413 100 1 -757 -1128 320 297 376 -164 675 162 45 -325 -1162 423 148 72 298 310 -454 890 1150 -263 383 750 889 655 522 493 302 -725 216 -619 -1524 1394 439 146 -538 -467 -709 864 143 -168 -548 -219 -94 273 -41 75 -340 -414 698 392 -362 -474 245 -221 -652 -272 36 -502 -90 -580 -174 209 -62 -159 ]
[997 323 1048 -290 460 41 -500 -111 -851 1084 401 -176 254 -140 307 846 296 -59 16 482 -141 -85 246 379 190 -575 483 -456 733 691 915 -170 566 -462 -618 -37 -823 648 -305 881 -1183 453 246 376 -1048 -25 325 -222 -23 506 985 -1586 -1294 -1218 -147 -80 -672 -256 1073 -225 -58 -855 -798 217 492 -1143 422 645 122 478 89 -368 72 684 143 609 499 -466 388 1301 11 17 889 -289 -252 290 -222 -500 -832 -722 1178 640 -393 107 8 538 753 -86 100 -806 -677 476 -1060 -1012 1050 301 -374 1170 -362 118 -1342 130 285 -62 222 438 -294 -405 558 470 531 439 141 31 500 -737 452 -432 -309 -742 ]
[824 459 11 1249 -958 815 -688 734 1221 277 -352 76 834 -206 -958 -282 -793 168 -213 -107 -450 264 644 323 -495 198 -192 656 -90 582 571 484 -58 80 403 318 -131 -897 -262 -22 105 -225 -425 -392 245 -634 245 396 195 281 33 844 575 721 -924 181 260 126 -856 536 332 199 87 -412 681 -364 980 -431 382 324 74 -188 547 -634 217 346 -563 -1253 -396 -712 75 474 -77 1114 524 -803 400 895 -39 279 261 74 -665 -69 203 -430 -285 706 925 -434 -240 -377 387 -187 -223 318 409 28 715 -534 861 -46 -729 63 7 -698 -349 -405 -743 328 -217 267 321 47 -931 481 15 396 568 -235 ]
[460 721 2 -329 -459 -188 -376 -195 724 -781 251 -538 345 -644 -208 431 -275 -687 259 -1111 -338 -316 -179 -157 -1056 948 -171 502 153 235 1350 729 -414 961 -763 505 561 -75 1198 -163 -1062 -629 35 181 130 -1050 -18 950 -1046 2 -534 493 760 858 -650 556 1123 -523 -1534 -33 755 -746 -141 -2110 868 -227 11 -830 629 -92 678 -683 -576 -842 942 326 228 -608 -138 -1393 -11 481 115 232 -424 -343 260 327 271 259 494 125 -559 37 390 97 -317 1123 379 85 -1128 68 -153 -159 -336 -793 -173 179 1075 -369 -71 -188 354 162 172 461 -325 -802 -673 -1095 282 185 95 -474 106 -59 -307 -255 -743 845 ]
[-649 -928 -337 -367 -314 -86 1207 -1091 -1046 -897 134 -277 -402 -787 -320 914 1098 274 -232 923 -82 -123 368 -184 -541 -166 325 -368 -527 -986 125 -103 274 518 -363 -519 -364 278 687 -848 563 -533 1104 640 210 -668 0 -144 -693 282 331 854 -12 131 -1079 -107 745 625 -98 -815 -697 -372 442 -471 -972 362 835 711 -910 -1242 1404 -587 137 676 240 -1214 -827 348 848 58 933 669 590 -406 181 -374 353 -157 225 278 -248 -255 186 -390 -37 -102 -1259 550 606 585 1427 502 365 -109 -80 99 -1253 236 -300 942 -471 -388 618 -1176 385 351 238 440 -89 1274 -1213 -1000 341 91 328 116 749 -838 -781 -568 ]
[592 369 -712 -308 -320 925 -35 948 620 1128 603 -196 -1043 535 -857 -198 203 -490 -853 518 -773 1020 -258 355 486 -390 625 142 419 -403 -390 -283 473 -454 53 -933 -1161 -667 -233 -173 -115 -102 -413 -689 -306 1181 351 -865 607 1005 302 690 444 314 -299 168 582 -713 -543 594 -630 -497 -538 -53 1325 -535 310 845 -1064 -157 1133 481 640 -620 1337 401 358 -248 -632 795 -66 -167 -103 257 -817 -305 -409 431 635 0 235 -591 -1049 674 705 213 1040 272 908 -741 368 399 -106 -607 105 -24 -680 95 -32 336 646 -603 -458 993 -151 297 53 324 -338 -240 96 260 339 212 -517 951 -195 -88 513 50 ]
[146 -515 -244 1017 -699 222 174 710 236 1210 562 -310 267 292 -179 -891 27 -121 507 424 1054 355 574 709 213 635 304 -117 -58 -531 922 -702 -674 -839 -420 868 683 62 -1330 -462 566 273 -140 255 1588 -93 -245 2 1048 688 -113 1007 409 829 717 507 -345 550 384 303 801 1023 704 1734 200 525 442 -1140 357 -437 -103 -184 -73 338 -970 -157 -147 614 -122 -6 -812 363 -121 -221 837 229 -398 -645 245 193 551 883 -404 245 -1246 -574 -946 -538 -580 -291 -44 -931 -150 136 -467 463 402 -716 267 761 -192 -437 -92 -335 -184 -483 -654 322 -640 -443 564 239 1009 -656 -214 -1045 231 877 604 428 ]
[-355 -60 -726 711 -1520 -180 -850 682 -172 -1990 476 -599 -475 42 285 -238 -956 -509 -597 -386 457 606 -212 -249 -496 -1667 -151 318 -923 1074 -1064 -403 1319 -861 734 559 243 -918 -1531 761 320 -557 165 255 -775 340 512 302 191 -1168 -96 1961 -70 -113 239 -689 -411 812 -791 -207 -539 -739 -28 -321 395 354 116 603 649 41 681 554 1107 -544 929 -617 -85 -466 -543 -29 404 -534 -650 376 192 -474 138 339 480 279 -121 -154 -363 1091 -611 239 -248 354 479 168 576 -1059 1276 -704 194 -420 1016 -1078 -21 -628 336 856 -1064 135 -256 -299 652 -300 -247 1566 -1239 638 1026 -845 -523 -298 -702 -60 800 -998 ]
[-427 152 1597 967 -397 395 -1066 170 -764 -292 932 87 -230 -50 893 515 -455 -97 734 -173 -230 -439 -268 -363 462 -147 686 -545 -10 614 265 -401 705 -305 -362 -95 -210 1216 -98 1398 -55 564 156 933 -107 -383 102 -350 395 794 782 419 -179 -702 1023 474 -786 233 1197 -517 -948 45 -628 -215 812 433 -114 -660 539 -191 235 -477 -489 260 -591 28 -77 -34 -329 1509 -1093 -413 -631 88 577 887 -629 -907 -545 -652 115 1154 -13 346 -668 261 -145 -538 306 -277 -964 -648 -94 -286 -704 43 538 558 -568 -359 -69 800 944 -1110 -898 5 85 -289 316 -57 -157 1153 68 -1412 166 -623 -200 237 -237 54 ]
[137 -408 1125 239 1000 -272 -626 -482 -331 423 -441 1081 1387 -220 391 1336 3 247 112 224 508 -838 611 -42 221 -285 187 -1036 220 -1044 303 562 -443 -726 62 -381 -151 994 695 601 1722 796 957 -203 726 -457 -508 333 139 -405 318 -652 -1273 -711 790 -670 634 320 1522 204 -1693 -181 -143 -64 -80 158 103 -601 -931 -73 -398 34 225 535 -848 -290 -1511 -179 1110 737 -798 54 -226 345 -1470 -331 341 -657 -834 -158 -631 522 -143 -324 -280 584 301 -1295 442 672 256 424 -161 397 -69 -258 -352 1447 16 787 -649 423 309 -885 45 -1615 -930 -853 522 -379 224 764 -687 -1153 325 -383 1974 -324 251 -824 ]
[-30 -430 159 -331 -119 430 320 -586 654 753 172 -677 419 -1696 -1134 929 -106 285 -55 288 302 4 762 1113 -1666 290 -407 -217 429 -227 372 -261 149 761 -1215 724 304 -245 -10 -188 -549 -482 676 -796 747 -947 -1164 -83 -1325 -971 178 -360 -439 441 -572 494 814 129 -107 -452 -30 -24 998 415 -332 -1221 356 283 -315 -454 1230 -164 543 -867 -208 -861 245 215 587 -685 596 -514 300 -22 -297 -404 609 -613 245 964 357 93 377 166 -335 -55 268 243 -31 -475 -392 147 -380 159 226 -444 -253 -872 -580 965 -878 -408 -190 -671 1620 907 -850 -201 274 267 -78 -500 -177 1191 394 72 1041 -194 485 33 ]
[-1041 -250 303 302 -514 926 331 317 315 541 1022 419 445 -204 -1202 490 816 -166 -1393 366 -511 -114 -241 710 -76 -1011 223 148 -252 -894 -890 -1008 -455 -116 -25 -1371 -1158 31 -521 472 1205 -261 1256 156 302 151 -172 752 681 899 123 933 1336 -256 400 -163 217 644 397 -368 -422 75 -52 -324 214 -782 -408 -631 320 -984 1733 125 690 -309 324 -369 -917 -594 -928 944 1564 692 -529 677 -759 -1295 339 155 545 685 -910 -298 -1380 956 649 -93 -252 -517 1214 -753 -506 -213 264 982 415 -61 -389 -435 607 542 602 -236 -476 129 -275 -171 -1854 303 -735 -480 -236 728 651 -1543 33 170 583 -295 1112 -685 ]
[-488 239 364 588 -1197 2079 -543 -325 1521 -468 -542 1615 350 -683 364 71 -1724 167 -165 -10 -202 358 245 -1158 811 -720 35 -192 98 762 -1269 359 150 394 181 81 467 -11 -301 19 -277 302 528 -511 26 505 68 381 -580 -129 -682 12 78 -81 840 3 287 657 -296 41 -594 475 -104 -634 209 -266 -56 -893 409 1488 -103 589 -317 -569 -46 529 493 -532 -344 622 362 -889 -564 651 -450 249 -364 86 -505 58 93 1014 1264 384 757 616 -635 -106 412 -709 -377 -522 1060 -438 -9 295 1677 -691 592 -375 -90 50 -421 373 848 158 -317 730 319 -128 -809 430 -359 38 51 868 202 -461 649 582 ]
[520 -208 920 -18 -297 141 82 404 -667 109 1197 213 69 258 795 1005 549 -32 451 -103 -770 -689 189 22 133 -830 1221 -958 -490 33 718 -619 693 612 192 -418 -131 622 -342 458 266 435 253 445 -477 924 938 -809 1355 808 1044 505 1220 -82 -310 353 61 375 -198 -315 162 -20 -396 688 615 -563 221 69 -359 -931 954 -289 -743 557 556 460 -908 -717 -430 963 -502 324 226 623 -742 -206 67 -294 962 75 -394 -128 -277 857 -851 493 -496 -810 1084 41 -285 952 800 -63 -132 -106 -670 546 -919 -406 888 -151 100 -717 -316 801 25 -872 -244 -369 -55 8 -246 -260 434 252 202 -120 -208 -79 ]
[-143 255 -480 -648 -497 -397 -14 44 -344 -799 -805 834 -720 976 359 -826 -740 -1287 -1324 -482 -956 392 -473 -38 350 -15 -409 490 76 113 -668 447 775 -600 134 829 188 116 -285 -165 -343 -676 -179 -788 -798 -19 413 449 989 503 -1166 -589 151 66 1580 -383 362 474 78 335 317 -87 -206 286 147 389 -714 190 401 382 -1067 1145 -333 -134 196 651 385 -24 -682 157 5 -756 -376 -748 -294 52 -502 -989 -503 -620 -1232 -520 -846 405 -49 884 327 162 -401 -422 725 -258 115 -538 -159 -355 568 -740 -402 -227 1108 454 926 -149 -148 70 1131 234 319 214 -1 -8 -193 -483 189 -951 -810 -515 7 1269 ]
[390 -1057 527 -538 186 158 383 131 -1333 -1770 6 -350 -184 393 540 -5 507 -204 -936 -127 -550 -1107 -445 -489 276 1091 -111 690 -351 341 -30 102 48 516 504 -486 -794 472 -70 81 717 -445 161 665 -691 458 -239 570 479 341 379 -462 107 -769 1022 -492 -143 393 152 78 490 -286 -407 247 -252 -445 269 -215 887 -1044 10 597 -842 854 -184 1033 292 -438 -627 191 233 676 902 106 -21 -72 -290 -651 -417 118 -435 -548 -237 72 679 53 -360 231 541 231 -285 224 -508 899 91 -323 209 634 570 3 368 141 803 -831 -737 311 100 -127 -58 -146 -102 -260 -282 -569 -118 -1266 -537 121 -932 -220 ]
[699 -542 -626 -34 106 193 -103 -739 1630 869 -268 -147 -1110 -205 -73 -678 -496 -40 281 -193 1251 316 137 -85 978 627 60 82 -188 -280 -1046 7 -210 -237 -428 -81 542 -851 -657 11 -328 255 62 -713 868 -1074 -435 -61 -425 403 -104 695 140 1205 -202 344 356 84 -764 111 807 868 409 100 812 -179 1088 -284 686 562 206 193 680 -848 -626 -397 450 406 327 150 -476 -1113 783 -329 125 1009 -444 551 -227 122 645 204 472 -677 540 -683 595 133 -561 -165 -101 712 -630 265 -687 26 -354 -1717 674 -946 -13 -335 -981 1159 540 434 -780 234 170 329 145 -286 -182 1979 42 711 -129 -536 526 195 ]
[-1174 -312 388 -219 674 964 467 108 552 594 199 814 149 267 -270 417 -145 407 -576 74 414 377 -392 -346 -324 64 244 -222 1175 311 -236 -896 -222 270 -759 -1488 -292 596 839 891 -236 209 19 -478 -351 937 46 93 -658 -631 -15 -745 237 -1609 961 952 -499 506 244 -934 -371 411 -1059 -526 -159 -1219 -620 -818 -1045 699 410 812 -466 501 -844 198 244 499 -753 900 1326 466 200 512 -714 512 -712 -548 91 36 -450 694 678 -78 -13 -160 -217 -768 428 -836 -798 -500 -158 585 1383 -696 1169 402 -234 576 -103 88 107 -145 480 187 -2211 189 -5 -1333 987 294 659 -970 -187 306 874 63 899 583 ]
[-129 524 692 36 230 357 330 40 -245 -275 -1212 -227 166 490 28 -26 8 196 488 52 -466 -264 -188 -574 1129 1055 -1218 1035 -1189 -59 -833 -373 -662 680 -305 185 -10 190 166 163 681 673 -986 40 592 -592 122 1100 -20 17 -964 -1044 -155 593 27 -164 -521 -588 325 -341 -176 324 -1274 667 -771 1080 25 -177 765 -1162 -408 -241 -549 187 -929 434 309 650 657 716 361 -137 368 -751 136 -243 138 -37 -620 504 -64 63 314 879 -596 -244 -857 -85 -1378 80 404 -147 375 173 -572 232 228 210 -331 -566 -212 997 532 3 -72 -1173 284 1301 96 1408 -1436 -220 -403 -456 -930 243 -316 71 115 -550 ]
[1209 1381 -128 784 -1368 -1137 -97 416 991 -377 422 -563 -519 -636 340 -264 -612 138 -89 -20 -168 305 265 535 17 343 37 226 57 1118 -1092 -76 1193 -100 239 -176 185 -605 -663 158 -1092 122 -477 47 -691 -1920 -159 286 -22 385 -510 -337 65 -887 -610 987 399 236 -1352 -870 686 -981 -262 -1144 787 -18 432 611 1165 402 1124 -329 -593 43 496 -76 -843 -1751 -203 515 506 -223 297 37 262 -416 41 57 201 148 -78 263 -827 10 118 -59 -55 879 1333 -543 -913 611 -250 -492 124 27 -354 -39 -258 -562 811 802 -123 -852 -196 934 -47 -958 -695 1318 -658 655 352 995 223 546 514 -1214 248 -690 ]
[-163 -507 933 -412 336 -405 -294 -210 -1051 -1224 -340 -636 -67 557 -221 -360 723 -396 -1061 203 -109 -721 -667 -131 -76 -1913 -173 375 -737 -236 468 25 24 362 389 32 -683 547 20 708 763 -758 317 -6 -57 -168 -175 601 -379 -570 558 754 -661 90 1095 -600 97 391 140 246 -813 -259 991 -220 -443 -256 -58 369 -390 -916 894 281 274 524 978 -172 -222 306 -349 -286 217 120 -429 216 0 -937 -123 190 362 -47 -207 -809 -464 670 800 -333 -205 -312 712 589 1248 230 -255 581 -369 -382 468 228 1142 911 591 -392 896 213 -1069 -173 -300 -297 136 2 -415 -245 -72 -610 -383 -492 -258 812 -85 -114 ]
[-193 -872 461 -581 245 -251 -384 160 -1061 209 -271 465 -950 -126 1448 226 -89 38 -1320 935 494 -155 -57 422 303 -1523 817 474 178 743 -1016 -235 -135 -114 298 -765 -2043 535 -604 261 291 48 167 369 390 599 -419 830 433 -491 451 -123 -1243 -108 1186 -840 159 -784 1084 819 -763 -118 675 -429 -478 -644 -80 1024 283 -1076 284 833 442 951 5 80 492 -1275 -113 451 378 921 407 -100 -725 -205 67 -525 -306 -17 -39 594 -260 -770 1352 404 76 -505 366 -147 -651 233 -1183 649 1080 -285 -1087 1118 3 635 -1142 806 -505 1152 -649 217 -769 925 293 -82 -104 1118 -606 -1183 84 -227 -422 -105 111 -140 ]
[-363 558 -1369 363 301 -161 335 20 40 -78 -392 327 -609 -97 604 -861 -711 -163 434 672 854 822 -371 -1406 1273 493 54 352 620 75 41 -316 -319 51 1119 -290 297 11 -238 1473 189 724 -321 -199 124 569 -1076 -622 -93 -360 -386 -718 -1102 750 -332 -561 -368 -164 -696 -989 601 475 -639 548 -565 1057 -469 448 -412 878 -31 876 -426 -353 -1748 136 -100 317 939 -179 346 574 664 195 -771 621 -231 -744 37 -1140 1 811 1083 -1321 889 -1056 -217 -1259 -1487 -35 -102 -250 396 67 241 739 764 -623 459 -629 -642 1322 -235 470 -237 -369 235 -458 561 193 -741 904 316 -589 -709 815 -3 65 -176 20 ]
[-40 -26 -798 256 -302 -176 542 -245 -72 388 -220 -145 -541 55 346 298 -746 657 525 -388 133 268 -230 -361 -297 237 1443 33 696 552 -298 -568 907 230 1003 -1077 -1077 1419 369 543 731 -8 46 -22 -504 633 488 -503 1202 412 -79 -746 1447 -410 667 707 -866 124 672 92 1013 921 -963 -22 -277 336 1390 -408 -238 -321 -795 550 1003 674 -1761 250 -240 -264 356 1086 87 810 1464 -433 129 427 163 -1011 467 -365 53 92 461 -380 -269 -498 262 440 -410 -301 -791 320 -567 2 912 589 -488 -408 -351 -148 344 768 -191 735 -569 14 61 275 268 -419 189 1099 1144 14 -336 607 -397 -628 565 473 ]
[-2 -971 204 62 -999 -719 -250 -917 436 -2055 -116 -402 -611 -15 875 -562 -183 635 -612 -714 1476 442 -78 41 -1012 237 -514 -904 266 -134 -712 -60 347 190 1089 358 1501 503 640 43 722 -7 687 -420 -284 -532 -582 -800 -375 -1507 411 1386 1142 13 151 45 522 825 192 -729 473 -223 840 432 -1328 634 225 489 383 -544 56 -454 -302 575 892 -1645 -98 -647 106 -1032 315 -81 -32 -503 116 301 -57 160 1089 263 -106 -771 629 21 395 -1096 -56 370 197 1028 137 292 900 1665 -77 -231 405 -466 -937 855 1318 -499 291 -959 18 1159 -195 -353 -631 -280 599 -628 -246 1650 461 -109 -1420 344 -392 824 ]
[-91 -327 896 368 -377 -419 300 638 156 80 325 -1079 1056 286 -274 -370 -478 186 -215 508 918 463 -651 549 1056 499 650 668 -422 323 -211 158 -327 128 -474 631 711 517 -650 300 -370 452 -572 225 24 230 -303 273 -294 218 -695 -326 -477 321 339 284 255 651 -390 247 851 1149 -109 610 199 154 209 15 671 -242 -413 -342 -83 1289 -1469 1155 -740 1112 949 516 -354 1336 732 -698 576 -511 -173 306 -208 250 590 -786 752 -516 -775 -815 -1093 100 51 32 -810 -169 -944 387 -418 144 538 257 965 49 -627 -264 299 167 567 266 -730 120 29 -110 -967 -573 196 584 -18 -592 225 162 -45 -839 ]
[-279 -268 -526 598 151 1533 73 871 788 192 -139 -91 37 570 -126 -527 503 50 -676 -69 -275 1420 5 307 -155 -14 -569 105 -235 -187 -2089 -661 416 528 -1022 -135 -210 368 -255 109 -969 -382 139 152 437 838 604 -371 -73 61 13 -165 780 -759 -459 11 201 816 -93 418 -289 -722 422 1142 193 -253 295 498 -443 88 1036 648 85 -54 -347 -205 23 -389 -346 927 1423 -90 233 -62 313 249 -640 -463 874 -692 -20 -914 516 915 148 125 -525 -330 472 -470 -288 -107 589 -92 943 565 678 -2087 1083 28 592 -686 -671 242 -929 179 -220 547 -139 -799 383 -526 -367 -479 -152 244 -358 -179 76 326 ]
[-526 79 202 489 -392 -309 56 -364 -1274 -799 -159 -28 165 341 142 -124 196 -538 555 10 421 -126 -1567 -438 88 -399 568 -240 843 -315 425 671 227 -1023 903 -576 282 57 667 -24 1320 162 373 1409 -1245 -759 -177 -222 -802 439 -600 -459 37 -1077 1412 512 -188 -62 347 -677 -194 -804 73 -795 -632 672 -26 -352 1340 175 615 108 -509 138 370 -39 -98 -19 -444 602 280 352 -1001 129 683 143 -800 -67 -599 285 840 884 309 271 344 -448 -793 705 693 843 -492 -252 -1602 -210 58 -665 -816 369 443 749 614 -210 -353 -293 -841 -797 130 -588 70 327 332 760 1159 -900 146 -779 6 -246 -609 12 ]
[325 -206 -744 -642 229 69 -172 -280 -752 -136 -955 350 726 1036 685 -1401 329 225 339 264 500 -463 414 814 -718 -303 -290 281 -234 -25 1203 837 -699 -216 1086 728 33 -1569 -169 -1415 -754 -558 252 62 374 109 620 835 77 -183 -60 412 356 1270 -536 -1217 -33 -99 -418 309 977 -163 1205 673 -1149 619 545 630 -50 74 -873 -74 -520 225 937 -262 1193 -1072 376 -2055 -319 -39 406 324 249 -460 585 -78 501 -175 -90 -330 122 -146 1406 -100 -877 137 -1240 257 509 -176 452 -5 260 410 -192 -203 -9 437 352 -13 -594 738 -278 198 921 286 -344 -30 -202 -954 -218 682 71 230 -1229 -485 -358 288 ]
[-124 -335 -1752 445 225 -537 98 -1188 610 -886 -411 -473 283 -669 -121 -684 -322 1041 986 65 519 -28 1300 -405 -617 428 -492 -546 -142 -5 60 221 713 -427 1327 -241 758 -443 -791 -1021 425 -393 621 -221 316 88 -96 -356 156 173 71 366 23 -790 -774 -393 -922 963 -418 -145 -269 176 236 -430 -570 -51 820 -402 74 729 -960 356 1337 -273 366 -475 -273 413 -943 -363 224 -802 306 -62 1178 -87 21 821 -762 -116 -13 -806 -499 -616 -102 302 1014 554 -189 -258 1208 -31 442 -689 -102 -126 527 -569 -12 -162 -29 -805 -747 -368 -239 -407 798 286 263 680 346 -147 1364 1567 -549 -375 855 -184 767 -1267 ]
[269 420 -48 -786 140 -919 -1046 -105 1156 264 -105 845 864 -237 741 200 631 -809 999 -395 630 -27 -549 -472 940 -172 -1173 565 39 736 586 170 -953 43 496 862 205 412 140 865 54 862 58 249 106 -366 -39 803 182 -271 -100 -555 -363 533 -1005 -1399 689 -1578 646 -372 739 -234 -1337 -958 1203 23 -391 312 854 554 182 -139 -399 -3 537 544 862 -236 1232 -641 165 -68 12 305 -2332 -314 893 955 -473 163 332 1161 -269 -53 753 433 1327 -224 -913 -54 -1122 114 -210 112 134 -607 -453 203 152 -485 -459 208 -1013 1139 1085 -1200 -737 -168 -1658 -628 1161 381 -930 -1742 -101 -678 196 427 -100 -356 ]
[-68 1114 -708 119 1522 -386 -100 567 194 847 431 961 161 435 353 -96 -615 -18 110 -38 -493 277 -828 784 339 593 -189 -4 135 213 306 593 -12 -602 223 355 271 -1106 -258 -1291 -457 -330 -1402 -699 -218 1022 162 268 -237 326 -836 -183 -494 428 -487 -310 58 -546 -297 347 -670 1025 -450 -1175 822 230 -909 -438 -484 828 -1839 167 205 -889 -61 451 252 -269 -1143 103 536 275 -896 166 542 805 -603 830 -666 93 64 -1314 -1231 -1050 -480 86 1962 -824 -625 -427 217 -1133 437 -1249 -186 -184 490 1007 381 -160 -265 154 123 1008 519 -968 295 527 856 -298 -483 -45 780 488 -179 204 -26 506 691 -1475 ]
[194 -91 123 -544 659 1145 -496 -559 281 249 -454 441 -327 698 -404 139 279 110 152 207 1414 273 190 -904 1205 -1475 260 -242 431 -329 -952 1000 864 -882 -285 -838 -76 -913 -452 -654 -656 -775 1211 345 -696 -176 1100 -636 376 852 706 282 -243 -1004 -255 768 -616 1383 -1128 -152 -656 -625 248 -117 322 -815 1413 223 -140 1532 -312 202 -183 232 277 88 -973 424 435 962 357 -636 217 -544 451 232 -706 854 -290 -1410 455 1025 1070 448 510 324 -236 453 174 854 475 491 -937 -169 159 2 8 -919 485 -502 -805 -1646 -1279 437 -292 21 -696 611 289 291 -218 -1098 180 -395 986 103 1230 -644 592 -694 ]
[-16 -399 349 785 -1206 -626 -609 200 -513 -390 -1361 -1163 -204 -953 601 -562 -142 161 912 -582 164 -6 1094 465 -114 74 370 -189 -167 983 617 -104 290 -786 797 379 205 -412 -1479 -348 -297 -31 -151 -803 -25 -367 -596 -321 625 -590 -165 -902 483 702 -429 -741 -780 -392 -561 247 1091 260 742 404 -420 58 -451 1058 1117 -708 -1130 186 619 -410 -458 -240 -244 -113 359 -1289 -1058 -130 -32 -1092 -274 -611 84 -517 -783 146 443 399 377 -209 -368 822 506 -637 623 83 787 351 441 -429 -211 892 878 -106 -303 -341 -612 932 -933 1099 -142 -254 1512 -609 717 1512 -331 1253 -433 770 207 193 157 -565 -178 -373 ]
[-211 -31 -548 761 766 -171 811 954 -379 -454 89 -601 -631 15 -168 598 91 -256 338 -830 -90 -807 -721 -125 -210 -100 -90 -216 -457 -419 -993 639 608 439 -89 -1193 51 363 798 241 -224 73 13 439 -484 508 -24 -415 -977 313 657 598 728 -1011 -309 129 317 714 -1058 -553 -1369 -246 593 -698 -411 -613 822 -685 -376 -288 588 144 563 -687 200 377 -1217 -192 -448 325 606 281 514 1673 944 -653 -142 874 839 570 -25 -461 929 -458 -670 218 -441 571 576 481 -967 690 -39 187 247 -291 -719 -1035 67 -148 625 18 -403 -112 193 218 469 -453 866 -752 -272 -560 -255 681 -32 779 129 -557 -394 -245 ]
[-120 545 578 503 -1039 -365 -453 679 550 -630 -579 -45 937 678 -576 -1173 -786 -897 -921 262 147 340 -583 390 -191 36 624 750 -308 -131 -220 873 236 -180 746 453 522 517 -74 669 -460 -701 -85 -655 911 -886 -367 837 190 91 -1076 -262 394 263 827 40 544 268 -689 -377 863 465 415 -320 238 93 -202 85 961 -681 516 146 52 -437 -646 365 -1057 -272 566 -186 71 550 280 71 -320 -1229 305 -1008 67 -254 -193 -851 -392 31 1576 -536 -44 200 246 -1089 -991 396 -447 -259 -409 -382 450 -903 1025 362 1541 887 394 -33 42 -208 -245 -1161 127 161 -763 715 516 208 126 183 -6 -210 480 -30 ]
[858 -216 -610 -353 -406 10 -100 13 -195 -132 -489 -551 -772 -331 639 -651 -415 136 -853 -147 584 -46 -107 -174 -30 564 4 73 144 231 108 138 301 -563 64 127 1035 -730 -906 365 -399 -303 -108 -1 -860 -59 -236 -507 573 -277 29 -866 355 -739 384 758 -215 5 -834 325 1576 -1230 -674 -241 1055 -34 -994 183 1120 -339 -285 134 -747 -382 -438 -351 209 -118 -25 -388 -350 -143 800 126 -427 587 -838 -323 -78 -516 10 633 86 -194 599 -188 237 162 928 344 -746 549 -1166 443 518 -204 -193 473 32 -342 -558 -154 -689 -243 -982 461 382 -1693 512 613 322 81 506 223 591 -277 -304 392 271 750 ]
[209 199 -518 -236 24 -595 -530 201 -162 -423 75 168 -1360 314 720 -1193 172 12 783 419 -180 237 -146 -1581 1842 574 253 238 -567 208 -195 -717 109 -619 710 -116 -69 -131 -561 357 674 -144 -362 91 1147 890 -157 -158 1245 731 -453 1125 274 741 632 -685 -777 -57 443 -62 549 1201 -758 1094 785 1147 -777 29 376 -787 602 493 -233 582 307 -213 110 445 -12 -42 -968 138 -404 -394 43 -113 -20 78 232 100 -609 135 -419 413 1255 -7 364 -415 -1076 512 979 300 572 -432 -1289 -446 596 112 -18 -171 832 192 -235 -56 -736 -859 724 1092 -635 851 -466 -42 508 -510 -1385 745 -11 172 187 -310 ]
[-114 91 -97 889 -1380 222 286 615 504 419 47 380 113 -1248 -332 -327 -28 271 773 -155 -664 263 148 1502 -1267 892 692 -562 -32 683 160 -145 1049 317 247 700 -954 735 256 130 -795 331 119 -367 -48 -117 -247 -2 -532 369 -188 -589 932 -469 295 -191 -6 -629 -690 -219 580 653 44 -386 -212 177 -924 144 299 -661 312 -10 -257 -1285 -395 -506 502 -707 -640 -480 -439 41 -714 928 216 -1873 286 -680 76 1118 22 624 -63 108 -728 178 541 215 939 -1173 -760 -88 432 -143 375 737 918 -252 -1495 1631 1582 957 1077 -1014 984 603 799 -112 -59 510 -279 510 821 735 -132 543 725 -986 155 634 ]
[-61 344 64 544 -1274 340 1112 -112 2 1024 289 -741 215 -404 -1480 -760 619 361 716 250 -427 550 181 -57 -1396 29 -356 -592 751 -714 -1 -1558 464 206 52 -304 -483 559 482 -164 -707 -749 925 376 109 -811 -570 -732 -446 162 17 -683 359 -323 -233 731 -576 105 -549 -1053 907 56 259 455 -1032 -545 -382 120 -334 -223 491 -517 -13 -949 -50 -853 706 323 155 -82 767 -491 265 -706 194 -898 237 -501 507 120 -198 517 243 66 159 -24 28 -125 -37 -367 276 376 823 45 754 900 341 -1385 -1181 690 797 -566 725 400 -52 542 -239 429 -103 -224 -2 205 64 677 1021 572 144 -123 170 614 ]
[491 -77 -750 -695 212 174 -151 -746 403 -135 -1377 -413 -63 685 33 -795 -255 568 948 -163 306 -677 408 -853 39 1365 -372 202 -534 116 1387 617 -1310 1005 849 433 1263 493 -701 -732 -567 113 -560 -280 601 -1749 64 628 658 -629 -699 -1532 463 1160 -37 502 -461 -186 -1255 63 1035 -508 268 173 -819 104 -380 -549 1121 -412 -1904 -573 -991 -19 -672 259 994 459 312 -1007 -941 -855 1029 -896 -285 379 -339 -452 440 -70 553 388 99 -600 810 -209 448 215 -1149 92 -225 507 411 65 -1010 -169 483 22 705 -750 -358 -148 -88 249 -287 -93 549 557 -320 -257 -352 -64 1 847 -1007 -280 -725 1253 -320 761 ]
[261 1131 -1341 455 280 -37 653 -7 1789 543 -33 252 -702 -444 -940 70 713 660 68 -677 -868 1078 -659 494 -864 1916 -1649 99 130 -922 -1466 -375 -595 417 -848 -264 211 -628 357 -58 -248 -412 133 629 -219 -369 -763 -432 -419 259 -622 -86 -576 -715 -246 245 549 -5 627 -613 333 -733 -426 -543 -212 1965 -741 -938 -178 481 542 -470 -390 -772 -226 -520 -88 229 37 -106 468 -272 -525 -1288 366 169 357 -416 -1 -739 -529 -510 -141 351 12 -739 -1097 1496 -328 739 -696 -789 -459 999 527 1250 -293 -605 578 -168 -503 15 -90 -1044 -650 -523 -147 351 363 195 106 228 14 -409 -24 -255 -94 -1251 89 -49 ]
[515 1033 -211 -785 368 -438 641 745 377 -316 936 75 -768 200 816 843 -549 -1011 -921 -919 -1267 -1018 -7 -316 100 348 -115 128 -289 -416 -367 408 -528 808 -1029 468 121 -573 741 475 380 585 100 -1113 -60 1106 -54 17 -92 487 -34 1167 455 540 -1255 -192 1317 -1280 -234 377 -867 -418 -452 -689 1150 -255 284 -552 -733 -104 -80 -517 489 -790 1269 1381 -200 -960 -1305 264 473 -273 389 563 -936 671 624 1130 545 339 639 -876 -887 573 -1601 -95 267 513 284 -373 32 613 1049 470 -400 73 -1558 990 413 -969 4 -172 494 -254 536 958 158 -297 346 -1006 341 -157 -1090 1120 899 315 -590 -441 -444 -97 ]
[-32 306 364 -339 316 281 -349 -941 973 719 -228 -933 91 1463 291 74 -225 -1259 536 235 199 -152 -216 2 753 549 292 -366 -344 -767 599 348 349 -53 -1003 -193 -221 488 765 -129 49 815 940 856 1262 406 914 183 871 2118 403 1066 829 238 -202 474 533 -207 293 -327 -1244 -330 -481 617 -785 201 693 649 -296 -393 -373 -647 -99 -581 -86 570 37 1227 -663 1385 -272 369 35 -200 1329 40 -401 -293 -741 -416 497 871 707 644 -988 682 -1131 903 -1502 -426 -163 538 -557 -903 -387 243 -886 -420 -228 386 581 -1498 -249 -895 -405 342 316 532 -305 30 -796 -638 1305 -629 126 -775 826 -404 -203 406 ]
[-1147 -300 401 -484 303 222 160 10 -290 -18 -314 -858 -69 -314 1137 -33 240 -246 594 343 385 -926 344 -652 284 -1279 439 -280 -617 704 -622 210 -744 307 -205 488 521 943 1081 -923 344 -460 811 691 1285 1059 -347 205 -718 -1003 124 477 -193 -179 840 -32 -750 -825 -57 615 -633 -627 981 -294 -825 245 -352 219 181 -375 -323 -343 -511 865 -308 -501 388 1067 -169 -561 -573 655 -687 -221 275 -255 174 315 110 13 983 64 950 314 -733 353 -2068 -668 -613 636 -54 -687 -37 144 335 48 -65 -457 842 589 -801 -192 188 273 -254 -17 382 616 842 -521 -431 543 189 -875 627 -268 -122 136 -278 508 ]
[-391 918 -94 128 -428 567 -637 -160 1292 -1324 187 1713 -104 -675 730 -131 -1329 -42 -229 -219 -417 556 -1088 -458 589 554 250 238 -179 962 -1380 241 698 648 337 446 526 726 -3 858 -129 793 99 -1413 -1275 691 -311 179 -743 -277 -1173 -977 -85 -853 179 -14 775 606 -515 -597 -365 86 -1478 -640 942 628 -1476 166 -272 895 -394 1062 -980 413 94 726 -453 -646 -192 775 567 -80 -208 26 -2115 -345 -344 72 -19 -178 -185 -61 -132 -3 -340 121 372 -276 513 -704 -665 133 1020 147 46 -611 1152 402 371 -8 425 868 539 -642 626 102 -79 -146 -129 -14 -643 513 -24 -281 -655 -443 841 -445 523 -171 ]
[1054 -537 1292 -1254 290 -506 2 -464 -826 98 -114 423 -105 -103 1868 1077 793 403 192 240 269 -1261 678 -21 -765 444 -674 -696 -868 -256 731 278 205 225 -1225 142 400 169 420 -317 -116 695 195 303 514 -635 245 77 152 -649 930 -969 -1146 -703 -47 -518 67 -933 1316 -332 -356 -480 -524 -236 -402 -13 -132 -9 105 -856 -679 -1336 -1118 -1171 689 -432 769 556 202 -156 -586 -1249 401 23 -23 1200 -201 -372 -1229 502 25 1019 482 189 70 653 789 -66 -481 607 421 430 -319 56 -141 -82 -549 1040 -965 189 -640 180 153 -1037 793 403 501 -276 1158 477 1333 -663 -898 1467 1519 -234 -187 -125 -899 566 ]
[406 672 -594 1155 913 40 356 3 1068 1065 -290 -1460 -80 -312 -1630 -1048 140 271 1111 -466 457 982 436 655 -312 56 -581 -410 69 -50 1058 -639 -485 696 -334 489 270 -36 -1204 799 -640 -715 -166 35 643 -389 -1205 -770 619 157 311 -428 -236 721 -20 1018 142 1434 -1495 -371 732 656 961 1419 -215 -638 288 -726 -854 -238 226 932 820 -120 -1284 847 -1625 802 233 -455 -578 331 1016 -98 198 -1618 625 -72 794 -487 45 -276 -270 167 -1797 134 -141 -754 178 344 -494 388 38 318 -365 261 634 -1636 799 346 15 -656 -383 476 -687 -159 -1377 -377 241 -719 123 315 721 -300 -665 -659 1564 436 1276 -582 ]
[-716 -334 545 104 -85 -84 144 -478 -79 874 801 -631 -292 -597 263 1417 -774 -33 -220 322 -653 491 405 1942 -936 -208 525 -703 362 -216 -736 -821 1525 -15 -460 -922 -1749 416 -263 -166 -315 -568 517 162 -424 -219 -159 -249 -201 846 106 743 -123 -795 292 3 1227 134 1019 -121 -1089 -357 345 -1156 1083 -742 412 255 133 -1032 749 -788 633 -155 28 53 -783 -687 -1014 1585 1442 185 237 66 66 -624 -97 -334 214 511 -698 -521 -1372 -228 -447 712 404 311 1152 -964 -527 -195 -1099 -517 760 -249 -1340 -127 -944 1152 -249 -525 305 -309 -136 1102 -641 -43 135 -261 -214 769 416 -59 466 -85 942 -1349 914 -561 ]
[968 145 -647 428 953 -1641 -167 245 1421 650 341 661 -289 -283 122 -121 1345 -204 -712 -751 -1151 -81 -483 -73 715 1014 -1213 -912 189 93 -245 68 -689 -308 -179 734 268 768 321 -694 -186 -99 888 326 164 93 -1007 189 -365 663 591 378 398 -541 304 54 1133 -24 49 110 -149 69 195 -975 1501 -111 24 -69 -514 854 173 313 -170 910 1041 -36 -18 219 -576 -181 -197 -433 -1031 710 -618 -346 -474 1005 27 -125 -1216 -550 -359 -53 -209 822 1274 -383 1552 807 296 322 737 -68 -444 -237 775 865 279 1089 417 -1231 919 -319 499 -59 -498 -572 -1794 -1326 1262 -632 -383 443 892 33 327 -732 -888 369 ]
[-162 -393 -1788 -85 -296 -541 -543 391 -210 -1111 -444 965 -1308 867 348 -676 -156 -323 16 -310 437 645 -651 -530 -192 254 618 878 598 855 -1008 639 -94 -166 -41 956 -544 81 -363 -157 -785 -1529 420 -364 14 -229 -230 461 134 -106 -1039 602 127 254 90 -790 905 -414 -1371 42 669 -609 334 -1039 910 429 62 9 110 302 168 730 -705 548 -666 700 375 -983 597 -1212 -205 83 287 -979 -1294 -233 185 -1254 523 -388 -181 453 -590 -902 59 -273 -68 198 -580 -203 -1125 -583 202 -127 946 -551 -548 -1148 448 9 -236 1331 -430 625 523 358 515 371 -162 -950 -1134 437 -273 -1200 344 -522 -340 -785 -737 946 ]
[148 653 -1588 139 -182 -1316 -205 -562 199 -272 -1051 -411 5 347 464 -471 302 -491 -9 87 636 -568 -383 -557 872 692 -732 43 201 -687 22 279 -177 522 1045 490 925 602 418 152 385 -152 679 309 279 -1415 -519 365 148 430 -563 -184 869 503 -211 -364 1841 -275 -612 -489 163 -922 -71 -544 337 1347 419 -300 329 420 664 -620 -829 663 -5 -685 -722 -797 1187 -863 -306 383 506 386 -588 -746 133 -930 1031 -60 -193 889 432 235 468 -494 -338 -70 -336 827 -1025 247 532 474 -167 779 -76 -641 584 1202 754 -13 667 -935 -64 -26 452 -864 -1455 -1149 -49 -616 -646 -1290 358 816 219 -806 -1323 346 ]
[-387 -643 635 701 513 -684 -420 316 -1204 85 845 373 526 -245 90 970 408 729 -730 -584 -828 -456 -1337 195 -673 -270 21 -494 -344 1146 -1056 35 106 -150 -670 87 -244 897 771 1422 835 -247 672 497 -1208 -794 101 723 159 -1244 -43 -906 756 -1264 1159 421 -1170 224 777 -637 656 130 -499 -251 -96 117 -277 -138 797 97 -117 369 221 864 -1257 -880 -527 308 -55 640 117 -375 -774 -212 692 494 365 -117 -104 392 -1019 -765 267 624 -1374 -780 193 -377 221 685 -695 -137 72 743 -393 -913 702 507 -617 -4 1167 140 223 -1193 -563 -139 -737 -391 274 38 124 -605 664 -656 472 -426 95 -699 -85 -327 ]
[-202 540 -135 -344 -927 876 -218 1339 -242 -297 1206 -191 -700 620 -345 -1968 68 -831 -132 7 -616 -29 -1088 -1062 -196 938 495 157 -106 751 -315 -727 -912 -1396 786 101 -198 -249 696 -33 -815 -268 59 16 -40 1099 -826 513 -692 -439 -461 -479 553 -1424 1325 -754 -205 -637 -32 -488 595 -959 -85 138 1211 -701 -1162 387 135 787 -192 -305 -560 -1106 633 -49 2308 214 -209 -477 -534 -1667 -3 830 -1245 -190 408 -110 862 225 152 275 -252 -4 1476 145 1096 855 -814 -1764 -612 40 1221 -966 187 -100 502 -883 -57 1036 1969 620 1037 770 187 737 1057 -441 -448 -202 248 680 -86 192 -371 253 -634 31 -511 0 ]
[-85 905 -1172 -1428 953 -605 -417 4 205 -748 297 616 -974 -652 379 789 85 1087 509 -203 303 505 258 130 -464 -113 -657 -118 759 266 520 -232 42 758 -1356 208 -172 -1170 -475 300 -122 -690 -813 -489 -238 892 238 -779 -160 -481 -543 839 -1061 440 -951 179 277 211 1057 43 219 482 -1055 -70 284 678 -612 -50 -1380 -192 -691 63 -675 777 -416 660 -352 55 795 -778 -195 351 540 -1151 -640 1440 136 -87 -253 349 -440 262 17 4 -1576 128 140 -405 -700 997 -170 -851 217 -216 -76 -574 -482 880 -549 -537 -1991 85 -1629 -879 734 -37 -717 1615 37 387 -178 -550 -782 175 -881 -384 820 78 689 173 ]
[-103 190 -1602 177 -536 579 362 414 11 -843 625 238 -578 420 611 -209 -866 -63 -634 -695 703 431 -131 -524 -225 178 37 -81 343 426 -1372 -15 174 -403 -815 664 789 -802 5 -598 -1395 -820 -107 78 -20 894 111 371 -792 -660 -501 658 195 -739 -184 417 57 873 -852 9 -375 -736 418 -371 580 -243 305 -103 203 981 357 852 -696 318 212 506 353 -894 -526 758 483 -289 526 387 -144 677 -507 292 1134 -154 333 203 70 -81 -993 277 -412 -37 -276 -250 -729 -415 428 -1126 880 -710 -8 -861 455 -80 151 96 -7 705 498 610 -303 585 -316 -516 -569 -103 -8 -332 633 -107 -62 -282 -51 268 ]
[810 205 440 12 1134 222 -417 797 -107 1184 288 404 1612 222 -147 654 -17 992 -76 1160 572 678 -277 675 922 140 -582 -66 566 72 -253 725 -434 -249 -834 1129 -68 -575 -1428 -335 450 589 455 83 100 -533 -248 305 273 -51 -1069 -579 -992 204 194 2 474 192 -331 354 -90 -465 -384 584 366 208 750 -303 467 113 -354 -215 -468 515 -438 585 -572 363 1060 942 183 -274 -363 -1051 -635 -872 181 -45 -92 -229 161 -94 -461 1222 -455 -308 -266 -9 -482 1111 84 -470 -1151 813 -299 -153 -67 932 -406 613 -2054 -231 -721 -118 142 -531 -1202 493 -170 -657 -987 -456 -234 -221 152 -400 1005 -268 929 -1619 ]
[-547 -750 -341 7 197 -1640 693 49 -941 -163 123 -126 293 623 -303 406 1352 268 999 -1202 -146 -919 -70 47 -802 -515 415 240 -421 -110 1559 38 -960 705 720 154 -622 772 1347 -407 757 267 73 2019 -470 -555 -168 155 12 -984 358 -246 109 -228 261 12 -133 -1359 216 723 994 -638 718 -950 -787 456 360 -928 -876 -1018 -649 -899 599 680 -293 -623 909 462 573 -1438 -786 142 -644 480 579 -108 1575 384 224 447 129 530 338 -470 -171 118 -670 1212 456 488 -274 -153 -576 989 281 97 -1627 1016 -560 511 80 -457 -87 220 -347 63 611 -159 -1053 -401 747 -183 182 -1343 42 -337 -813 -27 -750 666 ]
[731 772 423 -419 87 -291 -636 -243 -45 -641 -343 -494 -234 20 1092 581 -1396 741 642 -271 216 -306 198 -152 249 581 553 -118 334 1580 -260 187 565 31 484 -90 -408 237 -547 845 -608 84 -454 -1148 -105 -828 81 -174 1317 -246 -348 -903 799 -181 -524 -321 -27 -68 456 -623 665 520 -536 360 561 213 127 837 -80 -33 -355 -276 -284 582 -918 298 192 -954 787 579 -207 -663 1213 -574 -657 979 0 -1284 860 -395 -291 380 324 352 682 -66 1149 -73 -209 -104 -421 643 1014 -251 -521 360 530 301 -63 -101 -74 984 71 -670 -179 718 329 -287 -196 89 222 259 -224 1102 -311 844 161 -292 -214 -531 ]
[618 854 -187 -187 -244 237 -204 776 1318 406 54 368 -51 263 594 -715 -1132 -443 -7 36 -726 -881 -316 -253 -223 -393 -662 -50 -428 409 296 418 -130 1135 1247 510 -492 685 619 432 -608 -223 548 -463 1213 414 -819 621 -257 266 -137 593 5 841 -323 -1128 936 -222 -15 211 -812 358 156 -414 990 174 426 592 -499 -263 -949 7 -41 -590 830 1226 744 -938 -115 -263 -321 -222 640 1454 -1073 -1004 275 169 776 524 -114 -395 -463 -35 1012 179 687 -67 -729 -727 -630 -64 1134 -104 -811 -108 -2 -548 108 370 1435 -406 201 356 558 113 -129 642 -160 -1195 -1239 201 -979 482 -438 801 -808 -188 724 753 ]
[-862 104 102 367 737 -308 -509 -17 416 -677 159 -23 -216 -535 -1036 332 -149 1026 681 -599 1 514 56 40 -1420 23 -360 -355 248 48 323 -175 -336 369 577 -1042 67 -506 44 -666 293 -358 -495 120 -562 300 -123 -670 282 -1709 162 660 -245 -696 374 800 -994 634 -286 134 -131 179 920 -390 -1342 -467 -677 -952 -586 484 -816 211 332 -534 169 -674 -864 280 -269 -1170 244 -274 -1059 -631 778 529 834 181 508 9 -1165 -366 269 -646 489 231 63 598 601 580 574 -220 238 1162 -104 43 740 182 -452 -610 -459 185 -349 277 -827 158 429 -83 56 -515 98 937 -608 22 -756 257 91 840 929 -272 ]
[-928 204 877 -498 -44 -409 -9 24 -805 -1395 -1005 -686 -381 189 -181 -502 227 -828 -128 -363 -224 -88 -199 -22 88 -985 -204 593 -562 103 552 126 902 134 481 -572 -174 830 266 415 575 -128 371 -276 -981 -425 -172 -313 372 58 -381 -958 74 -539 227 -421 -254 645 68 -496 -853 -978 -331 -337 -839 -19 253 533 -268 -1116 -904 -472 523 139 194 38 -535 741 621 -260 208 157 695 -299 -563 -852 377 -420 -182 -114 39 -83 -430 640 260 1089 160 -298 296 577 1038 395 -155 197 -180 223 391 181 -78 681 -222 422 658 335 -334 -416 431 -85 743 746 -370 225 -96 -723 10 -263 525 70 343 -337 ]
[1338 -704 -568 -471 1150 -870 512 -910 232 299 1142 491 518 280 -520 733 903 -1297 620 -222 393 -476 -26 -66 356 379 368 -717 544 341 1142 156 63 715 -240 383 -178 -129 59 -44 -566 658 413 391 -335 -65 245 572 156 929 290 29 130 -74 -614 302 252 230 -1151 -207 656 -249 267 -324 409 -936 501 10 -342 864 1116 211 -148 -115 556 288 731 -241 -531 -174 -123 175 -18 -349 -345 -330 657 -108 -244 -573 -169 548 -659 590 -615 93 761 -322 479 -93 -170 1246 322 56 460 -329 -140 -640 -88 -839 -217 -172 561 -286 617 770 -575 -828 -485 -831 1088 -153 310 -1022 720 -537 772 -495 -712 360 ]
[-239 -1192 399 -540 1162 936 -797 -283 -1522 144 -674 -1178 460 863 172 460 -501 156 313 363 97 -439 1140 -599 900 646 154 -53 422 873 804 743 43 -187 -426 -44 105 -1 -173 -247 -409 128 624 203 -277 227 642 228 572 55 1053 607 -517 410 -65 -457 -324 509 -146 302 -1058 -264 -153 1179 -902 -543 684 -122 -85 304 -842 44 256 781 -726 316 -76 250 294 330 -614 378 800 -61 509 407 -175 -351 -754 -1266 -90 -443 369 -455 1114 629 -886 150 -1416 417 432 -27 -78 -204 -65 -92 835 416 628 -1191 -1162 483 -69 -128 -418 -52 1098 40 690 -984 -538 -576 49 326 233 -343 -506 104 -1312 191 ]
[-578 370 -30 176 785 -210 256 -1152 -279 -908 242 176 965 -573 1020 1258 135 180 494 -975 -277 -233 854 668 -576 832 -38 -665 295 -2307 854 -380 1000 465 -312 -1757 26 -330 238 -519 1435 942 591 -68 -231 1010 124 -1128 -9 377 303 -141 -190 529 -945 -74 35 189 1521 148 -704 -125 -656 664 -651 611 939 -888 -845 -58 -676 -402 120 -896 -37 93 -1336 -121 -388 112 863 131 180 -539 591 1257 -8 -720 -723 -372 -26 -481 594 405 -985 894 -571 -985 -109 891 978 -528 -290 282 -280 736 -524 563 -302 -549 -929 -532 -596 -691 -889 182 625 -687 641 -213 833 38 -498 -205 443 61 273 -736 -253 -606 ]
[260 362 -29 -5 -461 6 431 225 -358 44 152 450 20 1134 -67 -717 -66 48 -107 -187 101 -847 -177 340 -550 38 186 829 -501 -472 1164 43 -475 439 30 -131 -875 -720 242 -272 31 -264 -983 93 124 235 -237 208 -98 381 594 469 225 225 -178 130 -596 -994 703 529 652 490 -85 -389 483 593 -271 -1416 -669 -1142 -1640 -350 252 -378 14 155 1506 -281 -328 -877 407 -143 450 1151 795 891 111 689 -69 639 569 1151 -11 -912 591 -280 66 784 -124 -1034 -65 -831 81 110 259 174 -1337 703 -124 -271 198 -253 -469 678 127 -374 451 -166 -117 -100 382 -78 -100 -84 -51 -405 -2017 1471 590 1552 ]
[-357 603 -343 -781 1179 -545 360 -395 -209 -204 708 -37 -1185 -138 741 752 -208 814 928 43 415 -319 873 136 -1092 -435 -15 -14 544 -673 1606 -94 74 1145 -269 -793 -289 -1293 345 92 1004 23 -507 -10 -1112 868 -197 -1691 27 -291 844 36 -1045 1269 -218 260 -533 -456 697 704 -310 418 -563 -283 -819 561 247 -329 -1697 -213 -734 -480 -116 -623 -365 -138 19 142 -689 -926 485 144 377 -383 1068 1709 151 41 -672 398 468 559 -302 -580 -666 -306 12 -502 -772 258 226 -1374 -530 1165 40 203 -868 786 -100 -568 -1026 -373 -821 -410 -776 499 27 603 1056 88 471 446 791 134 -1083 162 -750 423 695 610 ]
[-300 57 245 -196 -589 187 614 1077 -879 426 1491 983 -464 937 1205 -1050 -621 -786 -755 945 -77 -740 -1214 -1096 914 -1714 1550 492 -666 806 -574 -298 -216 -404 49 756 -147 346 402 109 534 190 -536 1309 427 529 450 401 196 -661 -479 -36 -403 -378 1847 168 -321 -241 -178 669 199 342 423 -257 1216 663 18 596 -210 22 518 410 -590 479 -648 183 1347 586 -330 816 -308 -239 -900 1179 375 1099 -704 -447 -242 169 477 362 548 516 595 -125 -555 -580 -92 -1114 293 -1074 -216 -278 -79 93 -37 -1030 880 425 1401 23 218 330 -183 301 47 -54 97 1 -629 -185 566 -1539 333 419 -500 405 296 244 ]
[-761 -247 -270 -246 136 -441 404 723 -96 731 788 878 222 -189 303 -379 776 -457 1249 542 688 -430 67 508 937 -542 890 179 192 345 616 -725 -50 -59 -507 1105 -407 -808 -702 105 -212 219 -785 -599 436 1523 -27 -550 -503 938 293 399 -999 1234 -275 -1803 -709 -743 891 145 949 2515 428 1133 517 -263 -40 -361 -932 510 -526 990 174 113 -1000 439 665 170 38 -524 -317 433 180 181 353 317 373 454 -537 578 979 488 -390 -1649 -677 -986 -218 -554 -1151 -1439 679 -713 -219 -198 15 1030 -220 -423 -201 -279 -200 501 21 852 1156 -206 505 899 342 121 -108 -268 -704 329 -1060 -447 497 249 817 -571 ]
[-199 86 -462 196 1975 -141 -92 -278 -362 890 -278 -441 863 356 -420 1010 336 44 -217 -398 -484 -206 -38 712 18 506 -982 -375 1039 -328 -974 466 -370 -928 -1177 289 -38 -1702 -10 -173 295 -865 239 -352 -104 -84 402 249 -614 155 -221 762 354 290 -1022 -922 -77 -288 596 365 88 632 -437 24 -359 -444 199 250 965 442 225 -799 1599 -760 -327 -849 -385 83 -326 301 1057 139 -71 -914 1216 224 690 477 -944 -200 125 -1334 -912 158 213 -322 279 756 -819 187 -156 219 -648 207 658 320 -1101 -283 28 -788 -503 -136 -1505 -45 -409 -485 -308 333 708 876 -283 -208 702 620 -116 323 671 -1203 445 -1504 ]
[237 -347 30 721 1179 109 446 998 -2023 -422 1201 405 112 1109 -82 -450 95 -228 323 805 160 424 204 -958 11 708 486 209 599 83 38 231 -57 -220 -207 606 -924 -284 -476 489 -746 234 66 2398 720 63 66 269 68 937 -328 -315 -1127 -856 -233 -505 -769 593 205 193 240 -142 510 811 -246 -632 53 340 267 306 -18 -260 -245 -269 -596 1369 1375 -9 -370 1205 791 -309 -275 -164 569 644 5 -819 -396 -898 13 754 502 37 484 -198 64 -208 -634 -104 -363 -540 -294 -421 134 -660 -520 -910 247 -1148 -1083 912 -584 -68 -762 285 -641 38 314 239 33 223 106 -437 623 -684 -1058 404 -1302 -292 ]
[163 -595 739 410 260 -599 105 117 -769 676 325 115 283 -891 -477 560 1362 146 29 241 -372 -1406 297 265 9 -648 312 -1192 -237 -430 1384 -94 -296 -59 1320 -361 -119 1412 -454 -597 58 359 609 362 25 -616 -337 -630 253 -492 879 -419 -32 115 351 -51 -903 230 -589 -563 474 -145 647 -119 -985 -973 316 -534 -347 -635 -162 169 799 563 162 -569 149 -258 224 -239 -1354 -21 235 -129 -162 -721 -120 -600 -996 9 345 -943 -351 -295 217 667 817 -660 812 -152 417 551 594 378 -328 570 464 966 -992 695 -847 -256 709 7 90 20 -174 -487 236 356 200 -145 -516 788 468 48 64 -426 456 -1101 ]
[-179 489 -500 155 712 -20 -158 193 496 -669 -176 -1457 -606 482 -748 -443 20 572 -18 -456 -992 890 63 -166 640 670 -1048 479 197 412 -56 -23 -840 424 250 -1001 510 231 -1232 -409 -628 -663 -607 -109 -1426 192 -752 -545 -109 -120 -399 -1245 -66 -233 -6 691 132 1311 -956 -672 -432 -506 -123 101 -1468 -507 238 91 -336 -56 -1170 145 -28 1017 86 1649 227 688 -160 152 -184 -219 629 -1620 106 -164 -841 -401 0 -296 49 -1617 -7 218 -549 580 353 -279 1 160 229 -418 565 -287 -634 40 1321 234 756 150 -1674 -371 -189 680 -464 240 -516 1212 418 -374 -556 -204 889 1127 -384 -634 -81 89 394 -962 ]
[-264 429 -835 480 -54 48 27 346 44 1583 -766 57 1017 2 440 -1195 -529 166 236 130 -1685 -408 253 404 -781 470 -257 167 -269 1034 -620 -158 10 392 354 1070 -898 363 25 -697 22 105 139 -328 211 578 650 1000 208 -958 -761 -730 497 236 -351 -575 310 -624 -323 907 287 160 186 741 27 160 -197 674 -211 592 -1372 283 1070 -11 -98 -537 394 -314 -191 -374 -253 -131 525 725 209 -731 812 -247 -354 208 257 -939 -460 -216 -217 1211 382 413 -498 -928 -159 -226 914 -715 1167 953 529 195 312 381 1291 -400 -251 982 -544 -667 1052 -9 -462 -541 -507 -502 97 49 -413 480 358 -155 677 195 ]
[860 -753 126 710 -1039 252 651 329 -300 -133 680 660 -184 143 92 -485 586 44 166 467 28 543 -293 -177 826 1022 179 -531 767 -80 504 -862 -270 193 538 1 -90 1492 -117 715 226 934 -296 -18 -165 690 -684 -170 439 1364 482 -179 635 446 447 16 -893 -150 587 -845 1051 1278 -1027 399 29 412 -12 -242 132 -1064 501 853 -775 707 -32 98 1124 -144 217 365 271 113 337 -1056 -371 506 -677 -437 -394 489 177 522 -85 -175 -275 -583 454 -988 291 -824 -500 -68 1013 127 -125 156 785 271 -1408 100 346 520 784 -170 962 246 -139 1229 -198 61 -105 344 174 466 -480 -380 -1111 351 -733 559 ]
[443 -228 515 654 1088 -491 -337 -932 -619 -466 -721 133 677 -18 -300 935 600 -4 514 -357 180 -767 958 -1399 821 -380 -823 -339 438 -581 832 914 -699 -331 1199 24 832 950 155 345 1471 191 281 426 455 -795 -375 16 1053 -316 904 140 -235 -9 -66 -203 -630 433 303 78 -363 -557 328 365 -1853 -129 187 285 495 -12 26 -431 -134 148 -605 -571 -1264 67 1446 -481 -920 204 -327 63 37 -66 438 -170 -825 -957 -711 115 340 -155 639 329 -39 -480 -405 1163 763 665 197 254 -412 113 -236 475 -533 -1219 -444 476 359 -234 -552 -1131 553 -745 374 1024 -688 365 -641 -636 444 27 1042 898 -1228 -8 ]
[-173 -758 -521 -549 -326 1237 -165 77 917 -293 -1656 635 228 488 193 619 -47 -43 -399 -175 -177 437 936 428 168 87 -169 609 396 -68 -1491 852 876 -396 666 -645 -977 -1014 -164 -1237 561 -857 -359 -969 -425 779 1277 -470 984 670 26 -94 762 949 -608 -341 95 -541 -912 889 77 251 -1161 -582 -262 -255 717 871 161 -323 -723 547 -425 -289 -520 570 254 -704 -54 25 -326 315 751 7 -976 -282 -584 326 -950 202 -391 -60 -144 -534 96 235 405 -219 134 -411 156 121 -520 104 512 114 -797 -477 -845 -733 640 395 -1261 990 163 -443 305 884 106 921 -345 -375 -274 339 371 495 -118 -464 170 707 ]
[-258 91 296 -370 -89 -45 -472 722 543 314 789 1129 -66 16 1155 827 -1181 -139 -173 -245 -63 -2 -144 -225 -44 -1391 317 -542 597 -452 -647 -6 -143 -466 -316 -115 610 -452 -373 164 1330 245 -236 -532 -629 221 157 -417 14 -1039 -391 -805 -571 457 1614 426 1077 80 794 548 -817 374 -311 -472 1321 -50 -189 372 -1038 663 76 229 -10 -252 -360 -6 220 101 -96 971 466 -1143 -667 -40 -1221 1600 -694 -197 -275 839 -444 378 501 722 -268 793 430 -1259 238 421 286 -789 478 -13 -119 -904 139 301 -292 -50 -437 -581 -1231 -184 217 -263 -1080 -23 72 -173 504 528 285 -630 -312 424 675 -156 1261 -9 ]
[-468 -770 -1430 186 -1345 -201 603 112 -1429 -899 751 -535 -465 -359 771 -205 337 -286 -227 116 -107 318 -168 -838 -1125 333 -115 310 -54 -167 -205 -1035 168 -85 118 604 196 -601 -463 -426 -15 -79 -928 1362 189 796 248 -230 -635 -1521 -259 -338 -849 -767 693 -298 -289 -1156 157 229 22 -929 -46 128 200 1589 -856 948 251 -83 585 193 -512 -299 126 -732 1855 706 -521 -634 123 -492 -763 639 627 866 -242 -632 234 98 267 809 757 360 -922 -192 -455 329 461 915 686 -1213 -19 -567 673 79 110 396 330 525 -640 -88 99 -61 -1002 -118 1146 -531 -627 242 670 267 1120 -1666 -41 -474 -109 566 -202 962 ]
[-224 272 -952 396 -491 548 -1040 -420 1096 353 -502 -932 587 764 -798 -201 -469 -263 -249 514 -166 891 882 32 -530 -229 503 116 448 113 319 424 612 -309 41 -770 -71 591 -332 -1055 -539 -329 1692 598 671 204 582 160 1196 1094 466 1005 559 -457 -1042 127 548 728 -1001 -421 -1009 -878 -336 -33 -882 -2059 1357 -693 241 949 -161 -525 981 -982 743 297 -908 25 -204 568 157 -496 952 409 -149 -780 25 180 211 -568 -96 -21 416 -242 1308 2020 -201 670 -750 -661 -648 386 -150 -1294 662 -326 -159 -717 -28 687 -354 -370 -528 576 288 838 -71 -505 -49 -1428 187 -450 483 871 1163 671 749 -749 -772 182 ]
[-45 -421 -452 301 -321 793 832 154 -950 -417 182 607 -300 410 -857 -155 258 -778 -479 750 -418 635 -383 -1013 1098 691 987 363 387 243 1274 88 -475 131 826 -146 24 696 251 -636 -307 -727 -420 248 -1415 -400 199 -206 29 1406 -11 -739 537 390 -144 587 150 405 -751 -597 1305 713 -173 -551 409 -308 802 -777 -627 609 346 -210 16 973 -255 419 408 46 448 64 797 522 825 -507 -155 1319 -595 -533 -44 -276 255 927 577 -1181 1006 -805 -493 652 888 -547 385 -229 1142 -755 -405 777 482 -73 1312 424 56 -459 1101 352 907 869 441 43 -540 84 184 -204 192 -54 -390 114 -1077 -249 -1834 941 ]
[93 985 -1026 -296 -110 945 -444 -182 -242 -198 645 -902 587 292 -559 573 396 -120 370 -236 -998 7 -230 39 -414 1279 -639 -491 952 -452 -1155 524 -132 -320 -331 -648 -526 -689 1621 79 -275 -449 186 1036 -134 343 627 635 -206 972 -497 -638 983 -886 -150 743 481 -9 -532 -343 -578 -628 -1028 -422 -16 941 -85 884 418 1088 891 109 -420 -831 282 122 -493 -95 202 411 -17 22 326 -638 93 -87 383 151 -486 -382 -619 -895 -273 975 112 185 -246 697 -775 820 -1298 651 356 -805 -151 -116 -79 -390 -54 -480 1205 -677 -348 -429 -721 -263 -203 540 -262 -522 -107 -179 957 -276 -916 366 1153 -1165 226 -718 ]
[-727 -451 -403 581 -295 432 1152 185 -409 -132 5 -557 349 -8 740 263 -474 33 -582 669 551 506 -42 359 476 84 604 665 -323 487 -1116 -470 532 -334 -65 -998 51 -989 -206 -353 418 888 -830 148 423 1339 608 524 463 -91 -595 362 1383 -170 -422 -401 -515 -171 601 112 -518 777 96 1173 -636 67 546 224 369 416 986 693 421 41 -811 -206 185 432 -359 688 779 886 1 396 802 110 84 92 321 537 -391 201 827 391 -319 -108 -777 -814 -584 -269 119 -290 -450 505 672 91 314 -770 177 -596 325 992 -549 685 210 -325 -51 116 253 114 92 96 117 -506 -56 592 -437 789 -241 -230 ]
[286 -27 -208 -869 -45 626 -792 -427 1721 -288 -164 773 -806 -645 741 541 442 333 639 -215 851 -248 -886 -598 626 304 -742 -281 283 393 -1288 -722 378 1156 -380 346 535 -417 -612 646 66 141 563 -558 882 862 -560 -402 -613 -363 64 515 119 297 -43 47 1028 -1263 513 -223 154 677 -1327 212 913 658 -967 -111 446 -231 1480 446 -960 -590 301 -47 1593 -83 256 -154 -50 -584 -350 267 -1556 1200 -359 -360 -274 1135 -44 298 1293 917 52 -90 672 -433 -642 57 -1626 -220 9 551 93 -648 -66 -372 -535 -455 214 -275 -1050 21 1076 553 -166 373 -61 -253 -496 -536 -945 634 331 367 -479 284 819 648 ]
[-719 -668 250 558 948 569 470 673 -566 -402 -257 -239 -404 290 -363 60 752 25 146 -780 258 -225 -1659 -1227 -118 813 281 225 647 253 428 246 -713 864 -355 -159 -327 1088 1129 -261 94 -43 50 749 128 -206 17 -31 -987 -508 182 280 744 -747 318 992 -204 -247 -263 -185 21 257 182 -1015 -306 -454 505 -494 104 -218 136 160 -443 490 -585 -400 -129 774 -157 -53 -361 372 -363 -389 741 378 -445 -329 253 -1118 50 968 1990 350 -469 -309 -1483 1277 964 1142 -310 262 -471 505 92 -58 -70 117 -181 337 -140 50 973 -186 -812 -292 -502 -232 -588 -438 837 -226 -349 -2145 -148 -122 -65 87 -1344 228 ]
[577 -135 -1603 -18 520 291 -131 332 -180 -1572 -847 551 97 1345 -382 -625 -468 227 -439 652 -361 1748 449 -84 -575 1326 -478 589 105 -546 -1301 454 212 -179 511 -380 -395 -448 -30 -923 -303 -1057 -566 955 372 -127 951 769 472 231 -1364 -206 -507 -242 -509 -419 -225 -269 -1201 553 -221 -1109 -31 -1172 91 505 2 237 321 -151 143 -835 -51 -601 -246 -123 1216 -156 -687 35 1975 -205 -238 -1411 801 313 -263 -742 -512 -614 -378 -23 -504 14 1323 -477 173 621 81 339 526 -709 473 -435 293 -212 221 -185 1118 -84 -388 306 -611 -30 -776 -617 78 787 -122 483 -988 393 1035 -996 -447 256 -1199 -63 -996 -759 ]
[-786 -99 659 456 588 283 -137 85 333 1040 616 -125 242 -917 -1124 389 1671 269 602 -321 -672 -232 -393 -197 -512 -489 217 52 211 -308 522 -469 -1331 153 -940 -161 -809 1038 244 498 1186 77 991 224 987 438 -564 -53 -420 -1 682 165 520 359 -681 38 -866 -981 898 129 -268 1159 227 301 -253 -734 -157 -584 115 -108 621 -127 1105 72 466 111 -327 879 -54 -217 -296 1029 -892 -403 860 -107 79 442 -502 812 1874 -53 -35 857 -450 -466 358 -94 -220 465 -216 -608 -262 756 -233 209 375 575 1376 58 -643 -866 -488 824 210 -855 -1528 948 67 -627 899 235 177 136 229 128 554 370 -403 -7 ]
[-149 -523 286 -967 39 379 -359 763 -651 -607 1183 938 -313 -1234 566 838 -852 -238 -501 -72 -1107 -837 441 360 -871 -272 278 202 184 848 -916 -425 1076 -94 -97 -259 -1461 -627 -665 810 -261 -310 -245 -221 -388 72 1000 493 451 -27 -145 -501 -467 -417 -85 -457 -555 -653 756 273 -585 313 -667 -177 974 -672 -732 -176 346 426 436 212 117 -483 -222 121 840 -1467 -828 586 205 -737 -236 -88 -628 778 379 -994 -375 73 -788 234 -868 653 192 171 1618 -956 -304 -704 -393 -400 367 165 226 -509 94 258 -1150 -952 -515 1006 185 -1321 22 344 -509 676 730 92 177 96 -882 -264 68 -298 -308 82 177 -773 ]
[-724 527 148 -490 -700 -238 -211 251 719 862 -236 -303 -458 -596 315 643 587 524 -212 410 -697 181 552 442 415 -1122 -371 -829 -420 -310 -1031 241 -383 -1345 -1325 117 58 -422 -425 181 177 81 373 -375 -1604 -647 564 -803 345 148 451 -530 -287 -740 28 -309 852 -220 847 155 -758 -1381 -479 -955 893 -11 -799 941 309 629 -399 -929 15 -718 -200 -502 -483 144 341 469 -522 -1016 194 156 -448 167 -373 1013 -202 378 -966 -9 -424 -1033 -775 904 127 504 377 -65 339 130 270 -1045 394 628 -1034 469 -106 -417 -616 -670 -727 -441 -502 -206 986 -181 634 1872 107 -58 -276 885 184 22 929 -1155 80 -309 ]
[69 1099 -101 984 -352 -267 -525 350 129 41 211 -430 -159 -524 -232 666 1262 -24 -1041 -614 -1827 -482 -395 441 161 -219 -1335 562 -574 -635 -561 -621 287 374 -457 -562 -162 1099 118 1052 154 228 366 -91 -1354 99 -958 -95 316 48 1055 -1592 214 -913 272 -1 -979 -960 416 -742 -400 -762 -728 -101 42 178 -185 -330 105 371 944 389 -69 -529 240 -504 -394 -95 -1141 -233 736 -221 -967 -67 1210 -521 338 200 -656 -483 20 -282 -693 872 -641 -152 437 -83 -17 -471 -792 14 294 752 92 1296 728 208 -259 -187 131 451 901 -1238 -412 194 885 -238 -64 792 718 190 719 -892 146 -146 -186 -493 -229 -651 ]
[-710 -153 416 114 -1347 -193 831 -1030 -810 -1050 -1032 -1012 -239 222 -270 -513 1043 56 -446 -402 456 -37 277 142 134 -553 -659 656 -913 -663 -1080 -466 546 -391 -40 -767 39 -301 -412 299 -518 710 -151 1195 218 -530 408 655 254 203 -293 -553 614 -144 442 -345 -647 327 68 -660 678 26 716 815 -2347 1107 -845 438 1203 -684 641 20 165 -501 -198 113 -101 297 -59 -835 1169 633 -241 -146 1901 -711 152 -357 -969 -14 -304 -326 581 489 353 134 -935 -129 68 -5 28 120 -396 149 429 1307 1094 -1205 376 -459 338 392 -316 609 -753 -71 1150 185 722 1130 -304 -334 711 208 198 193 -607 -49 577 425 ]
[-175 -517 77 474 100 1081 45 91 408 -65 178 -1009 -551 -662 -716 485 -291 238 -212 -145 -126 -126 241 -797 -181 489 -504 32 428 278 -743 -365 -411 84 -296 -933 -849 859 -364 1209 -1 -792 763 204 -399 -2 -965 -403 -288 -956 882 -28 -686 -854 644 751 -544 493 736 -459 -116 -294 -300 -52 -344 -280 653 505 111 -210 -17 456 802 800 -1323 783 -462 660 547 346 276 84 1334 -662 -213 602 -126 -601 -514 -719 -97 -295 552 -216 -404 96 -386 785 212 -354 -431 148 -270 526 345 660 643 -241 538 -352 -1279 -485 -363 -203 -659 436 -876 79 -82 194 -355 411 363 7 5 -1332 903 -276 604 -238 ]
[731 -788 -1030 -177 1478 1088 -188 271 -630 -227 343 5 -184 -292 -838 593 -193 799 359 58 476 563 351 -1030 526 1233 -413 -304 398 44 43 554 -526 -74 307 250 51 -249 -762 -544 72 -968 -113 -92 139 373 -384 -356 -123 -371 225 600 -872 444 51 -196 322 958 -1503 373 197 -3 115 820 485 -171 403 -647 92 -459 -335 220 -469 508 -418 978 -230 132 138 163 -76 168 369 -92 -447 -340 -651 108 326 -622 74 -408 -271 -110 38 -225 574 -64 -260 523 -1 3 746 56 -480 -771 676 -431 498 -42 -975 -869 -403 -768 -264 -103 -185 781 154 -674 -541 -801 24 -446 -908 -939 91 668 -396 -554 ]
[91 438 -531 338 700 -1237 -198 464 -611 -1538 581 -1027 -53 544 123 -714 740 551 992 125 1216 -713 -441 -30 -332 463 -594 -226 -263 -459 -605 -101 220 -26 336 -920 91 288 -739 -53 278 -496 219 738 1039 623 -814 184 -346 90 3 623 -1294 -1064 174 -254 -389 1172 -214 -1012 -600 158 819 289 -1055 80 -142 -585 -184 -484 -192 33 -532 -344 -51 569 -431 731 -443 531 198 -248 461 -446 318 -135 -618 89 -187 -230 -144 -891 -8 -325 -171 -191 566 -543 -754 478 -148 351 102 -407 42 -535 322 -144 706 597 -740 -333 21 137 -493 -226 -603 94 866 -583 -301 -171 382 1861 92 -861 680 798 450 -1259 ]
[711 -225 75 735 804 824 -577 -67 -676 222 531 -252 797 -91 -706 53 -55 954 307 798 378 -358 432 -187 -48 -531 265 -159 728 -278 1110 30 812 410 696 -125 16 -460 -85 -176 627 374 348 -68 957 808 -414 -524 247 -362 669 144 -136 515 -899 765 -830 646 -293 470 -349 304 655 1983 -628 -1352 567 612 -688 710 -123 284 -150 -729 404 -276 -391 -271 -133 -575 -375 -203 -353 736 757 827 -26 242 389 -83 -152 -197 546 244 300 -395 669 -1389 -415 350 -45 452 269 -39 -566 -677 512 110 -379 -223 246 -706 -928 -225 -101 454 34 -293 329 -598 -107 -748 -326 1371 -274 817 661 1472 -620 -194 ]
[-9 431 -509 402 -251 -1469 775 381 -426 512 418 -563 416 -51 -490 -164 1358 100 -480 -492 -1415 -173 -120 1596 -663 -295 -37 -585 -1013 -823 761 -1079 516 507 -1013 -52 304 -189 -892 390 -305 444 -554 -311 253 716 361 416 477 1880 -179 139 910 24 -871 -900 13 517 458 -506 -307 537 953 325 -415 -359 -1052 -869 240 -540 402 54 398 -595 615 -38 -1186 326 -2132 245 228 279 -457 538 883 -1258 159 479 252 483 -649 -1572 -2391 -76 -1535 -521 274 -493 151 -1075 440 221 -154 -878 -198 140 -126 1 200 -209 1362 -238 919 -239 -338 -351 123 -624 772 -340 215 -280 -13 459 -223 -394 153 318 -15 -404 ]
[61 804 -1052 323 578 -812 159 359 504 819 186 -1581 399 -29 -914 320 1112 427 -97 95 -36 801 488 517 -299 -92 -382 -3 1233 43 -88 -593 538 -208 -633 655 -264 -453 -141 -1013 103 -1167 -253 157 830 224 -281 -340 -598 -459 -163 352 -455 469 -705 415 825 -84 -514 217 -1204 -196 725 118 -134 357 750 519 -1066 508 1132 -170 245 422 -46 -129 -1043 -1 -36 -331 322 1155 -729 -598 601 -988 -382 -235 125 -161 892 -1490 -679 1075 -177 -310 275 -741 557 827 433 -1513 -462 -234 644 572 391 -17 1201 1177 -283 -924 -73 323 -18 -575 -828 184 -302 -1005 -570 -426 663 -91 195 562 1109 -140 61 -546 ]
[-846 431 -231 -53 38 361 -1148 -269 -781 -358 -187 -552 -638 745 542 519 -289 -24 -7 477 -197 469 -496 -357 359 -482 -281 273 -771 673 -663 163 628 109 -535 773 -434 313 177 234 -212 -333 486 653 -664 -720 306 237 521 -870 334 711 -32 -94 204 -131 443 409 -102 -152 -1539 -1393 -317 -897 892 1010 621 520 249 -886 -2 -70 518 416 1067 -667 -272 163 1106 544 354 -533 242 -604 -163 -862 297 749 746 -50 -141 554 -573 1009 504 886 -337 1237 43 743 71 -72 687 -81 -589 -723 -475 -183 -542 314 -9 381 -372 309 -750 -344 937 959 -728 391 -1271 8 -99 -1997 -233 227 -505 -380 401 -350 ]
[-354 880 -147 434 -120 -478 -844 67 913 -1152 -536 -3 708 -438 267 -241 -1101 1251 729 -111 -42 -421 481 311 -1157 -400 264 -520 647 704 -107 1019 1275 -85 389 -169 151 -1096 -673 -175 354 -877 304 -764 -316 6 -109 -898 -396 -337 -286 609 -348 -970 -553 347 -550 702 -201 -286 -842 461 313 -324 -204 -389 -938 49 162 941 -1449 38 -516 -676 396 249 -1347 -9 -991 -444 -1030 -419 -695 255 786 231 -404 600 -39 175 -695 -199 -57 -950 -292 416 112 350 887 670 165 -456 -558 -379 -674 -498 291 887 -250 -765 -146 -85 -537 -840 -216 -58 185 -456 894 495 13 548 -93 2419 160 -201 1442 555 826 -139 ]
[313 945 84 -590 -21 -357 177 149 -218 523 -142 216 -939 -48 631 176 -257 -527 -56 -526 -766 744 -1073 390 550 -103 -195 1044 -327 -56 428 -299 -170 127 -987 600 29 -31 546 754 510 242 -1063 -702 -1507 70 632 -472 -31 -728 -182 -411 36 1021 -400 642 19 -1020 247 -46 1168 123 -1606 43 616 1391 458 674 -598 -285 -113 -48 -217 181 -472 -430 386 366 1096 -113 217 531 559 -952 -438 762 143 -180 380 -272 991 -140 -341 -106 -882 -1105 -338 475 -702 342 890 -153 -825 196 -163 638 -375 934 -47 423 -250 577 250 605 -418 -825 538 -293 29 1268 -380 -168 803 -481 -288 263 -756 -180 626 26 ]
[-42 -22 -500 -151 579 1406 -115 -254 774 785 -44 523 -86 137 71 1048 -1042 564 -250 -326 -1897 145 -219 -283 796 889 -266 -363 -63 807 -1170 522 -773 264 -486 -94 180 96 -197 -120 -461 720 -784 -568 -2082 -333 917 -78 63 142 -83 -1217 1023 -293 -201 965 572 -165 -1013 -180 -561 -226 -1299 -1325 1144 -366 65 246 1030 1014 -175 -331 -386 247 -1045 656 -262 -431 -797 1178 647 -1218 544 156 6 221 -798 854 -58 -585 -573 -511 -443 -174 179 -175 493 903 887 -625 -498 857 623 69 -818 0 10 279 -104 -1182 379 -263 -102 -874 -564 644 256 -310 -701 88 411 -641 144 726 -637 716 -211 -1000 41 -14 ]
[-87 -443 -398 125 662 467 -282 48 -318 559 -39 117 957 1110 -143 -388 -1266 -511 279 641 736 251 -838 417 1152 321 35 -946 872 -1120 -1457 660 679 -807 406 -394 971 -507 -241 1074 395 1250 761 -511 -349 457 584 -947 445 1320 -862 -313 989 -598 -489 -245 270 221 244 -344 -538 -162 -157 1530 41 633 427 38 641 1296 633 -454 401 -1035 -781 237 66 -199 -9 1211 352 -488 -444 -209 521 5 -107 -880 -72 -675 -79 67 871 1236 -78 -1012 117 -972 -1483 54 -497 722 -264 964 -303 346 164 -2032 -447 -219 1027 -181 -678 -863 296 267 443 -525 975 -1078 329 -688 -441 443 790 809 -32 -975 -305 -719 ]
[504 143 2050 -364 -47 -243 -508 -566 228 -868 -968 288 738 113 1238 -365 -87 440 389 72 464 -415 777 -481 243 -267 858 -872 421 216 273 317 183 -276 85 125 800 -874 460 -822 -114 369 91 -255 998 14 960 -463 382 554 -10 -173 1015 -211 -1220 -448 -341 83 1402 -399 677 554 572 1147 -1135 -195 188 559 311 -173 -711 -787 -637 302 -254 -878 -365 -1058 740 -347 -458 664 -85 -589 358 1102 49 -821 -349 -497 305 -157 1102 -265 1523 -413 -370 -858 -185 153 583 697 132 -893 47 949 -279 591 -65 -283 -225 853 32 -38 -35 85 116 -593 685 709 -41 -79 -1070 1726 1138 1122 -256 -174 -179 -660 ]
[-471 -780 841 -369 -652 -218 253 -288 -257 -1499 -936 -873 202 -540 530 761 -66 293 -396 -291 -158 224 1009 -181 -367 -744 -502 43 -981 -499 -474 -66 -893 231 151 473 776 1451 -158 -743 378 -557 4 488 235 688 -342 264 232 -1075 -63 -518 -356 -211 1745 96 300 314 743 827 -199 -199 884 -562 -1326 129 -580 -448 568 -910 -550 -74 -217 927 -552 258 -93 134 551 12 -89 432 115 -614 -194 479 -777 -537 -16 -23 -781 -260 949 -417 -9 881 -1453 -320 1065 1239 236 -53 -23 -130 351 -226 651 513 865 449 -2032 -144 318 491 -363 -414 344 187 318 212 573 319 66 223 695 -677 -478 180 -517 474 ]
[860 -257 -457 -686 -664 -976 54 539 219 -1001 -664 -828 619 211 -277 -557 -687 153 95 546 1953 1 1234 57 -302 -507 -197 367 -168 -184 -1070 -55 440 -519 997 602 -1 -954 -72 26 659 -748 -543 -221 2360 -391 24 1047 -269 -588 -893 519 -1603 -213 702 -647 439 -59 97 651 -189 170 873 269 -654 628 535 2 -261 -825 598 575 586 -677 -561 -287 -251 -1171 907 -822 223 280 -47 272 -257 -758 937 -373 176 262 -1062 -456 -75 -254 735 -845 -613 -22 -578 81 694 117 -19 -976 742 -530 -339 -1068 517 119 308 808 -676 446 98 -1233 70 21 527 709 -999 60 131 1005 -869 510 391 382 1496 -621 ]
[897 140 -547 -377 -1154 50 7 -302 1290 -256 -994 76 -875 1068 68 -700 -612 -614 -5 -147 -929 -61 21 -142 -189 655 -549 32 -175 -548 -386 389 412 -45 685 168 -709 688 486 409 339 -91 167 -508 217 -451 438 -124 907 1667 285 783 952 480 496 -344 986 -1402 -196 -47 322 -517 -1115 -654 198 140 691 -539 678 -281 -245 -570 352 -1299 363 569 1128 -286 -802 463 -495 -841 838 177 -175 -551 -21 -184 -146 90 -178 138 -645 -314 355 -176 261 1413 -707 -1147 -415 786 528 -392 277 269 -930 -855 -1354 -268 2009 100 327 -800 228 45 647 394 -601 328 328 610 304 633 -457 -601 -1138 -36 -330 799 ]
[-317 -863 -709 -294 -696 -74 986 -449 -777 -959 19 838 11 -58 -34 -461 -386 -443 -104 438 886 371 -327 -892 123 763 1112 276 189 -881 -450 731 68 -320 674 116 279 -213 103 -8 -132 434 981 511 25 -768 96 458 -106 1263 -1099 -629 82 -69 -110 -763 829 1024 -464 -822 -84 -74 515 379 -321 108 58 950 678 664 103 215 -906 312 -451 643 178 -199 534 700 -238 -259 583 -580 -866 -356 -545 -758 -74 -476 -283 698 782 -545 237 -826 -571 676 -53 -85 132 894 -19 -96 -514 -715 -977 52 -57 -515 -142 209 759 -1195 319 253 -561 483 -118 647 -359 -549 163 -122 1017 -673 760 -539 -1887 -171 ]
]
