[[45 -107 52 -1307 598 -649 485 307 365 -748 -646 325 -337 318 334 -425 136 451 -1 899 4 -136 527 444 -671 -1038 1 437 152 -126 364 63 556 356 -532 452 -94 -291 128 96 -395 656 666 593 -538 -531 554 715 63 108 -168 -79 -333 315 276 -18 -163 -714 -834 358 21 320 327 70 -253 -180 -772 157 -314 -96 -90 1060 -184 -123 -1165 -341 398 269 -99 177 385 -327 520 416 355 70 -151 -69 425 847 130 -576 -710 -399 -127 44 244 -492 256 -281 677 -236 -528 93 -837 -148 -974 226 123 523 -175 140 102 -799 -451 -344 315 -50 459 164 -453 586 264 364 -13 306 68 375 -40 410 ]
[-136 61 -1199 -567 814 -337 517 404 -271 410 -711 214 417 -398 -1539 -94 -128 -1225 -309 -94 89 80 76 149 -592 59 528 -98 -60 -138 -481 -286 -637 -416 -1215 435 -226 -208 627 -171 170 514 -34 537 -391 -467 499 964 85 -480 -434 -237 -82 382 592 249 321 -157 91 303 -145 226 -471 -463 -388 7 -247 275 -1 172 110 223 -760 116 261 -166 200 521 -50 250 461 13 -70 112 270 986 -463 228 142 413 -724 136 -251 -494 -42 -476 276 -647 -492 -936 39 -218 -102 47 -563 -120 -317 233 365 -808 -368 -573 924 163 576 111 201 1205 342 421 -324 -5 26 170 -104 682 -49 -84 29 624 ]
[511 744 387 -380 -699 -255 -162 -652 -463 -268 -240 308 -56 -69 985 -348 -88 978 557 581 -305 -296 -459 520 528 8 -22 118 -222 -43 -198 -158 59 336 47 -675 -129 -549 -448 92 -154 -332 -255 832 292 -91 634 -532 335 308 -317 -390 679 876 -15 -208 -358 -898 303 776 -279 -585 430 177 -183 1075 -372 1041 104 -1035 -197 323 -893 771 -612 -80 403 -421 171 432 -205 380 -381 -101 592 -489 949 296 301 137 127 -113 -390 -129 183 698 -607 -55 1443 622 323 -164 -496 271 -58 -529 -418 -371 -444 -435 -496 944 -818 -166 -303 225 -130 -577 -160 -166 -11 -115 169 -269 -123 464 -249 40 74 90 ]
[656 288 -43 -568 68 110 623 576 -415 -134 46 489 184 -389 478 -61 347 27 -187 -709 73 -677 181 -88 -438 76 17 277 607 385 96 207 18 -199 -1308 657 -862 -137 -437 32 -736 503 812 -223 -595 -190 198 -371 158 -226 -44 76 -558 -480 332 169 -964 450 -194 -323 215 1232 542 532 -168 -521 -523 -145 283 1096 -278 977 27 -78 -22 -940 -303 783 375 -239 334 -154 434 -65 -17 870 -1093 268 267 -587 -1259 -772 50 -87 -599 -607 521 236 105 195 308 4 609 -145 -754 774 -369 303 117 998 0 -3 288 -483 -78 -675 452 -139 -723 233 -409 944 -69 -37 -140 -570 -64 -131 -48 436 ]
[-206 -89 678 -265 108 505 203 26 490 -885 642 -295 40 612 1057 -16 631 1412 -109 -296 -256 -575 477 258 -126 -70 1 477 77 888 725 290 -243 195 -201 306 -596 411 -511 -444 171 495 -442 -503 110 870 589 -834 -147 1084 30 -253 -612 185 441 495 -1186 328 -383 -327 198 -183 32 515 -540 -720 -398 285 370 228 620 1193 986 -347 306 -138 -6 -31 -369 185 -53 192 658 16 -494 -1137 -1131 -230 416 244 719 -38 -294 204 -612 -83 447 -341 -118 -352 316 517 123 -364 -329 168 -883 -564 140 220 941 -390 -154 -1149 -5 -13 258 -545 207 711 -173 143 -528 446 -6 224 198 -188 -46 -138 ]
[101 -9 -277 163 415 -369 -410 -408 -845 710 -834 30 -281 -750 -318 -164 -772 -1004 -49 -890 467 269 375 0 -720 121 348 -69 27 -444 -397 -36 -117 -359 133 -429 -153 -627 495 -52 285 251 -650 423 -277 -899 -19 1416 440 -826 -399 37 -517 -444 576 -442 888 -739 -104 526 -23 -69 -358 -116 -23 -85 404 104 -483 92 -391 -362 -865 -152 -1091 787 994 422 358 69 292 -216 -503 -407 481 1266 672 454 -57 706 -880 769 -667 -393 -719 -210 -300 67 -114 60 105 122 -600 -137 91 -389 -46 118 -463 -781 -544 237 54 767 254 644 324 210 -764 -535 675 -693 968 -148 155 561 -203 43 698 350 ]
[-121 -317 572 90 324 261 448 -295 746 -419 420 -384 -152 81 402 133 -283 1150 -288 1060 -279 361 -533 -263 784 24 -219 -41 -1449 241 126 -116 -45 334 514 -387 54 89 -261 -635 -100 -937 239 379 40 977 -612 -1011 -998 307 -398 -228 662 -831 -1206 318 256 693 243 686 290 -1015 -579 -83 307 552 -161 -195 688 -329 -333 38 481 137 758 -618 -784 -454 -101 506 -234 111 375 18 116 -1567 1055 456 -232 -34 403 186 -461 699 965 150 -180 -544 604 -444 -168 194 -483 103 189 -1124 244 -630 131 241 -544 -73 -192 -137 701 -132 -454 -229 140 -77 -770 -417 -323 99 -632 540 583 -22 -509 42 ]
[615 201 224 -96 -296 269 1130 133 128 41 203 -191 -261 -309 1302 -268 -72 23 -1342 468 -393 68 19 -700 -391 -165 -307 158 -298 410 -544 264 394 -552 -1184 262 -291 -167 -205 -331 -439 -670 20 -279 116 886 20 -929 -244 225 100 -331 -590 -328 -860 -1132 -745 467 287 201 247 503 -128 923 -792 120 34 566 443 288 -1160 930 -125 -465 1195 -381 -1295 86 809 495 -178 75 452 -36 181 -271 -180 70 583 -588 -131 -242 -19 -739 129 -296 203 -122 554 -397 -160 509 184 722 -528 129 -12 -229 -56 639 257 157 -655 246 297 241 119 105 145 227 -183 183 -346 -968 212 -522 402 -143 45 132 ]
[-551 -270 -12 302 -1142 665 -24 -1013 724 -52 185 1 -297 -323 -736 566 -912 -363 -610 269 245 1313 -117 -55 -36 100 171 -334 -721 -400 -608 -497 215 618 277 -627 703 -608 32 59 -45 -577 -427 -134 -55 601 -123 152 -402 -240 271 640 362 -252 -1394 -189 1145 89 555 -125 -78 -131 -1 -724 489 604 204 -159 111 -545 -489 -408 -325 17 907 180 -449 -180 435 -206 714 -275 -111 325 45 -150 1195 957 -391 -535 475 354 20 -257 1226 571 48 607 1254 -4 -674 -306 -1270 74 784 -452 1043 400 -610 -385 312 178 -51 176 -83 364 48 -183 -279 -1015 110 -622 -463 -761 569 -665 252 609 841 127 ]
[93 483 59 -730 -369 634 272 -519 446 -288 -307 -595 939 -438 39 335 -58 -569 -240 350 -517 -202 61 972 -72 151 -629 25 -372 223 -785 352 -39 1062 -381 -79 -191 -621 -135 -854 -1182 -320 768 262 -297 -140 -12 -537 -469 81 -365 196 179 303 -697 511 826 562 471 306 96 306 308 130 2 173 94 1021 882 331 -687 1357 -556 -180 -72 -1046 -1054 -290 -241 259 167 -163 753 767 -499 -460 -176 512 -240 -778 -333 -124 79 161 737 174 52 -384 997 -195 -290 -515 -328 374 -291 163 157 185 344 329 -277 229 218 -56 -417 -171 -225 -574 -201 -609 -570 793 178 -555 -794 -473 -105 847 200 -83 ]
[-533 -425 174 499 22 -33 -1091 -536 -220 -129 1072 419 -514 549 -51 520 140 708 526 -176 493 466 568 471 818 138 453 280 467 188 813 659 398 193 183 548 -495 -305 -197 693 210 497 -617 -575 675 795 314 129 -267 113 461 934 -279 -176 521 842 -621 518 -207 -1052 -138 -504 560 373 1462 -651 -68 -464 -621 11 741 -172 1161 -946 -478 405 -41 -213 -230 -573 -533 651 225 -109 -806 -536 -180 -966 -515 -164 1005 -251 352 1023 -1271 493 1062 741 401 -368 392 331 -213 -401 931 318 -1124 -280 -485 -25 1373 -289 -258 -435 -653 -330 905 -812 -478 351 531 216 -30 466 88 146 -124 -669 46 -34 ]
[735 228 495 356 -1174 187 789 411 730 -19 803 -666 -157 -376 909 -305 74 675 204 -47 96 -246 -980 -1012 51 89 -806 -498 -352 29 -210 -151 819 -147 -580 -79 249 939 -755 -165 -1100 -1186 -254 -794 333 491 -364 -1042 -38 187 299 25 -104 -569 -927 -762 146 -542 606 -106 -152 1003 514 142 -467 689 -50 -594 266 348 -436 -46 539 41 685 -854 -759 -200 1522 124 253 231 139 -642 1131 -343 542 544 243 -408 -43 424 711 -645 1052 274 -724 229 638 1253 -98 170 -210 -397 224 -341 784 315 -421 123 -784 1653 -574 874 335 -320 -269 237 -15 -315 272 545 264 -1291 137 -1360 -187 870 469 -516 ]
[515 166 285 -682 154 -94 184 -2 -1095 415 -292 739 -199 219 1224 229 717 -1307 -517 153 -295 360 742 -178 -131 480 -52 299 763 -420 795 509 669 -146 -428 635 185 -229 -64 1036 40 35 5 123 -326 144 122 -378 406 -198 358 -279 -36 422 -594 -784 -894 -182 241 -172 -33 -122 798 1158 -293 413 -527 1194 -91 -728 -903 -119 -1088 26 -170 309 -374 422 -105 -147 -290 -115 -460 -268 236 560 143 115 258 -262 -331 -504 553 -231 -1182 356 363 538 795 -106 -439 585 1293 313 -452 796 -108 -149 -155 686 1116 277 -572 51 -553 -218 465 -755 -482 212 -1 831 -668 71 458 -770 381 -627 209 -324 ]
[-433 519 -317 1135 -365 164 -140 -144 16 52 404 -418 138 42 -417 -391 257 -668 -516 -779 -464 -1079 59 440 -16 -129 -514 -430 206 345 -333 -438 -807 -29 229 -828 -192 601 556 -404 94 -193 124 -270 -478 -754 194 -642 327 -412 232 77 376 860 352 87 -386 697 834 -660 689 365 265 -335 -271 -432 1209 -219 39 318 27 -352 130 -222 -18 572 496 -519 -1015 139 -250 132 173 863 -798 -306 -1193 -755 -522 -1119 -162 61 361 556 231 -1361 -1043 348 -757 996 -1046 -455 348 995 193 1354 1290 -334 664 337 116 -730 412 -126 -45 937 -387 -662 172 -218 555 -315 -435 214 353 291 -669 182 281 -99 ]
[322 55 31 -341 30 268 922 203 881 -680 68 -331 -130 -111 -731 -81 -517 279 -434 553 -934 -817 228 309 317 -344 -421 -622 114 521 21 101 -864 694 209 -1101 -159 731 -47 -1112 -1008 -58 116 -246 -376 -102 596 -780 -69 20 -1175 -203 366 -291 305 766 361 -27 -380 489 347 817 351 -765 812 52 601 -970 -289 223 -305 537 662 -132 -469 -278 793 89 -421 482 967 -661 1043 236 -256 -536 -144 1209 -288 -340 -109 -161 -468 49 907 -178 -878 -451 43 733 -16 -372 -790 129 425 -581 630 602 213 1374 -1069 -290 283 -358 578 -32 -751 -269 -400 -558 -350 -328 264 -21 -536 189 27 451 308 588 ]
[1562 567 319 -274 -436 -978 664 860 -492 138 -134 583 -322 215 608 -611 379 1135 -268 768 132 -870 -689 -524 -589 -266 -11 20 800 71 -351 -314 -385 -795 -530 -168 -67 520 559 421 251 404 280 -48 -579 -568 733 -138 493 293 -760 -722 752 747 1853 -134 -1167 -1259 -410 -55 -47 988 410 319 -742 138 -696 131 231 351 53 530 -272 842 -131 -195 464 185 677 529 288 604 -77 -780 343 188 -342 558 796 575 -694 -363 -830 -665 -295 -720 -991 -454 -125 852 1153 331 -6 565 -642 684 364 -96 -643 -11 -1206 164 -91 374 999 -154 -404 328 50 585 92 -972 564 -277 -173 145 -1153 -264 -318 1444 ]
[322 315 -330 409 -660 -658 783 785 388 371 416 270 -217 887 -484 -385 601 303 37 408 208 252 -594 -121 841 -299 -726 29 -313 -110 -644 233 -413 -635 -1316 771 299 867 -29 845 597 -378 -637 -925 -3 -46 530 -635 -453 -2 306 -232 731 1273 147 -445 -991 -352 552 -556 -451 298 533 217 -653 621 -397 381 -369 -113 167 211 427 -326 1064 660 -716 -663 323 545 433 1115 249 -64 689 271 -410 129 612 -57 470 626 812 -223 -156 -602 -297 -187 166 480 -159 55 1071 -34 309 437 -63 355 -803 -839 -42 476 -95 546 1037 68 -80 754 832 1521 94 -176 -968 -572 799 331 -882 -260 628 965 ]
[-988 -270 -872 -554 318 -191 315 -3 551 -767 -659 396 187 199 -1648 -148 -386 574 -205 366 51 1376 -307 353 -113 -900 325 416 -1334 -518 -774 -371 157 564 297 -39 465 -831 -398 658 999 260 930 424 267 -184 -973 1520 -987 -909 603 285 -905 -267 -419 -529 639 219 -736 23 -158 -206 330 -1693 476 -80 344 -388 -449 -214 -161 -200 270 -242 521 -53 -517 571 -194 -1016 654 -809 -95 619 494 334 525 -204 -156 -6 245 -720 -402 -197 640 -430 1202 310 -499 -1032 -335 -836 215 -308 77 -684 -234 1456 118 491 134 -912 -4 -819 -811 523 37 522 218 158 -1100 259 -1113 270 622 487 -148 -339 335 617 ]
[-123 292 14 -26 770 -461 -210 163 98 -279 -702 -121 -60 264 -69 476 763 -226 452 -828 -113 -1252 990 -206 -1131 53 733 -169 223 516 1359 -254 -366 21 836 -393 207 -158 -299 171 203 -123 -836 1183 -298 -391 483 208 984 -217 -104 -631 -362 -234 290 -391 -148 -300 -94 457 669 -779 -862 650 -851 -392 -799 -511 416 -423 685 -122 -442 564 -1000 26 988 75 -768 279 268 -39 -383 98 210 252 -611 699 500 1245 -954 710 -649 0 197 348 -282 -718 -409 -367 -146 245 -49 -382 -1001 27 440 -683 460 -504 -311 262 914 -394 179 -59 -392 68 -272 660 26 -433 460 1039 252 947 269 223 -266 -493 ]
[170 -12 255 464 39 968 -251 206 214 -46 841 30 280 -382 -413 -316 -576 -51 -204 -722 -346 -103 277 -43 594 309 246 455 262 -523 -1179 -202 -1028 -983 -331 867 107 323 -476 -675 755 721 -80 -907 301 344 358 227 -14 559 158 -108 -120 -387 201 -213 -560 968 -279 318 -637 910 -438 -170 -531 -350 644 -260 -828 700 399 34 1215 221 2011 877 185 -91 94 3 -197 225 69 -394 -1162 1230 -1158 -1042 194 -127 732 -170 878 -265 -555 -490 1075 -868 -1201 -449 136 -707 1038 -373 -332 -199 -745 716 -340 -376 729 -1023 197 322 24 -409 178 1416 645 730 11 -497 -884 -196 27 236 375 -466 -34 50 ]
[145 873 497 233 -370 -552 -872 -984 -200 -522 969 -103 -322 205 416 -314 399 746 -298 1253 -1271 243 952 73 -129 332 1243 -639 -76 -171 -154 87 -159 -124 446 -1293 80 -101 62 334 105 -405 -1449 -30 1621 1733 1258 -283 532 304 -79 -313 -611 641 354 -885 -974 -98 342 -335 -438 -781 126 295 902 -412 770 105 -545 -1201 -1045 -424 256 -399 222 310 6 -886 -857 535 -1232 853 -826 14 -438 -1959 182 -771 -564 17 1165 -514 -232 -792 -440 856 -44 -640 284 -354 -177 589 -508 1179 454 209 270 -289 -846 36 629 -118 -331 235 -1045 1056 -293 -555 65 340 348 -1010 -352 -455 523 940 -642 -826 -456 24 ]
[-986 343 -354 637 269 -171 -455 -51 -137 75 -464 -710 516 -263 -526 -185 771 -240 614 -857 433 -471 23 -164 -824 -475 449 -42 111 858 270 -396 -163 -208 20 -949 -345 148 378 2 316 202 -1466 91 1089 589 -273 447 412 646 834 -682 -1290 682 -126 -627 102 427 -16 219 -324 -1241 -1656 169 -77 -785 559 712 115 -479 401 37 91 -367 -45 449 405 -136 262 605 -634 289 -807 267 347 -172 -290 -44 266 408 164 405 -251 -830 -93 930 -307 -62 -1104 -356 -270 110 -492 51 -246 -324 -598 -690 470 -1949 -81 252 -433 -483 544 885 193 590 967 379 811 167 -55 -771 665 668 32 376 -373 -891 ]
[516 345 11 959 -1029 -734 -366 145 -119 94 -49 -188 68 314 270 345 342 623 457 -300 124 -581 -857 -1241 159 229 19 -167 389 619 374 -139 50 -132 973 -457 -210 543 -173 294 585 -312 976 -207 501 -388 -696 -421 -67 68 215 67 162 -820 1019 -334 -311 -736 -132 -778 491 266 -371 75 -197 231 -787 -1140 987 404 877 -372 331 726 130 -1090 -886 -422 989 -402 -728 221 -128 -753 122 -519 -628 -498 410 -374 -352 -23 399 -34 25 106 -347 635 -1016 739 482 -82 945 -594 889 1376 965 -121 -143 -106 65 462 67 316 -128 -249 -527 433 757 260 241 -323 1425 65 -508 -980 -554 -222 -833 -401 ]
[850 438 188 -1023 -523 411 332 652 158 -318 -46 435 -36 -122 628 -1075 156 1274 677 -348 -440 -51 -1109 -290 499 -332 53 794 -623 95 -413 120 -634 239 -132 -438 -776 211 -906 -58 -1244 -476 562 -137 211 385 -764 -1495 -155 497 24 -576 -65 -64 -574 360 -544 345 -594 427 -623 -44 188 84 92 -266 380 583 -185 531 -250 597 391 205 333 -1105 -87 440 -83 -721 102 -394 -58 738 306 -112 -285 498 -159 -140 -581 -496 -628 -203 642 -261 -59 -274 148 281 101 431 849 -730 -944 -992 -37 -79 82 789 -1063 526 -298 -180 529 -56 -969 -162 -347 -372 -734 480 -574 -17 -388 532 16 -156 -114 687 ]
[-987 -438 -1106 -720 163 326 -63 153 383 -243 -1690 150 -719 857 -1201 737 -1 -199 788 -770 -172 485 406 604 -49 -60 467 344 -158 88 356 -395 -923 671 528 -50 114 -603 234 -191 -66 38 -829 103 26 -350 241 224 -326 -98 -13 -328 505 638 -153 152 -169 -623 -164 661 -427 -1235 -1243 -437 -424 -241 -492 58 -331 -751 554 201 -936 260 -465 106 1034 73 -1176 -931 951 -353 -142 2098 152 759 -504 1071 568 963 -178 525 -182 277 477 722 109 -25 -138 -837 -637 2 268 -947 4 -1143 -519 308 441 -406 425 -310 1069 -771 415 172 -418 650 132 396 -324 -476 -197 1511 550 1298 568 -135 -5 458 ]
[279 32 180 -945 158 121 186 233 -201 -317 148 -208 659 485 120 -523 962 -79 333 464 -63 68 -682 -319 655 -534 -679 231 439 224 387 374 -574 561 934 330 -133 1200 -258 234 76 419 721 -258 -42 -223 -830 -664 -413 530 496 -573 748 547 340 529 234 274 -1008 -608 34 -97 931 -139 568 -187 639 1170 393 313 400 381 776 707 -193 -200 634 574 -645 -22 657 -276 644 -535 -272 -671 -587 232 -246 -301 467 -509 -97 576 -244 -287 -256 187 -736 564 398 381 1138 -57 -547 -66 409 -721 219 691 156 -540 -657 -374 596 -228 -1216 -541 178 170 -24 663 -1031 454 -824 -753 228 -264 315 -207 ]
[939 1113 -267 -162 5 282 -112 6 -518 183 404 329 -288 -983 388 -51 -271 -244 1013 -652 -946 -730 -542 -180 915 329 921 651 186 -469 -709 -290 -1138 -685 -937 370 -1127 -442 -717 -251 -33 -45 -614 493 671 718 394 -1355 -193 305 45 -613 891 199 -122 -120 -1571 819 270 1096 -585 -250 -1168 305 -51 -25 51 818 -515 -464 -386 373 -277 1204 669 -398 -612 -747 -43 383 -742 512 -598 447 -337 151 -497 -331 -22 -693 -407 -295 710 18 -968 179 269 -679 138 -252 18 18 1305 58 -688 -801 -897 -1032 -138 -517 -71 218 823 85 399 -854 -181 979 13 842 -857 953 -321 116 -577 1635 367 -740 -594 135 ]
[336 755 -122 101 -342 710 802 -375 -687 -406 575 604 3 -396 105 63 -178 561 -347 -112 -1167 -1730 219 218 -139 540 356 -6 170 18 -94 12 -851 298 -338 -798 -620 -355 -968 -264 -276 91 -933 613 841 747 850 -556 326 -23 -190 -79 -341 409 664 -162 -1595 241 311 158 117 -87 80 -367 102 166 793 384 124 -487 -66 823 -489 168 -841 -50 414 518 427 -403 -658 406 198 714 -587 -500 -694 -218 156 -545 -199 -1264 237 663 187 110 578 159 871 -802 1 -144 -265 656 -412 -767 -718 -300 779 1232 608 -480 -302 -507 -569 347 560 -541 -610 805 -358 212 -437 417 -432 1141 -564 -816 -35 478 ]
[-1199 -446 250 1202 769 66 6 -478 677 -100 -545 445 249 218 -1066 39 -454 -473 -939 285 -6 115 1064 -335 -143 -336 -178 -2 -776 -124 276 -252 -107 140 -291 -1132 -18 197 295 508 1263 -152 -446 547 -506 -84 -424 675 252 -274 129 539 -763 -78 -849 -801 -344 934 136 -446 401 -790 -672 79 -9 472 14 -638 -134 -741 435 -349 -81 -589 434 800 81 -39 349 422 -242 513 -42 -147 148 833 84 -312 -166 94 731 -104 43 276 279 192 724 172 -121 -791 -809 -351 -150 369 368 -139 -852 353 -321 -645 662 -907 -236 -494 -507 643 987 227 809 880 -7 -935 -645 -182 856 669 233 -390 79 90 ]
[1071 -81 1588 -342 -771 1103 -1022 -389 204 0 350 984 344 191 983 -239 -102 -499 546 335 -187 380 483 -383 405 808 -80 -126 375 -1141 -187 528 -1076 -13 1009 -142 623 432 -673 910 924 -7 -1150 79 595 821 105 -882 295 1076 339 253 386 927 -171 32 -57 -216 -993 -485 -948 -642 911 107 631 276 676 1691 -501 -1004 -325 -445 588 1008 -204 1140 246 -347 -268 -21 414 390 -93 -262 -246 -521 392 247 -706 -329 1139 367 309 -304 -754 1028 160 -57 952 223 619 1013 888 -176 -50 -785 -148 -59 -524 119 169 368 -210 236 -448 184 -744 -988 -721 45 -199 -278 -839 -574 298 361 -296 -495 443 -54 ]
[-323 14 53 26 -410 -31 1072 504 987 -678 -513 -281 -1223 75 -202 6 -532 -917 -884 652 -1065 -675 12 -629 -459 -1387 -756 -139 842 -434 287 142 866 699 -266 -825 5 373 880 58 -902 404 448 -747 174 -732 -445 -213 254 201 457 210 -138 114 -616 -1039 -244 -358 -749 -320 434 1295 -333 -347 399 -243 1418 -648 -763 -296 -513 591 -75 -402 -1053 311 -185 155 773 -860 -463 -692 270 596 125 447 -424 -167 369 -930 758 -1483 986 -528 -452 -224 -169 1314 -590 -104 -435 -268 -130 871 530 362 269 563 -491 1542 1105 -35 -767 -209 -708 -264 7 -394 646 -890 -106 1032 57 78 13 -1050 369 432 476 415 ]
[235 -374 -261 309 -807 499 443 289 -107 -121 1182 -656 -248 -551 -755 128 -386 -371 -214 -1048 -112 69 -143 -1109 -843 -290 -135 -59 531 -116 -47 -341 336 200 825 -374 1036 1294 -688 243 -154 356 -777 -1076 135 258 142 1206 182 162 475 -80 -1347 -916 387 -454 1435 -378 451 -780 51 1194 1109 -447 -30 51 1145 -579 -531 85 352 -970 533 -654 459 821 999 1131 1182 -1014 382 -981 -397 -858 -175 712 -387 364 -221 225 112 274 509 -170 481 180 -439 460 -621 354 -382 -63 -10 -1107 318 -59 1542 776 182 787 892 657 -754 996 -139 -72 -160 37 47 49 1244 -370 -528 -933 687 -1504 -623 330 1141 -402 ]
[-488 261 391 427 -40 864 -1115 -774 260 -153 -533 -295 888 -552 -581 -218 -818 -239 881 -1159 1008 -804 645 1000 -500 138 542 301 -94 465 -395 -484 -940 19 556 -427 -91 -580 -349 -605 287 288 -563 939 354 143 937 663 203 870 49 689 -460 313 -124 822 1406 500 471 422 407 -667 -731 -147 -206 488 274 1235 468 -62 1358 292 -99 623 157 995 1231 563 465 532 -421 -146 -57 -58 -616 47 -609 -241 543 387 323 837 -515 127 216 1007 53 -448 291 -624 640 -785 -1269 -489 -209 -621 -1075 136 336 -2549 85 -316 -17 -263 -27 -108 561 139 46 149 524 -324 230 -411 17 1079 -218 934 125 -1133 ]
[418 264 1091 -402 -513 1023 -197 -917 -374 642 -560 288 -177 -1010 1742 935 -928 465 -338 -1054 -733 315 216 -517 -649 1159 315 88 -15 -101 68 -202 436 0 51 -1746 -399 28 -509 -559 -153 -511 -310 -33 -468 188 -388 -663 864 -116 -427 -23 -401 -1435 -715 -810 -476 -287 214 501 -205 345 -733 276 -317 561 -983 -718 413 -524 -932 87 -1265 222 84 -467 -607 -297 242 575 554 -975 -723 -1170 434 177 1622 1803 -380 -279 -941 431 272 -874 -53 574 -4 168 335 859 -117 303 -90 -949 159 73 346 190 -862 646 -441 1228 425 238 -648 -169 265 -131 -1030 -560 -98 -289 624 -420 -382 -646 834 85 182 -48 ]
[1081 877 678 -1115 -853 710 730 -185 38 314 367 100 12 215 1132 -543 326 -917 -496 -575 -530 -1340 636 66 -1058 122 -365 -698 847 -368 232 316 708 -229 149 325 748 244 -317 119 -1107 -166 -294 357 239 63 395 -833 1339 635 609 -226 -378 591 -560 -528 0 -908 -488 166 -17 1268 998 356 -509 116 502 963 -616 -66 -1067 461 -24 849 -1281 388 -145 520 562 410 383 -767 -105 -567 28 -129 76 694 678 -452 11 -398 1074 -1457 -306 440 167 -2 337 251 556 506 -369 206 -1215 333 1002 216 252 858 -247 1456 -175 602 -526 -536 -634 -735 -813 -532 112 1119 -341 -390 -120 -1110 -878 944 838 -8 ]
[693 361 -44 128 -867 1168 -728 -516 -957 -50 -384 -7 641 -939 520 542 -661 114 241 -1034 -742 -1152 90 -197 14 202 904 867 1003 631 -413 425 -1098 -272 423 -549 -464 -307 -1364 -619 -16 338 -856 214 406 371 442 -557 400 763 302 144 -813 -52 790 -292 -454 698 -246 -498 -125 32 -464 837 -196 -275 864 206 -210 112 697 725 -567 -20 -289 182 552 102 -77 -523 239 -266 605 88 -1130 123 -892 181 61 -170 -416 -247 19 505 189 367 220 334 -254 -490 760 641 1286 -533 -187 -409 -560 -906 705 837 822 -131 583 -259 -899 15 -564 -74 -468 976 870 -159 498 -139 -892 389 585 -408 168 -322 ]
[-508 128 218 -1500 465 194 -549 -999 -510 -908 460 -11 1196 -993 -667 -514 37 -150 557 -429 -363 271 699 1011 607 -72 1696 1049 546 -230 -359 -16 -700 224 -809 -151 -560 -663 -135 -1025 -912 1750 -642 -124 -94 94 679 985 213 863 101 -353 169 81 603 1083 350 65 -500 427 -1591 -117 -452 -366 390 -590 -299 596 -649 342 203 1254 342 226 -123 -385 1039 -95 -141 269 -70 230 352 481 -1257 321 -603 254 -214 920 173 -763 -310 -406 -26 483 808 -653 -146 -450 635 -936 -219 -1057 -556 -715 -833 -205 140 -788 1043 -392 816 -920 148 -89 783 807 738 -437 389 319 -64 38 -818 -58 473 341 -127 218 ]
[-459 -215 205 1394 832 -509 -338 416 -939 154 435 92 714 -838 73 -135 -116 -78 9 -1063 303 -1231 111 -102 -499 262 518 -878 -514 1005 597 15 267 -842 -836 -550 -119 -1012 -161 53 -600 -372 158 587 -528 -571 -354 167 1312 -125 -263 32 -328 -664 -705 234 189 746 882 20 252 -167 -36 1372 -3 -456 308 -823 379 425 349 -1178 -461 113 -1090 2 -168 -209 -418 -489 -1262 456 -669 -350 104 930 26 -170 -697 -246 -1750 -116 -635 722 218 -468 -739 562 80 175 -584 269 -9 393 -545 576 560 -732 323 361 -782 333 -124 24 -261 86 -35 -1218 -1205 -636 144 -929 479 -133 786 -545 -380 -420 -1092 3 ]
[315 -138 -287 517 -432 -741 -8 838 -332 100 -602 1118 -537 652 -745 -163 47 -39 80 1542 -77 224 283 -13 -818 -693 1002 825 554 -234 -148 -366 -497 -325 887 45 789 -209 -4 1159 162 18 24 -32 1113 1345 -126 557 -611 -504 538 -50 -697 432 46 -1067 -493 16 -915 154 -706 -304 -346 -297 956 -692 547 -263 -879 233 113 -267 602 -490 -194 354 -656 559 -207 -1334 -776 81 27 838 -731 -687 -299 -1016 -143 255 568 -844 -836 -935 446 933 759 -262 -420 -1024 488 -626 540 646 -323 -217 -1215 494 239 42 -426 -565 -535 79 -627 57 -65 400 921 499 58 188 193 -794 482 822 -216 -760 -761 192 ]
[-933 -77 -1027 -374 348 9 -536 -103 1454 -966 -353 115 -1120 -186 -1837 192 -241 -1259 403 166 -699 200 784 -430 -70 -707 997 -780 635 -94 559 -701 -199 557 475 -88 137 -959 876 -114 -638 709 412 746 -24 -645 609 218 -191 170 168 209 -251 -740 -252 937 704 221 69 -152 504 -392 -914 -554 1415 -496 -233 -1493 -697 -583 -758 -714 192 333 -414 -492 1094 -326 -202 -353 -325 -665 -378 2119 -110 474 -900 -115 -58 -585 -352 -684 -47 -171 -297 762 -112 265 -298 -166 -329 -891 -1342 -42 392 74 563 797 558 454 538 -137 1403 -1050 -17 -623 -231 317 399 -832 -572 87 157 724 1134 979 201 350 -897 94 ]
[-23 35 18 1835 -132 -1116 -534 777 629 -145 914 -301 -498 -180 -744 573 -40 498 1626 -665 -296 -783 377 147 891 -979 98 873 890 -278 1034 -39 561 402 1461 -333 684 700 -1050 645 556 349 -995 -525 -111 -324 -522 414 268 -585 180 442 -151 -612 632 -493 44 783 -125 333 602 396 55 -537 128 -336 397 -2321 -1543 85 1131 -1612 1868 -958 30 1334 1038 -282 -232 -40 169 -253 -419 -576 134 460 555 -339 -286 509 525 1191 398 775 -187 372 -617 -426 -707 1566 -682 -965 436 -368 1071 -284 174 641 19 -140 -234 815 -501 -195 -287 -517 355 503 204 428 280 465 576 -424 536 340 358 405 398 -1058 ]
[811 149 1529 -297 -97 21 634 456 392 461 -41 -434 36 826 704 149 133 685 720 575 -491 -695 -522 1231 711 -312 -589 430 234 -345 84 155 -567 1124 1582 -135 964 660 222 239 -145 -124 -426 -362 -1098 -76 -176 -1754 10 489 -807 -664 1799 434 -701 660 -321 283 19 813 -307 219 -140 -80 249 472 279 242 -561 9 23 290 162 907 -990 507 -167 -419 -555 623 -142 -147 -57 349 -1082 -561 420 1106 222 901 327 132 -53 348 532 -45 -1076 -228 349 678 -152 -342 298 51 -163 -730 357 -594 -173 -196 -1110 165 121 672 931 -751 -710 -747 -143 -331 -99 180 -170 215 -448 311 -268 869 265 -12 ]
[102 298 356 -263 -310 419 155 13 -554 403 358 855 646 -245 1100 653 282 -294 34 -432 -613 443 545 571 -578 101 527 837 739 688 242 709 -271 144 -195 209 262 -756 -608 581 -331 955 -27 -553 18 634 271 -669 587 1081 433 -328 -432 456 -617 772 -394 863 168 -412 -541 -127 -597 1282 -141 -441 -530 737 196 155 200 382 -1212 -291 -454 411 -1296 -259 -114 -712 -904 -479 -92 503 -1324 -25 -963 106 -31 -273 -555 -673 391 -305 36 203 425 384 477 -475 -297 -147 688 -292 -743 873 197 -446 13 403 1276 728 -3 -78 -567 -789 137 -987 617 58 -4 471 -1416 -67 793 -759 62 7 -500 -469 ]
[174 96 734 89 -1202 818 -107 369 -80 -236 112 613 710 -616 624 -474 5 55 321 -696 872 -1172 -615 -255 344 883 -602 -308 373 -792 -559 -130 228 -797 -1267 677 766 194 -743 183 -205 6 -155 -683 217 -905 -210 233 945 839 1217 59 478 492 -759 -1187 -73 -484 600 596 -859 879 -80 -42 -1297 1159 -538 1188 -61 -476 202 47 187 1371 521 992 697 -629 796 227 289 575 -522 -148 703 2081 232 457 772 -20 202 -365 1043 -277 366 92 284 252 206 685 527 -326 697 -78 -893 -98 -233 980 -198 -125 -76 1019 -378 -16 163 -486 430 709 -241 19 -50 73 -751 -796 440 -1325 114 31 -251 -261 ]
[-125 -704 -375 1207 40 91 231 562 -1022 1747 304 -133 36 411 -712 929 345 -645 -314 -89 8 -295 96 -724 -136 495 279 -123 893 221 504 372 388 -1739 526 167 1527 606 138 699 982 -149 -2464 -495 485 1239 6 779 -38 777 1 -523 -354 578 825 -105 292 -501 614 -53 -333 -722 -1070 732 -183 204 -352 706 -953 -787 491 -995 -565 -353 -199 1667 -473 140 244 500 -244 184 -983 -948 -226 -403 1032 1174 463 899 329 1158 132 -187 -211 793 -554 -239 -732 -1059 1171 1438 393 -172 422 -216 -259 -968 431 -689 -412 278 -422 1070 793 -774 173 1101 -66 1262 887 -995 524 -818 44 241 -662 -1473 -645 -173 ]
[-178 -145 -1130 651 -105 -354 354 136 -532 714 622 90 69 291 -429 -569 -19 578 -753 -151 -291 -751 -1189 -398 712 609 135 -907 -1299 507 185 2 -466 -536 -577 -298 -139 -27 22 -339 -349 -530 -366 657 1487 262 401 -838 970 -220 -377 -492 -604 40 -431 115 -479 362 443 506 -13 -822 -119 169 -126 174 1105 -320 490 83 192 -882 88 -830 913 204 -161 -33 -205 231 -1266 -139 -197 -313 889 -108 126 -1098 -3 -279 -266 572 -109 -454 447 -642 -65 -509 -290 -1035 -505 287 -385 169 -202 -594 100 -984 1141 -302 -303 803 -746 570 386 1723 -773 34 570 1 140 -386 -182 -419 171 874 649 -220 -63 734 ]
[186 136 -336 -85 482 -577 159 -439 -653 -413 50 -323 189 -608 417 -205 162 1408 -1288 732 138 -552 -1053 420 -267 453 50 3 -576 260 -38 -588 413 -465 167 -523 97 175 316 -1054 382 -20 666 58 81 -272 -165 644 323 -889 -562 -785 -119 -289 1364 49 -620 -197 465 1060 616 23 -61 -542 -625 41 -169 -888 133 -318 -262 -887 5 -220 719 -378 734 -567 -462 221 -149 -525 -314 -714 368 -573 1067 -348 0 864 -185 -605 -1317 -220 1099 -1007 -675 -1100 -800 215 -165 -378 -743 136 -833 -179 464 171 894 481 -1389 -359 70 -288 564 586 -188 322 148 -154 226 -985 583 68 8 784 68 225 -236 -21 ]
[-41 225 173 642 -700 -547 -567 -369 -324 324 243 1135 573 54 63 -130 705 304 341 184 530 -376 -882 68 1272 620 -930 -572 -410 178 -152 134 -672 -212 10 -716 -297 200 412 -572 254 324 529 72 672 -462 -98 -789 843 398 315 276 1241 152 541 798 -137 636 -180 -697 447 -364 -151 -371 293 717 450 494 1647 132 1008 273 390 278 -210 -354 176 -777 -239 524 -490 1586 595 -330 114 -623 -198 -814 -671 -682 432 173 617 943 143 -784 -405 -222 332 -83 728 -147 -523 542 236 450 173 -945 630 -908 -653 618 -640 -299 296 350 -587 -368 1316 -479 804 -528 294 49 -792 461 -40 22 -183 117 ]
[-778 86 -1299 -779 364 -299 333 -795 -435 -165 -27 -120 -102 284 -1762 -641 -117 -1053 28 590 -321 -146 -796 -204 119 -367 429 -524 276 -662 820 53 493 503 210 -549 -95 550 207 -181 -952 210 159 233 898 -773 1 619 421 -757 162 -228 478 412 233 603 336 -1317 -200 20 -455 -664 586 -784 1383 782 758 -171 -1048 -694 287 -842 -688 107 -1344 289 1279 694 212 -1047 -592 -1165 -316 -658 790 71 782 31 -189 235 103 -712 -93 -165 -23 1026 -286 351 -775 86 -237 -2 -767 -581 -113 -910 -459 -203 411 50 -23 87 -584 -289 -105 2 -58 -182 -75 -559 85 814 603 922 -663 -214 85 33 699 180 ]
[-201 -358 162 -501 -896 11 -111 -204 1329 -564 -57 -251 -954 -177 -271 592 -494 -279 54 -105 -62 946 101 -373 -429 -1655 -147 29 -705 190 234 -9 852 364 1070 -222 705 -889 -805 30 251 -1016 491 425 40 855 -767 281 -650 427 766 379 -274 -676 -1607 -647 1299 -900 -697 104 -123 140 490 -552 282 58 -134 -81 -219 -1234 73 53 950 -95 -736 -1030 -1227 -679 709 -473 624 -837 -56 927 268 -806 1147 423 13 -109 759 494 232 -511 555 963 66 649 763 105 -247 -90 47 -1479 424 -497 624 336 591 393 -17 719 -273 -344 -298 -77 -468 238 1085 -441 191 71 1484 -694 403 -454 -315 1034 642 -290 ]
[197 -40 214 693 4 -258 -467 428 -310 659 -929 326 1106 5 -56 461 53 -2077 314 24 149 -320 61 421 1129 814 -135 121 757 -193 -269 1114 -69 71 276 148 619 -53 748 144 805 960 757 -122 -87 -473 -1008 -233 171 19 649 91 330 171 66 316 212 1311 -548 284 82 127 -1141 -160 21 13 266 -219 -231 -211 -351 -202 155 319 -15 621 -1316 -951 36 244 -906 -400 -224 115 -930 604 -356 -592 -331 -551 330 -832 1557 -40 -447 -335 637 58 -819 -680 -27 -607 1436 15 529 1369 129 308 632 -101 424 -303 1046 84 -383 -737 524 383 868 -526 -27 1257 -15 -339 -290 -193 311 189 -1192 -875 ]
[666 104 905 -234 338 189 -385 -51 145 63 -604 304 216 -444 438 379 11 -1256 -230 821 -1165 -273 334 -577 82 444 -487 165 -147 -1019 255 456 -739 889 1063 -151 -245 458 440 149 163 238 997 596 -561 -153 -1358 -883 -459 74 -656 -213 -388 -629 -504 -213 413 627 -766 16 165 -303 -307 -437 654 -337 192 323 475 315 -1025 -178 528 -10 -816 -7 -221 -54 -706 239 34 281 136 1 -312 -726 324 -300 -789 -663 -76 -209 -83 391 -1214 -37 638 -378 -362 -192 -349 299 1352 560 -182 -273 746 133 257 1485 177 403 650 493 -239 225 -863 -817 433 -50 -853 409 105 382 -1147 503 176 -99 -231 376 ]
[-398 105 381 461 -295 1109 -276 699 1172 -53 -180 -71 -262 745 -289 50 335 540 -340 -1546 450 -417 106 -755 -412 443 -39 128 403 935 818 -235 -426 -411 -30 -782 -515 758 283 306 -719 -873 -550 -906 119 -137 -622 -1304 301 1198 254 91 -987 -204 -224 242 -197 567 39 -787 549 -167 -385 638 -149 -533 -379 -384 367 697 1214 -298 1003 -445 1695 619 -100 259 -423 -368 219 266 -110 105 -179 64 -1524 292 348 -354 228 879 -392 -177 -2 142 411 328 -925 -132 -46 697 201 -294 -67 1121 888 402 -414 -406 184 267 281 62 697 338 -653 68 -120 -121 240 -637 -512 478 213 2 -32 -416 -595 126 ]
[468 -175 -161 -848 -62 817 38 467 -344 348 -823 -541 -132 -1145 63 55 -353 -122 452 -1291 363 51 129 308 -702 281 -52 975 -31 715 -154 -128 -824 -446 -78 -121 -152 297 -591 -869 -1460 -353 -702 -599 506 445 35 11 -442 -45 344 -400 -897 79 -80 514 1039 -289 448 1042 -664 56 -1280 380 -221 -418 220 864 -431 387 -212 512 -455 -109 -379 -352 386 886 221 -352 721 -890 328 631 245 253 -239 1421 384 543 -875 415 -185 -1041 1163 8 -1116 -536 -350 -58 625 -257 628 -1545 -290 -1579 -398 501 373 -46 -1087 641 465 742 809 -706 -220 471 -574 -25 550 487 -133 -668 -259 222 701 758 255 -625 ]
[244 239 -472 1596 -333 0 -1115 -630 -431 271 198 -635 -1052 145 262 -82 -659 -669 -481 -399 244 266 96 -61 31 -315 -66 -470 296 -124 -721 -64 215 -1122 476 194 -281 -803 954 -601 535 343 188 130 617 648 686 207 -588 687 -643 -130 -456 199 21 -358 240 -614 -285 487 -86 -403 -920 400 -84 -477 569 214 -1018 72 -138 -217 -797 -563 70 437 -230 -903 675 -135 -1042 613 -708 647 -470 -49 -206 -1492 408 345 328 347 417 -317 -1314 -35 -503 304 -449 -464 -171 756 72 776 1559 390 97 -486 -91 -1058 261 -325 165 518 -130 752 -223 632 1246 -883 844 -1230 1407 693 -265 1040 -965 73 -437 -181 ]
[0 -150 225 45 -156 7 768 298 -756 160 -246 716 -580 -360 784 -637 -533 -455 1402 -91 16 105 -82 -793 -210 174 473 -662 552 -361 -213 -462 -518 -414 -532 -705 -622 339 -349 41 -451 -10 -1036 -741 698 919 1429 -28 667 55 -109 -353 448 -476 68 -121 -242 -602 -94 -195 -424 73 -40 -1111 625 27 118 -9 -378 -812 -461 -731 -855 993 -710 430 720 785 368 -98 117 -492 -256 341 648 -456 -48 222 -608 -675 -193 -509 241 -859 524 1271 -808 1081 803 915 300 76 -940 -168 498 -206 -41 -51 141 635 -466 418 -59 -533 -415 -101 402 -214 -307 -426 312 780 81 -447 1154 189 65 -554 -420 -927 ]
[-239 -441 243 711 607 -184 -754 391 437 621 1 -72 598 -230 -436 144 42 -62 423 -395 579 -17 23 -287 125 328 -516 -479 -375 -283 14 -412 -259 -1079 507 -515 205 273 230 -302 475 294 113 -159 526 -27 -270 657 -129 476 -161 492 162 -210 -36 607 853 665 -207 49 72 -502 -1332 -540 -313 -641 221 -244 619 236 201 -976 170 -703 1238 232 334 -287 -283 1005 -158 -348 -270 485 586 229 77 229 -477 59 151 964 495 -322 512 -713 -524 -889 -1144 260 -201 -247 -14 71 970 433 875 773 -12 -1104 -640 -712 220 60 483 553 -224 1121 869 -528 -155 -763 -52 -293 141 860 227 373 -798 -421 ]
[934 -203 1390 -887 -297 93 280 637 653 -356 583 98 -194 462 1691 -498 -287 800 -82 588 592 315 793 -1535 -1193 -922 -61 -262 485 213 -420 929 534 -222 36 164 466 1111 -290 -481 -906 220 762 -442 519 412 908 454 474 468 -212 148 -1032 -1131 437 -662 694 284 -1401 -561 546 1028 -92 976 -540 -579 -392 -900 235 1416 -212 547 593 -571 84 127 163 1088 705 99 191 -107 99 -686 -47 -645 -1064 -219 656 746 65 -130 32 -979 397 430 58 -1186 -459 -254 1597 343 -925 -283 -972 147 695 795 -210 1450 327 910 -364 901 -319 -579 -299 60 245 209 95 -899 -72 -123 -121 -799 -282 400 -787 479 ]
[584 -346 267 -278 361 728 258 -183 1306 -190 299 -145 502 193 -624 328 183 -1313 -99 1384 -157 538 980 -270 -952 -352 -489 -581 39 -822 193 371 642 988 1329 691 1504 445 126 -31 -623 -121 -14 513 619 797 -113 1034 -872 -2 -347 -17 -745 91 -507 308 2111 -600 -1089 -149 -626 -151 556 158 309 312 149 -23 -283 495 -643 34 320 -863 -342 -176 -211 833 951 -763 326 -95 625 -174 -186 -567 591 511 86 327 329 521 116 -391 487 1386 874 -955 395 -1447 147 -16 -860 -69 -562 -894 423 779 24 -616 502 471 -370 1247 -102 -597 -222 -229 -24 -120 -45 382 -19 -934 -642 -747 -555 1283 489 70 ]
[160 679 -14 -613 -145 -935 447 -451 -32 -863 -359 832 -556 388 -621 -162 1439 527 -205 -567 637 173 239 341 -131 106 188 -267 -214 185 1163 -1136 -126 295 -120 107 -526 -419 214 1160 -82 304 -159 143 -1238 -318 151 -176 -26 -301 151 -615 -362 437 418 459 -830 -1249 41 -497 432 388 1123 -912 188 -137 -1016 253 26 -101 -410 240 71 1536 -406 -928 538 518 -2 -269 1462 376 -134 -123 1384 -264 -174 974 478 -209 -672 -256 -823 -867 -826 -263 -406 852 1003 495 798 643 111 -403 -61 708 875 -399 -899 -637 -766 1002 773 -1133 381 -448 -242 -667 -474 -340 -31 570 -661 373 749 37 -695 200 860 805 ]
[-410 -103 272 -171 -195 -607 185 -258 -1274 -361 -287 873 59 -46 701 58 39 -175 539 -249 30 198 -487 -322 746 492 -242 -348 -1279 -78 -557 15 -622 436 -547 154 -364 -750 -746 -446 70 471 761 323 -121 -649 419 8 91 -562 170 -544 459 -1646 -1164 -494 -22 241 654 -42 -299 -497 -62 -542 -344 771 -328 -41 1109 303 -734 418 -811 614 -686 -283 115 67 -193 -501 -451 479 262 552 842 712 -354 -239 -441 -597 -1408 -382 862 779 -436 -888 203 558 834 231 162 -404 894 -391 59 555 -107 -349 -81 607 272 144 -166 -394 -649 227 188 -1175 24 -582 -123 232 -415 884 153 20 724 -728 -129 332 ]
[-219 19 -105 530 -1097 183 -473 -485 370 -698 -249 1004 -134 399 -138 564 125 892 -83 -213 807 -215 213 192 621 -625 -744 464 313 461 -261 -485 -318 668 -459 -1254 -403 -400 145 566 34 -5 -18 286 425 -99 1099 -13 -386 756 -706 502 318 1753 462 664 -478 -351 246 -420 -268 -555 -291 131 -163 616 -1276 1073 474 -743 794 643 -1156 468 420 324 -254 -422 353 55 65 556 361 1336 -619 -148 -1242 -419 636 -935 529 -214 -130 234 988 793 -395 785 1288 -66 788 -828 94 451 459 652 -268 -205 88 -843 622 279 -660 -810 -324 -153 369 -250 1024 382 32 -496 -382 -298 741 77 -704 -134 -236 441 ]
[374 -97 16 707 -1242 -89 352 145 -316 47 -92 336 164 -700 -517 -509 -1165 -184 -187 185 539 -67 -417 -365 -264 347 368 319 -280 -118 -1212 263 -797 -644 -1284 -430 -491 -163 -32 -214 -56 496 -273 -701 -168 -123 1220 -97 329 637 -1117 -415 -558 -169 133 160 671 -860 49 164 -851 157 -871 142 57 747 -11 843 553 584 527 771 -1238 -228 73 383 -724 358 939 -33 -619 319 -651 -369 -130 529 -480 407 178 729 -47 578 -750 -1191 195 52 -190 391 406 -884 326 -498 -339 16 967 473 -133 -206 -951 -1164 -147 486 -553 57 431 798 479 90 1070 -823 589 -898 858 -814 -607 -205 114 -31 -74 730 ]
[-257 -63 -85 -856 -130 -247 -362 -736 813 -44 -50 -978 -109 -273 88 -716 -401 -661 -384 662 -703 226 350 329 56 -347 992 396 -198 289 -697 5 726 214 120 -465 -406 -149 933 -228 119 -370 -739 445 -414 509 -240 -506 -490 779 249 515 -148 587 213 -275 -625 -55 295 -311 25 -392 -134 -49 -100 292 372 694 -614 -400 -803 487 468 -41 293 -8 -407 -230 -731 983 -271 10 67 522 -731 -2263 -250 -1030 -653 44 1893 267 -282 -253 -349 23 -15 -662 -677 -772 -11 978 -486 441 -390 -220 -269 -941 550 -618 663 -990 771 30 -181 726 -5 481 496 -302 247 -45 409 279 172 488 -58 99 81 -738 ]
[1261 607 168 44 -328 -125 344 649 189 -356 -23 750 -855 -820 -621 34 -1038 -570 -308 102 129 -331 757 -663 -503 -702 709 -241 340 -963 -510 261 -1020 -129 -179 175 490 -431 -719 -112 391 629 189 687 -508 -32 819 856 -277 -254 -414 301 -833 -1123 -206 -725 688 520 -1337 1080 387 955 -820 245 132 -776 1100 -937 -557 -197 -1047 183 -148 -284 62 466 -89 265 913 149 342 -725 -274 421 166 1153 283 558 363 -130 -1152 91 -406 -632 -499 334 468 -336 419 -849 90 -594 -444 434 -184 85 892 599 -321 821 -99 439 -40 -150 238 42 187 483 -602 253 -575 -558 -392 -714 187 932 172 687 419 1515 ]
[607 -925 603 -765 571 175 826 789 1001 -327 -564 -27 962 502 -153 338 -307 -1214 -454 875 -256 676 280 296 -807 482 -1488 -1276 85 -428 -150 -60 698 655 -628 228 1100 1239 969 -353 -140 638 -49 56 -618 -366 719 667 347 403 -1029 236 -472 482 664 582 1814 -804 -671 9 41 903 1259 -308 -1050 568 256 238 101 -202 5 50 -281 -548 565 11 288 426 -257 -3 1404 -32 462 -779 867 352 147 625 -892 184 1203 663 730 -1052 475 168 -120 -1114 226 -739 -173 653 -1131 -237 264 374 431 1213 -202 -86 -596 811 62 438 -1070 -115 -461 148 740 -1071 -489 17 -614 -283 130 -1089 -451 872 60 151 ]
[-613 351 1086 1117 111 490 -1456 -469 -372 953 319 -580 273 -100 174 756 255 -427 378 -167 -342 -832 234 873 729 105 -915 194 512 -106 -20 86 1026 -385 1730 610 1059 -596 -799 613 -10 -993 -755 488 -399 -1025 -1442 -263 -197 -332 1192 177 20 130 -1075 -925 261 856 568 517 -174 -552 113 1047 543 -157 984 71 -600 113 -220 -831 389 -17 -773 1154 -634 -832 -1419 580 -413 717 -486 -50 -1116 201 1382 -281 -437 -656 686 180 957 711 -293 459 261 166 -408 271 60 -668 694 669 -109 442 -402 -706 -590 190 -756 453 -486 684 -847 -433 -415 -396 -747 64 571 546 -194 101 -449 -315 83 61 -245 -892 ]
[598 74 188 634 -586 -1162 -595 3 -875 390 914 490 -118 51 1422 -627 -11 1908 1249 266 1238 -353 -326 519 1757 77 227 -2 170 466 -282 357 -266 -613 -860 685 -1918 614 -60 205 928 407 -324 -552 150 296 236 -1123 -48 288 -144 729 700 241 1010 574 -1960 273 -176 -544 -124 674 383 -408 631 -264 -749 -75 -597 748 106 -474 875 206 -318 251 186 -884 235 776 -103 973 210 -329 546 -1165 264 -1229 142 -603 40 687 -50 315 -1570 86 -570 918 210 1732 861 689 812 449 798 137 -669 -632 188 -254 -171 398 487 -826 485 320 487 -524 -326 778 -5 184 697 39 -261 462 -287 -167 -614 317 ]
[-498 351 -140 1137 59 -89 -293 -128 -1013 10 -272 549 89 328 -390 -684 827 -62 435 -968 766 -648 -517 -457 2214 482 -593 -736 -252 308 842 320 -209 -423 -1236 531 -1332 62 -465 353 -490 -58 200 -16 357 -623 240 -808 22 -230 201 107 -5 168 -472 409 -1161 424 327 -47 369 -707 123 377 804 88 88 -230 -520 -80 -263 -293 153 38 153 364 475 299 116 212 -526 649 -47 386 1303 1117 -181 -218 712 -1031 -597 -673 719 426 -607 81 -283 949 182 563 358 -208 581 -262 1295 754 -770 -480 -290 -266 -150 357 -694 -531 591 83 612 -12 -470 160 16 296 -189 384 192 238 58 -656 -238 141 ]
[-19 -1004 658 -1025 -187 -168 351 168 757 -1560 136 662 -840 334 -195 -69 -206 1136 699 72 58 218 743 518 872 -347 649 696 -742 150 694 -530 -622 1360 -211 -446 -326 173 -626 420 -846 73 147 125 38 263 916 62 -1096 162 -286 695 286 -114 -771 447 -908 -634 -261 358 -1179 2 489 -523 1077 49 -348 -851 -484 -399 88 536 948 193 -419 -769 -194 328 106 -980 -171 -705 1109 1793 35 -569 -538 -42 194 177 -134 -205 -8 16 641 755 -332 213 1061 72 199 -1079 265 -1430 950 -758 -809 562 787 441 20 242 220 -1069 37 -234 461 -464 173 102 -944 780 139 71 336 63 41 683 -87 77 ]
[531 -492 78 83 -647 1313 -351 55 864 562 226 547 -123 -266 -267 -2 -731 181 -340 -1438 380 682 -323 -1358 -1166 610 689 281 946 -310 -319 41 -954 -163 720 -533 -527 962 -356 -192 424 137 -829 -758 -585 130 -1101 -586 38 -198 554 1059 -893 -915 1435 114 57 622 -492 -937 439 212 -571 -1010 -20 -761 627 -455 1015 1418 -125 19 623 710 764 -120 370 992 28 -480 1083 -523 -548 -316 -594 -223 -534 794 -522 -245 -112 879 -956 -61 -276 -525 482 164 -667 0 1038 1510 -264 -559 -211 56 460 -656 -403 842 42 -202 705 -55 459 439 -1 270 -809 -350 -400 -646 -348 344 -403 -347 231 -828 206 863 ]
[225 512 269 1044 -625 -965 -693 93 974 -502 274 856 -104 185 -507 -284 562 15 1044 640 161 -1049 -639 -930 101 -584 620 -544 284 -397 618 -622 -609 -351 780 -443 19 771 350 1406 340 270 428 1106 393 -381 252 -678 794 -22 384 31 261 580 360 430 -83 75 -492 -63 136 -249 -1095 -721 714 157 -169 -1216 -431 -434 1031 -1130 725 756 -723 299 352 -1222 294 -578 -859 357 -900 1153 216 -309 -715 -1046 -537 150 262 -268 232 -585 721 -89 67 228 -215 516 -229 -647 -499 -8 217 801 1059 -641 -196 -702 -140 961 699 -114 -631 -145 -50 251 1881 -594 -476 262 -161 882 -279 985 -152 279 -1611 -311 ]
[-597 482 116 1046 -864 -135 202 -194 -454 464 -368 -100 1167 212 -1356 300 856 -1092 381 -1254 485 -1461 -807 106 169 439 -167 -589 -355 476 383 -585 -927 341 570 -247 -642 483 256 -513 764 368 -242 -481 -721 -70 -877 -641 -56 -115 405 -715 295 -274 79 474 -244 799 -187 -50 307 -42 -1248 -840 -82 -709 -91 -80 1093 467 353 30 574 987 -515 -709 -562 -57 -332 149 155 396 -539 272 -25 -218 -744 879 -558 -644 -545 361 -150 314 -209 -482 -152 78 -795 -121 -166 424 337 -158 -144 888 787 -1382 480 -568 -467 -458 1140 -385 644 198 -215 325 343 -624 491 -78 515 -136 -360 164 -219 167 -382 17 ]
[-745 -258 138 -484 667 -260 -208 -1135 -139 -216 948 700 -184 157 451 -460 132 852 -92 -683 -91 1021 671 199 489 421 822 153 -296 -590 1001 87 890 167 1038 -126 92 -1613 -140 262 1061 368 31 804 191 15 -298 837 202 0 -441 -305 -777 -443 325 73 -201 -882 -682 649 151 -1226 192 -697 -448 723 -828 421 -412 -878 333 -301 -181 307 -373 559 843 231 -311 -207 -760 234 -992 -908 655 -394 919 -947 168 817 424 518 -1174 197 -842 134 534 -128 320 -650 331 385 -277 36 214 -972 -120 -931 83 -497 745 244 -693 -814 -832 1010 603 66 -269 -1027 -574 -650 204 1334 -445 395 327 -1074 -385 -64 ]
[-1028 -512 463 402 -23 619 3 220 -496 411 -1107 259 -128 306 952 -967 74 -688 -490 -1614 323 144 120 283 -522 1025 23 151 -1092 -37 269 106 -1384 -312 -345 157 -665 605 524 -580 296 21 215 -1229 -515 -105 -173 -641 -1090 -419 315 363 -320 -88 -313 282 -113 -189 618 -858 420 -801 -771 -353 -654 -745 96 932 1095 950 -232 306 -425 -63 -637 248 -209 -250 -1177 -836 -393 -60 390 1002 82 -723 -1374 -124 46 159 -218 666 -998 275 -998 -1413 -150 469 -453 -900 -211 511 1413 -634 312 830 -242 -117 61 -107 613 -430 947 -551 644 751 175 -942 15 -488 72 183 -586 546 823 1224 -284 -317 1021 138 ]
[39 307 454 -160 -165 231 373 211 -458 -166 -781 341 241 -826 1538 131 243 215 -274 359 247 -1 -75 -470 30 -28 43 -635 694 1554 86 -177 383 -467 -51 -1395 -544 165 161 349 -433 -579 246 -939 453 274 -135 -719 679 125 58 -591 -380 -398 -503 -1392 -1109 384 -760 134 -338 775 -670 499 386 390 -167 -880 142 -79 -362 -331 -212 -96 382 -341 -254 -17 -176 12 294 -727 207 48 -43 209 -197 212 -41 -1216 -614 -854 -184 -1170 984 550 -310 1153 -412 775 -261 -226 282 300 -252 488 682 290 115 956 -178 120 -325 -85 -166 155 -459 540 -14 -208 569 103 -206 -829 564 -1577 1170 107 -1278 -1374 ]
[126 123 -1429 -291 -66 -897 79 575 265 176 -925 222 -590 561 -1414 964 -54 -1174 275 433 -143 90 1135 1802 183 -335 338 427 880 283 472 -190 -109 912 464 624 688 -741 692 125 -666 -95 605 595 -188 -463 639 342 52 -18 -824 115 1126 1920 211 1103 649 -922 217 901 232 570 -207 -628 -58 317 -164 -351 -530 -800 332 -32 -1040 952 -1020 -137 -442 -83 -1064 -500 182 -1352 274 1359 -682 -445 -325 -497 596 219 126 379 502 233 555 397 -472 -102 459 -164 95 -702 154 836 735 766 532 112 534 -74 363 -552 748 167 -246 -1141 -22 356 348 -628 100 617 527 581 -348 -431 407 459 -440 -504 ]
[219 45 5 -804 429 -552 -582 -365 203 -1068 -371 -1129 -657 -416 52 -401 -361 -968 835 113 -722 -25 748 -155 152 -1451 -109 192 957 -1397 622 -304 1166 -45 426 12 -85 -139 597 -682 -1121 638 81 -403 -329 -328 -49 711 -392 1002 -197 -526 -47 -123 -424 -638 938 -868 -1067 991 -830 34 -455 345 364 -668 528 493 -1285 -822 -631 -341 472 181 -1090 283 1815 -525 170 176 381 -153 -175 224 -182 1075 532 376 6 648 814 -482 61 41 -867 1436 -311 -255 -216 331 -131 705 226 762 508 -817 438 215 -75 514 314 873 24 -92 -631 -563 -628 518 1258 -641 411 571 996 71 -685 -134 -79 915 24 -373 ]
[10 120 -267 -19 160 286 -1240 -62 725 -1009 -965 22 -149 456 -1202 751 -635 1048 523 -465 1136 451 604 663 432 -762 -249 -442 579 646 517 473 -527 1045 158 -556 -482 44 -208 256 -116 234 -53 -453 590 -233 510 697 -399 359 -350 943 -1288 238 737 235 486 182 -1168 64 -188 10 -41 263 1226 25 184 -698 -811 -227 1410 437 411 -1036 367 430 706 -331 33 -503 885 -342 531 390 -329 844 -676 21 -55 402 889 22 344 42 -393 1202 1046 556 -196 -760 558 -211 -152 -1089 988 -129 -1126 1493 -1076 -566 1325 106 -166 -96 -538 145 362 115 57 710 640 -590 -177 71 395 39 375 294 219 229 ]
[348 -352 -868 1221 -684 43 129 136 49 870 -876 -219 -364 6 -1737 225 -258 -279 -881 549 -101 1458 -68 -280 -484 -88 -284 -461 -73 265 -489 -96 306 -104 409 -533 1005 -862 1128 164 130 -727 -1166 -436 334 397 -986 225 -621 -172 -743 -574 -693 665 -47 -432 916 -458 30 363 -1313 -1164 348 817 854 321 307 81 -485 -210 -821 -1214 -400 -447 863 140 -591 307 1113 -513 498 935 -223 -939 1041 717 1462 1209 31 108 -310 945 -175 -350 -76 1282 -546 83 750 -449 -641 748 -933 659 572 -1414 -348 527 -501 -784 -1405 614 -1208 1187 513 983 -1029 2 -299 169 920 -1273 313 -1521 781 -119 -1035 -327 206 1287 ]
[551 -148 -105 365 -954 365 -350 820 333 -71 385 51 -229 -394 820 -197 -828 528 380 349 -683 768 -475 -187 1201 -144 -15 625 1062 472 -1154 1413 525 -31 -1066 1012 -541 -804 -460 -381 -683 124 -995 -1126 561 -193 378 -793 -227 804 -587 93 -75 787 1194 273 80 -470 -64 -470 -585 800 554 612 -700 -142 263 422 -183 629 196 896 346 -258 1013 1110 634 -275 359 -489 757 511 370 -323 -633 672 -709 -75 796 -711 455 125 -578 259 -742 145 175 435 919 -121 758 903 95 291 503 -243 -648 77 -1298 193 764 468 -572 380 567 -413 208 426 -774 -6 -46 -62 -190 -590 316 -987 517 -264 296 869 ]
[97 387 -912 -218 685 -596 -650 -522 -728 122 -609 -292 547 -167 -1385 98 265 -862 187 116 -286 -1116 109 -226 45 -37 500 -639 243 711 497 -465 -782 38 -354 565 -861 -455 557 99 -476 245 747 965 -438 -960 679 -36 231 -21 -645 -87 620 -102 541 282 -3 488 560 293 237 -352 -870 954 1199 195 -233 411 162 -89 -92 -135 -789 1583 -1423 -1089 -95 -360 -401 510 -897 391 -522 44 -77 543 -982 240 12 137 -1402 -282 -339 329 -604 514 -779 -207 -19 -429 829 -122 13 782 303 175 -279 -980 -64 -238 -500 269 548 417 26 -510 -679 -40 -431 320 -489 -318 907 213 -521 170 43 -744 -1099 48 ]
[502 -426 672 219 -644 653 363 726 528 -998 604 714 -460 366 1001 112 493 2454 489 -404 737 -927 -508 588 112 208 -619 51 415 805 -312 -160 -326 -342 -467 -338 -597 -551 -279 356 536 538 -420 -525 218 91 1177 -471 -186 -24 -299 -978 -94 1329 1026 254 -1468 -440 -727 1271 -474 140 560 -431 -255 -568 -1084 589 431 -608 -207 1449 837 604 409 500 634 -428 114 528 1206 137 -479 -69 423 553 -78 1142 674 -372 -391 -57 -1003 -726 -353 -663 -816 -64 662 697 956 -50 -138 -36 -307 102 -782 52 -197 360 -936 155 -284 -1510 743 -32 522 -296 -1029 -312 -730 -246 -733 -851 585 731 -50 -232 -448 1472 ]
[-288 -191 -303 -28 -803 368 -294 -319 -49 779 754 460 -483 580 149 -768 -1006 586 482 234 1691 1580 -551 543 -280 319 576 -756 -484 -430 -475 -256 650 -224 -528 -161 425 35 449 -436 -1354 -1096 56 -301 183 666 408 -577 212 31 272 1047 635 118 -1328 1198 1306 -722 569 -849 -537 -453 27 -157 518 595 -394 -783 -370 -197 -69 -809 -1284 -322 -160 -35 -352 -503 649 -1 -488 -298 19 40 170 -1411 1424 -694 -575 254 469 442 -242 -228 1349 812 -364 668 834 581 303 85 -1795 122 291 43 614 -242 123 -843 -492 859 924 456 55 -54 151 -512 148 -1215 1002 -453 308 74 -17 56 -730 921 88 256 ]
[-653 -17 138 1030 575 108 1236 -155 595 -138 -459 -656 -892 -226 -1159 559 -551 -1231 -589 -792 809 -84 595 -891 -1065 157 -720 -992 -1174 -273 209 -270 -76 155 108 -175 613 306 233 -164 -192 -577 -464 -503 -587 -800 -151 1131 -923 -938 -178 -15 -396 -1772 -1595 -1157 1876 135 644 512 1243 245 -295 96 -238 435 -228 -984 378 236 177 509 -203 -792 53 664 -21 143 729 719 670 54 707 -587 684 1161 -527 1308 -18 496 -291 1177 98 138 732 -702 -65 -495 -308 -348 -1416 -614 -665 15 220 -65 1090 514 -1618 -1086 127 52 466 1217 834 -95 -283 576 -237 242 917 -812 -370 -558 589 -289 42 587 1032 -77 ]
[-146 707 -149 -163 271 -168 663 592 -643 378 50 6 765 445 38 53 454 1233 199 -835 312 -290 -930 589 -75 967 427 -82 -1178 272 -458 -528 -1420 272 -1145 -777 -37 523 122 645 -522 -549 -106 388 889 938 657 -811 -440 -198 -103 53 288 212 -159 105 -527 571 1430 57 156 -690 38 -769 -51 765 -247 363 883 -176 -161 366 -290 -133 993 -56 -445 -165 -176 886 15 501 -13 739 1006 -894 -504 1004 180 43 -1109 236 171 582 867 -585 -437 180 476 -157 -748 -399 401 -2 138 75 711 575 600 -528 -492 713 961 309 871 973 32 155 -552 1124 -804 468 -1779 208 414 1749 -799 46 -293 553 ]
[388 510 371 -295 411 -452 -395 -752 -114 256 -90 -91 673 -35 554 -393 -98 -220 -530 82 727 831 1319 1020 588 758 281 20 -225 -7 -931 1113 -351 -579 -459 200 -244 -1037 684 -658 99 635 -88 -896 86 335 754 563 211 955 -903 42 573 -374 210 110 602 117 -215 1031 -324 -668 -565 144 -166 170 -1038 1524 78 537 -615 1009 -24 -623 857 863 -859 -1086 -127 2034 3 424 691 -270 -445 190 -14 464 361 554 258 951 154 -94 -1071 -64 619 -1207 403 -443 202 518 -648 476 261 78 -331 373 -811 -1301 109 660 456 47 752 437 319 736 616 161 -298 -603 -81 -384 -511 362 147 -418 -453 171 ]
[-254 -137 -674 1013 -248 161 -124 -131 -318 102 861 349 180 125 -650 -172 -918 -246 -570 1046 617 671 481 386 802 -403 829 208 1226 882 -41 -306 286 -689 -620 -22 928 -601 1091 -339 248 918 -644 126 623 1154 1141 242 -116 1242 103 101 980 1787 45 54 565 -126 645 -6 -412 -348 -719 421 -369 1021 894 573 -346 -844 480 -509 171 130 1491 1342 747 503 569 268 -784 903 -342 -211 -794 149 30 -453 628 -95 1313 -918 392 608 146 848 -430 427 576 -946 168 -410 -752 1697 1178 -487 -582 50 454 -1204 1652 -853 -1422 -65 577 105 807 726 599 27 801 -1303 -1226 -890 350 -781 135 -295 -765 140 ]
[541 277 -262 -603 204 317 102 338 190 -7 -534 -385 369 1221 229 -237 102 496 -107 -522 471 394 -590 -554 -470 255 -22 708 -19 -279 273 -81 216 -237 -79 -399 484 235 -7 645 321 21 -875 -134 1038 -198 329 -314 840 523 291 -897 164 1101 959 -706 -632 -643 -267 -120 -473 -94 -304 577 -1728 524 -165 672 -276 -806 1143 -180 -434 663 1596 861 418 507 223 -335 261 -91 -656 -542 466 846 -1363 236 732 1707 646 -115 499 -720 496 -840 -31 -257 -607 -1012 377 828 1282 -263 -312 81 231 92 -220 -1186 768 -741 116 1179 -217 297 -415 946 118 648 317 -751 -809 996 -167 459 126 -558 -7 -414 ]
[-376 -53 -786 192 637 -253 -7 495 -663 -180 710 -1144 -476 -784 -1027 -583 -257 -899 479 -537 -621 -1575 443 -350 -367 329 199 -473 481 37 781 -695 -704 -522 -95 -119 -286 1640 696 -1223 -663 299 -531 292 -491 -373 81 103 495 330 -216 -914 171 1 188 201 763 -767 787 841 138 581 244 -678 -96 -375 1242 287 -164 -263 421 -747 977 1062 -946 -79 2234 174 127 127 -74 382 -582 -489 299 724 -80 176 -787 457 -80 306 494 543 -1164 187 -1080 -227 -806 918 -706 358 499 128 256 -892 256 -235 805 95 -542 -217 39 267 792 -174 -349 -155 -151 -208 214 -136 295 341 -647 -198 -364 91 -143 90 ]
[12 205 -676 -549 97 -173 -674 117 305 -10 -729 -477 -394 -173 -451 92 1088 -391 1110 572 -368 -680 -434 -206 360 -102 -670 99 1081 -979 1153 -468 754 345 1298 18 747 866 -341 205 -166 289 1113 501 124 -1635 -681 1201 55 -102 652 -162 1160 642 631 -245 220 -890 -53 658 8 446 1 189 -579 782 -1450 -682 16 -739 573 -818 -389 1220 -57 -631 1660 211 -243 -46 263 -298 -312 -215 1038 403 -112 -571 760 644 88 -167 488 535 40 592 -154 -311 -461 1062 142 -1744 610 -26 -1024 364 114 835 170 64 -60 96 -379 -218 -742 -1148 -102 1158 835 324 459 654 537 1056 -962 -267 704 83 -288 -1417 ]
[-56 638 -1370 -604 -515 90 -165 -483 -1058 787 -175 249 1407 -690 -1388 -581 -165 77 593 -1174 -135 831 -795 162 755 357 700 -267 -149 815 -733 -278 -1417 25 -1048 -912 -1141 1194 -239 -1139 -494 24 -254 -515 91 895 -591 -288 -281 487 -147 50 -240 307 457 915 505 444 -170 97 -796 194 -497 -1507 1051 159 939 177 -134 320 334 393 278 465 90 -1444 258 46 143 282 986 299 43 -269 202 -765 346 685 -1375 -818 121 -132 12 -185 423 486 717 -123 -362 258 702 578 -121 -171 596 -273 -630 -273 -96 -964 -1522 28 3 -13 243 719 -341 903 -7 -249 297 234 -788 -883 -1091 -48 -625 -718 304 703 ]
[218 -176 -78 121 -177 228 -1306 -62 797 124 1256 59 440 -536 -840 1145 319 58 725 207 485 672 -550 -319 224 284 109 -347 553 -647 -33 -140 886 303 1015 506 959 -677 -768 1450 177 -512 697 535 533 362 -542 532 -145 -457 575 1301 -474 40 -541 -96 1207 1292 806 -781 213 307 557 -230 1256 -9 545 234 867 -434 109 -765 272 263 1404 -834 -813 244 82 154 -567 -275 -1374 205 -159 111 426 -635 -712 -1090 184 -382 452 387 347 -45 77 611 292 151 -104 -24 -15 261 235 260 854 250 -18 -48 140 -34 -360 7 -820 -790 108 -19 -972 -404 -622 1067 -330 -779 248 -1309 314 221 -397 -1081 ]
[-420 -213 -663 777 -88 -522 362 215 41 249 -639 46 317 220 -557 293 617 -1061 -403 -1821 -446 -628 1154 139 102 504 79 676 589 1194 1251 388 -778 604 -500 -274 -795 232 -494 441 288 787 -758 100 -400 -270 168 -373 524 -519 -403 317 -1428 -651 607 317 -683 1011 453 -428 1113 100 524 660 -248 -597 -633 -540 252 389 69 413 363 -1342 198 495 559 793 -1023 373 639 -417 621 -270 568 912 -1588 417 -37 -384 -418 977 -599 306 -794 -427 567 91 -104 474 -1193 -724 1045 -669 269 1804 -251 -50 173 -1 979 -231 -301 -854 -219 821 430 -432 -299 550 218 135 -455 138 1053 189 435 -630 624 -304 ]
[-128 -77 -297 -845 -750 13 35 -382 175 -776 -504 134 326 -37 1218 -132 442 -835 -27 684 -461 837 260 11 -378 -521 -253 -621 198 -380 283 -388 957 266 -400 -768 575 -434 467 285 -793 -271 -322 119 673 477 253 75 167 986 548 -49 361 1047 -469 -706 550 -1449 -181 -301 -966 -367 626 -157 -261 1041 -782 1571 155 -1439 -533 262 -692 17 -806 -243 -161 -1076 -178 -342 432 -142 629 953 631 -898 205 319 -260 -302 919 -84 -194 -403 380 602 -356 672 1191 72 46 754 -282 873 -168 -176 217 -418 860 525 703 1220 -467 -525 -1228 362 -296 -464 1208 -990 -53 941 -70 -396 397 -1145 563 8 -377 -1377 ]
[16 595 -510 7 1224 -39 543 -151 -640 -14 319 52 113 -435 201 -587 -139 -1311 -1061 1267 -782 495 -674 260 416 209 587 234 -327 -1038 164 243 -512 -1217 -862 759 182 329 -205 -462 1409 -161 621 575 -422 -12 280 -306 -626 -1049 -694 -1080 370 509 -280 -426 -310 85 738 846 -61 -508 226 -430 -635 554 -235 363 -674 -677 -105 -744 -944 1 1109 807 -1054 -362 -705 253 -432 -888 -470 -988 98 -1087 1102 -1293 -63 109 -567 7 235 -622 -275 -1383 -474 -268 -676 159 -971 18 1428 -184 -265 -262 213 -123 430 519 409 -1128 556 249 331 419 395 680 837 641 -821 401 -551 1238 0 551 675 -352 300 -707 ]
[-648 -37 83 238 458 130 31 -178 827 -566 640 -947 622 60 -1426 754 425 161 505 -696 -733 -229 331 403 469 331 944 -819 -79 176 464 -648 -865 617 824 -990 612 521 -203 98 837 476 -2044 350 573 599 487 242 -137 -4 -606 -79 -887 -209 667 776 41 287 -439 -81 15 -15 -32 -1334 624 -683 -101 -1651 -800 -33 3 -573 734 186 467 -149 -162 -93 -265 381 905 -173 67 631 86 -969 -67 576 -349 110 -124 899 165 -662 -17 370 -93 169 -438 -434 -485 -406 251 -888 1231 -458 1121 649 569 -292 581 -507 1388 -49 -360 904 -60 621 -210 -272 -165 -218 -588 -204 1063 781 -276 -53 -156 -57 ]
[-140 -2 -266 617 665 272 -414 18 614 159 -89 56 -52 468 -1389 -1056 -181 -1743 -293 624 93 -75 565 148 158 34 -986 438 152 -654 -315 523 -88 -406 635 40 435 1168 822 -139 192 -216 -58 153 -321 -1484 -655 905 -329 -708 284 428 -374 324 866 -237 1284 -935 315 -477 42 348 763 -633 214 751 1233 -68 -1553 322 206 -109 741 -548 -1211 588 18 -341 259 -453 -437 496 1063 -305 -338 282 37 -1059 -336 562 995 401 1113 -96 -182 -532 286 -59 -1075 40 450 -629 1070 -389 729 326 -301 1579 41 5 -489 -112 810 1202 282 47 176 188 374 340 716 324 844 90 -913 339 -1110 14 958 -52 ]
[342 -246 81 478 187 244 -576 -155 547 -408 -86 -239 531 -1214 -715 1003 -434 -765 181 -902 -454 -942 1077 1037 686 132 -99 20 719 1084 285 535 -385 -145 -897 322 -648 -484 -889 -552 110 398 -539 -38 -699 -480 1205 150 -623 267 -473 1378 36 230 1012 745 -446 773 124 312 -136 240 1058 956 240 -178 -295 -611 -281 -284 836 -58 819 -1093 252 171 65 -880 53 -274 349 340 1315 -157 -113 238 -527 -185 -255 -492 368 977 814 571 -324 605 190 -536 931 170 -215 -669 29 -1263 550 353 -1414 358 235 -406 679 69 -220 -786 -588 -343 744 -189 46 433 616 337 669 -335 509 387 32 577 578 -622 ]
[-698 473 402 444 951 53 -156 -150 -144 55 840 190 11 978 -85 -755 -261 1202 424 -996 -259 -203 1019 509 1536 447 -24 -1199 -670 628 673 1452 -599 35 158 -208 -1061 -423 -1750 -29 584 -688 -486 -212 1074 293 354 -981 444 -509 -125 182 -514 -944 -169 -24 -1138 381 -792 -517 539 -800 129 494 972 -466 352 -470 -394 -426 119 -119 608 -182 -864 127 14 239 -1567 506 -491 249 -195 -1044 386 253 -302 -176 -382 27 594 -96 142 678 -1245 -194 652 53 -351 -99 307 -10 626 -65 954 4 -791 234 -1085 936 -195 -738 -709 -715 -243 158 198 -249 -1550 400 -407 -811 -353 1317 117 1193 -365 -1789 96 -32 ]
[394 -519 -502 -150 304 -1858 182 414 354 879 -725 -348 364 463 -880 -345 -208 -1114 89 1567 22 776 661 -971 -194 -1376 -28 127 27 -659 -584 1039 -18 341 467 230 100 743 586 1472 -182 -903 229 -85 36 -1132 -449 1238 -119 -662 203 315 -269 -494 1 -1043 1084 94 61 -980 -262 -51 56 439 517 118 -105 655 165 389 15 -290 -115 -1154 -329 303 -418 219 429 470 -765 142 104 658 -370 745 -860 -255 36 557 417 215 -244 -292 649 -561 67 -305 -874 -954 372 270 980 471 -207 718 720 -113 -55 -223 610 -237 139 2038 222 776 -424 605 1638 1248 115 -585 562 -949 84 -375 96 90 -415 481 ]
[20 -302 648 1243 616 -646 -115 -676 364 -230 1528 -754 -827 594 122 -266 -390 963 -1262 545 638 331 -34 -82 144 396 233 -1078 -604 570 414 682 -70 -611 708 -321 -316 1030 132 -218 1332 -590 -828 -599 807 948 60 -426 -21 -450 -202 -218 -628 -1336 561 127 -314 -687 -98 128 449 -381 -294 -623 1100 -208 464 -1115 -875 -514 -336 -942 1911 -664 146 420 -1006 -987 -92 822 -402 -447 -117 -1240 353 -2057 1202 -580 -637 221 844 621 25 -488 -1611 -500 74 337 -880 33 476 1245 -631 -499 1325 691 104 -398 -457 -33 -1064 -146 390 32 776 908 456 -273 -110 188 146 -988 860 264 -294 778 -85 -515 -288 97 ]
[458 -114 -594 474 231 718 338 266 885 666 -100 -995 625 -326 -787 339 -929 -479 901 -1132 -10 -394 -629 775 458 285 -388 -168 370 1217 -414 -208 -834 277 182 60 -870 772 360 -653 -453 -301 -816 127 503 833 -353 -1738 -100 263 -192 179 620 243 180 1578 372 1458 675 769 -49 -45 -1399 -311 601 512 201 441 391 250 413 -17 542 681 271 -732 208 -101 -1 41 231 122 -26 339 -604 202 -777 539 -681 -429 278 414 473 231 587 318 -152 -331 -438 -520 -553 -562 -350 -701 -14 -1095 -404 -4 1013 -1127 -1209 -117 886 427 1598 -1047 -166 680 109 86 -269 304 -461 93 -555 340 -260 811 -542 -413 ]
[319 -196 710 -655 343 812 569 -332 625 -850 312 403 874 -783 314 -256 558 778 766 -719 -194 -11 399 -1422 -444 65 369 -918 -460 367 729 -254 -259 409 -565 -976 -492 22 -1197 -404 -629 -119 -305 469 -88 704 -78 -684 1092 810 54 -803 -972 -1020 -1254 18 -20 285 -783 -347 -878 40 425 -349 667 421 62 194 862 -234 -115 511 515 1120 544 -1075 315 956 1010 0 641 582 -147 -494 755 329 -559 1012 -637 -95 -312 -308 -257 -617 380 1197 680 194 840 -145 528 565 -604 -431 -257 -849 71 -302 19 -183 -69 558 -812 -807 -127 365 75 -914 -685 -670 -254 286 -1024 -753 94 -1259 936 -29 -44 -439 ]
[755 1016 -296 -873 139 -1347 618 493 -1569 261 -470 1023 904 -377 -506 -634 248 23 616 -352 39 -849 -454 1480 1218 -529 -163 286 42 -364 -689 472 -25 145 -158 186 -4 -1084 -548 427 -12 392 918 663 449 -735 -890 682 131 29 87 -315 378 74 105 153 160 72 -995 998 -322 636 164 -522 578 594 -259 474 -1569 -247 -97 458 -501 529 -1823 -555 -437 -228 873 86 -703 360 329 540 238 933 339 -286 598 573 -306 -1727 293 117 539 -371 498 386 -262 -229 601 -1278 1166 179 -449 -228 -186 841 299 202 -645 -78 -179 68 -179 -702 -150 547 -86 -290 -31 830 284 356 -502 281 -1289 -175 -314 328 ]
[964 -648 1078 542 28 587 -52 273 726 760 607 -911 -71 -526 599 711 -917 -191 92 468 -270 -319 62 -40 650 1519 -755 -240 -45 -804 217 637 923 245 -135 -307 162 524 309 194 -1162 -465 -639 -537 158 608 -532 -500 -215 760 -695 865 396 -462 -828 805 635 464 908 314 173 753 -331 598 521 526 192 182 168 -77 -1015 -370 86 -159 176 295 -430 157 440 732 -588 -158 -420 -890 114 -301 1061 588 -487 -532 251 504 644 457 -434 782 -508 -94 881 -201 175 614 -480 343 960 -196 422 324 -1235 401 169 592 49 1584 7 -1317 608 -758 -1828 -791 -378 88 161 -907 -947 -829 154 314 -789 3 ]
[787 103 -455 475 -369 -227 -507 -245 -303 565 -578 597 -176 -227 45 -225 -657 281 127 869 -220 186 -1053 605 -69 1020 152 -542 -1035 -1186 -91 -756 -872 -16 757 -481 -2 -68 809 -249 197 -567 1008 679 -290 146 -1085 -269 -130 32 -599 700 1300 183 110 322 174 -509 358 583 26 -630 -520 -512 298 732 549 395 502 -191 571 -426 -611 578 -1341 -877 151 -614 -293 -192 -325 359 43 768 69 -1536 1539 -554 -830 380 -212 -31 -82 1206 346 -869 -423 -161 191 -323 -316 1019 -602 901 484 -878 500 -592 1162 -16 -1488 -114 622 284 -128 567 -792 205 164 -305 -544 -877 789 715 -1168 1289 -608 97 -733 -49 ]
[-95 -217 581 489 643 45 87 -673 -174 -170 659 -497 -26 -421 551 81 -64 99 -1154 -449 298 -417 594 -391 -914 347 156 -442 -230 -707 -19 -81 1731 -699 -1301 34 -841 -115 685 -644 -447 -141 -212 -168 -345 491 -807 830 -229 -367 -26 885 -1421 -1014 -432 -1491 -660 435 -7 -304 494 1245 -225 291 -242 -923 418 -1496 -70 854 -1235 169 189 -830 178 -377 -418 -24 746 160 -133 367 -255 -692 469 51 980 -12 -138 20 -427 -100 -37 17 -592 61 747 251 -47 -100 -209 987 -493 470 68 221 368 303 -147 874 610 211 481 60 -436 213 908 125 -1051 -215 214 -198 1324 -103 -181 -855 -639 540 104 803 ]
[466 131 320 273 -213 1415 32 263 1047 -1071 539 -1032 331 -535 -374 768 761 -124 -306 -927 530 -263 -715 -801 -1207 651 132 519 -805 514 -61 -568 196 629 -107 574 176 112 -614 335 -301 -1119 -222 -208 -114 1412 -268 -182 -712 -259 437 -124 -1098 -803 -766 -680 240 849 582 -637 466 346 1158 738 -186 28 -141 93 754 620 502 1278 1048 -307 2266 -1529 -1895 849 846 -625 306 784 154 -605 -286 45 -771 269 -11 24 -468 -7 -331 138 462 -206 472 -279 90 -1782 -923 377 -4 -686 -1158 -172 -217 38 143 -1109 53 -298 -89 214 321 -299 154 -147 -1346 239 -80 772 -304 -879 4 -931 67 394 1023 -874 ]
[-35 -592 -165 5 -448 -527 1190 345 1883 -601 577 365 102 469 55 -1006 -616 -98 -427 112 895 -272 91 438 -290 -871 -703 -720 -769 -618 -683 325 638 383 -2078 901 168 -234 304 314 -556 -47 799 37 -85 -1082 322 197 699 -110 518 1542 304 290 -1109 -496 177 -369 -271 -494 -252 1597 773 -416 -558 60 -299 -377 -239 476 -60 1056 885 -247 -570 165 -919 -609 300 852 514 -193 1799 679 419 861 -467 -850 -46 -303 731 -274 481 -512 1067 -897 238 456 783 362 -42 -1051 -911 711 -273 221 -59 570 781 655 -556 771 317 -18 -474 622 -75 160 607 56 -923 578 -40 -589 792 -1306 -400 1182 631 127 ]
[-112 -587 362 -40 1888 779 890 181 981 -505 84 -106 385 -316 -195 84 194 -287 -211 -1180 -86 -373 130 -598 -853 257 -849 -107 -1523 -78 384 -1085 -346 72 -21 89 -411 948 -141 1054 -114 -844 -16 784 -897 4 -1037 197 -651 -671 788 383 -575 -1152 -724 -326 -502 889 731 -27 564 8 606 -543 -99 320 -108 -754 302 -176 -651 -630 539 455 457 -860 -356 312 267 -417 604 302 91 720 449 458 -504 415 -705 50 -423 33 760 523 356 -777 775 403 4 -1092 -886 -437 487 -1139 -1110 -85 141 561 380 891 176 497 1117 472 275 -446 70 169 227 914 -1038 394 -1647 619 760 1146 -868 -269 230 84 ]
[-369 -402 858 92 365 56 986 1023 -163 199 -785 318 -890 94 162 634 995 -537 -340 900 128 -404 94 -809 -407 694 -616 -66 118 -169 1103 -239 62 513 345 -639 -39 994 1466 448 789 -345 39 329 -386 573 -701 -698 -646 -130 -322 -238 -733 -756 -96 -164 -518 904 551 -391 1098 -134 -750 -785 893 -68 -557 -549 410 -499 -530 440 155 -83 -1131 -308 -870 214 472 782 -389 883 71 166 -118 -1393 329 -157 -500 -761 63 -579 -278 94 -330 262 8 556 157 -234 258 -259 -303 1126 785 272 -161 -390 901 537 -791 -420 680 -180 124 -288 608 -682 255 184 -336 886 1002 -266 -831 573 178 -601 -1036 -427 ]
[899 -120 282 -199 1249 -1010 448 816 -1107 560 -732 1499 382 -869 -56 23 -432 317 186 -260 -628 -273 156 -846 -375 -35 -83 65 130 -565 -397 222 -388 -86 -973 -845 -591 1357 -455 343 693 1272 682 249 -864 -768 141 889 568 -1033 -1380 -17 -1115 -1631 740 -804 -858 160 -1070 310 -634 1436 25 -677 267 -108 -457 -2001 -442 819 -588 -154 -393 -568 -1209 422 -144 206 129 245 2 -675 87 -1154 -157 1498 -40 23 -859 495 -1668 -637 -198 -388 -726 -273 371 -380 -1163 810 146 -167 1131 -618 216 46 -988 1049 -694 1384 -1069 54 422 78 -995 -39 699 357 -46 528 -536 89 468 104 226 -44 -5 -610 255 330 ]
[343 -509 -224 1433 -115 -63 41 823 201 190 -249 -264 -324 1020 -268 -134 325 -291 -330 14 261 -1025 256 829 603 90 -826 423 752 550 -449 783 -863 -741 -106 30 279 450 914 42 33 46 -920 -796 238 86 828 -588 200 -172 -1541 -324 159 1348 1299 816 -127 -734 -79 -87 275 -300 671 96 -456 -536 240 43 -26 1155 985 -261 128 -806 273 756 395 -22 -590 -28 511 385 487 -449 -622 383 -797 79 801 356 -44 1184 -196 -122 -72 -804 -966 122 169 650 -14 290 433 -425 1350 196 -10 345 -27 -843 -1313 -242 278 -42 1316 224 -820 -83 44 289 810 -348 803 -458 313 737 -751 37 466 150 ]
[-453 -615 752 667 512 656 -873 -458 575 -382 41 154 -339 222 518 -319 -1872 -1055 330 -134 584 953 -112 -154 487 -618 -9 1004 -723 70 254 285 -734 184 275 576 -511 -196 62 -687 294 257 995 417 -1035 -189 -342 -706 -1423 34 74 1104 668 -982 -796 916 1313 1115 -422 -331 565 -1002 -240 773 41 -155 427 -605 -87 417 412 280 669 -820 -42 46 -329 -451 -1008 -896 60 -459 1205 -44 -493 -926 -72 -966 -1270 -462 95 1059 46 1133 -1123 -551 346 243 163 -498 272 1 531 -1034 497 567 -753 -642 -243 -366 490 -844 587 -616 -54 -196 31 -739 -53 -33 73 -164 -58 611 -261 1015 755 64 781 346 ]
[-331 -115 -735 -869 -938 413 -217 -171 939 -1008 480 -196 -1129 -13 -223 -654 -175 -53 502 -262 -240 411 -139 220 -691 -912 -532 -25 -120 -188 -310 -526 705 400 16 592 338 143 546 -325 -574 480 1790 -698 330 -440 -569 569 -428 240 1180 -119 -588 614 -426 -27 -516 -70 -894 326 -238 691 213 -264 -31 -755 781 -115 -1331 -825 -931 -242 1066 -273 105 -315 -189 -183 -476 -1480 -17 -1300 -521 1482 323 -35 -495 -978 -690 -449 906 -702 789 -956 -71 -151 -130 -749 -1216 452 -929 -924 -160 -53 -361 408 623 1213 654 1222 364 121 -516 -519 -995 -272 -257 -142 485 -897 -354 29 -794 -49 1230 -505 -552 532 -317 -54 ]
[-548 -331 -158 -328 -707 65 -431 778 483 -492 142 161 -37 129 -1459 18 730 -171 430 131 678 -316 -705 389 448 125 360 -270 -16 657 592 -646 -542 252 -261 61 118 439 835 320 401 1073 337 -209 -1406 -904 56 -763 489 972 605 -39 823 1116 -276 1377 -710 369 263 -247 327 60 395 -7 221 342 -475 -157 202 -447 858 -201 376 407 1097 299 929 -158 -848 -250 375 -97 -177 626 488 113 -684 260 -180 96 252 319 -138 294 83 -673 -1106 -29 -332 465 -286 -412 -420 -121 -549 518 100 -614 548 -619 135 -597 834 -1140 842 144 -425 -114 720 -698 39 -717 -758 521 409 308 715 474 -115 228 ]
[-383 -317 -431 19 525 -353 218 325 -412 70 356 709 -497 315 -132 -56 627 -1064 -593 -1519 222 -378 954 278 -767 -240 565 -211 551 390 1241 -73 308 53 -746 -582 -294 -299 1013 -424 -735 629 979 -185 -569 -322 1066 116 1212 -858 -658 -342 -137 686 133 896 -844 -613 -604 231 263 692 -474 -117 -370 -1010 -898 -271 -258 354 61 34 -356 -194 -557 100 643 875 -834 -198 75 -1279 -772 384 -62 674 -1033 455 172 -652 -1176 -288 -417 -480 -1063 -768 -636 -15 -595 315 145 337 -204 306 -566 1064 534 -471 773 55 107 -54 355 -498 164 -389 811 -396 -230 -1257 -136 221 360 568 20 -475 653 46 -359 454 ]
[170 -527 -39 506 493 202 -307 -418 -990 743 554 169 -646 -1328 -246 570 -940 -234 -1274 -505 1185 228 -579 -32 -527 -166 123 91 527 -43 -443 236 565 -1053 -65 -459 -704 -813 -386 24 265 17 50 -154 -209 222 -1281 1479 -598 -846 176 1178 177 -1734 632 257 312 752 -374 53 498 667 485 -605 1226 -575 410 -973 -128 739 257 178 275 -312 354 -83 -986 -124 805 524 404 -794 522 -843 -846 581 921 123 -1049 -617 150 -442 -344 320 -319 -1079 773 935 -59 50 465 -648 -638 -302 321 1011 -106 14 -508 94 -969 -1849 -421 -173 177 -88 1241 251 -911 -833 685 416 670 -292 -214 -335 258 -204 283 -81 ]
[-464 -330 -103 -495 1722 -450 -42 -555 -806 664 -354 94 178 816 -451 -542 101 116 -567 475 -128 -769 -178 1029 773 -758 -715 -115 -205 323 -140 63 -59 -35 274 -51 -86 171 1130 3 481 734 497 1507 101 -873 590 1131 0 86 -638 -503 -119 597 152 234 607 531 318 702 354 -802 297 -343 416 895 394 1581 302 -713 280 -193 -1085 -442 -402 255 765 269 -1 1025 -1619 -234 -646 -109 322 -29 245 -1181 233 833 -162 -292 274 387 -1181 -497 -146 -271 -160 -1634 288 -286 -765 272 -297 -373 -1431 -241 653 -496 181 -408 -991 -3 170 892 506 -125 1079 665 216 90 -575 82 -268 1366 -453 -317 -236 425 ]
[-161 -467 111 -207 7 -352 -234 1042 414 333 -714 -1085 402 182 928 -633 362 643 481 857 454 190 -728 185 22 -1258 -616 -680 337 387 -595 -52 1276 -799 -731 838 172 918 899 -494 -444 -966 533 -955 171 197 -255 -85 386 870 263 244 598 1003 -154 -7 -49 -216 109 -387 30 777 -63 520 -479 -155 246 14 -395 -84 -44 -656 500 -111 274 133 -403 -783 -138 863 -446 -22 -226 1027 254 -727 349 -346 603 77 1166 -78 278 -255 531 522 -981 479 -693 693 -29 514 -359 -11 -311 97 -122 405 -11 -88 180 -103 33 728 379 156 -236 438 362 116 426 -66 745 -728 1101 -1021 -228 1102 -1120 -560 ]
[-1057 -591 -259 386 809 1261 -109 -194 1013 101 -159 -1526 364 67 -867 959 -240 -154 244 -750 -22 466 173 199 -609 788 -399 -1193 -618 150 -258 344 -1019 40 846 145 260 2 557 -940 573 158 -763 -1186 37 -97 -78 709 -904 -136 -458 -73 -47 -803 644 665 1157 -405 -436 -579 -218 226 6 -631 181 -1032 -159 -789 370 519 346 34 855 -339 -188 -20 -589 -873 -399 358 1220 394 1255 -73 -238 -201 -586 793 -440 199 73 1563 -330 -162 -57 123 13 49 -850 -144 -495 34 227 -844 480 -619 784 551 3 64 187 2 1683 585 510 312 -820 108 -715 328 294 -561 660 107 -54 256 -379 243 405 360 ]
[-859 -36 151 341 -225 -829 -433 -8 490 49 -244 97 144 566 -129 -478 644 -338 942 -637 291 -20 423 -1015 170 167 704 890 -147 -97 1164 1310 -584 -239 -523 1359 -989 475 -515 374 -586 -84 -534 -927 721 -245 -1048 -569 252 -502 957 539 -565 -1035 119 27 338 -353 -525 -883 52 -783 -1069 0 273 -1020 -413 -199 152 892 701 180 1443 -302 -1667 109 -377 -4 -78 -517 -193 399 574 -321 919 -337 -364 -186 324 81 56 601 164 -233 -898 -213 1122 633 -778 -452 483 168 1212 -1572 190 278 -720 -164 -305 -101 1122 1380 -287 -111 291 -114 529 19 429 1246 -299 748 234 625 -240 -297 511 -471 -22 258 ]
[65 -303 1065 289 -150 -1266 256 569 -95 186 -122 -374 -336 486 516 207 1252 484 -292 294 129 -204 -30 -384 -990 -1076 -233 -13 199 -1035 1301 -158 1255 300 1529 -950 1728 598 187 897 927 64 22 54 222 -170 -861 1462 44 -800 952 -473 67 430 108 -1273 86 -1335 -825 -6 -373 -460 -581 -111 -868 -675 -209 -524 68 -1282 -553 -877 -51 196 -1756 121 -236 293 639 145 -612 -263 -773 -313 1094 -1092 1520 459 610 746 -141 -341 436 -267 17 -333 -1165 327 -559 141 384 -274 282 28 -241 147 1141 -564 622 590 57 399 -472 -193 -324 270 498 -152 703 440 173 711 564 -147 47 -80 -560 660 -87 -114 ]
[54 747 63 982 387 -573 388 -95 -707 91 1086 -476 1111 -228 -863 -1154 70 672 752 -643 -510 -294 -41 -182 637 -538 815 170 -892 -334 -858 -173 -32 -1224 -670 787 -642 -130 -1178 612 -128 -368 -483 147 182 -174 240 -24 78 -804 369 -108 -737 -1253 -113 -654 -705 767 1118 -644 -69 345 150 224 495 -3 1066 -762 -248 924 -508 -733 393 22 27 -690 -264 703 730 259 -1103 633 -1085 -244 661 19 -408 -428 249 -245 -988 -325 495 86 -512 -647 39 870 -363 92 69 -135 318 -136 393 64 -537 -376 325 214 -457 564 -219 178 -464 -196 248 683 -169 1499 -382 350 -677 -530 127 804 -805 -519 -740 21 ]
[684 805 -260 348 846 -1614 142 80 131 495 44 -2016 742 -164 271 513 12 -589 -80 -1055 135 -331 443 -115 57 469 -471 -18 -1134 584 -195 904 -122 -253 -610 -336 -352 -272 -249 -379 929 -1457 -1548 606 -438 -562 -378 -371 -283 -431 -1421 -58 -438 91 694 -4 332 -304 799 633 1188 -1034 265 468 -1480 282 -134 629 1422 -18 -449 -418 -665 -677 796 -121 -1262 -536 690 2157 -119 242 -353 -1234 1116 -271 594 376 463 361 -509 2505 -271 90 -846 -724 -830 -1088 72 464 -1103 1066 755 -20 484 162 944 -186 -444 -1565 -560 307 -1 1185 934 1320 -196 280 -321 959 -379 -459 1109 -342 -10 874 -992 128 714 103 ]
[623 1035 579 -567 209 -158 -433 1 -539 253 103 1157 -322 -526 -103 -339 1019 -275 381 208 -800 -251 1172 -391 386 292 833 417 696 -20 500 -194 -542 -715 1046 -1250 333 30 -620 1182 -339 16 34 260 298 808 223 123 1200 251 128 -457 101 -86 -70 -526 -5 11 -602 -221 -414 -161 501 333 571 20 278 82 -511 -299 -347 -281 -319 563 178 -35 403 585 -405 262 180 85 -130 -476 -314 14 -127 115 59 -195 -530 -482 469 -635 261 922 -219 146 -6 311 -187 -166 1111 -709 -315 673 1771 393 -1070 -6 132 303 -116 -292 -442 -570 -630 -14 -493 645 646 219 -936 124 -388 -240 -202 -186 416 -157 ]
[-455 -446 -561 -435 -2 -11 506 477 -437 387 -760 -114 537 -72 -459 -606 28 -191 -1017 868 681 -336 -1002 -710 670 -332 -753 -62 -322 237 -660 557 704 -88 -1311 492 -497 -935 545 356 -347 -293 1210 -234 -422 -918 -2012 352 -380 170 946 88 -176 -294 -1191 -565 -647 517 -1015 -213 -384 142 -752 737 409 219 105 -85 27 847 -772 316 -5 4 -383 -1178 -1559 369 1164 -161 -590 309 313 338 -72 1639 177 -715 565 -653 -356 -1784 208 0 555 -102 1250 1002 -561 -419 495 -747 400 677 -723 124 -796 168 583 1111 -76 -630 -1068 398 370 12 305 376 126 -34 82 304 515 -155 -376 -1380 295 -292 -721 671 ]
[-358 533 293 -228 -40 -394 43 -677 872 -1364 267 278 187 230 -684 360 663 67 842 865 -201 -222 1503 43 471 -580 216 -998 -58 -156 608 -60 -1095 604 -29 -204 -177 909 -909 -754 373 -123 -494 370 -390 550 1612 406 432 168 -609 20 1119 436 -556 75 -217 -1174 -618 386 84 -732 -198 -794 -445 636 -770 -511 -433 -1300 509 189 -655 915 -724 -987 1078 -464 -122 726 894 346 650 493 946 -431 638 651 136 447 374 232 454 56 858 1340 -619 -765 713 620 -200 4 -621 -561 563 -983 -490 -8 -363 -198 -35 -346 495 -1356 -378 -179 15 669 506 949 -795 -746 -4 734 254 303 183 452 230 -755 ]
[-347 410 -572 696 -134 -681 -1148 -187 -618 1125 223 830 -1011 819 -589 -754 673 37 575 471 218 768 -132 82 1116 221 435 -386 -605 -30 -96 284 -268 -992 341 304 251 526 355 515 -292 -739 477 -324 399 -280 30 -620 -120 -582 240 581 1290 -179 -505 447 -478 251 233 -1155 107 -646 -239 1297 1058 151 710 -954 -780 904 152 -361 -355 -591 -529 409 86 -368 -1166 -129 -599 373 210 -87 130 56 313 -320 -394 -302 -581 636 210 1493 -440 -825 -385 -341 -458 578 23 651 534 502 797 678 250 -433 -1477 -971 -889 -312 570 1486 630 -639 -923 -230 -1090 163 625 -898 2 956 -206 770 -618 -652 99 664 ]
]
