[[-459 60 320 -159 -311 -493 219 -604 479 -813 -410 387 135 346 -654 -15 538 -81 -251 217 142 557 -119 505 572 -177 -130 -187 -133 42 -398 327 276 -43 -54 654 411 -679 178 553 -363 404 455 314 -648 -163 45 463 118 -187 183 654 466 -215 148 -232 136 174 -298 -10 -90 453 298 -401 -870 694 716 342 -298 358 -70 273 208 199 -1336 -69 -625 -960 -876 -389 609 355 378 702 359 389 217 -575 975 116 642 55 268 750 -371 -762 383 -22 -381 -117 266 -481 -636 66 -842 -33 -227 417 -325 -892 -109 93 282 -603 -753 -207 201 -326 -171 81 -165 -178 -118 180 864 291 -410 51 -7 192 ]
[66 480 -26 -408 -352 93 -474 -57 173 -452 250 6 -208 -263 -868 399 810 173 -474 701 225 355 -308 502 381 244 11 517 282 477 -1161 24 109 -211 202 -199 388 -108 238 844 -419 -120 952 -153 -474 561 14 1272 -587 -627 548 1033 -2 -649 -40 636 -163 482 -261 727 401 -225 97 -907 -168 714 618 -495 -1441 -93 -577 -43 563 133 -651 178 629 -639 209 26 781 452 1182 645 -319 12 -60 69 93 -134 -835 -323 -203 -330 -104 -422 -476 809 500 127 -297 -341 239 676 -811 60 -62 -103 -503 -1056 -150 260 169 123 104 66 -112 337 -88 269 728 -217 -495 833 294 421 9 -297 -537 -262 ]
[-61 29 -125 274 -372 105 -176 38 41 589 151 -10 278 184 348 921 487 -202 -160 -503 -2 -201 -58 716 -75 570 164 11 -14 -829 348 604 -141 109 -297 359 -700 295 96 572 255 -108 413 988 -776 -317 -207 -346 40 -372 -426 441 115 500 -323 -104 532 -529 -258 131 -313 272 -134 -351 -26 -727 -460 389 485 -621 187 -642 535 192 1636 346 104 243 915 407 52 -185 171 764 343 -790 199 355 -917 -439 -276 -514 51 448 -86 224 -335 -114 189 1038 653 628 786 1024 612 -205 141 -633 -96 -587 134 192 313 1028 329 17 283 -467 933 246 462 -719 877 -30 -592 -160 261 -66 -630 -82 ]
[-28 -155 144 -486 503 -603 -39 87 -175 -773 -417 -358 -54 -307 206 -806 -148 32 -323 -394 363 1069 -400 -883 -734 133 -690 -300 250 -203 -1168 -714 85 4 73 610 315 502 -373 835 -530 -73 -135 410 -342 754 119 949 -1361 312 537 -73 -677 -152 302 190 186 884 -864 515 91 -719 280 688 -226 752 -325 -617 -333 -479 278 -368 480 -93 205 -326 61 -459 -578 442 386 -241 289 -809 -497 -481 -633 139 236 548 -236 -58 -183 -25 -26 -360 682 574 427 -45 -323 -562 304 203 -872 -525 248 504 107 750 -587 -268 121 -147 482 391 -586 213 -846 398 400 -317 -224 512 328 286 -842 575 -337 -365 ]
[-397 -264 -115 103 -105 465 -264 -378 596 -563 329 219 -713 -126 -247 -378 -148 351 193 446 -400 144 383 868 279 -694 112 63 1109 387 -95 437 -534 290 72 16 -72 -9 -21 -441 181 -129 -321 89 438 376 36 362 517 -330 73 392 -13 -357 543 -607 -335 422 -97 798 -4 54 -454 -558 -317 368 9 114 -179 178 999 618 322 -447 -865 48 279 189 298 -85 688 67 -651 -206 642 1041 -488 767 -230 216 366 658 -179 -60 556 -163 -471 -417 -653 -551 127 967 -177 -178 -136 545 112 -659 -222 87 807 558 41 -647 -1082 196 419 -549 -717 815 -235 475 260 -729 237 -221 -547 -9 -16 1551 ]
[458 97 138 -200 -661 62 -138 -57 113 -486 -52 -129 517 -494 -258 1054 965 -258 -203 633 -706 168 -190 266 605 555 52 364 636 -330 -375 169 275 43 -24 217 -888 256 420 163 316 143 -402 671 -513 1007 -773 288 -184 -171 84 604 410 -1131 275 -149 -353 1149 40 1059 129 83 126 -353 34 -41 -927 423 -482 -806 -556 -485 1092 -546 439 -141 517 154 125 827 1223 420 -360 -629 210 638 -805 426 -618 74 -675 421 -443 -371 -136 -22 -416 246 644 -330 1 573 480 923 1074 90 503 -961 54 -456 157 149 563 712 -144 200 572 -1010 627 617 400 -446 652 92 -536 48 551 -25 -1156 263 ]
[345 -185 -563 -86 71 69 -106 -31 239 671 403 -594 -91 -624 4 -270 924 41 -576 -689 -392 -188 -11 -147 -795 270 -936 580 -570 -63 -811 -49 182 192 131 -756 135 335 -904 418 275 -647 180 605 -512 -189 583 -429 46 -247 70 209 -357 192 -753 171 -116 -101 -360 -98 -148 78 460 -47 311 -541 -1060 -534 -593 -294 -628 -744 291 457 1540 -33 405 -704 542 175 -523 -339 146 1260 208 -777 -70 -53 200 188 -262 -488 -470 537 235 258 411 340 1191 -164 -197 -618 348 -774 352 -379 690 -110 -572 12 -14 125 100 -157 676 -219 -124 262 635 -424 1554 -289 671 397 671 -458 28 74 -333 -690 ]
[-118 369 -73 104 188 22 172 911 -102 524 -433 -309 873 482 1209 1091 -75 307 -244 -1477 302 125 -746 -215 237 364 -328 -20 -116 -574 -356 79 563 -198 -826 88 -188 10 512 314 -191 -281 -596 -250 -13 689 -261 -418 -162 661 -1145 -268 -283 -974 -41 -453 548 563 707 -305 -235 -42 -312 303 -270 -386 -457 242 184 -233 135 47 713 -476 663 -330 178 11 -268 844 -259 -588 -526 -200 -389 -599 -113 -439 -934 -654 -233 -920 -338 430 -303 -204 -196 502 698 487 -133 -661 171 425 118 -326 299 13 -109 106 -1191 -981 158 1213 294 690 -133 -635 375 336 -569 -298 -428 -442 -456 555 -50 175 -555 -148 ]
[308 -103 -265 549 -663 58 588 319 130 -372 -76 -181 -388 -425 -597 -1384 626 -93 514 971 -284 -238 144 66 378 -531 551 506 -39 1076 -254 824 -492 -158 608 -243 1854 187 -684 -913 462 136 34 -277 -475 -580 230 -60 699 152 13 1328 711 -218 -226 -877 -1055 -44 -312 40 330 17 84 328 -534 122 165 288 -965 1028 -528 482 -558 149 -1155 -1231 -33 -303 -417 -345 818 756 -191 830 -183 917 223 -31 864 362 636 1066 -553 278 -24 -380 -450 -115 413 -1173 -498 -595 -80 -1430 151 354 97 879 -240 -602 -148 411 -417 -906 -215 -158 -218 -207 -110 155 52 263 177 469 132 -219 480 177 672 5 ]
[560 -155 18 566 326 121 824 132 -563 -403 -588 -150 192 517 35 -1321 -309 -471 741 974 22 -222 -339 878 584 161 304 358 -279 418 108 -562 82 11 449 -366 151 -37 -1038 -583 660 460 -577 221 -479 -728 582 -836 498 737 -88 640 479 -179 -616 -815 17 -837 451 162 262 -363 -199 234 468 144 339 698 51 377 -1310 276 -631 312 -269 -245 -739 -461 -23 -857 -509 -1 -529 306 -486 -265 860 -606 418 1064 566 925 -597 300 356 303 -61 -431 69 -583 -239 -339 455 -1288 441 -382 -134 964 -232 314 142 144 -73 -1253 526 -139 -3 417 -137 -642 151 152 -40 318 72 -1038 114 666 750 -918 ]
[89 512 -485 515 -89 252 314 -371 -784 -508 -282 -75 453 425 -417 -1265 -1 -882 662 1016 310 228 428 533 320 91 1311 112 92 -219 718 303 -41 167 405 289 -781 37 -35 -406 -153 678 466 245 -581 -460 99 -220 -570 241 -194 1249 259 -180 120 75 588 -789 -265 409 -500 -623 74 -640 -1693 61 880 343 882 -175 -67 -261 -560 76 23 -867 -350 520 41 -543 810 -292 594 671 382 179 610 36 191 719 -380 0 -187 34 359 -198 -706 -648 -580 550 589 390 684 221 713 -474 -134 340 192 -440 227 74 -825 571 448 310 498 893 652 10 -844 -439 569 773 -777 -465 67 441 38 -799 ]
[-20 -53 659 -308 -347 -755 268 337 345 49 -804 -383 407 136 127 16 406 -336 -600 31 577 -357 -873 -1338 275 1271 -70 -329 -660 -483 -749 928 63 -517 -895 593 904 -233 304 579 -577 -97 570 -232 -286 289 56 -501 372 111 -22 -20 341 20 -103 -624 -301 448 696 -813 220 644 406 638 -395 991 -1275 732 -832 501 -1128 -111 -90 18 -645 -596 -132 -377 -893 443 187 497 641 -446 -455 -430 377 -388 664 -724 1246 -397 -23 813 -1373 377 478 -149 993 -299 -315 -867 193 -59 -145 398 187 1378 132 -294 -281 4 342 480 437 345 -43 -484 -385 115 7 -567 -32 -253 -497 567 622 -22 -29 -183 ]
[315 401 -302 313 -704 113 260 978 -292 -202 295 -60 191 -185 741 28 73 820 554 -210 269 569 273 -467 -816 -807 -201 444 466 197 -602 -237 -84 -96 209 -725 2311 1054 -687 -430 683 -672 -246 -503 275 1037 339 152 -826 137 485 -76 -748 268 737 -68 -174 447 -823 294 552 -1051 -286 448 562 -119 -86 -670 -380 -683 729 -71 6 -232 420 -232 1094 -472 -553 525 394 -172 -1065 -700 -332 -508 -1168 591 -1221 -2 -444 340 215 -651 -209 -66 -37 446 545 -348 -979 -580 156 -267 -776 -3 209 -745 62 580 -1106 -194 219 -310 -61 365 -1249 -461 -828 852 243 319 -110 581 232 768 -477 -23 -483 1146 ]
[397 -40 -26 578 -700 -332 314 526 -439 -563 -177 -206 619 42 822 -656 -170 47 938 437 -340 536 308 701 303 -627 261 152 828 -183 -11 -354 -85 810 -21 244 -229 350 177 315 -35 501 -549 32 299 1029 -194 -317 -237 955 -612 1194 63 -1252 739 -813 294 156 -728 1272 -51 -713 -57 336 -1425 -154 535 392 629 -817 -190 57 -120 -460 -255 -69 -642 -395 -821 -8 528 -329 -1054 -95 569 -421 -1043 61 -192 492 -252 413 -151 -229 92 -329 136 174 -131 -54 -215 491 -57 397 168 38 -409 17 141 -543 -309 -872 -190 -213 -191 346 77 -17 30 516 -1229 -118 517 1270 -666 49 -208 255 -580 366 ]
[942 280 -488 156 -160 400 539 -44 23 -576 -528 -176 208 462 164 -639 -23 61 576 281 -478 718 86 958 381 -862 -26 399 295 281 2 -382 215 36 -48 -182 -445 -560 -600 605 -91 295 -267 -548 -146 101 -97 205 38 -11 204 1029 -169 -853 161 -537 -320 -206 -8 1286 82 319 296 -808 193 -292 166 97 845 -704 428 983 149 -525 -717 177 -216 132 -89 -671 -212 -486 -1045 897 102 367 -458 -70 -8 817 214 688 -419 -341 316 -1192 -349 348 -748 -73 -526 777 -382 62 207 921 -661 -407 -164 281 -142 -333 157 -1515 -379 -666 -352 452 -346 -241 -539 438 263 1562 324 286 -410 180 82 583 ]
[1124 20 216 -399 -510 -46 695 -167 135 -834 -1148 38 481 -340 -152 -477 -289 -235 -456 409 330 -213 -438 -426 123 1036 -500 175 -30 169 -1127 547 -402 -327 -287 -142 512 -434 -191 694 -285 -13 88 -155 22 584 217 -208 134 -57 17 351 -296 135 -255 -37 -393 866 244 269 -622 339 1058 846 845 374 -865 135 -381 498 -561 -193 324 -476 -511 287 -194 169 -703 551 441 448 -432 -250 -84 126 -930 -499 564 237 887 5 -1208 323 -651 -199 172 -235 739 -1115 -858 358 119 -671 167 457 -84 389 696 871 162 -44 17 -790 804 -115 -66 61 -1330 -66 875 -145 -116 1169 -152 -230 -119 383 -287 -266 ]
[738 -526 -613 313 136 -319 717 150 -168 125 -322 142 -88 -1213 -244 -890 -902 159 -101 -430 -789 -18 340 -865 -767 13 569 -360 220 -30 676 408 -141 -364 492 81 -369 122 194 -605 23 368 -849 -184 431 109 -233 156 -449 117 -680 -592 165 -633 506 -291 -951 93 -619 -191 -511 296 430 578 161 -1836 -148 -655 1227 695 1393 -1154 -140 -705 210 -1511 -445 1172 -244 155 137 -53 -1076 -183 -45 1561 -728 -372 893 191 -574 636 -894 -210 -320 -886 -645 11 22 -299 -98 1008 -628 -1073 1183 608 -410 83 1212 660 -507 -242 -1269 367 114 66 -793 89 -9 64 -812 280 189 684 -645 309 371 623 940 28 ]
[39 766 -198 -233 722 516 -516 256 -632 385 263 363 -151 293 -280 -212 181 58 -264 435 -156 -362 -429 -21 549 337 198 1247 -719 790 -752 -1281 -1 60 -224 -603 59 -470 75 218 -600 -768 439 -977 937 427 537 55 -115 538 -83 54 -161 -1047 -219 -505 266 -131 1319 300 686 -216 -577 -86 -1487 757 132 -349 -733 -49 -690 411 -722 34 -483 225 781 -862 217 -529 -27 -335 1176 -229 -308 -348 700 -297 -206 -486 -115 -1101 -169 -388 920 599 42 128 302 267 -470 -253 1126 305 -769 -240 -487 1186 -717 -508 340 -84 -61 204 560 633 432 1620 171 -674 442 41 -279 -744 -104 400 482 -170 -188 -712 ]
[691 -955 750 187 -525 -26 51 325 506 301 115 -503 385 -357 64 -824 -1301 767 38 261 1142 -361 158 -572 -541 387 204 -229 415 -27 -645 815 -1208 836 -513 154 1176 649 165 465 -345 -232 -359 275 425 858 633 2 414 -144 -368 187 -614 839 441 -169 -498 121 -1034 303 78 -610 -332 274 1005 -8 -341 -648 -372 113 119 -540 19 -3 463 717 532 -395 50 371 100 -143 -254 -1281 107 -660 -1055 868 -322 -587 463 303 -105 -154 184 1020 637 -352 -417 -551 -300 576 -608 149 -402 94 165 71 238 664 -342 -122 143 -124 380 -98 -380 168 -1462 1264 165 41 230 -364 -470 -242 -274 -142 -239 325 ]
[238 657 -80 -322 -891 713 190 -377 139 247 428 -591 1409 498 -511 650 85 -158 -82 -164 1673 -556 626 132 752 401 513 140 -1163 845 -75 1682 -346 -411 -185 16 276 -656 510 -106 -752 -552 1054 -543 -1185 233 -47 286 552 -1072 -109 1344 187 840 51 715 26 14 -117 -703 -488 670 260 -185 -342 510 205 -703 -760 872 46 557 613 487 -415 -779 914 232 -5 684 961 476 927 1139 -295 301 214 -177 680 -748 681 -928 360 1010 -684 -299 -507 -177 33 92 303 -1470 -212 615 -375 -178 245 14 125 -458 -1002 -605 -388 1167 382 -373 -182 -350 -223 677 -60 30 -54 670 150 531 -275 -372 -135 -887 ]
[-443 -249 178 -621 37 -130 -1351 8 -277 578 439 -182 -289 -144 -38 1159 64 37 -673 -680 669 -357 -242 -143 -248 1399 -506 -1037 -136 117 241 -89 -702 414 -643 -790 -795 -44 210 1256 -805 -113 1092 -880 -348 -185 -504 894 -647 -1119 174 -172 -997 1067 -768 2217 799 -15 -271 -272 -641 772 892 372 836 92 -216 -233 222 -255 -423 -298 614 -27 173 858 280 1273 1039 1303 -529 174 678 401 -783 -1152 -418 573 75 -710 -141 -1403 -622 25 -689 454 -128 369 636 960 210 23 369 1049 -269 -236 -497 -147 623 -143 479 -571 -534 1151 1082 62 -355 -187 183 -527 -141 -84 -892 812 -395 214 43 -467 71 -895 ]
[644 329 386 96 -849 931 -744 -40 -802 591 913 290 -107 419 -803 418 498 292 205 852 -239 -399 149 443 640 -115 734 628 -371 707 637 51 519 192 681 -537 656 239 -423 -197 468 -322 1044 -41 -753 -667 457 680 -171 -701 587 1120 268 435 -199 799 -454 -1174 -398 261 654 -84 -799 -496 271 -705 1131 144 742 -286 -319 -572 -361 374 223 -705 317 -364 1049 -160 448 -419 -467 928 -314 -484 -68 593 -259 132 -109 -5 444 133 141 -13 -82 -373 73 291 321 -379 1075 501 -434 -202 -950 -802 -263 -951 -797 303 -355 351 -7 -451 -1044 185 594 60 -103 272 385 328 84 846 108 -118 386 -318 ]
[399 -153 1058 -2 43 -60 1131 -228 -23 -45 -519 -760 539 112 -226 -1350 226 -445 77 498 681 804 -44 -1876 -84 -454 -344 413 97 -474 -1175 15 594 307 632 589 1090 376 -247 -339 805 846 97 780 -411 -490 737 -465 262 678 403 -6 569 58 452 -194 -715 405 -181 -211 33 -1311 -50 396 -585 594 -165 551 -170 550 -1629 -282 -7 432 -111 -1199 -196 -1558 -1605 -381 554 36 -43 -842 323 -445 -341 -238 1266 392 229 967 573 580 42 269 897 168 263 -1522 -129 -1812 -515 -1826 -428 -999 1064 702 -775 341 -850 58 -106 -1010 394 190 29 -63 100 360 -63 -348 -163 230 826 -72 -812 261 -391 -1138 ]
[1076 14 -295 171 -295 675 871 637 -103 384 -988 542 1405 324 418 996 618 44 -331 -58 244 -345 -1061 -205 1150 885 1120 -164 -634 -38 45 -179 -143 -370 -1035 567 259 -131 -145 302 -237 485 -577 -29 -272 -321 -538 -537 -50 1087 -852 449 169 -369 -551 -680 390 -132 1066 -404 19 718 -3 45 363 -201 -922 1179 400 360 -593 459 633 -620 1014 449 550 552 -134 50 -567 163 -486 -354 -802 485 907 -344 -1126 -226 530 230 -637 59 -64 355 -1088 -492 51 37 402 -96 187 541 887 -132 -460 788 -370 247 -673 -90 789 550 888 412 84 91 545 -439 -475 -527 -458 -878 -732 -618 1359 176 331 -880 ]
[1013 -438 -245 307 -924 951 -211 -56 201 589 867 -375 545 -122 -249 -768 -521 96 848 202 593 -64 1015 -74 -473 141 152 329 -493 375 -235 -58 -1075 968 232 198 562 301 -700 10 -765 -373 692 -840 164 342 446 256 35 -533 203 668 -356 451 -145 -53 68 -562 -1237 736 -413 -327 48 1005 -807 362 -123 -292 977 -543 736 99 -387 -169 884 68 1326 1222 540 674 153 -25 -754 -749 340 155 -1247 1622 -342 16 683 73 -93 -336 1092 63 -696 -696 -914 334 464 872 534 909 -104 124 -807 -544 347 549 149 -210 -216 -667 768 -228 -385 965 -195 83 34 480 546 897 -603 -37 112 -110 113 403 ]
[-889 165 445 1294 -253 -891 302 64 -406 -128 -464 29 -381 -7 170 359 -402 -479 211 67 216 363 -285 -194 161 543 225 -651 1207 -1540 659 1173 548 -689 93 943 677 732 761 -83 756 597 83 1249 -329 271 -57 -610 -154 383 -652 -128 943 242 884 -342 207 159 -359 -597 110 -97 -351 -245 -712 -559 -151 461 184 -2 341 -888 -59 -111 748 -725 -531 -200 -778 -181 528 66 -460 -476 87 -339 -162 -195 -620 269 -276 -86 698 98 -615 660 144 -454 -712 800 99 -351 -220 210 326 -43 869 784 711 -521 -282 43 305 1354 -858 286 17 -1123 -478 1411 -881 -1098 803 -587 -632 336 -448 300 -710 1208 ]
[-126 -153 269 826 172 277 -76 412 -442 539 264 -55 -87 -120 -920 -362 -136 711 1178 747 392 260 -91 -1132 -482 198 1101 -74 -847 625 1451 28 742 -248 807 -5 1640 156 -357 -1107 315 357 456 -736 16 -445 0 920 -106 -154 317 -1491 266 727 146 711 -1059 -852 -799 -641 1622 -416 163 -200 592 -829 793 -431 706 -2 378 -366 -1161 296 -649 -964 239 997 -153 -498 -283 -99 -568 -639 -657 378 273 48 29 -519 -510 37 218 -927 140 10 -422 -78 -895 357 -216 -621 -548 231 -235 -155 -601 696 1056 127 -1222 -200 -326 780 -384 -771 -986 507 -316 -186 -400 163 36 -189 -298 880 276 133 1154 -8 ]
[-269 12 -134 274 -1 -486 -275 215 59 -287 -88 273 -378 -192 -481 1302 -93 -434 -456 -294 -254 -838 -263 -421 -18 550 -1197 390 149 -3 -1092 326 345 -471 227 -679 683 -234 478 359 293 -165 433 -856 -341 -770 -718 89 950 -591 -502 -168 -32 -295 -804 -123 -459 733 1005 -385 -1224 412 328 188 792 270 97 377 -1750 1446 -517 -353 480 227 -649 44 239 98 -195 550 501 906 176 -96 -145 145 -252 -304 95 -252 40 42 -801 -55 144 91 -465 372 889 -902 -800 -559 -154 -708 419 111 888 273 -17 -694 439 470 620 -49 23 -206 376 -906 511 -10 422 -416 -1407 165 -62 473 3 -241 -625 114 ]
[-54 750 -211 91 430 -204 -295 -246 95 131 116 211 -599 -230 411 88 -382 -110 250 -1006 -437 527 354 190 -908 -334 -1502 -210 739 -461 -291 -167 156 143 517 405 572 263 200 -8 867 -260 322 765 276 -376 570 -126 -685 -384 827 -362 171 532 3 1451 440 766 -464 -95 -713 -70 184 1242 -204 -300 -149 -91 356 -284 673 -232 -275 -366 908 759 -400 158 318 719 305 -14 -193 -373 323 -535 -1447 426 44 471 -47 40 877 27 722 66 787 41 -660 235 -404 249 438 -170 -956 -357 326 -608 -297 467 346 549 -535 -828 -293 115 -660 -473 -125 161 467 -123 635 656 579 37 -490 -229 -707 530 ]
[25 213 -494 1052 -235 -375 328 825 -99 -1157 41 659 543 3 703 401 509 800 415 -77 -1167 -1019 367 717 57 -779 1061 -33 181 507 824 -96 -191 175 396 -92 -611 196 61 -523 742 71 -348 976 245 164 -806 -702 63 786 -496 480 228 -108 841 -520 -442 20 -364 -100 -204 616 -140 794 -721 -931 17 1242 376 606 325 -526 51 67 34 -399 -969 -210 -84 -170 421 495 -1414 479 466 384 -122 -317 210 -251 203 717 -460 550 -851 134 -572 -1160 618 -204 -275 699 546 -409 837 -292 -345 -372 291 -805 -364 -68 -523 759 -221 873 -19 -731 1052 -12 -1138 -524 616 380 -828 -307 682 268 421 723 ]
[1033 -177 175 301 -168 674 -364 -164 -141 -338 -70 -1100 -36 -27 -1322 -1411 -516 -682 -292 728 -278 -264 -112 -570 81 406 -96 1003 -196 -280 -588 29 -685 -18 -125 -395 -99 42 -469 8 -561 -453 -189 -466 -773 365 -463 98 64 -471 83 820 -753 -496 -286 72 -1317 658 487 982 -45 -249 -537 181 -345 462 -682 -539 487 -10 397 -252 -359 -381 392 -1502 1661 723 909 395 1143 -132 -167 -973 -775 872 -315 1217 -170 491 -94 572 -866 -596 838 285 260 -800 -433 62 -760 265 944 506 1400 493 262 -364 516 958 542 -422 -411 247 864 277 -27 884 329 -117 220 412 800 240 -528 765 218 186 -139 223 ]
[891 1035 -629 433 -237 118 1117 778 -94 -48 -583 -331 -18 408 373 -733 -548 -405 159 373 210 -167 159 -510 79 -672 159 395 768 -845 70 622 409 -958 -594 -172 59 181 590 -610 954 381 473 -527 630 -182 -182 -1191 -158 781 -249 -127 -509 140 337 511 -453 943 1296 -337 -398 -378 201 -490 -479 -175 -677 610 -145 240 -136 304 -425 -85 391 -147 469 1173 -84 28 424 -290 -285 -320 -131 120 210 -300 -893 481 -600 295 -391 -707 24 623 -633 -846 -194 -150 -1143 201 539 -384 931 604 586 13 364 606 598 -36 -307 1310 122 315 337 206 540 110 -1046 -193 920 535 -1303 30 317 87 -471 242 ]
[842 77 719 -562 122 -279 505 -494 234 -577 -181 287 -800 332 -585 -444 -194 782 -799 -495 226 415 -23 53 278 -771 -692 394 107 1092 -740 -1177 -502 159 147 352 440 538 -691 294 19 -247 -222 455 284 -21 974 1037 -1280 34 904 -231 -585 1109 53 498 -229 687 -737 569 -94 -854 -168 281 1774 -192 908 -106 -89 -699 657 -109 168 84 255 569 228 -888 172 -40 94 -75 -130 -715 -206 608 -699 348 -592 826 194 662 -467 -483 1053 -792 392 -529 260 -647 -274 1089 757 -291 -949 -49 -667 -1269 80 1183 -417 224 365 -1806 -67 -181 -347 563 -859 276 1407 1111 -286 -593 979 424 -544 -124 -200 -205 ]
[121 1332 -240 74 83 -767 906 -578 -783 102 -216 -352 227 51 -78 -451 -245 -1181 421 -381 408 194 438 -1131 417 393 1237 -35 -442 310 1486 192 -713 -536 -74 10 -621 50 181 -625 -3 63 56 -1296 122 261 213 -663 -983 390 720 58 881 142 981 -750 185 -133 424 -301 -88 302 72 557 -586 -170 -1398 -467 203 -667 531 138 -800 -149 -544 -1693 227 403 -1208 -165 844 799 1123 -1068 -549 705 -126 86 565 -253 255 160 338 -528 -1558 -196 -314 131 578 -136 -365 -1 107 -367 725 446 -70 290 522 313 -49 -265 -916 435 327 733 15 -175 345 255 -581 676 488 -379 -385 1239 954 -500 -197 -213 ]
[-629 146 1078 141 674 -553 706 -115 -621 -1008 -806 295 -39 731 531 -453 -166 -89 1140 660 -290 674 -516 374 -115 -361 139 -252 1 -1134 728 -919 615 255 740 530 -1016 -211 252 175 810 1444 -637 918 -525 -489 -487 -146 -215 829 743 -216 728 -481 511 87 103 -65 -84 347 248 -472 56 520 -305 306 366 672 793 -132 -823 -116 -706 229 -1302 677 -1616 -598 -616 -838 101 48 329 -94 208 -742 -9 -909 527 -210 -722 881 1125 420 -1403 -211 829 598 -218 89 595 -194 -661 556 -621 -615 -33 -397 -612 -374 -70 -331 -301 -124 -212 382 453 -708 1071 -510 -602 -298 -105 1174 381 -332 -78 6 210 -702 ]
[1148 206 71 254 -445 421 1251 149 323 65 -487 505 1061 554 -220 422 151 790 336 -12 321 -304 81 642 454 -142 646 29 -1227 251 82 -180 166 -577 155 -2 829 15 -1125 -712 1116 199 -476 606 -846 -183 834 -735 402 541 422 195 1001 373 -454 -992 -247 -488 -807 -760 34 337 -636 246 1029 -200 -1449 479 315 -520 -425 -276 134 908 986 144 137 -797 51 -932 -100 -351 -802 173 -224 152 632 -278 -663 -72 1167 614 -442 965 -475 292 145 -942 -32 -165 773 31 438 -434 -286 -479 -7 -1064 -555 477 -665 444 354 -509 -242 -601 -500 -868 614 -13 625 770 1167 -275 476 -1214 929 431 958 179 ]
[-581 -436 514 -182 504 -189 -1231 593 204 -1252 317 70 -929 755 824 -411 -1536 -109 305 407 735 -364 503 738 -418 -722 -68 -1180 843 349 211 -555 -901 469 -53 -111 -340 110 -313 12 -392 -371 -258 139 707 704 -492 -271 -48 -88 -94 -227 -954 1098 715 -154 620 -140 -304 -94 210 -357 -525 630 802 1469 905 -412 -375 10 159 957 153 62 -781 1429 -387 495 132 294 -199 131 -558 -1472 51 -1111 -203 558 -292 608 336 -532 46 -10 -200 1210 1055 -530 -442 230 -286 222 -270 -104 -185 -682 198 -4 190 431 538 -258 610 -5 -20 118 511 250 -1816 -252 -384 -161 -962 -639 -384 -811 -1214 499 18 1199 ]
[718 837 -448 -408 123 -1030 -400 -810 -1227 459 328 86 146 -318 -485 734 267 -980 -243 -156 23 682 435 -232 572 743 365 -462 362 146 929 -1912 130 -212 933 695 -1449 714 91 -18 290 602 559 -192 -564 670 -72 383 -2141 -4 732 198 808 -207 941 681 975 -35 -715 164 215 -167 -123 -184 -494 -224 -95 -281 468 -1127 -456 -1018 130 -111 1643 -410 587 -334 -312 -143 798 -52 902 -1250 -256 295 24 558 -249 1049 -1551 193 908 -897 45 819 -19 394 -192 503 320 -661 947 768 204 -1031 -207 373 189 -751 155 14 240 840 589 789 -453 -474 310 -139 -479 -115 778 430 -487 721 261 17 -605 -1496 ]
[534 -71 182 -34 -100 618 214 130 156 -191 -168 -502 1086 256 414 1041 187 229 -946 -700 -162 171 -420 -1682 323 -748 -320 1072 376 -461 -718 -150 507 -300 102 -319 -182 40 394 -151 198 -251 -768 33 -255 -161 -738 -417 531 323 -458 -558 -347 -544 339 -196 -855 445 144 -477 236 -750 -902 -890 206 -176 -624 183 1000 -366 268 -621 893 282 1219 -1302 619 -794 -313 -150 -106 -426 -588 -556 -37 234 161 506 -585 81 -581 -38 166 -366 694 -51 508 196 303 -198 -667 -1054 364 -674 534 -347 1045 -572 -295 787 -786 -471 903 154 503 -87 -95 -665 343 452 -441 150 187 -634 249 643 -683 -22 -761 245 ]
[662 -621 -91 189 53 -197 226 -127 -556 1092 5 -244 441 -435 291 -387 -438 693 199 -883 -115 -901 -305 -2014 93 730 319 -52 -1045 -269 468 377 -144 773 -193 278 -443 21 586 39 -1006 -402 -274 -310 464 -187 656 -656 369 411 -239 486 489 -774 153 -640 -408 -363 141 -362 -683 721 23 572 -1537 -1088 -1104 -6 1084 433 654 -1063 -1019 -48 456 -929 49 596 -207 21 -444 -642 267 182 440 282 -633 455 1120 -500 1235 -379 149 153 375 196 -285 -550 625 -57 458 814 447 -224 837 762 -508 479 -310 112 -308 72 -662 427 346 93 -460 217 774 371 -1523 -18 880 -341 -780 789 672 -505 267 -618 ]
[109 -341 -157 352 -940 -556 259 -387 -278 320 107 445 210 52 1073 1246 1687 -312 887 -113 -1572 -116 508 -442 -62 111 -19 401 -1018 -297 2006 -203 606 -72 185 -263 -68 267 -612 -467 206 140 -533 -159 -743 -1187 -1237 -445 585 531 453 -667 344 902 -526 -708 147 -677 -402 -288 465 864 1137 476 453 -555 -641 1096 733 -1368 -391 264 -544 70 438 775 -59 1153 -32 413 -885 1083 -733 813 382 663 -124 -322 -530 -236 -223 638 1039 -146 -216 -621 39 52 366 217 108 -94 -277 1289 907 938 -417 48 720 -605 398 10 1508 -182 -164 -1558 666 -1020 1265 -955 895 -38 886 57 -88 617 1238 -887 233 -289 ]
[-416 612 -73 -192 -895 1718 144 -278 -276 255 567 976 695 5 -397 1817 573 -131 109 498 440 460 -128 699 888 -368 842 716 -443 -286 908 -412 389 20 -133 -171 -70 -447 909 104 -125 189 102 -259 302 -843 -397 552 -17 340 -301 -60 -244 -213 -494 427 1172 -291 222 -837 317 -153 -25 -1534 -740 183 941 -371 275 -50 230 598 373 612 278 1203 431 68 -246 -404 -337 364 704 477 -32 0 920 -182 -1191 18 -1342 -1047 584 -891 314 -69 -589 496 -545 800 1348 -418 -816 958 -640 -898 -86 -855 -520 -422 89 -500 282 1299 -305 -273 780 364 1071 -475 -296 -279 -666 -903 822 -424 36 193 -831 -665 ]
[-112 -38 -144 -993 -66 236 571 -587 -21 -167 -526 264 -91 224 -207 31 -35 -676 137 941 188 16 -358 694 311 -245 911 -616 -369 -827 1256 527 205 -800 -165 690 -2288 -1203 522 -646 -140 570 -422 -46 374 454 -668 -147 908 138 68 -464 -174 182 622 -746 134 662 1798 111 -393 999 736 -883 -92 312 -572 -189 284 227 302 930 221 20 -501 826 -254 1161 -269 -738 349 -423 364 293 668 958 1249 -866 -173 -1 49 516 154 -100 -911 153 -302 -38 -728 -342 1212 695 -411 589 907 370 -208 -201 306 858 1519 -15 325 1134 -402 488 1099 -430 -227 -744 -308 342 652 -391 -485 -830 35 674 116 -307 ]
[108 -149 -276 -169 43 805 -566 75 -249 -540 -162 -264 10 34 405 -637 1104 -310 486 547 -416 252 15 -141 251 -159 426 720 -26 744 -415 -544 -64 406 -61 -73 452 944 -1178 341 20 67 -40 365 -317 -196 -389 40 -555 482 548 261 224 245 -678 -154 -164 -764 -1093 534 857 -1464 305 535 89 903 -275 769 1015 -1760 -249 -294 -446 -181 516 -624 -371 -81 614 -122 -246 -492 -394 484 319 -839 -317 715 -1313 650 391 -349 -377 -360 592 -709 498 -276 884 409 230 622 1740 948 616 404 206 -574 102 918 -142 -88 163 -1363 688 -608 50 806 168 -170 1198 135 637 651 127 -1230 279 337 -302 64 ]
[-24 805 196 -481 191 -1329 -489 -618 -323 168 -498 150 -425 883 -349 -192 -317 -745 -140 -471 -48 911 640 -154 -39 220 -92 -561 -68 -499 416 -292 1413 -73 41 999 -284 -680 246 -103 -654 572 868 -803 382 -372 413 104 -1301 120 590 -540 7 -239 165 1299 591 1061 -285 -730 -672 -217 195 276 -971 838 670 407 722 -1264 -352 -749 -731 91 -984 -295 -819 242 -707 -201 208 -541 374 -448 629 230 -319 -291 45 345 -15 -422 605 -459 85 -588 1168 -583 -577 782 158 -195 301 872 -911 -132 -632 -284 529 -64 -242 -498 -356 308 -224 15 209 342 546 -414 -441 592 -117 243 -7 821 571 -306 14 180 ]
[-307 197 -708 115 279 118 -864 523 53 61 465 -795 412 889 1211 -651 191 113 873 131 88 -764 659 -810 -387 -280 300 -141 -429 1179 349 898 261 298 457 -1038 564 -770 -1029 -748 31 125 912 -1693 550 -432 16 -1135 970 80 94 143 -23 203 -290 240 -524 -569 100 -988 537 1284 517 553 -158 1195 -887 1177 -25 288 -672 980 -668 -4 -1423 -714 -554 271 -323 -13 -1026 -295 -596 869 295 -77 165 53 830 -457 1153 -493 -121 619 -1160 76 -107 -608 98 -888 -1120 -1496 -320 -1341 -201 291 20 496 106 104 -320 -196 -629 -465 141 -671 -219 494 -338 -647 -1181 73 -181 951 -540 -405 254 -345 1286 1080 ]
[-679 500 949 66 -641 -532 217 407 -595 -115 -624 739 -189 521 509 734 -573 195 146 -284 -260 179 -722 -233 -334 48 -425 -539 1043 -1356 274 679 305 167 -732 236 951 264 722 -969 718 151 -242 -415 899 54 -191 -708 -64 78 -20 -223 312 -552 325 214 -105 1059 999 27 -951 -84 -693 492 -167 -316 -295 804 139 37 296 -96 -122 -510 -750 -112 -788 259 -658 374 524 -254 -661 -849 383 -272 -993 244 -703 -477 575 842 367 -441 -1171 -117 496 177 435 -239 163 169 -283 -5 -756 296 -38 -925 -289 257 -151 277 -157 948 -726 1533 -144 -1908 156 1327 -1044 18 -360 -553 -493 881 388 -373 -354 1834 ]
[-944 823 -280 83 884 31 -976 -62 -1236 -609 -843 230 -98 753 532 1104 -205 -132 442 64 157 967 489 1134 224 234 -400 -194 592 198 400 -575 400 -465 -792 -651 872 380 -8 145 -333 -699 -120 -669 286 421 -998 549 -412 -612 -217 -870 -817 250 413 -382 1040 271 694 300 -439 -38 414 -755 1002 1058 686 136 -303 -809 1077 1018 491 -801 -1043 732 382 -154 -425 -11 199 -249 -691 37 164 -80 -708 -275 -1394 497 369 -59 -299 -342 493 -417 362 122 99 403 -553 476 -422 424 -329 726 552 -338 800 541 -249 -143 600 -583 -1604 -119 172 -385 -1685 961 343 -204 -1602 -456 727 835 -989 14 -838 1446 ]
[-700 -151 536 -855 860 -445 142 -337 -508 -1055 -1048 517 -14 1238 -101 -1474 -1181 -1042 -725 738 629 -7 256 -317 -180 -249 529 -533 -222 -364 -496 -328 31 -94 -760 458 148 -543 51 255 -720 123 -449 392 -456 -58 95 495 -504 555 -284 470 -1407 548 -358 -203 673 887 445 702 -296 -827 -632 -273 -466 1638 1033 -432 -580 514 43 447 82 362 -1597 360 -170 -520 36 3 729 -481 1592 -995 -538 20 1345 -418 -266 55 223 -271 -302 404 404 48 1384 -1014 -1173 169 -388 178 -295 737 -735 -180 77 865 747 752 398 -109 -313 144 271 -690 664 998 -816 247 -137 -134 -926 -552 -238 -190 -440 680 388 -768 ]
[1477 -163 357 726 -929 603 -322 177 -810 8 -464 -571 483 99 -256 -318 -259 -555 201 1493 411 358 -239 -707 -17 459 23 -13 249 -1136 -1026 859 912 -499 -124 -670 1073 313 113 -172 -415 49 -425 -336 -619 392 -308 173 77 -370 111 1122 -385 -1089 353 -109 -283 332 199 247 -608 296 17 -347 315 232 -61 -364 90 42 -686 -152 286 -797 358 -518 1023 -103 -658 26 690 21 -987 102 -580 186 -992 -165 -115 762 12 838 52 35 -522 -278 -44 660 -213 -417 142 -750 -417 -593 589 679 517 -448 22 149 -860 -49 264 -311 6 -95 -660 452 -774 720 -691 -287 -754 997 -225 709 39 -38 -221 -4 ]
[-88 -321 198 181 1378 -335 -249 -144 -566 501 -100 -158 287 437 -316 -1684 -785 -711 107 704 1591 1174 436 -1233 -465 826 757 -1063 -641 -148 38 -177 510 631 -610 1091 254 135 -246 138 -344 243 591 -355 106 -726 781 71 -1236 -359 729 -1431 -14 837 1318 336 268 -1190 -115 -514 401 -185 414 -351 -722 244 252 420 1967 -816 589 -666 -724 -599 -109 -1188 234 355 -159 23 -43 -565 80 -1478 -226 127 94 -91 831 554 556 -274 667 217 724 171 314 -839 -1297 432 814 470 615 -610 -383 -811 -627 1304 273 851 -520 666 -193 -600 78 161 -409 1766 -805 137 -1204 37 -99 -701 11 695 -432 381 178 -384 ]
[810 701 -963 -1060 -767 375 -176 768 117 686 1053 109 -18 -798 978 674 437 -1024 -473 -315 -1149 -732 558 -985 -568 -1650 -519 38 626 933 -108 284 389 -467 651 434 -680 56 309 -52 664 -16 122 -561 574 -426 -672 209 -518 205 531 1051 236 -309 -359 974 -789 772 242 642 411 818 -34 112 684 -1004 -1186 29 -932 -117 -296 690 1572 -189 1586 -441 216 798 1039 1000 285 32 84 159 -526 719 -644 603 -754 525 -1162 722 472 -735 -653 -916 -561 1151 338 -1050 -1018 -325 -110 301 174 320 58 -962 -361 -11 -390 644 -19 606 -120 -629 -833 70 741 368 -487 224 473 1269 -980 284 943 -21 -350 -263 ]
[-298 -114 -81 -27 189 371 -544 -659 411 -265 632 528 -542 -683 -1182 775 624 -741 -719 22 -581 -344 1075 812 -194 -792 177 629 -652 199 -154 -916 -325 -319 1214 311 -148 -232 -42 -180 -147 -1112 134 1230 -900 -462 -553 -88 276 -1269 499 -153 633 -165 47 -26 -626 538 -943 -383 603 -52 -671 -786 -942 214 133 -1446 -8 400 721 -505 601 849 642 -42 871 -773 860 -1005 480 500 1102 584 533 1045 631 593 421 161 -557 -293 905 -2 828 90 327 -13 -401 1277 265 412 616 -134 615 -58 768 -1269 -497 -786 649 375 -81 -683 -719 -1090 399 -261 806 -514 1212 16 218 244 1610 -61 46 -44 -300 195 ]
[368 -167 -189 309 57 337 427 329 -89 470 4 869 -540 -162 -94 94 -64 118 409 -612 -300 115 -1099 293 -48 227 -651 359 223 -121 -1114 -375 -518 -126 -27 515 1753 245 77 289 767 -433 254 -456 -695 -1057 -194 606 -469 226 57 189 149 -536 -739 -137 224 999 374 100 -1008 -1032 90 1364 -430 -83 -200 -409 -307 981 881 -634 -89 -15 43 123 -204 513 103 265 1675 324 147 -412 -134 -673 -492 45 -590 139 -325 -197 -615 359 578 -13 -228 576 980 -368 97 -534 1554 -488 -493 -505 -133 -27 -900 -301 153 -235 -583 7 563 1059 -258 -1408 661 -81 554 212 -434 266 296 176 98 300 -238 -743 ]
[317 816 236 22 -400 -183 828 -357 -962 850 564 -375 -508 549 265 -123 -523 -1153 725 -142 499 1110 499 772 426 -443 497 -175 -231 -637 997 -274 -64 -1021 498 1270 -647 -247 -557 -861 434 564 64 -663 159 -323 624 -713 18 163 -96 285 768 111 113 -932 1007 -746 854 -678 -421 226 -525 645 -943 341 766 81 959 223 492 1351 -1013 169 338 -540 121 659 -918 -492 -913 -57 417 -126 -760 97 1572 -464 468 809 137 449 1014 -373 -180 -373 -950 278 -856 872 1187 -264 141 -322 62 94 -830 -101 175 329 320 -210 -326 -264 247 453 -140 758 103 -1161 -462 527 -441 322 -186 414 -168 93 373 -260 ]
[-297 191 369 360 -160 -839 325 40 49 -388 196 657 -320 -211 -1338 -1137 -790 -410 -306 223 617 128 -236 -298 -1362 542 -126 238 -1029 -123 -1059 272 313 -810 330 -20 982 -360 -672 792 -443 -888 1097 418 -27 52 679 634 -969 -395 562 -708 -247 1188 -165 403 -543 -281 -367 -693 352 64 28 514 284 151 -105 -1923 -1325 -127 244 -1055 126 766 527 -270 562 -154 45 -309 525 198 5 -557 -519 -750 -378 -855 492 40 -19 -607 -187 -164 -785 63 507 -26 -167 825 -435 -916 312 295 -876 -706 -361 1211 362 107 -237 -503 384 1034 557 -109 -427 1197 -223 -257 1263 -532 48 -262 449 355 41 900 6 98 ]
[431 -350 -386 564 -68 -137 -1049 909 302 617 588 -177 154 140 -73 349 -23 710 1416 239 306 68 -391 890 123 -213 285 -565 -930 1270 576 -872 -70 195 -228 -5 1635 -388 -128 477 -470 -196 -161 -1929 -16 -108 -421 857 -177 -226 403 462 261 -304 -933 901 -382 -129 -151 -139 1550 103 257 -75 480 333 1615 -485 -273 -594 -42 1463 -862 -126 -582 517 483 850 316 -456 -486 151 621 154 -1540 -546 778 8 -192 -218 -600 -483 144 -1348 1351 -307 -256 772 -888 1173 -345 -365 230 965 -322 443 -1033 397 -508 -480 -413 -233 -275 -705 -417 -702 -1184 1125 -138 -1046 -334 1153 -710 760 136 1471 696 -572 378 -519 ]
[-532 -826 -624 79 -185 184 1110 -1226 1336 566 -146 45 336 627 -395 -302 107 301 -50 -509 734 24 -1111 1585 39 395 -235 -475 -275 -1144 -813 971 1183 -177 -872 -68 185 -798 -251 561 -103 166 171 843 -363 344 1264 -502 377 -221 -624 59 -501 548 -585 -99 571 -249 782 17 -257 -270 331 -1097 1041 -227 291 -29 -290 815 549 -551 57 135 318 428 -357 -461 43 -577 -777 -419 -982 1127 963 -399 651 -1311 -484 219 359 31 -41 1151 -349 -685 -545 -664 -79 -112 422 -298 -1081 -180 177 548 -159 -712 -647 509 -39 -206 600 -613 -224 501 208 184 -910 251 1382 190 -123 -900 1154 -802 -572 206 116 -266 ]
[507 9 -83 472 -191 519 603 212 298 1352 275 -263 484 175 990 -29 697 843 295 9 -73 -126 511 137 -147 -470 290 -148 177 -601 -31 1106 327 359 -228 -842 -222 -175 -383 -99 449 337 609 738 171 -183 1098 -1455 484 97 -273 -143 -57 184 -272 819 390 -1283 251 -92 -43 -118 -161 -940 382 -1359 383 592 725 -482 -1135 -121 -636 -288 552 762 -631 222 515 -327 -1040 -415 -595 1881 1115 -623 554 -699 183 -642 -289 -544 84 562 -45 372 -353 157 -478 142 -135 177 -448 -1025 278 134 -352 -730 -330 -621 -340 -501 -533 -502 -60 -856 132 964 663 -704 -512 -86 400 1060 -280 -984 24 -800 650 -204 ]
[660 327 -63 -841 233 178 -225 83 237 -946 -402 -143 -262 792 -265 -683 -552 -1464 -219 1281 -55 -196 -550 -776 -37 -671 -752 591 -394 -474 -48 -725 936 -616 642 37 -600 -271 208 -118 80 30 -234 -643 -206 -732 -332 218 -582 -18 1041 -82 -152 169 -909 427 266 794 621 41 163 -167 258 -286 955 940 -134 349 -285 -823 -351 -29 -147 569 105 10 -242 144 115 193 271 -163 514 -1284 -994 272 551 757 -910 1278 63 507 -388 -853 344 -97 765 -213 -423 -63 -809 -77 835 328 74 -39 395 -388 33 1272 594 757 1014 -742 -92 -922 -106 879 -557 -305 440 588 80 -210 -338 132 282 743 -591 21 ]
[-1212 -849 362 489 31 -919 451 117 802 153 -724 -56 -368 119 -520 -520 846 465 85 -347 243 316 656 -556 -294 -1042 454 -696 -88 -378 983 362 422 760 -82 -344 1193 654 -876 -626 1264 906 170 1365 -1655 -491 -37 -509 159 645 -283 -130 462 1190 -160 -307 -654 1 -1903 -727 137 -297 -153 -816 -24 -849 -53 429 590 -239 -520 -381 380 674 98 -897 -92 -1063 -758 -285 571 -418 11 468 307 145 424 -231 307 -367 -859 297 -381 1035 -552 132 747 -757 -353 -263 181 -578 -995 -1567 488 -953 970 -557 -296 -778 -364 258 -437 433 -1464 -955 298 -1096 1224 -28 -206 27 1139 -556 1017 -551 -145 528 567 -157 ]
[-642 223 -282 -371 873 609 -168 394 119 -464 788 317 -1057 -335 90 -444 -209 -383 13 742 416 -115 192 -311 128 -358 -547 606 634 562 -1394 -1010 -936 93 846 920 -54 -9 587 596 -448 -557 821 637 659 541 403 889 -600 396 370 380 450 -900 549 -629 1179 458 -270 224 283 129 201 1007 -2096 1304 289 -413 -1383 831 409 744 642 -89 369 444 714 -508 -366 511 512 813 1070 -786 26 121 -800 78 773 807 -266 -481 7 -53 525 312 -983 205 33 126 -352 487 731 -582 -559 -412 249 951 -254 -326 908 325 -26 -989 -114 392 -73 1418 -804 -34 -207 -932 -580 505 -21 -860 -315 939 -881 -588 ]
[682 -532 -435 270 316 359 -1262 -181 -513 478 867 -994 576 -1780 -224 -241 144 -772 596 146 134 -533 734 -586 -706 697 270 -81 -673 1096 598 -600 -1 923 1235 -161 -652 75 -305 -656 -138 137 -508 -664 -341 -74 -921 -281 318 545 -131 -704 -671 -342 -97 894 -66 790 -929 669 -82 -592 1202 1088 -228 -88 -1057 -699 26 325 -883 -698 -135 265 406 -178 241 461 -279 739 96 200 -238 -591 85 556 -1161 1019 762 -254 -701 552 -532 -104 125 1120 620 176 219 -1298 -283 -1346 -709 247 792 -1151 669 185 1121 513 -42 -618 -214 213 717 -596 238 -91 83 -807 357 325 -147 679 12 -711 455 38 10 -1487 ]
[-1084 515 -31 872 -384 326 262 937 196 -77 -41 -402 -658 651 306 373 280 194 -297 -465 778 -50 476 109 494 -802 -293 829 -251 176 415 665 1214 353 48 -944 826 76 -137 60 -273 -673 955 -540 -10 -350 419 -376 447 -286 -114 -519 -1129 213 -229 1118 -265 -188 -13 -610 821 -379 644 -1843 235 -652 1416 42 -155 -648 224 225 -417 287 -661 185 358 814 267 1 -1530 -366 -457 1619 170 -670 214 -326 -991 347 -159 -1474 -169 -1107 310 -381 -937 -228 126 1073 -1251 244 -366 261 524 483 308 -425 692 -284 -525 -1208 604 241 -616 -1710 268 64 709 -138 -873 -71 -678 282 396 -28 -479 -99 -683 940 ]
[-472 -1657 58 128 -400 381 -573 865 812 1890 579 -322 -775 -723 1127 128 1008 1493 -9 -1125 -701 280 -282 186 -628 -579 -153 -332 563 17 -194 -174 -780 1352 -453 -110 801 781 -746 694 268 -656 -327 467 -107 -134 -381 -162 1005 -14 -1286 38 -780 747 -71 -536 -859 297 -764 -29 -115 24 -825 51 -3 -819 -868 9 928 130 786 -227 1095 45 1492 562 1047 -425 834 390 -850 -967 -1513 292 470 -697 -26 1321 -885 -786 -381 314 138 126 1124 769 59 124 -69 -33 501 -178 232 -555 -87 -522 -289 37 -1276 -300 -319 -521 161 185 -133 740 -58 -901 221 305 272 215 239 -754 285 -158 -333 -506 26 545 ]
[-180 323 -1218 -99 -764 770 -625 130 292 891 -1123 809 346 182 188 -360 740 77 -721 -840 425 -843 -126 -702 276 -3 892 -571 -875 42 348 1449 -666 576 -1245 -112 1252 -190 387 -192 -1116 -745 394 -507 -191 -931 -342 -559 459 -206 -1196 685 -764 365 -154 -284 424 -420 625 -781 -1815 886 624 -330 -1584 -521 675 393 850 1309 1797 102 -190 -936 -131 246 365 1089 100 471 638 -900 -67 1466 1149 562 659 579 -469 -332 1681 -956 -664 595 582 -71 -58 -835 -321 -118 581 515 -226 129 998 92 -305 686 -473 -605 226 200 317 523 336 645 530 -245 221 -42 -1269 -482 -300 -983 -1047 -137 334 57 -240 -26 ]
[694 -1230 -287 -399 -206 -39 870 507 750 49 -240 38 565 -334 784 -143 58 1346 -572 -642 -193 -1004 -626 -795 -915 217 144 -534 -548 16 562 196 -1405 524 -492 700 31 34 -224 797 -166 -238 91 819 437 -1090 239 -238 -48 -232 -248 -109 -610 1397 -940 -162 -419 -494 -575 -304 887 865 6 -153 952 -1092 -1887 734 583 -169 509 -461 206 396 1373 656 -760 80 569 -15 -794 -83 -671 190 565 -473 257 1190 -489 -625 990 43 -585 145 -246 487 -2 -1177 577 37 -232 1546 507 277 53 345 -308 122 291 916 40 451 297 554 254 -445 -495 -330 301 515 -435 -820 1760 -512 -710 39 541 428 329 62 ]
[-151 -567 115 -891 -1324 -262 -145 25 516 -11 1447 -852 632 -867 258 502 432 -26 693 741 -161 201 1025 209 -350 -444 -964 421 -210 -378 468 126 -244 209 -778 -241 -68 173 74 -231 55 -949 -512 -568 377 989 -284 -81 671 -99 464 -59 -79 -340 -183 -162 74 337 -791 452 946 -488 -201 156 -290 646 -285 -1182 -1080 -928 -475 821 -381 987 -594 95 822 329 -659 1153 -584 435 358 -959 -645 -848 -28 767 373 295 -386 -522 603 -1014 155 534 524 482 628 -95 -102 31 -400 742 -38 285 22 -866 20 -398 772 -293 734 434 -479 -1097 493 -215 73 -473 731 659 808 182 332 510 -137 -325 -745 580 ]
[-8 -863 93 472 -338 -1230 451 226 446 6 495 -395 -924 -602 -430 -1258 816 -219 145 326 -159 -547 533 -1836 -1647 72 44 139 -54 9 -530 214 -499 745 335 615 -918 646 -472 -63 -699 151 -141 -221 438 134 -156 -215 -188 16 -40 -445 -753 50 230 -543 -558 600 -1537 302 -703 -372 527 -190 -314 -701 -1158 -815 -1108 -682 -510 -1377 -579 503 292 -314 216 56 -867 -143 39 -336 224 -542 1136 404 -589 796 -385 -703 -124 716 -317 -1079 15 111 -176 558 382 -742 280 768 42 90 925 -102 554 261 588 -192 348 -535 551 24 47 -231 846 605 646 -285 371 -309 560 145 -721 -505 1149 -426 -448 -352 ]
[542 -350 -413 404 -987 54 -409 236 150 -512 -318 173 996 150 -473 -597 491 389 259 100 742 1195 -741 -387 -210 -230 792 178 -107 -254 -60 -82 195 202 -201 336 1983 502 -271 369 -585 224 1415 -763 -360 903 194 1398 -890 220 259 663 -831 -79 91 173 125 775 -1256 449 887 -203 689 -280 -1373 764 955 -73 405 -665 703 96 14 -284 -350 -237 -63 163 -1129 -30 983 202 544 -149 -515 -355 55 559 -445 129 49 -324 -369 -368 350 -402 -313 775 -535 722 -47 -837 305 475 -1716 -71 -917 907 -84 -35 -280 70 -269 561 0 8 -1415 -31 -1092 356 -704 302 499 595 -198 1374 -561 412 470 283 ]
[-34 82 -834 -169 754 135 -18 730 155 392 834 -480 -811 97 393 -483 486 753 -926 -139 -94 203 -587 570 -234 -763 205 613 594 -534 -804 672 641 -631 1053 -822 699 883 -120 -325 519 20 39 450 -181 -35 1191 262 -605 404 -629 398 -46 -557 -349 -884 88 -296 574 -224 264 -598 -480 -1232 188 -470 671 -330 -1296 -41 -323 -423 -400 382 766 -503 -102 -1299 513 -119 -110 -694 420 1159 -650 -446 925 -386 -772 -101 -1061 -423 -474 1231 320 143 -576 381 1016 190 -94 -1064 265 -548 -455 -259 647 124 -1515 -628 -806 860 84 974 -6 -189 -143 739 389 224 703 -264 -220 -1347 227 -464 -303 140 240 218 ]
[802 373 154 208 -736 112 673 601 -416 797 1 -150 2 -595 -909 -103 389 1 -390 672 505 -120 78 -960 151 863 -628 76 -515 -18 -1190 241 560 -936 -238 640 1641 134 20 -813 394 -123 1245 -434 985 479 973 -360 -351 -82 976 -643 601 400 486 1231 -303 982 673 -802 -425 -588 839 521 -407 151 -146 -52 -384 1034 -1408 -480 -212 -119 -322 -236 6 551 -664 -261 388 256 142 -82 45 608 -280 -548 337 165 115 -908 70 -158 -96 638 -632 -791 747 -962 333 -1122 1087 -1561 -563 -415 -231 664 738 401 -362 531 -1121 264 916 1079 -199 388 -328 -157 149 -162 -123 1071 186 643 -63 -2 -5 152 ]
[-617 -618 -225 -158 393 -902 350 -1098 -549 -3 297 923 -312 -1146 -394 273 -1128 173 103 -1027 163 43 578 869 164 -51 -1099 370 492 487 87 -414 -1184 514 251 1024 52 -286 -119 -67 610 -94 -198 1325 278 -475 -114 -303 26 334 -54 -167 739 1126 390 -315 639 405 130 237 -388 309 -215 1455 155 -842 -245 -634 -54 1260 1495 -368 285 611 818 465 -56 -1192 -665 -138 326 172 -353 -5 712 -16 -1012 -493 922 75 1087 839 753 -74 107 317 885 -437 -324 -364 -35 -218 -444 257 -372 188 -6 228 363 892 781 435 323 -391 -794 71 -334 -107 -325 687 616 -358 859 -70 908 -321 -1119 -41 -381 444 ]
[343 400 -77 1162 -216 -659 624 452 -636 297 738 632 -1221 -348 230 1253 205 794 -283 -831 -348 -1054 -636 -868 498 -609 -661 1481 425 586 -393 -532 -815 -614 332 -2135 1339 389 382 467 1581 276 -286 -1181 744 250 246 -327 272 1336 -1205 -205 166 251 -51 92 -418 630 443 -324 -302 -246 -286 1122 417 -1223 -44 -631 -1227 457 -197 -585 -752 284 -214 907 390 -315 -391 -195 -171 1063 -136 154 -716 -327 -708 -869 -934 -967 -1201 -1336 -1328 -375 -17 277 -264 249 1498 -398 -1936 -62 87 -951 258 722 -73 172 303 -522 922 -495 -76 173 432 -140 144 -414 1036 -703 264 589 -179 650 -493 549 591 -1311 -717 79 ]
[-480 299 -327 970 -878 -1059 288 965 -196 -241 -532 741 -655 -196 -298 -123 -274 230 513 38 -819 -751 615 -118 -605 -122 394 -451 -847 -180 539 261 -354 -229 14 -747 1314 83 -158 -292 -242 -287 -283 -341 -287 -486 235 -233 -2 152 106 418 -109 311 -141 -417 -383 -268 -1070 -786 -862 315 -117 874 -485 -372 46 -95 153 -21 174 -560 -710 151 -787 -33 -324 853 130 295 656 828 -723 47 -258 389 -237 -115 306 91 -120 -96 -234 81 -712 -548 625 -545 339 491 -365 827 -709 -304 169 -374 -791 192 543 -1310 394 577 -464 552 -34 -49 -414 -141 962 -564 -426 598 142 551 -582 631 1229 125 431 476 ]
[157 598 528 1259 -209 -86 -335 57 -353 -633 -1110 15 -606 81 -721 -671 -397 -52 143 899 -340 -226 -594 571 1273 1193 489 574 997 112 90 460 -735 -114 -432 -1620 867 251 1122 116 -374 316 -1019 -358 672 90 -232 597 158 -33 -904 1124 669 -1198 -47 -550 93 -67 -347 -77 -361 -196 -231 -388 -159 -26 478 -288 28 99 -554 -279 -755 -710 -1411 -169 136 -317 208 -533 361 553 42 -7 -191 822 -1354 208 -244 39 -132 323 -1364 -193 -38 198 532 10 -348 148 -634 1133 -815 -387 690 1270 260 541 415 -318 183 -543 -591 -317 29 301 134 -436 -602 239 -952 -176 -134 -230 -384 -419 824 -13 -314 1006 ]
[-186 38 -120 847 58 364 976 179 849 209 -294 208 1280 -94 1037 531 -613 942 -105 -1554 1004 368 380 361 -332 -652 472 -145 -40 428 -278 1066 -377 177 -302 1229 318 -75 1155 1074 -386 242 -27 1157 331 -420 203 1012 -152 92 -99 -204 -302 530 1303 -154 285 -860 -1874 -564 -266 -308 -193 200 25 -1059 262 -560 470 403 1497 -362 1034 509 323 44 -1119 -416 -441 -583 202 869 -118 240 -47 -788 -88 -598 315 -1009 180 -486 613 1153 -797 -992 -151 345 -160 152 677 229 -1025 -153 -1606 -910 -718 110 -253 -501 -1739 -396 -535 459 309 526 -545 -520 -205 862 -796 -50 -154 93 292 -168 -440 15 37 315 ]
[-1001 -306 -477 815 -500 -760 552 -643 -3 -656 189 48 -141 322 -17 1163 603 -41 262 -387 660 331 -127 67 -168 -262 -446 -39 -420 -764 -360 165 1652 -757 821 59 528 -494 -320 -591 336 399 463 -492 220 218 150 -251 565 280 -67 -988 132 -144 194 -347 245 472 44 -404 -176 -131 387 -548 -228 49 776 -35 -346 241 479 -275 -65 331 -680 -27 -205 170 -1238 -1033 -766 -109 -477 1194 1037 1502 261 -1189 -741 -258 111 -16 383 -274 -116 -1262 -778 -63 -367 -123 219 -922 -342 -432 -75 760 175 -573 686 69 -382 119 1167 -691 -843 -510 134 -704 -200 291 0 238 -577 715 873 447 -871 -315 272 1107 ]
[-682 336 778 -211 529 -108 -194 351 166 -1159 130 -43 403 1103 282 693 -666 120 -72 213 383 -455 -534 294 742 -109 -1055 1191 536 1246 -788 -217 -511 671 -111 -87 -238 -613 552 -99 -597 -233 771 -985 1096 293 -172 239 -167 -705 715 -75 -14 -290 -279 558 342 -59 1024 1164 819 -142 -275 -104 472 913 1555 692 -428 124 -358 1024 56 -356 -1529 304 -588 -365 192 553 -59 406 966 -740 -466 -59 -421 364 -148 -536 740 -295 12 -502 -98 -810 -793 281 109 -152 -1029 103 995 -166 -1281 353 -1063 -170 -253 -402 -374 75 -182 -1177 270 213 -200 320 -925 277 17 69 -1462 480 -360 976 -436 -790 198 1146 ]
[-13 1107 -82 -871 -461 580 -955 -722 209 391 -43 608 372 -285 -1035 1310 758 -534 -573 -380 -478 -993 329 -443 365 322 18 425 -544 94 138 -219 -210 15 -276 -556 -1037 -564 960 -607 -316 -724 796 -107 316 -730 -450 -97 -21 -133 336 -520 -142 40 -925 1361 311 681 676 -286 -406 330 -267 768 -831 -174 -232 430 -85 647 -376 262 -32 225 195 184 284 -135 616 136 1063 217 1071 446 93 774 522 246 737 -1209 -72 -332 127 119 99 -206 580 -33 411 -186 -309 4 986 -6 189 59 241 -1392 474 -482 884 370 -1273 364 -271 321 452 597 1062 -652 853 10 456 -328 207 212 631 -211 22 -1328 ]
[535 137 705 -616 -240 -179 347 538 -102 844 -179 649 826 732 1305 1024 -883 291 -508 -1587 911 -238 580 -750 -237 -1060 -454 52 -601 -417 -70 -302 -493 31 27 956 700 -640 436 418 -696 -492 27 -202 -91 300 -754 -523 211 156 -765 149 -302 634 714 -665 24 612 -930 -817 -952 387 -170 818 -1156 -198 -281 -308 1472 688 1091 7 649 816 1322 393 275 -752 -621 -199 -41 -413 76 512 392 -837 -601 -562 127 -1032 2 -622 924 1053 -880 -633 962 458 59 653 -242 -230 -101 -79 -1091 -161 -177 -542 148 -10 -874 -1362 -401 -45 270 205 -659 -214 -282 -259 -446 95 -382 1375 148 562 -466 173 13 -779 ]
[582 540 -881 -839 49 323 -180 428 -499 -170 -330 820 815 557 -383 250 216 210 -66 1087 1093 -302 133 -1065 112 865 1402 742 35 337 -126 578 -950 -242 416 121 1355 114 289 29 -265 174 676 170 -619 -866 35 624 -892 61 248 486 410 866 -8 177 383 -307 -802 -491 379 -128 -354 -462 419 -195 174 -241 -440 224 280 -864 -332 747 312 -44 608 -282 308 -348 1030 -365 1653 227 333 -87 537 461 -699 -1088 56 -542 -170 -733 371 471 -537 -121 -31 95 -264 -336 1446 896 -238 -407 442 458 -96 -303 -516 807 175 651 1101 -268 -262 869 186 494 406 -1413 111 -229 -790 -463 588 -279 -219 -837 ]
[367 -88 -768 415 685 205 38 -305 100 87 520 -843 -320 -84 -15 -772 -737 829 125 -137 868 317 -66 165 -144 -102 -344 -495 122 601 -655 -604 -57 682 -738 -605 -540 19 -137 1046 -49 390 470 -944 550 793 -402 309 -1016 -110 -38 357 -1062 -315 689 980 -845 572 -474 1167 320 -80 848 -1131 74 -218 -285 -998 -637 -406 592 391 -6 -609 -333 800 989 1016 297 550 -835 86 -174 399 -666 577 -916 19 -351 -4 -1055 -338 -425 -523 843 92 -272 -74 -366 448 9 287 -1207 270 -360 546 -102 255 219 781 587 -837 -251 191 475 -433 -110 921 -378 577 -838 174 -255 815 305 313 -528 -492 -277 -410 ]
[-981 -1238 13 -634 1226 -299 -235 65 -381 1011 -57 -169 -473 110 458 -422 -564 -473 -325 114 -362 -128 796 -409 -819 186 239 -1069 394 -1270 325 143 -737 462 -1834 1181 -821 606 219 150 -44 -172 -534 1020 16 -1197 -939 -112 407 -141 -461 -673 -291 1099 40 -657 459 -487 -38 514 -862 3 -599 -96 121 -46 -1146 124 769 -9 691 101 122 212 74 629 316 671 1336 462 -432 -781 735 -1184 565 -243 414 992 -664 -461 437 680 413 -198 736 1100 573 -605 -1268 369 757 2073 -432 1148 298 345 520 -208 -141 818 619 323 842 303 9 -259 1089 -243 237 739 -109 -300 160 -1137 -907 -904 510 -222 177 542 ]
[589 619 51 -54 145 690 -131 295 -445 646 -759 365 301 382 606 -77 700 115 93 -459 -797 -65 -349 -55 1143 -401 1284 -644 151 767 904 -860 -294 619 -1101 -154 -332 -534 -221 -747 539 282 -842 166 544 -254 46 -1159 -23 1324 -651 45 -53 -790 -190 -406 243 -253 921 698 506 -254 -496 242 -20 -756 -558 944 1311 -748 -357 988 -43 -1097 -185 290 -593 30 -312 57 117 -857 -1031 -495 544 -425 -209 109 -364 89 736 -389 -797 -119 22 -4 849 -594 74 -345 -456 725 -155 -35 1599 -62 -677 -710 -281 1 -553 -182 -357 -261 78 -240 581 291 891 -587 -1081 -59 326 -987 -851 -213 1070 -364 -114 -374 ]
[784 -837 274 398 126 -434 59 -297 600 -4 -207 768 -1099 -25 -758 -224 -621 293 -680 -909 -196 -297 350 -743 -340 -1172 -937 166 -757 -105 -501 -627 -654 4 -283 1259 787 65 -284 624 -163 202 332 611 -661 -1159 -829 309 759 -216 195 266 137 407 -305 -1433 -577 -343 -479 -431 -216 800 620 -95 -830 202 296 -418 -47 470 459 503 -199 1004 513 1103 283 -250 387 -464 -248 382 872 937 243 63 219 -25 438 152 666 -431 494 594 1109 61 1086 260 -1135 1060 994 290 -943 824 -271 796 265 782 -591 -561 769 332 1225 -653 -437 -1555 -14 -144 227 -449 -42 -471 692 456 160 242 -512 37 332 -294 ]
[-566 -291 490 139 -328 284 -87 802 -690 229 -511 -586 -450 710 374 -873 -1041 -65 -84 -111 1458 -205 415 -159 250 96 137 54 611 -993 -491 1167 -390 265 158 705 914 189 201 293 -405 450 855 932 -489 -429 275 -12 140 988 -873 709 -762 1123 351 -567 -248 45 124 306 -279 -640 -119 736 -650 -181 461 535 366 542 79 53 -241 940 244 -296 504 240 448 709 390 -558 -215 -54 272 -965 -412 286 -840 -365 -257 -730 27 353 382 441 -341 -971 -547 114 -425 -50 -29 1172 -157 -292 136 -140 844 156 -740 -836 28 1376 715 -375 715 837 -123 850 -964 -1006 -80 433 -1316 -700 -1406 153 -310 109 ]
[100 111 362 1457 -138 -260 703 -707 368 -258 176 -340 1070 796 97 378 198 -173 92 -766 701 -151 -488 -369 553 92 -6 1364 -838 -164 -5 1180 693 -195 735 496 145 -306 -274 355 47 -279 553 932 -764 -1095 1249 -979 1299 866 -258 -64 498 440 -411 -1479 560 -1736 812 -1425 222 393 -1154 -462 -242 232 447 973 246 182 -504 -556 -192 885 1418 -443 137 -1762 -656 -494 -543 841 -1 426 272 -508 659 -529 280 -196 834 -304 839 1396 -39 350 -434 -543 -326 -105 -349 -1295 439 -944 7 -858 319 1022 -683 -249 -386 521 980 -666 -80 -42 -181 229 925 -175 71 -561 879 -1436 604 475 -429 54 -524 -305 ]
[-285 -159 -1060 417 -209 271 -596 663 323 -350 204 1099 -149 181 98 378 582 960 -501 -276 -1590 -140 11 214 -531 -700 164 234 319 403 126 -107 245 -292 -377 -1270 1243 -385 -748 -195 -183 -992 -685 -511 -179 -388 -771 362 89 -531 40 -445 -1177 68 185 -60 -389 -455 -123 -484 692 1244 -443 -649 807 -911 358 -165 283 172 1011 -105 -66 -884 -434 100 309 -334 279 65 -284 -251 -1326 472 -685 486 531 -127 -431 -721 301 520 73 -74 637 -243 351 549 -995 154 -1181 -686 -309 -366 -510 384 -481 330 -282 -178 -430 -65 629 -555 -476 -49 -1054 42 -561 -406 18 -23 -257 -573 721 673 47 -92 962 1605 ]
[-576 -494 416 -493 332 -358 -1098 -787 774 -233 -387 208 -612 166 -464 -379 -859 -43 -100 275 581 151 75 -472 -165 451 -408 -652 588 -172 160 107 -161 -5 329 -711 291 -245 -56 -676 -119 283 -57 269 154 325 516 -96 -56 -649 634 -1100 -158 515 -286 917 360 267 198 -325 -132 -462 -7 325 1200 1380 908 84 883 -231 197 -9 -205 -986 -310 493 525 667 194 823 68 -115 -72 -1745 182 682 -661 662 107 175 -44 -357 234 -687 359 421 -39 -690 -888 -266 -455 491 -149 -325 586 -120 222 -453 669 871 884 793 147 -1023 -22 -370 279 105 -816 -468 381 424 -372 -1215 -299 69 -754 -51 189 459 ]
[-310 297 -70 -514 310 -244 -306 -207 -82 -341 -512 824 -956 416 134 -18 -576 -248 -662 -783 -715 -1161 196 -536 -1013 668 -613 -359 -177 -529 -47 -368 -25 -1326 151 -1275 -1225 -180 -239 224 -212 -1367 -16 -245 -24 851 659 -407 -381 -925 -112 -804 -672 581 -400 -324 175 -566 362 259 -920 576 -66 -56 1088 -734 -1328 -1116 67 137 523 -143 340 -520 531 567 414 532 856 169 -124 -1083 49 -566 -174 -376 -281 -479 -562 -165 52 -1272 -528 888 -586 91 -154 -460 279 733 -471 919 635 62 527 558 -4 -562 914 190 531 526 442 87 40 -1003 -90 115 -1277 -498 662 -97 74 637 -594 293 -273 371 161 332 ]
[-1057 -19 559 629 -455 131 -846 -293 31 -437 689 305 319 -73 597 1330 -449 58 299 -17 -667 -915 -204 -850 -682 583 392 567 472 -716 -272 1230 757 373 126 82 -1084 -185 740 -589 -320 -628 899 198 1154 754 -507 -709 917 174 -610 -677 -21 -994 -8 -368 -767 71 -166 -113 -361 -1100 -916 -171 -1415 217 -887 344 311 -227 659 -1233 -111 308 243 -1188 -657 1122 89 201 -32 4 -40 -1006 1162 52 -203 467 80 -878 -1017 -652 -125 -208 -583 -217 -575 -727 614 201 90 732 688 -39 297 371 -57 -1536 783 208 500 134 -304 2087 -171 286 909 -62 374 651 -310 -286 492 -487 -1446 80 24 -212 -232 2103 ]
[-176 725 -441 -1 390 -490 961 102 -761 -392 -1677 -267 1878 1278 190 -541 -279 -602 740 -107 1211 546 -220 -1128 -175 1755 499 258 -1298 -524 543 1020 -311 23 -792 337 1166 52 19 193 -1195 430 122 -589 -1277 -784 -63 152 -699 -326 -372 -94 -706 904 -781 -946 1677 -709 -284 -491 -1576 -787 1266 -723 -529 1120 265 648 642 -888 306 -880 -435 332 -377 -570 -160 548 -601 735 940 -334 1097 119 -241 -191 36 185 -601 -223 786 -294 -837 655 -55 -1033 -316 -648 524 680 -31 339 364 882 198 -23 -59 923 1148 774 -824 -154 -552 310 526 -201 -198 472 296 676 142 -583 21 555 -1263 616 188 564 -255 -691 ]
[140 -802 -478 487 157 453 -2 -283 1368 885 465 -706 -103 214 223 -824 -586 64 -131 -507 211 -111 -1116 1441 692 1207 644 -127 399 422 704 954 85 926 -493 665 -458 -523 58 787 154 -306 -604 -513 -208 -375 941 -47 744 74 -811 1078 -24 -219 -143 -500 -346 -81 352 829 1010 590 223 -1043 623 -558 -293 688 -155 -157 505 203 -194 -587 -79 375 -742 320 1159 -378 -1037 -222 -145 690 251 -230 369 193 -369 401 23 -97 -162 41 905 -21 -198 -319 -391 95 255 103 -529 174 51 403 -437 947 -317 -285 -45 -75 181 -564 413 53 -122 -670 -680 608 -87 467 249 -935 213 -639 84 256 468 -90 ]
[-707 -311 -94 -196 -594 -824 -427 -489 -926 -458 342 -26 91 -387 301 338 428 -711 294 975 -334 968 840 151 -652 -976 -169 -395 1044 -766 -118 474 -17 204 718 918 -13 305 492 726 -469 910 416 576 -198 100 -1288 413 -732 -38 -95 1035 256 239 614 572 680 463 -1029 895 -1028 -1046 70 -709 -1323 1147 1031 -853 -458 -1087 -297 -784 800 4 34 459 -144 -324 -1282 -83 1341 -187 905 198 1250 -25 -1015 273 -570 1237 -1274 77 1248 -236 375 -203 807 281 -54 486 778 -163 -905 1102 -17 -207 95 -587 -703 -1466 282 -19 279 1053 -1262 -509 931 -296 720 857 -386 -587 -222 1044 296 103 -405 -849 -1174 788 ]
[-482 75 18 312 168 -219 452 217 395 -493 68 278 13 -762 203 35 18 471 -414 93 -346 -51 -306 -595 -283 181 785 -779 1021 -652 -219 395 -156 146 -833 207 91 231 499 373 -561 -909 -1074 1351 477 1384 173 386 -696 347 259 294 -858 -120 551 735 227 1043 -209 271 44 315 -250 -411 241 -727 -1122 -1070 1 148 1008 132 48 -676 297 673 308 681 582 279 -283 496 278 -1069 -850 586 -210 320 164 -255 -232 562 114 -442 -151 461 112 52 -1284 496 -437 983 -958 328 2 759 94 -62 50 790 -88 158 -497 -210 -643 86 -913 435 -1164 521 -817 -23 -103 -459 409 -441 546 -256 156 723 ]
[549 685 -329 -182 56 -126 -229 556 -367 -22 -19 1340 250 -741 165 755 -260 563 -485 62 16 -14 632 -378 -613 -359 325 462 349 311 -100 -1084 -89 -20 640 -820 719 442 300 65 394 264 592 -78 1220 -251 -142 935 -1112 579 806 -1896 -1074 917 567 1003 25 263 251 -166 -406 -798 285 234 791 327 1195 457 -438 397 -220 -1259 176 673 821 1350 548 -362 777 -157 70 715 -335 -822 272 150 -694 -420 -522 -41 -1923 807 -284 -943 -36 534 -423 -420 410 -927 -719 364 137 400 -928 -879 -862 -559 393 180 1 202 -99 582 909 1101 -130 378 413 -470 112 -93 -1095 441 -178 48 327 143 -324 -820 ]
[790 474 256 885 -327 -68 815 523 240 -11 39 190 135 663 -984 433 -991 -674 -404 -138 905 -1072 -342 820 871 325 -388 1130 -1139 -712 -369 532 1252 -360 89 -42 -137 -445 758 -207 199 -660 244 -165 -921 -365 295 -658 924 -412 -232 -184 491 -1009 205 -606 -289 294 1109 -1062 -589 -126 -679 22 -454 -381 1045 -376 -444 1291 -638 -1283 -336 417 -392 -728 -154 -513 -167 -141 210 481 -652 164 -942 229 265 -522 295 484 108 -261 370 829 -387 494 -174 -778 472 153 373 -1268 883 -492 236 -574 -130 -124 -609 -674 -773 -153 444 946 98 103 252 -257 1194 -481 -219 118 -46 -514 521 849 -147 734 -428 -32 ]
[235 60 296 1296 -422 -108 483 568 118 -816 -756 490 662 -247 -12 234 -70 902 178 355 664 -380 -706 564 387 1525 312 60 12 593 -617 347 -721 639 -135 -703 1640 294 -469 275 391 -127 -211 687 -78 1320 938 -1216 614 546 -1283 531 54 -803 -50 -1306 392 -175 42 -121 415 135 -475 -159 35 -9 -501 210 -716 578 -329 -450 306 -657 615 622 638 -1192 -649 181 524 -145 -734 -458 524 71 64 -908 -310 -389 -282 -437 -1169 19 -1099 1105 -346 -527 -134 -901 -613 17 -44 -1314 395 -830 505 1013 -23 -595 -225 273 306 353 -481 856 -139 -273 -777 377 165 -899 767 -504 -537 -656 -294 724 -435 573 ]
[522 -1236 225 -401 611 179 70 751 339 892 411 -1052 -107 -597 320 -103 -477 724 -638 -601 -162 -892 -1130 -644 -137 580 -296 -480 -363 -759 -460 148 -155 7 -388 -440 -521 146 -70 -199 -283 -294 -1169 197 -119 588 586 -956 69 905 -718 -393 201 -995 -319 79 -136 705 380 -1684 -100 747 -731 1258 897 -275 -1292 -644 -147 904 -877 -970 -225 -237 302 -420 -564 -323 119 363 -645 -268 -922 -398 -407 26 297 -369 392 65 -299 -673 -465 791 -875 1282 783 184 1198 -415 743 -1217 99 -1459 331 -370 449 3 -558 810 -33 -1209 -910 815 570 728 -778 -486 427 -867 -170 469 -34 -766 308 -1089 846 492 1107 -741 ]
[-394 -750 39 -147 -94 409 -217 666 -281 -428 831 518 -1386 895 62 -643 -975 -613 -173 -6 -488 -575 -672 254 -7 -1426 9 198 483 380 312 103 -876 -13 -1145 162 -499 -128 29 826 -255 11 -196 -1052 317 -907 -935 538 182 25 -317 1201 -1038 70 -194 -999 -17 -419 730 414 98 1060 -436 416 -559 -229 191 -159 514 585 595 1432 7 -378 -1032 -863 -831 660 313 -94 459 -464 -337 101 -1276 -772 -113 31 -275 -167 1185 417 -79 354 -181 -807 109 565 38 118 643 -43 506 431 -628 508 -879 55 -729 22 294 -72 -59 673 -509 442 -447 311 43 -328 -1284 645 -525 -733 -256 1567 -620 182 712 448 ]
[-37 434 307 187 -136 -822 -983 498 724 -736 255 153 -1847 345 152 875 -187 257 -750 -752 -356 0 -190 1251 1004 -1610 -103 -173 1009 385 531 845 -609 -205 900 680 -215 141 993 1300 -1048 -225 465 111 -355 -669 -1003 1058 -490 -9 144 1690 613 602 412 220 -437 789 -742 662 149 973 -210 -66 -66 -625 1327 -108 -590 -345 1149 1356 -225 -130 -99 1278 -376 437 813 -429 522 594 1194 1039 -640 402 -139 53 -218 11 -687 -264 855 -379 328 -608 167 1106 -1125 940 -679 372 -112 1448 -1078 308 -362 85 -928 -1386 -18 241 1291 229 -1060 -678 327 38 -354 175 44 -1 79 -584 -208 787 -341 -955 -656 1411 ]
[-320 -7 326 -818 -453 61 999 182 -661 474 -512 61 407 371 788 2 579 14 -343 -292 -353 740 865 -1004 -549 -122 -608 -659 -555 -1152 911 103 568 -261 -148 -260 401 187 -83 -328 -7 111 -1283 358 -398 572 301 -390 -695 -23 278 -578 -416 330 417 78 771 -97 -141 -731 -376 101 815 476 7 -1386 -427 -517 1360 -705 35 -330 -110 -443 -38 -964 211 -193 -1160 1145 354 -897 -1518 502 434 -635 -598 -903 78 -424 -36 -946 555 894 -1253 -504 1077 413 670 319 166 -474 -1186 674 832 -167 395 -312 883 30 -1498 -1117 -600 620 -534 -302 -593 -494 118 -63 -147 -54 174 163 849 876 -639 232 -554 -1091 ]
[158 -357 615 -211 -1127 -108 -465 -538 304 335 -431 895 -375 -614 -161 1011 331 1006 -686 -21 76 35 -81 -1181 99 1010 472 -91 -372 -1107 261 812 461 679 -654 310 696 -118 638 1012 -1359 -862 1238 510 740 -395 718 489 196 -95 290 -474 -242 861 210 -119 -76 -276 -634 -765 -306 319 -50 -313 -872 -316 -181 148 1340 -491 333 -526 -304 -206 450 919 -25 -22 -249 -591 -982 221 -395 382 1020 -247 -718 144 162 -46 519 -893 592 -60 298 74 619 -978 -276 711 768 1024 50 406 -155 511 -942 -19 331 -140 -210 423 958 214 158 -374 225 591 -469 78 383 -1085 570 -456 18 185 52 -271 -479 1002 ]
[-662 -329 -220 -515 -823 -1014 27 -648 345 289 435 -396 223 -526 -760 -447 619 -266 -197 456 477 705 656 1199 -707 207 -859 -577 -287 -564 -174 249 -885 573 -668 691 646 598 -97 894 -426 -387 406 660 -1121 -110 348 712 -1301 -1521 819 1198 -138 248 -37 778 514 221 -1505 495 51 183 285 -682 -355 -154 -588 -1201 -799 -1017 -119 -159 9 -192 384 -37 389 -853 4 786 952 19 729 10 -200 -244 -742 892 -143 429 -79 -106 875 740 -332 -248 888 301 -136 214 775 5 -411 1175 -530 -426 280 -679 -899 -1147 -153 283 198 216 -819 -66 -139 -254 596 633 483 -392 1199 288 1058 587 67 -156 -749 135 ]
[-482 -349 -152 -257 326 11 423 626 157 -894 -146 -94 -699 247 -265 -643 -287 731 -829 -358 179 -13 -1591 -338 -48 -188 362 -288 387 -476 -842 -599 -980 -1224 -191 752 -76 -35 -72 1567 -1198 54 -311 -8 -1041 692 -105 949 -847 307 -288 1332 -826 -805 -96 -716 299 -117 -407 -615 -232 -85 -756 -505 -196 956 -597 -416 0 354 1485 -661 448 359 694 -459 515 122 72 -626 99 -578 1596 -454 -1518 -252 1568 299 -880 32 -288 -327 -658 -37 -467 -164 -898 -258 449 1117 413 -8 600 545 -491 -348 -410 7 -769 -122 -118 -270 198 1029 624 967 -483 669 94 259 -747 172 -650 -237 -567 60 -45 309 671 149 ]
[-633 -668 -65 -150 408 -163 590 883 -270 684 -696 -696 -377 -39 669 -497 208 -56 -134 -609 72 444 205 -134 -189 -803 -40 -500 176 -984 457 375 -958 554 -422 -739 153 573 435 -842 51 240 -2249 -283 -489 -1071 -675 -215 3 311 -844 -464 -850 289 -316 477 377 884 410 -90 -669 -327 3 921 403 -1373 280 -450 877 -28 87 707 -157 -902 -470 47 -253 329 -205 353 274 93 -478 247 72 -9 724 -262 -845 -618 -332 225 -340 -457 -110 246 1254 1079 -330 287 -18 -127 -1091 -250 846 -537 718 -248 558 531 -236 -1195 -350 261 378 154 626 -372 654 -521 -995 249 -424 319 -106 -1042 375 -110 -133 -679 ]
[-57 -126 -1278 -238 179 207 44 473 -296 -158 349 15 -488 -558 425 31 1239 -530 -175 909 -626 -295 -33 155 -527 -157 844 65 -253 152 -318 -53 100 -269 548 600 -803 -472 -344 751 -930 -141 581 -18 320 2 85 792 -80 83 857 685 -25 -842 208 -509 213 -705 217 920 669 669 -35 -37 -552 -301 -479 -565 -1106 -347 -139 362 -242 703 -290 698 -508 238 207 -1331 -706 306 1096 1385 -110 -626 1538 -1 -110 -342 109 -442 375 -935 -203 -332 -1283 884 497 473 194 773 1212 1120 173 594 -673 1335 -1 -653 354 666 558 12 747 -38 13 900 664 -336 517 -747 157 1313 -943 -816 1106 -324 134 80 ]
[-854 -855 214 -170 -684 375 68 60 -561 -85 -223 559 47 -214 1486 1251 -66 -181 749 73 -270 294 536 1369 612 -635 -244 -702 1319 -516 636 5 -469 -663 -50 656 -540 654 103 444 226 -114 -447 666 24 -611 -1794 -48 1044 1019 -405 -435 -200 471 155 -262 375 -429 -181 866 204 -438 -198 286 682 517 95 1081 692 225 323 1262 879 155 562 1461 397 1137 1057 -154 -1025 -329 -1341 957 476 -222 -531 29 -1386 335 -303 761 959 -20 5 239 -976 -356 -316 366 621 430 90 1828 58 1024 -397 -316 758 40 1068 -76 1089 -86 -715 -947 474 -1688 -12 839 -587 -163 -296 1088 -61 -1009 -909 -91 2 134 ]
[252 -1081 -524 -27 -1132 -52 -160 791 506 384 313 -455 -489 -1059 -405 -148 -939 1033 -470 -517 1098 74 575 -341 -1149 -14 -504 -922 244 -351 -817 446 -974 20 315 -276 1019 1409 -776 929 -483 -116 1017 56 -405 404 519 455 -783 -716 -98 336 -772 949 -161 -92 -779 -550 -1821 584 -289 247 -134 -88 1153 -614 -384 -986 -589 -156 1036 -79 485 197 1885 285 1328 586 695 499 -599 -583 -504 39 -563 -384 -725 687 -533 78 -233 27 -642 -360 472 447 -983 -109 156 463 746 660 -435 276 -30 292 183 -700 462 289 -333 386 320 554 380 -633 -819 85 -181 857 343 -766 -79 1104 -488 -400 -426 373 323 966 ]
[379 1413 -75 -272 590 922 86 -958 158 -419 -659 -625 1439 580 957 -809 59 -61 136 102 923 1044 46 399 -700 955 625 131 490 -430 -191 976 -488 -1 -404 -439 -1137 -492 -207 -57 470 -146 -379 809 -528 -309 903 -695 145 -71 528 228 -83 -465 142 -222 230 -459 -148 417 14 -40 -646 -1885 431 710 -2373 347 140 -1065 162 233 435 354 844 4 544 -361 827 -944 -254 -573 1212 644 617 -284 751 785 -195 -144 -576 123 -322 -154 -524 -75 -22 426 64 -211 -247 949 383 -547 -462 -61 1111 -1271 -658 1160 490 1058 -240 -32 346 482 828 107 -460 749 582 -546 1398 -157 -194 -648 -307 84 -670 -232 ]
[1049 315 323 179 -206 6 1333 28 431 47 -613 43 541 527 226 -1555 -118 -330 758 242 108 226 237 -1926 -429 -435 -257 601 -726 -948 -232 -61 140 -318 -407 604 456 80 394 183 -191 276 -400 1088 -188 -62 436 -760 -707 1032 404 131 160 830 325 618 457 -121 -667 -1114 -9 411 608 1653 -1742 603 -1076 19 909 -329 -196 -124 -676 263 1207 338 834 79 -637 172 -216 225 -254 -817 60 -246 -817 -261 876 423 340 578 1335 67 -154 152 735 -600 -1126 665 -634 -133 -407 411 152 293 -41 821 206 809 -23 -589 1 -633 606 -371 -546 1376 146 -821 -714 -370 1423 872 -241 -489 985 -307 -344 -974 ]
[741 775 -111 1229 -197 -1432 1090 364 672 -1518 -822 -221 470 1177 523 -1070 -466 -183 433 227 710 39 179 -662 213 209 304 -960 97 -235 513 1138 -93 -1044 -738 477 527 1188 96 -274 -385 -14 -68 -664 -600 -858 -488 -137 -836 147 648 460 172 1406 271 289 -97 -204 -740 -774 -608 469 434 -259 278 494 -1323 953 -410 -85 450 556 -758 301 70 303 171 1131 50 -489 -164 725 -111 -896 -898 494 400 359 -222 719 1079 1201 456 -195 -737 -19 -743 -806 -719 163 -659 7 128 626 -24 787 246 1015 284 192 -493 817 1108 -63 118 -307 76 -204 -773 1005 -1279 -223 246 -425 -658 74 719 -746 608 700 ]
[121 948 164 320 404 655 -1088 -70 -1841 462 627 48 167 609 517 1156 87 324 1159 576 564 56 327 1109 762 165 825 -284 1043 953 541 -304 253 127 -77 -548 -398 817 -222 241 999 165 250 -63 -274 -402 -316 731 -637 -117 401 228 495 535 2 1194 718 -801 323 723 -22 -550 -451 -997 1294 163 618 327 -275 -1108 -210 318 324 -335 364 1183 88 120 1233 -386 -167 -887 -173 1079 -554 -1244 -334 395 -1274 -348 -110 338 -214 -164 370 518 -323 166 -427 332 106 -328 660 1426 -404 108 -79 -897 7 151 -384 -61 112 67 -246 -366 -766 -77 -118 1006 -522 -301 -640 632 -162 -200 -71 -324 -346 -413 ]
[275 401 -431 -295 -330 -407 -219 91 865 -791 466 -65 -1326 -1282 -1653 703 1559 566 -818 545 -1864 -11 -218 -530 211 -316 -938 -64 49 732 -733 -1117 221 -232 585 -606 723 -636 -65 937 -338 410 -48 -891 34 -187 -486 1244 -486 -132 1224 184 -284 -631 -411 1524 -936 1051 -824 -295 245 1117 1740 685 30 388 -440 192 -228 -605 -157 150 -510 68 -458 205 17 352 -243 -93 95 707 273 242 -979 1303 -157 -205 1156 1082 -726 14 -613 -1131 707 -598 617 419 -103 -540 -332 118 -473 -115 304 246 -501 -291 -343 -549 696 139 413 -1379 -191 -462 -460 659 874 -1837 757 910 -13 1010 811 160 967 -744 -127 403 ]
[-667 1395 634 678 -236 -320 978 348 -1066 529 -105 -470 396 1197 414 744 348 -395 741 -290 346 -189 -45 -1566 769 -39 -66 390 -764 -701 618 347 876 -851 99 316 166 -68 643 -423 307 61 318 45 139 -398 -212 -298 8 -80 370 187 1369 308 603 -128 300 177 202 -1116 -292 -549 320 -214 -809 -57 -48 648 -321 -155 -604 -224 -314 429 -296 -1197 -107 372 -541 -361 416 24 755 376 77 5 101 -586 26 41 -76 -290 745 -156 -358 -578 128 -99 881 400 313 -713 81 -341 248 83 669 -125 562 -142 -958 -746 -258 545 123 164 124 -476 856 779 -982 -225 169 745 -319 1159 59 281 -977 -300 ]
[1119 999 -240 -324 -671 260 67 -31 7 -538 -294 -717 1353 377 697 15 576 -129 -168 512 49 -890 468 66 541 250 -337 -51 -343 550 986 767 2 -686 -624 -207 -176 -281 -124 -828 2 -455 -84 -696 -794 74 -712 -787 727 -461 210 562 367 83 473 541 85 -403 486 -844 -919 710 1217 68 456 602 -544 705 40 244 -565 673 -269 -534 -679 260 -534 784 -347 391 8 234 -2 555 172 323 139 -502 690 897 953 11 199 690 -943 178 201 -643 537 -1558 -371 -718 -132 -477 564 203 330 447 -191 -279 -141 296 264 -328 333 12 349 -1259 -620 -1 -518 -281 512 1086 -221 284 291 -573 155 -244 ]
[-386 -1325 994 724 374 69 -283 179 -60 29 -566 80 -8 184 480 -178 -715 916 951 -486 -280 515 -860 -892 -201 -70 -260 49 562 -29 -490 -536 102 -46 192 879 -158 265 -597 -21 -807 -98 158 197 315 -105 -1047 563 -5 735 181 -555 -135 -236 -332 -275 -773 -267 295 886 706 -672 -1507 822 260 614 -203 693 726 717 144 720 175 86 -175 -271 -86 478 -400 -944 -895 -317 -1448 -649 -230 -432 -316 520 63 -735 630 1168 278 -380 -30 -459 -416 321 -116 461 -733 -1080 176 496 -738 592 -880 634 -92 548 -908 -493 425 -236 -343 614 -479 33 -390 245 -494 -127 -888 -9 -314 525 -910 -61 1162 700 ]
[-841 305 -211 -422 458 -636 643 741 35 -1165 -391 44 793 -170 -185 540 1162 -289 -249 93 -41 418 -104 230 40 -238 159 324 -401 -169 -815 -590 536 -16 28 505 271 41 698 295 -388 686 -1726 951 -850 -57 -531 668 -1115 652 15 547 838 -1042 764 245 881 786 -975 -235 -543 -717 728 -49 -990 60 124 -83 -372 -693 -638 -878 474 513 -156 -864 -409 -1456 -723 -159 224 202 1256 357 -92 784 -172 -561 -298 39 -788 140 63 272 201 -920 703 693 1012 391 778 -248 -548 465 -81 -997 1127 -115 -617 -95 -1037 -344 554 -97 95 757 176 -399 1197 152 474 -245 -778 207 809 -1336 921 318 -864 -317 ]
[883 -839 -84 96 149 895 -159 -5 356 -65 -134 -356 134 -753 71 192 -182 834 -478 -1026 207 213 -35 -431 -522 189 -418 170 993 113 -1361 1250 -348 427 15 -266 716 213 -416 503 -147 471 -161 744 89 -986 145 509 326 -75 -208 56 -156 -588 -824 230 -771 572 -567 401 -248 -103 -324 -136 -52 -6 -579 107 -229 -3 -17 -442 1515 -448 946 -273 614 657 753 593 32 -80 -578 593 116 581 -1423 792 25 -128 536 165 -1641 9 1197 -278 -670 -45 93 -262 -173 418 336 -446 90 672 326 -684 -693 944 116 415 -211 -213 287 -637 -421 -239 505 683 216 -440 177 27 254 -405 -677 17 139 613 ]
[333 -203 271 413 196 -288 -181 409 114 32 163 -1690 364 -331 280 -1449 -151 -29 -890 -445 851 -262 -562 -718 83 123 -481 -128 -907 704 -1207 812 -2 251 -31 530 604 494 -144 1473 -1416 -565 590 -309 -526 238 862 -199 -81 70 572 1562 -116 -226 -122 357 -932 39 -653 -367 -205 838 233 172 -339 454 -837 -289 -777 87 -681 -172 -396 500 -67 -766 -744 -1301 -166 -254 -571 -306 1168 999 -1282 -332 258 493 1033 245 1401 -386 191 732 -376 86 1186 462 209 -26 -305 -1579 275 -627 -1605 -210 -202 1961 -690 -401 -1281 -188 -623 -580 199 -130 -1605 764 -971 656 -418 617 271 539 611 407 45 -350 467 -22 ]
[-182 126 -266 -723 487 -706 -560 -629 120 -31 685 -829 -319 -649 -915 214 -321 352 -757 47 172 813 71 -707 1021 -680 -113 -377 916 467 638 426 -400 56 -543 405 -423 436 1282 58 -376 229 196 241 -804 435 -276 1226 -1092 284 746 1049 900 -223 428 1918 -126 640 -598 315 206 -51 -534 -99 -732 183 887 -792 -522 -189 462 -46 68 88 -567 -510 -102 -19 497 801 290 350 1597 -157 -1549 958 -54 437 1482 629 -854 -375 601 -685 298 -381 462 -278 -391 101 -849 -843 252 844 -529 -11 -245 698 -367 -445 -295 449 -929 913 -395 -296 -551 251 -206 1049 -1094 204 992 -223 362 603 -445 -434 255 -297 ]
[-484 -246 804 31 -2 182 -55 558 359 99 -208 -501 -307 1298 734 -262 117 -171 -401 -289 289 13 -633 344 -537 25 -969 311 466 -1072 -1392 565 -497 652 -715 354 35 -55 -556 846 206 -408 243 312 -82 344 562 -256 673 -548 -515 921 -108 274 61 -1008 530 -617 297 1133 -1205 -445 118 -432 -382 -109 -118 20 519 -779 -104 292 1196 -409 464 778 -121 -751 226 708 252 -1367 -202 265 897 -1649 -948 1061 -701 -245 1167 -1017 -427 1232 133 -323 545 402 -145 330 617 707 609 29 -365 41 242 153 -1115 -133 -15 177 555 -887 710 157 41 -318 -501 1037 249 -53 -162 315 207 -65 -1206 379 -709 843 ]
[-446 -643 252 -66 305 -613 99 -786 474 -808 -646 544 1064 645 -272 294 -1120 326 268 -175 880 368 -477 1175 303 657 364 -840 115 -860 119 549 -229 -82 319 -447 -609 -1155 174 821 -286 528 257 -292 -192 784 800 -431 638 -595 -369 230 95 139 155 -82 466 -247 628 485 -176 1139 -379 -708 -1 537 -349 508 846 -380 392 -422 166 -390 -725 709 11 253 122 -334 -55 -390 152 -261 277 4 -115 137 -340 -687 1189 -90 -206 759 -84 615 -555 -645 -1365 781 123 1088 374 117 -744 259 -936 -18 -192 342 980 324 205 -260 -540 8 -236 -1092 -910 300 -1071 622 398 160 -60 -244 -864 110 505 1224 ]
[1319 563 -629 1025 666 447 -251 193 200 584 381 -1025 439 -184 869 -333 535 630 1203 -1405 -1076 -314 430 -1042 -279 -1560 4 535 -927 1798 528 120 770 711 125 794 -422 -109 -68 -111 -495 -734 -225 -111 252 -12 -906 101 883 1854 -296 211 291 -577 355 -1024 -1238 830 22 950 -623 668 697 610 -1177 -1044 -888 -238 116 206 1007 1041 333 278 778 -516 -210 442 -280 -478 -41 -655 -421 1004 260 976 -701 -44 787 421 170 434 -387 466 1052 -577 365 -62 -183 -983 -731 -701 -576 -186 1244 336 -199 321 -15 127 -1166 -231 -209 536 -757 -385 -18 957 339 -175 -89 38 1385 164 -195 817 150 -250 -437 -55 ]
[-97 -762 -465 -141 -1061 -549 199 36 487 118 94 -117 1631 -662 150 301 240 -294 1037 -30 -104 -264 838 157 -1350 -1024 -156 -489 -1417 -523 183 201 264 382 -672 682 135 203 473 599 494 211 334 893 -912 -329 -1164 -800 677 -162 8 -219 53 731 -158 82 -49 -797 -1073 91 82 -93 510 681 60 -694 -349 -272 -77 -102 282 -489 -194 247 518 755 -522 -74 -811 421 756 319 191 -142 1010 -656 -29 -478 173 -883 443 846 1098 606 -330 231 1031 925 -284 -420 558 -129 -1510 987 267 -168 301 -624 -633 -766 104 92 859 158 -775 -1264 129 -421 1528 338 258 -455 989 321 295 -132 372 -348 -431 -593 ]
[484 220 525 -552 -520 994 -426 -1570 -106 -334 446 689 584 597 -998 -701 -210 61 129 1095 99 -863 -392 575 691 1747 511 1215 -17 -254 91 742 72 -170 1106 -629 85 -498 -44 237 -740 -840 347 238 -607 669 1480 307 -282 -952 540 1062 421 88 -434 358 395 -855 -141 851 374 -196 -372 -794 -33 539 340 -214 526 -417 543 -792 -719 -13 656 96 1554 -147 1137 202 642 -486 509 109 594 -210 -483 574 -360 3 151 -728 490 291 -72 606 -893 -982 -598 749 -77 752 981 1890 -174 615 -639 -784 -174 -136 445 649 391 -490 606 -768 -286 975 -887 252 868 215 822 110 -122 -74 -152 -67 -368 -429 ]
[-189 424 860 204 159 -406 309 1126 -50 -431 -1051 -644 40 -374 179 -1066 106 214 -149 989 139 563 264 -35 -504 -714 857 669 -91 -1179 112 1299 138 -196 -16 72 402 -302 492 -390 -763 -95 -253 682 290 306 443 363 31 707 431 -122 -357 -449 823 571 -452 1216 458 -262 -36 -599 22 -216 -902 -281 370 -63 -373 526 -765 -137 -178 -372 -785 -278 -145 -748 -453 -12 116 -329 756 358 -291 231 92 -764 759 -475 -349 282 445 119 -964 -352 43 42 -153 4 -976 234 -305 -130 -474 -71 40 247 156 -552 -1152 284 -1366 975 -413 688 111 799 369 179 -81 -508 -554 317 -96 212 60 183 385 -48 ]
[151 662 752 -337 874 -53 137 -347 -801 -1242 -463 1199 -434 799 -61 -962 -1303 -32 -440 1105 116 -311 331 -284 50 -394 49 634 151 713 -261 -409 803 18 1268 678 137 -459 664 -1377 455 43 -782 121 455 -303 170 1015 -711 381 -464 476 119 -244 -216 109 -71 1340 114 -246 -295 -224 -586 88 -608 -71 1784 161 -733 622 217 -105 -195 239 -826 -75 -365 -718 -62 35 1055 -265 421 -751 204 853 99 -931 -161 62 -373 31 -633 -174 780 -755 1158 -193 -1102 -413 -500 85 100 248 -1343 -1187 79 479 572 554 -906 431 201 508 -184 -220 259 1176 -839 755 137 -381 -429 -270 -963 17 -68 713 -400 -920 ]
[95 -1191 -361 72 -453 -20 -797 -843 70 1919 1400 828 -600 -1174 790 626 760 -19 -209 -362 -1117 204 741 -168 -919 -131 -331 -811 -106 -241 347 -425 373 130 -140 -622 -189 108 -993 227 692 -387 851 186 363 -719 -2 -801 122 -303 362 -819 214 1011 348 430 -28 -1401 -1292 -238 347 119 -332 651 14 -690 -758 -622 1901 -616 225 -1550 -117 218 1070 -371 -393 -115 -438 -255 -1201 190 -1372 299 148 -1452 -357 426 931 264 -14 -696 1274 931 -572 442 1166 -191 426 428 992 -724 -230 -1333 -729 -308 -791 184 -157 -239 823 -16 -156 -232 165 -663 -480 -359 307 -1075 -192 796 251 -324 912 829 -367 -430 793 857 ]
]
