[[890 5 565 32 -14 -635 488 -358 627 -283 -93 532 59 -403 -179 -331 113 -656 470 -383 44 -299 445 211 879 9 -74 -298 -408 1134 -463 -455 204 -853 -61 -335 -329 -792 -16 -884 -509 994 -254 125 -105 -313 155 782 361 610 92 -408 622 -522 -561 382 158 250 -111 -264 -227 74 -332 -440 -464 -213 -699 -231 903 910 -489 176 -94 -30 -81 -254 -404 316 -307 312 55 560 318 -266 782 384 668 405 1133 -392 784 810 511 723 309 -390 344 408 -364 182 926 -81 422 169 391 -761 217 64 346 47 38 -171 421 452 630 -151 -736 415 -158 269 791 -589 252 639 316 180 601 -219 -523 278 ]
[234 -245 -895 37 -8 397 -320 566 -197 64 -317 703 138 857 -8 183 490 804 358 -149 615 -543 -938 -323 -1251 -390 -592 -1094 142 -1041 330 329 -48 -251 -516 990 261 -285 1 -193 -385 -157 -706 291 -79 463 240 -193 665 -566 113 -405 -357 -458 -39 36 -743 -447 -716 244 -258 -34 -897 1118 -381 765 292 -294 -466 -455 447 -993 933 479 354 159 -656 -406 -850 -50 -659 -638 -150 358 464 -56 294 -161 -1070 -22 -448 7 -969 -159 -329 21 -155 -504 55 -420 -583 -244 -248 1200 -245 162 75 -319 351 -528 -120 -73 455 -364 494 211 265 -847 -388 -453 -165 294 288 -13 -235 583 431 50 765 130 ]
[420 56 139 -581 -1033 -660 540 -277 210 -60 168 872 -207 4 -200 -443 817 176 -1 67 438 696 -876 -827 4 -617 652 -108 311 -601 338 -594 -18 217 -516 -661 794 -1097 -387 365 78 577 -470 323 84 -446 -408 795 606 -162 583 -651 572 -255 -535 571 -181 93 -660 -433 -410 458 -670 576 -593 401 -442 -334 -448 270 -86 -496 -366 74 240 -139 -715 217 -632 173 -647 489 696 566 -274 -2 25 -350 -732 -485 657 -780 -197 -511 674 -947 182 -163 143 225 5 219 -150 -31 143 33 1141 -329 341 -653 440 158 352 -424 967 -87 -660 -430 -899 41 -456 -692 331 563 569 532 308 -146 -180 177 ]
[765 -163 -772 -446 181 514 -418 -583 293 309 -615 -70 -54 427 514 445 358 632 -95 -133 741 -709 -293 -96 -768 70 -527 -896 352 -496 57 -434 206 -662 836 1007 -492 532 500 -193 -351 -782 -684 -171 138 501 153 -376 -273 -480 487 103 37 -526 -254 -252 -505 161 182 -107 -46 77 -324 -18 722 197 -273 -122 -35 -489 -177 -1156 703 -327 -696 -346 94 368 -35 490 -160 -40 -463 -646 -239 -87 -436 415 -741 -281 156 -899 -1058 -1097 -1085 630 -511 -101 -407 543 -275 -763 -212 743 -427 -287 -6 10 30 105 -88 -711 1061 761 253 637 -740 -420 160 -831 -232 69 -330 2 -615 -304 -431 699 20 -153 ]
[-1040 -161 -210 167 -73 -265 469 1268 467 172 -556 718 265 -136 -339 677 -193 428 -428 321 405 336 -285 -367 -692 378 230 81 162 -15 972 349 344 750 -1286 -345 801 -829 -448 222 -110 652 164 96 173 451 317 64 -102 -707 -903 823 -301 -324 26 578 50 -884 -285 683 9 -563 -403 541 -873 482 69 -500 -367 -2 909 -91 626 -96 -296 257 420 -965 -568 -370 -621 -851 850 126 -39 -270 157 -518 75 471 421 2 88 431 414 -307 -1225 -1011 747 -77 37 1301 -391 -261 -315 8 31 -376 446 -499 685 403 -171 -530 -1102 -66 952 184 183 -482 -2 158 -69 -490 495 -192 155 310 644 586 ]
[-689 616 -471 -335 71 1070 -1672 423 13 -10 70 29 -525 -91 -386 435 -520 -218 -59 600 970 132 -996 551 -112 322 -759 -201 -735 272 380 588 -176 690 289 432 65 69 -511 95 25 -323 -309 -115 -263 65 493 -591 -367 -805 191 -324 -505 -1117 -175 268 -6 -98 761 689 63 -245 -435 -163 -281 739 -172 274 457 -502 -582 -579 915 -310 231 697 267 -269 -367 243 -200 -495 -719 -225 861 153 -509 -206 -798 350 778 -12 -357 430 52 671 252 -283 556 593 315 626 -709 514 -705 -256 -506 -677 -260 -38 133 244 820 255 602 189 746 -662 41 -52 419 50 -475 -63 425 259 240 471 514 1161 ]
[1562 -182 66 867 138 -634 1273 -329 772 -387 -242 -27 94 -375 403 455 -1053 -688 -220 -484 -233 -967 426 -263 113 287 269 -419 -582 -50 -311 332 -817 -792 71 -139 -890 374 280 -713 -447 112 32 -720 348 -98 88 817 -43 611 700 -519 229 595 -39 -265 376 170 -322 -139 -457 -150 889 -1059 463 -653 483 -694 70 299 332 915 -216 697 -472 -1248 -1090 658 936 557 538 301 -98 111 286 127 291 550 1691 -127 245 -203 -252 329 167 256 -359 543 -833 -423 925 -579 632 -352 242 328 -519 682 183 258 -635 -1060 65 939 -208 786 -949 -142 -79 320 62 52 -632 -475 -56 205 434 448 -118 15 ]
[-1766 408 618 -292 1178 1770 -1180 1071 -718 569 -399 -286 -146 515 -761 92 -463 -699 274 236 327 -507 1074 157 -42 -517 -512 -488 -946 23 -290 47 613 706 -91 224 389 -172 -148 581 -1132 -177 185 146 -656 402 551 -185 -328 280 -382 194 -1155 -213 -40 181 -600 410 209 -20 175 53 23 -445 -77 1140 -182 -62 433 -149 -534 556 193 121 22 -34 417 -610 -640 -485 -253 -798 -890 -488 624 173 117 511 259 650 -718 251 172 783 -60 130 468 613 896 174 -266 62 96 435 2 676 48 -271 -666 -164 -607 847 80 -294 60 -418 1481 139 120 586 897 -101 495 125 397 69 225 93 -696 774 ]
[1656 -410 150 599 -575 -373 296 -1078 931 -992 86 436 1283 -342 860 -280 -234 46 -17 0 355 -309 -527 -564 -105 654 -555 -280 35 1172 -361 141 -992 -1477 -735 303 -165 -498 328 -628 -580 71 -431 39 -97 236 -449 929 432 -309 890 -1117 497 -504 317 -382 -72 -73 -134 -132 -232 -237 -261 866 -830 -470 435 20 -174 1231 -137 -1061 839 121 -84 -490 -1466 -5 -193 117 593 149 63 1035 595 280 739 394 726 -694 694 410 335 -311 575 179 -158 -536 -95 -701 272 -568 -97 219 65 -388 373 427 296 16 -126 -539 507 96 319 563 -535 -628 -792 -615 -517 579 -529 -831 -278 929 400 -568 818 447 ]
[204 -637 -182 -239 14 854 59 424 56 1414 -950 532 1124 580 345 -117 534 720 -154 172 493 -535 290 -1129 -1544 -33 -8 237 488 -1034 202 -1185 -137 646 -480 322 1108 -76 671 69 -1799 -875 -327 542 209 1050 -863 -107 -481 161 33 -65 381 -372 -281 -28 -962 141 166 -677 140 816 -520 509 284 57 202 53 -587 323 985 -346 -190 -291 -1255 -722 -87 67 -193 -37 -409 -1527 -92 232 -1270 -792 -180 569 -584 -866 -651 -1403 -436 -1296 -636 -129 -535 -791 912 -165 -1135 -655 298 1139 -301 230 1064 596 -276 477 335 107 1125 -587 -809 343 -318 -411 -548 -1125 -833 434 146 -295 301 -238 -17 -420 4 36 ]
[-598 -948 704 333 1029 676 849 716 337 50 -628 458 986 237 -187 -129 140 -273 -424 -275 206 -845 625 -778 -900 548 63 -463 195 389 -429 308 -32 356 -567 195 980 -1095 269 -873 -1719 -328 -72 993 -103 846 215 -209 529 835 -692 78 2 -941 196 1037 182 147 -134 75 349 -270 -281 838 -641 239 674 -1077 375 799 464 501 964 -56 -311 -1034 -594 -1056 -571 -381 320 -1567 -462 808 424 230 768 852 1169 2 -427 1031 -209 1470 607 37 -1132 -479 191 -1044 293 -55 -27 699 488 -38 66 12 297 -175 -546 -351 -84 -527 -208 305 265 -484 327 -98 -141 102 -285 -444 -48 362 297 -788 542 -321 ]
[-442 856 -160 208 -758 -348 -391 505 193 -311 -544 368 -841 -55 -826 431 -865 -1010 374 275 34 1136 -397 190 217 -574 -452 -254 -1142 189 132 478 735 -225 117 -1007 600 -146 -723 988 308 487 594 -498 670 -116 189 25 38 -281 -22 -697 -649 392 437 -40 361 -350 -85 381 -233 -257 346 87 -820 -31 -322 -909 -102 79 -1150 526 159 680 723 75 -336 -202 117 -128 537 260 101 -308 539 22 67 -326 216 1099 1092 -36 758 -45 576 420 635 1221 110 327 -90 422 398 -831 -470 -159 -873 -150 -677 -839 357 115 -250 494 390 -471 194 -253 -75 345 1489 589 -420 -12 1066 372 177 324 298 725 ]
[-209 397 -322 -1192 672 1665 -1377 576 -348 9 -764 -403 -254 535 780 962 -268 725 -294 269 -437 -657 906 68 -1259 448 -982 -605 302 98 413 -33 293 172 -448 1965 47 -421 670 85 -125 427 -629 290 -184 855 433 13 -616 -430 -164 129 -414 -656 -382 -665 -1150 -95 359 68 -546 -78 -856 -241 367 1075 -28 684 55 222 548 -951 729 -464 142 483 578 259 -395 -437 -267 -224 -282 -241 -468 55 405 715 -699 387 -901 -300 -228 -276 -1428 333 -693 -973 528 2 -615 -335 -17 333 375 -34 568 219 -197 -450 185 16 255 -108 -1297 -114 987 253 -75 -492 -121 650 387 -77 -1093 -745 -90 547 -136 224 ]
[613 310 -173 -94 -445 -528 331 534 830 -140 -538 -169 -931 -448 -649 -125 -174 -464 115 -516 -1016 -516 -361 -973 98 160 480 328 -657 -1186 1153 166 213 1902 -307 577 904 -271 577 -409 451 270 24 264 1184 -184 -307 -426 -160 594 -349 -521 461 -381 -541 461 536 -830 -505 -323 -350 316 -304 -356 149 261 673 -293 69 -132 769 889 -506 407 228 -774 -568 987 167 -117 370 -515 -486 431 -275 30 -32 361 -233 -111 79 -8 -129 789 -88 -627 -437 49 53 -311 653 145 173 18 -336 -301 46 -292 -1020 -421 -198 -669 441 -395 -500 152 -868 -932 -287 -150 169 -395 127 192 557 -772 86 -333 154 157 ]
[769 168 504 -124 96 584 2 -1148 -151 -1300 -268 -1805 -134 -773 753 385 -726 -635 -420 555 -1240 86 698 -536 548 780 425 105 96 511 376 277 53 84 144 1030 -117 409 635 512 325 -1118 521 -143 407 302 -672 690 -299 293 1 -311 711 360 312 -326 181 242 294 -348 -44 16 1065 712 565 427 787 -98 -454 -199 -920 230 219 166 -12 -949 -546 1475 895 452 1801 192 -957 261 -122 630 -795 1339 594 9 -283 -725 255 531 -61 323 -1096 517 -705 -254 56 -506 271 -744 550 491 222 233 -732 646 -759 -584 -807 -94 -702 143 -544 22 -395 -178 -1211 652 -24 -468 -1188 127 -1109 187 521 -578 ]
[443 40 -1690 640 -380 -1551 972 759 -704 659 -5 255 -72 -153 -111 446 -305 776 -689 -671 -164 14 -1126 623 -1063 -589 100 1429 101 -882 21 386 -1592 215 -371 -274 84 660 -164 -471 625 300 177 -967 1006 401 91 -483 454 310 729 -50 -481 1254 1078 -446 174 -644 -325 897 -481 22 357 -1230 -416 -953 90 -775 -1119 -184 1248 613 -883 525 -515 276 200 -207 1223 -474 99 -44 1525 660 -992 -1276 156 -1020 -143 -303 -413 -294 -524 -765 -533 -54 269 -65 -247 -386 -72 570 63 -35 291 206 -27 532 660 -196 479 339 -149 138 -302 -233 -230 184 -153 -357 -257 52 28 -310 939 -63 912 -63 311 -224 ]
[59 -486 281 1094 540 876 -14 387 1139 965 -43 299 -407 208 363 1601 -724 117 85 -177 1052 -818 560 -10 72 360 -392 -1366 -499 -314 405 236 185 -48 -495 811 -1208 51 -127 -354 -855 -107 -502 -730 -553 176 850 298 -593 -987 -498 896 -434 12 -574 -956 -845 -514 59 -54 -690 -1076 794 -474 596 618 108 204 -254 -531 -170 -852 755 368 -316 -256 123 -56 -78 610 -801 110 -113 -1116 243 163 -94 310 582 599 740 -430 -382 -242 -297 981 -910 -829 -74 1370 386 134 -383 -154 142 293 350 90 386 135 -531 -472 -290 527 -719 887 569 -216 429 278 361 -30 -279 -290 -332 704 224 1425 888 802 ]
[-892 -107 -627 -655 835 -546 34 750 -472 -642 -46 681 79 238 -11 137 291 1687 390 -791 -342 -291 -521 -572 -811 -175 -377 222 775 -111 373 806 172 -7 -58 528 -45 -98 150 160 441 829 -621 34 -371 327 762 180 444 -99 308 140 -469 -203 20 20 37 -1099 -1214 1101 189 -1169 -554 -390 -536 415 -252 -793 -358 -1050 848 570 472 -511 700 914 719 -1200 -736 -647 -818 147 360 661 641 -323 564 -758 -110 914 -779 1257 -400 614 -533 -219 -810 -337 362 -300 -95 121 -244 413 6 441 -682 -147 900 -801 -7 98 62 56 -657 -490 1223 645 109 -337 613 -161 9 120 -942 -857 -532 302 -608 -274 ]
[384 439 -344 789 213 -290 -707 965 179 6 805 -109 -761 22 84 1416 -474 154 533 887 222 420 -26 799 143 772 -434 250 -765 219 164 75 -758 546 -892 -622 -608 251 -1159 -953 88 730 333 94 -678 -354 690 -90 -1153 -56 -364 759 583 -78 -874 689 60 171 946 636 -904 442 -770 -44 -304 -250 114 979 736 -105 1102 -581 -202 454 -626 1237 413 608 574 834 -913 -61 68 -998 15 45 -42 -63 -51 -176 375 -268 -273 1053 180 375 476 -802 137 -155 787 644 374 -63 -1151 -640 -637 -673 290 889 533 297 171 450 63 -153 468 781 44 456 73 187 264 -165 394 116 989 443 652 479 ]
[-764 -183 574 868 991 -1436 1114 -102 772 -315 544 -291 -93 -922 -179 714 707 89 286 -155 -853 85 694 513 2027 488 487 1205 412 1157 -5 -297 -152 1069 236 -230 -601 -149 -757 -1463 145 -118 682 397 -827 -303 237 -291 99 365 -759 1601 654 -103 342 998 930 -661 277 676 398 -564 -36 451 -667 -300 -534 -121 977 102 12 -292 7 89 -317 -9 1190 120 514 142 86 -119 526 -514 714 334 -389 -417 797 -671 1170 991 -39 1806 594 35 -688 -666 -645 422 635 815 -171 -742 -452 -608 -701 -616 235 -340 153 422 -1190 -45 318 31 -282 523 615 -140 38 -501 797 282 -36 -2 10 -346 187 -357 ]
[-1091 83 280 -794 583 -86 -553 -1361 335 -96 -423 -647 147 121 327 876 419 309 143 409 414 837 1350 -153 -22 214 -209 -40 -56 394 -531 -640 865 -690 967 -1302 -457 353 -538 901 -331 -289 318 -403 -479 674 -287 -221 -1135 -391 615 491 -87 -185 660 -305 335 705 433 99 372 -249 313 -322 -188 -331 -958 61 586 715 -371 -594 486 -1060 -473 -350 576 -876 465 -391 -298 -42 -262 -510 -411 -158 72 -728 -531 -104 880 -817 -17 -1126 114 606 105 454 853 526 -591 -51 533 -1613 -408 -364 -1167 -199 -561 -505 197 386 -76 759 77 -96 204 709 1087 -864 839 791 -406 -367 477 -1018 -1098 676 -964 -53 ]
[-112 -328 -343 800 656 94 -498 923 -272 1189 103 -374 -545 -25 59 1264 -494 291 443 -52 -514 113 1699 60 150 -687 -485 -714 -1008 -528 84 -248 771 736 -629 436 -94 -497 141 -492 -799 176 194 -354 -228 630 565 288 214 415 -1001 -130 104 104 19 -1073 -1094 -137 -947 2 -466 166 119 612 -376 672 324 79 309 -22 -107 -141 -347 507 -283 331 -540 47 310 -140 -636 -702 -47 -585 229 -149 500 252 127 -256 -1001 -117 380 606 -931 -255 317 138 267 113 -319 338 967 -324 -122 -398 149 143 -563 126 -381 334 -502 -716 -868 -1016 583 242 -3 -214 721 615 1368 5 1072 -77 426 68 343 -33 ]
[-1392 879 -182 -750 489 1171 -723 912 -808 -172 -1064 -430 -538 1256 -1601 -432 123 -326 -3 -65 268 -555 -1049 -256 -334 -769 -884 275 -212 -108 -842 773 239 206 464 940 1297 7 -229 338 -129 -491 -155 253 117 237 555 -921 -32 -93 56 174 -1401 -3 1126 352 -25 -197 -30 589 314 -360 -226 -55 -356 270 330 -978 -312 -837 -915 -135 886 449 417 -180 571 -1046 -387 -744 1290 -107 -1202 224 356 404 -197 96 -40 473 -223 887 -250 687 178 100 -512 236 513 860 -522 -238 -738 496 -148 945 786 -621 -728 -1064 -1203 920 -353 -490 852 -397 1481 -1001 259 561 595 160 -343 -122 -619 396 1 29 426 226 ]
[26 397 380 -142 -329 -49 -224 -193 51 1158 378 178 -214 -228 -456 -766 -553 -173 620 -542 662 195 -170 -1063 1108 -548 -132 -214 -1209 -848 -624 186 -649 1325 716 -793 153 100 121 506 -870 -354 -766 -757 -2 -141 -248 81 -11 -117 935 -1579 -299 402 -51 -1718 88 -257 -377 -788 87 -35 1221 -664 -335 -311 118 32 -271 -35 -467 1204 -550 180 348 -833 -836 -886 469 -298 104 435 -419 436 343 -39 -180 -446 389 -408 446 -408 678 -253 576 -349 486 -199 1025 702 -381 297 815 -908 -11 741 1086 362 -1270 92 -584 940 569 -448 208 -200 15 -893 -752 242 863 -112 134 283 1411 266 -72 34 -210 1358 ]
[-636 506 -340 -1702 -230 -439 5 -321 258 261 -1282 95 -686 98 -248 411 236 -103 -1005 427 -359 1034 530 -264 237 -673 569 980 -394 868 -562 -580 1561 -218 1124 -574 870 -762 193 446 318 238 552 -639 296 292 -473 1127 90 125 -167 52 558 -1115 430 326 312 421 105 19 313 -145 372 38 318 765 -1281 -658 672 76 -1139 -125 205 -530 -360 515 626 75 22 100 236 37 203 -555 -522 549 -838 -235 -497 0 678 -1284 326 -725 -896 -59 -194 532 135 1719 -314 446 -174 -882 209 -450 74 374 341 -784 718 117 85 -285 18 -459 -180 548 759 -329 527 -195 -147 201 453 -472 -1548 419 -849 -457 ]
[-42 -522 790 783 604 -643 870 76 -253 723 -260 -244 1085 -447 -28 -134 -498 -204 -451 -420 443 -166 942 1120 295 13 527 548 486 1160 583 -646 96 -557 -507 523 -387 305 758 -153 -563 116 -214 -107 461 746 10 79 -74 -22 -1011 1153 -32 339 -341 -188 -92 41 1183 -164 355 -29 796 300 25 -415 -1412 411 -103 454 64 -315 317 -781 -1305 304 939 143 -450 795 271 -230 1532 -1188 -331 -187 -224 249 1096 92 -544 158 840 -568 -964 -456 42 -645 -25 19 202 831 -273 947 273 -944 1399 513 484 1885 605 731 399 -315 -880 -164 -918 1581 554 -722 -452 -695 822 104 -278 351 -523 -463 -151 -259 ]
[119 248 858 -1031 848 488 -328 -277 154 123 136 -207 -997 965 -408 0 361 -349 566 -298 69 -693 1277 -122 158 -209 -493 -1525 -294 -866 222 -436 1138 54 439 852 -364 -182 574 -882 -905 646 -1204 954 -756 226 794 -300 -350 -349 203 195 -501 -320 -1383 -612 1 335 63 -925 -140 184 -899 -582 674 225 -268 1446 956 471 232 -908 297 -280 -233 -229 291 -232 -909 206 -491 398 -162 -747 -215 409 867 241 -328 -693 -805 141 -853 -339 -698 -430 347 -1121 402 227 -288 -548 697 449 298 -521 876 -114 -239 -242 -352 506 428 274 133 -250 -474 -138 435 334 1092 -25 160 359 -370 -515 485 647 -862 -391 ]
[1482 325 -815 -310 -545 59 -626 -517 -768 -503 227 -982 601 -701 -707 -713 -179 -1029 630 212 967 -830 -953 427 632 285 -204 418 -1295 -313 15 216 -761 -45 -838 -1023 -323 741 -50 -595 257 1021 263 -282 105 -86 75 -112 -459 51 1111 -228 -429 275 35 -397 318 393 96 409 -369 603 466 -1738 -173 210 117 953 187 -203 153 1139 -394 102 -1166 -188 186 -194 72 -65 681 405 -90 68 473 -327 153 665 284 -836 632 -235 -186 998 349 -562 223 319 317 202 1063 768 -60 418 -167 275 334 -372 55 805 -333 1084 967 302 940 97 657 190 -861 265 127 -587 -208 148 911 -645 1164 770 -861 1922 ]
[149 -924 1041 -254 -369 315 113 -1042 676 -579 473 -1081 450 -1475 132 -306 -431 -1080 -64 378 284 -25 184 -496 394 226 743 -35 -684 658 317 -388 710 487 -746 -814 384 -722 280 749 -2 354 186 -332 789 125 -248 364 -376 548 94 -643 469 -1093 -196 887 310 716 256 518 -240 251 -469 -544 -794 900 417 -118 768 649 -356 32 -159 -1492 -384 -692 -654 264 -271 -359 506 -211 -531 320 590 -7 448 735 175 364 1095 481 222 862 1288 -966 321 702 628 259 2120 714 -927 -281 -14 -848 95 -321 -169 343 -321 -594 -54 12 228 252 165 44 -732 -366 -357 -475 -570 81 1116 -974 -27 300 -727 602 ]
[-70 -451 -71 298 -132 -428 1172 -432 -182 977 -256 394 1395 -251 45 314 -104 -132 -1013 237 723 -250 -546 140 49 729 1190 1533 131 -780 -9 -131 -1149 1188 -430 -1012 26 -17 -895 99 376 -291 327 -387 -271 -265 -605 168 -463 -71 354 820 91 215 648 -187 166 -159 241 207 -136 235 1185 -448 364 -277 120 607 -71 79 1264 583 -172 32 -1098 -783 376 -417 833 102 -243 -210 971 244 -432 -468 -902 -1009 352 -776 1153 -1835 293 -423 543 348 -848 -991 464 119 -254 1562 -324 -1329 157 1164 73 651 78 -198 143 1261 -294 -1683 -798 1083 434 -448 1012 -445 -1783 -636 390 -233 822 -328 -78 456 64 1140 ]
[146 123 -202 60 675 1814 -798 58 103 441 277 266 108 166 905 733 -598 155 -1009 -475 931 36 -482 431 -1358 713 -1354 -74 -96 -215 -221 414 -1411 612 484 1005 323 -300 35 264 -60 -1081 -883 475 297 549 459 -832 -26 -249 626 -1377 -406 -769 -225 -339 -361 0 1289 609 -795 -321 880 -145 288 370 -382 -98 -712 -666 -292 -382 1311 -579 818 -56 -367 108 205 40 40 179 -163 290 -3 -462 -287 750 174 1262 767 -845 -364 -242 -259 1735 -508 -900 -129 102 193 -619 -398 346 152 84 -507 526 -89 -287 -540 -104 95 429 614 1437 465 -951 -307 -338 -609 -211 -774 138 -792 779 617 690 863 555 ]
[606 82 -617 -434 -1132 365 -567 -943 86 1148 -933 130 261 -729 179 1043 676 -415 -418 606 383 297 -107 94 -150 636 338 417 513 -128 159 -775 -171 1292 -117 -501 218 178 -842 183 -341 -761 235 -282 658 806 -1030 -139 -872 290 258 -367 1217 95 505 -963 -660 144 322 -413 -6 562 1077 59 22 -272 -574 -592 -240 1066 -1006 1178 -196 8 -384 -746 663 469 875 451 291 20 636 -379 -1325 -778 -432 884 -602 -581 1088 -1953 547 -1294 82 921 -383 147 -170 670 -893 879 341 -1112 754 -178 888 68 -298 684 860 347 348 -365 -619 -338 -689 -544 -110 -536 -212 704 -264 686 873 -169 -321 325 1004 1290 ]
[776 110 762 -283 298 -1230 1324 -288 -181 -1326 -1150 621 566 -455 -720 90 -132 -769 13 -285 -1163 -566 34 -1425 -36 167 226 621 296 202 -116 -382 -65 416 -287 -300 1520 -934 223 305 166 941 -384 120 1016 297 -116 1194 -690 1004 351 -799 827 233 700 804 -275 -352 -801 466 -255 207 -601 -31 -1590 -525 -224 -1425 52 1083 657 702 -291 -132 81 -803 -580 390 -161 -673 1137 407 86 1506 69 -321 1171 408 1340 -143 567 1003 814 608 1049 -1246 -86 840 222 -708 301 -182 163 -717 58 131 607 118 -231 -374 -703 14 -262 -1139 -609 -620 -66 -96 -230 -624 -118 273 -53 -280 301 -940 -279 -208 -147 181 ]
[-457 -549 248 583 -156 -969 438 837 -272 -89 1184 509 -96 55 -531 -450 -797 -1006 -546 1169 327 1136 -588 245 234 39 1192 1022 -962 73 -378 1070 -252 565 411 -2392 678 361 -336 -442 222 1222 529 -195 -174 -1101 722 602 -421 -343 -637 323 -133 499 -490 859 623 435 788 367 83 146 -685 -469 110 -562 507 610 945 94 1697 -93 -851 85 -750 1315 363 -659 15 1150 55 -314 -134 -376 254 516 -140 -398 386 121 599 288 51 468 832 -890 609 -615 136 266 765 854 -657 -206 -1201 -283 -351 67 525 538 915 289 -350 -547 -62 -2 534 167 601 1024 -457 297 -944 -1186 1049 612 -160 361 -138 -168 ]
[-780 -990 523 -966 352 -3 -176 -867 -1108 338 561 441 567 431 -126 148 841 129 -345 -455 96 -147 722 -159 -366 -385 617 -69 1131 -605 -902 -538 -58 121 1455 -665 449 464 32 46 -137 23 -245 510 -435 -386 463 -218 51 856 -120 277 110 385 301 -82 -195 1184 -774 37 813 140 193 -944 784 -491 -649 -751 1121 613 -8 1319 7 -925 295 -445 408 -792 50 316 -412 152 -336 184 -366 -245 624 -133 -278 -77 -318 285 -266 95 98 -639 982 1245 110 -309 -355 -434 -133 -32 771 380 -581 -334 -299 205 -289 -263 -584 -272 -5 -42 344 -314 1321 141 19 -221 -21 710 261 -793 -812 213 -809 -550 ]
[-484 -85 787 448 335 -159 -651 483 627 -294 562 724 458 68 -177 146 -657 -371 347 498 187 579 463 997 106 107 75 -226 -670 603 353 417 -1049 140 -245 -211 -201 299 -694 -434 -1311 1015 -132 341 -1046 -23 654 196 373 -857 103 343 -1273 555 -434 -538 750 -307 906 -9 322 -427 286 -836 -95 -307 -195 807 480 1346 847 549 932 134 131 331 503 -479 -478 581 -265 -225 804 -319 1124 684 810 -566 497 359 346 607 124 417 167 343 366 -505 153 -935 -73 594 137 338 -39 -83 -1126 -338 174 -420 1154 700 329 577 -206 614 713 -150 95 45 886 472 -383 -495 -82 742 543 -310 -292 1223 ]
[-291 73 84 -65 -886 -279 689 50 61 207 87 -838 -408 -96 -24 -539 -45 -46 -1303 -548 -533 -1104 -1230 -60 -414 641 339 689 758 -422 339 -105 -212 851 191 552 472 914 1182 68 1139 -1225 453 73 1253 -289 -110 -1595 -753 445 3 993 -600 677 24 490 782 -545 541 -75 22 -206 -33 -539 1118 -98 914 228 -485 650 537 733 -572 12 -59 -797 761 -265 310 -650 938 -20 439 167 -1651 -602 -623 16 -654 55 -802 323 -741 -889 -157 310 59 -307 -105 -1060 311 94 -765 369 492 25 24 149 -570 -120 702 -1076 634 452 -882 612 -1141 -84 248 239 -576 -1047 -252 -330 241 -560 -418 -626 711 -1034 ]
[-699 -818 138 -92 571 112 -3 997 -88 1065 216 -1389 -820 75 -361 -309 431 574 39 141 658 317 240 -64 23 64 306 -665 -466 -1161 -225 -506 843 1175 542 -780 261 -137 215 -326 -1024 -447 89 -387 546 242 842 -1576 -266 586 -1588 1860 70 551 155 541 -394 -37 290 -128 306 398 -249 -438 -313 185 416 -741 52 311 710 266 -528 -753 -1515 -639 404 -1196 438 -124 182 -650 -574 -746 -146 151 31 -282 -379 -1047 -332 857 -567 979 7 -578 -1203 388 246 327 766 811 292 250 -335 -863 306 -1625 -674 838 -316 123 627 268 -407 -1022 156 425 377 -46 219 -247 566 191 1394 -766 -100 -501 111 -634 ]
[-239 3 169 -148 573 163 -1436 230 -618 286 -132 648 794 -122 -687 449 -222 82 378 -364 1019 43 -32 -243 -72 -421 -459 -618 -209 89 125 -576 -498 372 -446 447 855 -898 -524 188 -834 337 -1219 1063 -159 897 944 532 -118 358 489 -723 302 -988 170 141 -363 82 -905 784 133 68 292 314 -1272 517 -1149 -545 -115 631 -682 463 806 -841 42 278 -422 -949 -706 122 -161 -414 98 1004 1460 -222 956 50 571 468 63 1326 386 1135 139 -354 495 969 1179 -715 479 683 81 955 16 175 -42 -962 -769 -29 -853 389 839 -143 481 -783 1023 -80 -148 -616 886 -418 730 55 999 -6 271 -340 -191 1449 ]
[-213 -656 340 387 616 1087 -127 424 23 918 525 -344 92 46 -270 177 333 8 -50 -8 364 -870 302 500 368 -227 670 -1616 853 -1669 -41 -372 -598 1142 1446 952 -672 590 123 -665 -751 -882 -738 -226 -673 -856 417 -1519 -83 -430 -546 897 23 227 -77 72 -349 733 453 -408 897 530 373 -229 1164 -396 181 292 1470 159 429 -466 477 -579 -197 -508 -158 840 191 1070 -1030 -938 -1175 -680 87 400 -578 -818 -646 -333 -414 -128 -1029 630 -525 -625 174 541 -134 -37 -431 -330 -605 836 -908 -187 -275 -1081 -510 442 -677 -839 579 -146 160 762 -127 -1251 837 678 -842 -449 401 204 51 40 -31 -124 -26 -392 ]
[-198 -59 315 169 235 -321 -307 -86 -1167 -892 699 -242 -392 726 -604 -491 1428 26 717 703 -22 897 -1105 -214 169 -198 -99 -204 -191 -856 -39 93 669 561 160 -418 1133 794 214 731 241 -692 611 633 -639 -856 399 -1166 896 -206 -615 794 -1224 1148 -214 100 987 -419 733 -350 -112 553 -12 1242 169 813 521 299 -43 -611 -539 -320 498 1216 -360 -216 332 501 -113 -584 499 513 -368 -459 -458 -128 -777 241 -697 466 -335 -675 -604 361 -414 582 659 1123 -1025 -887 -853 -116 -47 481 -574 364 -806 -892 -208 -657 443 296 -93 -532 1158 -80 192 -37 -70 424 -371 -871 990 -136 -72 753 -792 -478 255 -391 ]
[-303 284 1344 -250 -738 84 27 653 -130 -449 824 -298 -914 925 -103 597 -1197 -126 -22 -529 -357 66 449 -1218 -514 -106 248 56 38 -260 36 4 -133 116 -288 -769 276 -592 -32 930 472 1043 561 426 455 -533 -39 491 -966 88 -6 208 -79 383 -902 1191 -268 1181 12 388 -904 61 -33 -481 166 309 -194 97 -409 -248 164 -262 -364 -360 1155 -16 -624 215 -244 551 -420 458 -445 114 -336 361 299 -358 -366 1115 84 178 -175 795 1144 -623 693 -242 1059 284 755 -407 -522 89 23 712 639 -383 41 111 -805 -795 -669 994 779 734 464 -324 -374 1043 -234 -286 -558 317 -582 190 238 126 -518 -118 ]
[320 -1405 831 148 997 30 1105 -661 1064 127 1641 -764 147 -1003 940 158 -293 -34 -323 -369 748 552 405 114 865 433 -159 -337 86 239 -310 178 -220 -245 1436 -935 -940 -220 -90 -1150 -945 -177 -781 -266 -802 -265 1102 -11 112 -45 369 47 1044 -398 -690 72 265 394 438 162 193 -743 969 -1078 -4 -843 -609 -420 1046 -510 -40 -95 -113 -1628 -904 -148 341 -336 45 894 -347 1020 -170 -507 436 145 -149 377 1441 -151 1116 391 -554 692 492 -184 -1231 -497 -548 1013 1233 -749 -230 -479 -202 -794 203 321 330 859 -1071 9 -881 411 26 469 -529 509 141 -101 -198 -373 -835 377 -48 -593 -228 1150 17 -850 ]
[13 -164 1089 286 644 829 -320 329 -147 66 629 356 549 710 757 -409 -32 -116 -229 668 -867 -185 1062 609 120 365 238 1260 321 191 8 -206 -133 -33 -139 1470 1022 43 1075 -491 67 -59 -384 1309 -230 -97 -447 644 628 670 -1080 -588 850 -133 -182 -514 -71 -117 308 -619 462 96 55 693 933 -496 274 1131 342 798 547 20 49 -413 1041 808 66 461 60 644 531 -1168 -671 783 415 156 27 530 404 -218 -1056 793 114 644 -336 -294 260 -801 380 -303 100 -794 227 1124 393 -21 -509 719 -439 676 -30 -23 -1202 -843 -738 234 648 -148 -62 319 -985 171 12 -249 -1091 1147 42 -1016 -164 -671 ]
[842 906 142 -868 -612 -812 1027 -33 -34 476 -262 140 -195 -717 -390 413 -1009 -635 -765 467 60 758 -262 298 364 -1 274 21 300 -235 148 -1179 -88 1075 1360 -418 1167 -113 9 -85 57 472 -426 49 1201 346 472 -210 -449 -93 1069 124 359 -391 0 295 1464 655 773 742 332 465 -583 -779 -270 -1298 285 135 1020 1272 -148 -25 -67 -1293 -897 -45 407 199 1002 561 1083 -75 978 71 -471 -545 -333 -562 523 -368 1145 -1165 -427 -593 138 -899 -205 148 583 -46 268 814 569 -727 -681 -1095 157 370 -306 -74 989 -78 1332 504 -348 -240 -814 -827 239 -365 28 -107 -574 222 1003 -1375 98 454 -1292 -429 ]
[-114 -661 -192 -910 -1182 145 -88 -244 246 -580 86 -723 464 -403 185 -889 232 -35 -689 315 285 597 -1737 338 -165 388 277 -1062 891 -603 1326 56 1541 -35 -482 13 763 -875 56 776 1309 477 -111 701 764 29 317 -1251 651 -1052 -145 1343 -741 -765 587 554 788 -805 -332 261 108 -167 -582 724 -171 695 1051 773 -230 195 32 -906 188 -169 -70 557 130 -971 -1213 -896 102 109 838 1161 -548 -384 130 -249 -1444 631 152 294 -701 -1156 -33 -119 -947 -199 -366 -704 -198 1044 -1567 -497 25 -756 310 -179 -104 -1478 897 -358 183 -575 -546 -94 -378 -1266 199 -526 -603 -410 -486 89 -124 -1479 -450 -388 -133 -441 ]
[-116 64 217 -99 -1214 -325 177 1716 161 605 -405 991 -1094 -113 -520 -179 -1473 -487 211 443 789 680 -1422 244 620 -448 289 -494 -323 42 598 61 -199 -310 229 -441 918 -813 -529 -51 -1049 -5 -605 -185 413 -357 492 -24 898 -45 -96 -326 -7 -504 -188 1083 287 -670 -24 474 85 -137 -138 589 -1130 -758 -414 -1377 -441 260 -336 939 -219 823 500 148 -423 -805 -236 696 132 -584 260 586 889 48 -322 -929 109 148 569 1167 -434 1149 1221 325 -2 -195 128 194 1208 905 -26 684 -302 -4 693 -71 -158 309 561 -67 -66 645 467 -398 -956 -777 -769 382 677 -127 -1089 753 1685 756 903 -550 1006 607 ]
[623 -34 -539 510 -180 349 968 772 1617 517 -832 691 -124 218 -301 -507 311 -23 -235 -717 908 -864 -289 573 -248 -1048 -307 -1680 251 -1240 104 -274 -387 -1209 744 -206 -933 -525 -705 -602 -13 95 -77 -25 -28 -423 100 -650 921 -340 608 12 -38 -347 629 473 -387 571 -804 289 261 -27 -145 -524 631 271 -157 -1093 -368 -862 -765 459 46 -55 211 -1120 -537 -93 -587 -299 -413 -93 -337 -24 1168 528 -485 -241 22 -582 773 -202 -942 300 209 -362 -1157 1048 -1199 385 612 -940 -108 767 -848 251 -1009 207 230 -1343 -811 -1002 869 950 1636 1540 -415 -1017 -138 -359 675 -746 -792 885 -757 -523 491 -348 -822 -145 ]
[168 -74 503 -544 84 -146 671 721 -594 142 494 8 329 371 724 -871 -412 801 491 -165 -515 -397 681 -300 348 -1332 318 -698 519 208 -800 -326 -460 -153 -338 797 417 -291 710 429 -86 889 -399 -209 -419 -315 809 747 932 731 441 -61 -1288 312 42 -380 -623 68 -492 -465 -81 592 -357 -86 -779 -169 388 -141 172 479 525 540 -664 467 610 443 -160 -150 -614 -783 -378 911 674 679 -188 671 978 509 20 319 -1487 539 309 -139 -407 -692 1081 -54 -251 -891 -156 -402 25 -390 237 239 2067 361 -130 -342 289 -51 -505 -827 318 -535 211 -562 -901 185 231 -139 821 963 -340 -774 -114 -632 -1500 145 ]
[1357 -669 -1052 1268 -241 -344 140 831 1243 949 -556 979 731 938 499 1412 -56 569 -10 -359 273 -269 652 1057 -1061 261 -367 -108 486 -773 723 80 -490 -581 -442 598 -1277 465 -420 -1354 -382 -165 25 71 -80 103 -594 -162 -349 -548 -1321 316 802 -154 61 -654 -629 -534 297 592 -51 390 205 382 1119 -43 -772 636 -42 -317 969 -752 708 747 -276 389 -340 606 401 1196 -1263 -1401 358 -907 233 -98 -161 -626 -367 -47 394 -680 -173 -288 -1413 1175 -480 -1446 -669 529 -285 136 231 1078 -781 -910 -1119 290 996 354 -132 -408 -300 486 61 871 -324 -774 757 -792 323 1467 -130 693 -373 560 256 122 670 258 ]
[907 -899 134 677 -840 -972 439 -624 1003 341 757 623 583 458 606 -386 -462 112 870 -1214 938 218 -1003 -1444 592 -603 -688 -378 -483 -324 -328 245 384 -21 300 -1001 -562 190 244 639 -228 83 -515 -612 645 -60 -726 -27 497 264 903 -1184 -66 25 -85 -1026 -133 -475 182 -272 -394 178 70 703 -357 40 -223 -553 25 -365 -610 -452 -347 426 -290 -374 -1460 -555 -71 120 -618 1084 -119 -196 -79 -249 178 230 78 1053 862 -181 835 -1467 -23 708 830 -397 -454 441 -145 73 -336 -386 -626 -959 589 745 -37 66 -407 -760 961 165 962 294 -1267 -963 -616 114 233 -194 -590 444 198 7 -1467 -703 -448 719 ]
[-1020 -245 619 -170 -206 -900 -90 -848 1055 190 860 114 -393 170 -94 -170 1326 977 -443 -939 560 1269 170 -451 390 -159 -503 796 40 1241 -577 -883 -154 -671 511 -1826 199 -706 -331 -19 -647 143 465 -25 -776 -255 -413 145 257 374 82 950 833 504 -163 494 495 718 -86 -637 -38 -227 468 -459 -112 -337 -1318 -1454 -505 614 -958 387 -250 -1414 -521 -256 763 -504 -112 30 -553 1341 1016 -1067 -655 329 -510 4 384 -566 518 -170 143 -480 322 7 -543 280 279 631 364 -99 0 -533 928 -564 89 -518 822 -208 -145 483 813 1158 974 25 158 1744 -15 -20 338 -1794 -299 162 5 323 -553 -565 -293 -530 ]
[-115 741 19 -461 -862 -39 -287 204 -285 -1122 186 -711 64 367 204 -717 225 408 210 761 341 394 -1194 -319 193 231 -970 -30 109 533 -60 178 -344 -549 -1526 233 564 -234 -409 972 293 339 -252 -196 -230 -127 -757 288 546 -92 347 -762 728 555 796 8 -101 -446 -297 -300 -424 810 -435 902 -991 344 522 -384 88 397 -253 -178 186 300 500 33 -1098 -102 -342 -156 -219 724 -51 676 -76 -159 -226 231 -286 -772 -584 88 171 172 569 -990 271 135 838 -970 -337 357 313 185 139 -25 969 -439 -472 290 -319 667 672 -949 127 -560 690 271 -1516 11 -573 -78 663 254 53 862 200 -427 524 442 ]
[584 -363 -713 175 -360 745 -491 584 -969 -73 344 -414 -98 365 327 1028 -492 -13 1107 194 -422 479 -83 209 -817 407 386 -713 -1027 -579 -134 1334 -572 -449 -697 -499 -597 167 -396 -12 164 545 -73 -617 -455 -598 96 -182 -595 -142 -391 -434 31 62 -498 -593 61 442 189 209 -1223 -251 474 -14 134 19 957 762 822 -359 1238 70 -67 978 376 497 -470 506 940 360 -177 -334 -857 -245 -109 523 90 62 -567 1469 1 -204 97 737 -159 508 543 -703 663 1 -384 131 221 -844 541 403 -110 613 -131 -5 -48 -253 -2119 -243 -447 -335 820 577 -239 1217 -203 1240 218 -87 752 18 646 1136 766 424 ]
[346 193 -391 -312 687 -2007 164 -401 300 -163 38 512 -878 -82 -371 70 93 153 -30 -241 -172 1049 104 619 615 469 340 580 -687 540 -291 614 -368 -288 850 -1075 -324 328 -910 -1097 -94 451 -495 369 254 7 24 853 -213 328 -7 -515 2142 74 -335 279 1526 2 -459 -137 -420 166 716 -304 150 -1132 -967 -420 307 -995 396 711 -210 -13 39 671 -355 257 1022 763 -223 658 295 134 -13 -186 -427 -187 1134 -627 148 183 -712 369 23 -374 168 299 -657 -67 406 -150 1282 -445 168 -43 -610 229 9 860 -357 576 115 -105 8 -605 -1155 1115 1007 -153 678 -23 20 -119 217 331 -621 468 590 -1017 ]
[-966 -208 48 1127 -267 60 -164 512 51 1446 1006 -839 578 -284 -493 -892 390 530 9 -581 356 143 -32 -79 703 -481 868 -102 366 33 -818 124 -409 766 -435 -902 676 -92 -553 -30 -242 -382 34 315 16 -634 -17 -413 -592 1363 -229 -191 228 398 16 -112 14 632 -557 -534 583 263 831 510 -121 -1182 637 -518 -16 835 30 852 -1220 -229 256 292 -349 -712 295 493 -691 -226 166 268 -978 107 33 651 565 329 -1090 637 321 -503 822 -661 352 836 641 -584 98 188 234 -980 -34 -367 767 -490 -815 376 254 146 218 -397 193 -839 124 -57 88 1118 190 -513 693 -297 405 646 99 -1360 -313 -318 ]
[-292 128 -163 -972 250 585 -703 -1000 305 -609 110 -14 756 164 245 461 115 -73 77 793 241 413 259 -203 -934 401 499 673 497 305 125 695 -246 -94 -105 74 1 81 -569 348 27 474 396 193 -778 490 -1123 607 -736 -104 1613 -742 289 -410 75 21 409 762 641 -286 -391 335 564 -393 261 31 -601 -113 747 483 -196 314 896 -1179 261 130 183 518 208 423 -587 -579 -326 131 -138 394 -649 26 -585 509 150 -1517 -252 -295 -408 629 -129 -421 483 -277 -707 -149 149 -628 384 737 -464 14 363 -812 86 432 146 56 547 749 498 -98 407 247 -290 490 -697 -117 -956 -194 -1418 402 -553 617 ]
[788 -547 -591 -198 -583 188 785 -83 -181 512 -42 572 697 389 734 -296 -29 395 -383 862 1019 -644 -196 577 -785 -182 -589 -1140 112 -390 -266 -244 131 -1542 -88 -435 -875 187 534 202 -313 -532 -552 -777 76 96 -306 -25 121 -535 851 155 -1059 416 280 -933 -735 207 -292 -41 91 256 -989 192 -59 -277 746 29 133 66 233 -203 88 -704 -661 -947 -355 -1380 110 -1061 -131 25 891 -309 265 -377 -32 -483 -311 -1167 301 -502 -353 -1255 -194 72 -119 -1440 80 -169 -187 591 208 -135 483 -390 -288 812 755 58 913 -312 1059 455 -466 473 -106 487 -224 -420 -2 387 -549 -715 720 -711 330 19 -434 122 ]
[-478 -698 -2 13 833 -1082 907 267 131 143 836 95 -215 -478 994 1077 -418 884 -675 -767 -813 -878 607 475 -996 676 410 -495 757 -295 -103 1527 302 722 -424 772 -722 -234 400 -501 669 -194 -189 -159 328 474 525 -744 693 244 -1083 -61 -642 -42 235 -888 1195 -807 -317 549 -86 -627 -32 169 141 250 1252 295 556 -109 957 537 1269 87 766 -139 -305 34 836 -825 -698 -690 886 114 510 -195 330 -804 105 891 -873 -72 45 1387 -555 99 -248 -1291 -284 -1131 -241 1356 566 -873 900 373 -993 908 670 -511 277 -234 -1801 -624 -1459 295 258 -169 835 -743 -586 -72 549 301 -536 -795 -226 67 689 -653 ]
[-1097 705 284 -926 629 1017 57 164 280 -138 -2187 -138 871 -369 135 614 -531 183 -743 -561 -298 -921 1287 34 -37 -182 -836 -183 873 1757 -142 -1086 365 -1349 381 1202 -95 -713 231 119 -268 390 -717 -416 -76 639 86 1117 -400 22 -272 234 680 -882 624 287 -1157 421 -649 446 992 -609 -331 -609 -626 171 -1594 -1301 785 1037 -768 -280 615 -1456 57 -473 576 -459 -582 214 484 -4 500 -231 505 128 477 771 1006 -674 75 866 481 -767 -357 -1193 -650 827 777 593 -132 -800 132 194 169 -999 459 305 -604 104 44 65 392 162 -1141 -470 73 552 520 -997 1292 413 224 323 -893 -313 577 518 -676 159 ]
[-1460 99 1132 -280 1348 -117 -2 -13 -214 237 736 49 -17 -164 -185 503 57 495 1116 464 -260 1202 1546 136 1298 -236 246 -282 -399 911 -840 -538 561 -289 522 -123 -516 -18 -747 68 -502 -188 -548 -77 -1940 -425 984 1032 237 97 -804 223 -235 -43 -764 -371 731 -147 176 275 699 -384 265 -813 -245 327 -540 16 779 234 -586 1207 -22 -510 149 -56 1062 -825 255 -612 -260 573 466 -525 923 401 107 -180 964 55 -300 724 481 898 274 -17 105 122 185 252 52 346 1269 -955 1267 554 -594 62 81 -279 -89 1094 -1957 478 -314 -1049 896 1295 -58 226 1619 302 568 674 196 -510 168 699 -590 399 ]
[-104 910 390 219 849 261 -204 850 987 266 -1366 1575 -177 433 -412 785 771 264 121 -247 -142 -551 684 -501 250 162 -528 -328 -807 468 36 -596 525 -288 299 910 133 -251 516 -178 -660 986 -557 -783 -173 306 -212 857 328 -303 -1572 208 185 44 -479 -461 -617 -779 -98 -441 346 -816 7 -866 680 235 -987 -863 -29 510 -39 973 546 479 340 -192 632 530 -800 -208 -156 384 236 -423 -486 13 464 40 505 -469 175 -56 401 170 -400 -328 -831 298 -359 1197 -1043 -233 493 166 1098 550 178 292 144 372 341 121 425 -146 -1422 -265 365 294 84 -183 945 2 273 416 -867 18 -444 -161 318 567 ]
[-398 -427 866 400 -81 -183 1426 89 -202 625 -306 642 -854 -425 -1758 -1686 25 -1219 841 -1201 -252 -705 -661 -999 626 -863 1030 -214 -448 -705 -13 124 95 590 -104 -471 680 -341 492 407 -1004 152 483 -870 679 63 -317 -475 404 538 -28 339 -610 715 208 468 396 -47 -536 -1067 -249 -538 1230 -803 -765 -790 471 -919 -351 -426 -91 1027 -668 478 376 -724 -104 62 -326 -740 24 -41 -245 672 -523 -95 430 -92 664 275 -70 1119 15 -231 722 -624 719 1041 123 637 364 -240 -445 310 597 464 1408 272 757 365 -699 31 -73 -668 254 -157 -704 -406 100 833 734 -623 -330 167 486 453 393 -839 -216 -390 ]
[-749 269 -198 800 -284 389 -83 617 171 1175 495 -232 29 -418 -638 -231 969 275 342 -221 -435 1594 886 -742 311 -441 137 1067 375 -912 141 -820 656 1655 -68 -1278 719 -198 -557 -15 77 25 841 471 40 -300 -1172 -466 -533 -27 -1137 375 1063 693 198 361 -342 -167 -605 -390 95 443 256 449 224 -809 -93 -286 -1057 3 247 767 -1552 11 460 800 522 364 155 -388 -633 -187 242 -503 -1291 -643 -199 -288 -282 -295 -287 -410 984 -32 574 -694 -768 73 612 692 -830 -40 992 -916 26 838 706 -264 -215 359 -513 1361 -935 -475 -636 -1134 1302 358 -428 699 63 360 424 303 781 -199 -1 -198 266 -632 ]
[-554 320 -737 -124 -232 580 -905 -750 -728 307 810 -425 5 543 934 439 -822 160 -506 -314 332 -128 -171 769 317 323 -539 636 101 -29 -197 134 -1003 -199 344 68 -621 734 -522 233 1226 -179 234 -9 -283 -209 -21 -158 -313 -450 925 113 -415 -227 310 -308 -519 454 188 -128 -343 57 1008 -197 494 -191 -670 682 -296 185 437 -533 -468 69 876 860 339 -354 16 -224 -1187 740 -399 34 -799 -545 -292 -131 -794 285 -142 -495 -510 -1011 159 1000 680 -810 -224 -375 116 -419 -1052 -632 -204 342 -207 392 -311 56 -313 52 -12 436 463 1258 -91 21 -68 -69 -1488 -181 -470 -486 -155 138 -162 445 -299 976 ]
[-1346 -805 -29 -942 616 246 -751 -412 -217 411 1200 494 430 -177 27 -879 979 815 419 116 392 1266 -541 226 -490 -707 763 570 712 -1444 205 185 -566 1614 730 -759 487 -43 -762 584 173 -203 -1082 1044 -642 -145 -159 -776 1036 58 268 -1044 313 -64 -384 -114 527 109 281 -190 192 561 214 175 -197 121 -929 -31 720 -785 814 858 548 -1433 1258 642 122 -556 -155 242 -1552 -572 513 314 551 -42 -428 -515 -1737 346 -423 -756 -553 -387 -291 -288 939 -868 563 -260 -582 424 -30 632 -555 -41 -678 -220 -94 -413 700 1042 189 -1043 967 118 138 -778 -211 -5 144 -361 257 880 -177 -301 99 -443 -858 580 ]
[-622 876 -730 -743 274 612 -903 759 -95 740 -324 395 -682 443 -752 -689 -89 492 656 14 504 -1191 -772 678 171 -417 -754 -680 -400 -222 201 -139 -125 -41 -185 2425 17 1233 197 698 412 -517 -849 -705 148 496 496 -475 94 -938 20 285 -1251 24 -776 -489 306 -948 -651 -328 138 -171 -507 -940 651 -112 160 454 0 -1251 251 261 824 352 8 443 1602 -71 -552 -582 -608 693 -284 -1125 130 -463 -15 69 -478 524 -956 384 -299 -566 -1146 -296 428 -221 71 -147 153 -84 -367 967 233 592 -103 -489 -474 459 -21 268 696 301 -1075 349 455 296 -261 66 780 -754 -222 526 -911 -599 24 346 -34 930 ]
[-189 757 975 468 76 -73 694 -115 -256 -1345 -101 273 390 -1032 108 -1080 -1012 -866 737 -810 -435 -448 -415 -398 1092 -1177 172 -181 -549 -33 577 -3 -597 -125 -486 -163 -793 -155 832 1244 654 837 69 -895 2 -73 -212 952 -101 -84 808 -768 -359 398 -203 461 -129 -317 -616 77 39 -121 -253 -19 -777 680 -634 -7 -626 -238 37 595 -944 202 712 -257 -296 552 -771 -201 773 728 472 215 825 93 296 -1045 926 601 99 760 819 417 352 -1013 856 656 193 -437 461 95 -496 560 -665 393 136 -117 7 -53 -456 48 705 130 94 -137 -137 901 -916 575 134 -705 979 293 331 360 738 -82 -913 -50 ]
[324 -1257 -358 -190 -870 -116 -135 -695 285 378 1277 545 561 -392 1682 416 312 805 -138 521 453 916 145 -630 573 596 -152 153 56 -136 307 -602 -351 72 838 -566 323 605 565 -457 -812 -620 118 244 -313 412 -745 864 494 -866 329 -176 1504 -50 112 -201 -239 -117 -434 91 307 -495 -45 980 419 1069 -507 276 -611 28 -425 -436 -213 -398 -177 411 244 -602 -153 651 266 -727 37 813 -277 -386 -991 574 -894 -773 1044 -850 -865 -468 195 380 -645 -1408 -5 821 -859 -637 -264 326 673 -162 1 1196 -9 355 746 -857 63 566 145 1089 -835 108 -1321 -952 -1066 578 -400 32 835 390 -1134 291 545 -261 ]
[-230 -353 856 -437 901 -16 797 -1196 783 265 -1058 617 265 -298 -329 -667 395 -496 801 -818 53 -371 598 -157 445 -1101 -267 -553 -159 284 -239 -882 1456 -353 502 955 -452 -966 548 -18 -1075 -926 -862 -31 -401 488 257 184 1414 -10 734 -788 -1049 -1610 -505 63 10 -401 -413 -543 -26 -661 -313 819 -689 449 -690 -472 -219 -266 -1553 -603 1098 -504 232 -428 -540 -333 -1417 -1513 -157 281 346 -358 1791 125 507 -276 324 -80 -26 342 112 -330 -47 126 448 267 -568 218 342 -455 -90 176 -339 -346 248 373 149 -1099 -163 369 328 -398 889 160 -993 -372 -135 -1110 931 -1187 -63 251 -417 42 49 307 -260 -113 ]
[-345 -739 -420 -264 544 1127 -392 555 -814 1798 -50 -688 584 927 -645 -921 402 877 204 219 492 -506 54 -624 -634 -598 166 -372 -127 -817 -1315 -597 1349 166 131 345 846 -142 791 186 -1313 -974 98 -362 104 1511 388 -388 -293 342 456 -86 -254 -875 -185 125 191 234 -219 -41 670 509 545 850 404 137 1382 760 -222 -234 50 -144 124 -457 -1187 526 769 -804 -499 -216 283 -885 -333 -46 -6 -128 137 86 -337 417 -1935 -243 -170 -15 -938 68 -509 -600 868 -144 -724 -208 -31 197 -100 115 759 371 600 266 -679 688 532 -941 67 -689 1043 -511 257 -341 -86 -288 -590 -193 -51 -907 16 -51 -175 -641 ]
[-454 464 -287 399 177 -858 -305 567 -158 -998 575 -324 -458 -4 -356 -207 -215 425 1950 -292 -968 490 -796 1071 546 -493 -738 596 -309 126 941 388 242 -320 143 602 -482 444 -737 -972 -237 -277 179 682 -374 499 -145 -408 2 383 -138 -219 310 -883 417 278 397 -495 330 1342 415 5 -1696 627 -675 21 261 245 504 -691 -588 -76 -57 -391 667 1033 -172 -34 304 584 773 -1129 -3 450 1929 794 -29 -1111 -584 -774 -355 1839 -272 1368 384 -357 582 -389 856 -220 94 331 413 1296 -530 -817 -1001 -322 -1 67 -231 842 -300 443 1001 -1282 182 272 -151 -727 1438 1464 584 642 -21 -366 291 -566 -268 -784 ]
[1641 -641 -1289 563 1015 -966 219 -306 -285 243 -625 141 -166 -34 -335 1207 487 257 -65 -655 -691 3 -372 197 -1174 482 -263 1307 290 -71 564 265 220 212 -157 430 222 429 73 -1185 -312 518 -495 184 841 646 356 -92 -1242 646 324 -249 536 69 -32 -368 -167 -968 710 815 -1029 -279 -136 -672 45 -1096 50 -387 167 -770 708 -167 67 -141 -532 622 244 829 902 878 366 172 820 129 -1225 -1043 562 890 302 690 470 -198 -78 -1168 -1549 1125 -323 -741 -417 693 -46 -435 343 144 221 -1363 190 574 988 658 549 -161 944 -296 -835 -557 -538 395 675 -698 825 850 -287 -676 -632 -209 124 607 442 -729 ]
[-373 -580 1055 219 973 575 8 -210 448 -920 -287 -808 310 328 -216 264 -618 -1111 -1289 -441 -69 -950 1440 448 539 -258 -706 -163 -588 1322 -177 -64 -10 -331 -117 1015 203 -558 871 -1073 -583 1323 296 701 293 558 677 484 1049 -102 360 1137 -1015 600 1047 225 -542 250 -236 72 -739 -1072 13 -553 306 1308 36 102 343 1508 -204 -1094 949 599 -149 16 -184 -758 -895 -469 1158 -159 36 332 757 972 1173 1207 501 -442 419 1520 -181 483 -544 -565 -119 -374 -239 171 522 -185 -1117 463 455 -931 881 78 -440 -1523 -323 17 50 -156 508 641 508 -836 593 434 464 -643 -102 -530 -644 906 -254 -1228 -768 -341 ]
[-227 -417 519 -889 -26 547 -664 -78 543 578 208 -296 270 265 -596 -494 -800 -165 110 -530 673 -1809 -546 20 -65 -737 94 -992 -690 -270 -1267 316 -1213 174 -42 1181 -620 66 -410 -83 -1365 -1052 -1666 -247 32 402 -206 12 -264 107 1661 -1016 -434 -800 -297 137 314 466 143 305 -357 85 147 -331 525 890 -192 307 8 -77 197 772 1044 80 617 -783 -1164 -780 -779 166 -571 -91 -689 291 695 407 10 -473 -377 93 -1051 745 -1206 286 788 -686 1336 -172 302 -878 760 -97 -773 1322 905 1286 213 137 -237 245 -923 101 779 71 514 1288 -61 -739 -254 454 -83 -962 -358 91 -1 230 -128 246 755 774 ]
[933 389 -74 -347 -542 -584 881 282 583 483 -1053 122 209 841 -486 163 206 -147 325 -246 313 -710 122 -246 -401 -967 576 608 -612 -760 128 -994 -612 -380 -1009 733 -438 192 117 -1263 -1415 -137 71 -641 449 510 -466 391 107 82 430 1141 -375 -54 287 -448 -84 143 93 -907 167 -390 478 -439 308 -31 7 -116 275 823 180 462 493 643 -1130 -1330 -646 -258 50 -163 492 -486 445 -74 -457 733 244 -430 -19 -1627 -19 -848 -43 -948 -671 -963 83 -128 462 -22 -431 79 681 695 779 -349 811 -165 68 633 465 233 486 -544 -385 -153 -833 -195 346 -797 859 33 1109 -331 350 320 590 -607 248 50 ]
[-73 401 -1063 270 122 1131 -2156 -762 -355 -139 -763 -614 387 -459 -713 -988 644 -715 704 318 763 -504 -788 -130 669 -543 -1064 -1220 -1124 386 -128 -698 418 -1203 -71 410 232 512 611 387 -398 -1769 154 30 474 962 -989 -197 -997 -661 315 -619 21 -852 483 668 -1019 220 -83 -568 426 648 -167 1807 -64 758 -535 9 -467 -306 -919 -308 308 1013 0 317 -686 31 -973 -68 93 -754 -916 -214 -377 -77 67 787 -826 -300 -598 135 -11 -952 53 -301 1127 815 575 -590 -508 -818 -199 946 -312 181 -61 -754 -750 876 -382 779 1347 622 960 -284 -334 788 -537 4 708 269 229 -541 574 694 -418 -798 1160 139 ]
[729 514 -508 -565 -233 292 -1487 -432 -907 8 325 350 27 -116 603 166 -411 938 161 73 -263 117 -608 190 -207 965 -866 -239 38 1572 -601 -20 381 -582 822 570 -1098 1093 42 524 778 -115 -15 -361 -420 -864 486 201 -624 -283 389 268 866 -778 -854 425 386 450 -14 284 -408 -246 -375 -186 777 9 -343 442 928 -319 -932 -261 421 14 42 1737 465 987 636 157 -400 942 -468 -860 -12 -328 12 118 -431 992 -199 99 692 -782 -1085 956 1747 1093 248 -347 -15 -652 221 483 -298 -228 -623 226 -79 892 542 -707 1456 876 -613 -1098 56 725 506 626 733 65 283 -86 -132 -416 -1215 -162 -177 19 ]
[301 -465 339 -965 11 100 -705 -334 -468 -368 699 -934 -201 -827 58 99 -745 -443 -217 455 -68 1379 264 1879 239 -805 445 126 -267 120 126 -409 747 -821 -19 235 -446 -647 -334 361 365 1194 -280 -708 99 -437 213 55 40 656 139 413 219 147 186 74 186 695 29 660 -1057 551 -694 -1413 342 12 -415 -192 922 800 -616 -445 -536 -975 -963 390 322 625 540 99 623 929 758 -587 -437 -426 -150 -153 75 219 -146 -235 257 -366 -909 -873 256 927 -273 404 957 590 -466 -325 388 -1072 819 528 -66 -261 340 372 -353 -2 -703 -1583 -101 892 82 708 36 -380 542 716 326 -768 281 -627 -1620 -818 ]
[-925 -29 185 -1652 -673 1001 -890 431 756 116 -652 -96 -358 432 -274 -1190 239 -403 -360 653 467 821 -51 254 756 -630 465 -1021 511 646 -575 -821 337 -539 672 157 977 -1052 -286 -436 -1228 100 -284 667 -312 -464 17 -32 402 -110 222 -67 71 -816 443 1188 -377 558 504 -949 338 854 -1197 173 39 418 -203 -359 573 1011 -628 -1027 -238 -141 134 159 -465 203 -968 -131 -197 62 -701 316 -488 1104 -110 279 -756 -311 -94 621 -310 11 482 -433 73 414 186 467 -240 -769 -198 241 562 380 1447 -688 -431 -1192 284 14 364 -111 983 -54 248 -403 -1102 326 -315 -283 -7 197 390 159 38 -216 -224 -211 ]
[-1273 1198 421 -737 1122 978 -979 -158 -925 -76 -244 -713 457 -108 403 -1011 358 -828 -105 679 -32 -102 828 1632 832 -67 212 51 -532 937 -650 -666 -418 -360 1212 -325 -373 525 -603 485 -518 -709 -295 -186 -672 304 -225 -152 -143 200 465 -199 -476 -310 274 309 361 670 1021 -470 1093 921 214 -1521 -99 -390 -1079 643 1532 1004 -73 840 -736 -379 353 32 784 -11 -233 -311 -41 443 -62 67 85 -97 -251 -62 288 -834 -312 -68 -353 -1019 -95 432 1362 1098 272 -494 -890 131 741 -600 1131 374 -147 472 -876 228 131 1035 330 -351 448 -247 -161 353 239 -362 449 75 1377 663 590 -440 399 -318 -1702 579 ]
[-326 396 875 90 1650 1254 -1306 -5 -719 -387 585 140 392 241 83 321 133 -68 -18 4 679 -628 802 363 -552 458 -1619 -501 -252 1601 -1052 -198 19 59 -383 300 -271 -679 -444 244 -1022 223 -1537 693 -660 265 629 694 -703 -482 610 -937 -297 -519 -926 48 -808 80 590 381 -338 -268 -1240 -563 -715 1223 -534 950 883 473 -62 -1342 338 255 217 664 259 -452 -908 -417 -405 519 -443 -692 876 -533 1181 341 1025 832 66 699 616 -248 -32 402 1057 -872 745 -247 262 -381 -43 609 286 -649 23 58 -76 155 -160 707 1033 208 -352 91 949 1168 -590 458 791 -472 967 -27 25 603 725 245 -464 920 ]
[146 425 494 -427 366 166 -404 -327 303 -515 723 -1290 -253 -148 957 -367 1530 669 461 509 -1808 -564 893 -585 29 155 101 -80 157 -484 151 -528 -258 202 -658 768 -801 49 643 -199 337 -500 63 134 -652 -386 -605 -11 -663 352 170 -922 1018 613 -771 92 -215 65 -262 -895 -45 653 -535 240 730 48 -214 480 712 621 943 100 -409 -291 435 -929 179 1125 865 -649 -150 327 -298 -199 -767 246 717 -370 -753 -868 -1172 25 -554 535 49 -1409 463 -156 688 -1235 -152 -1464 1052 -183 -326 91 -635 -699 -1029 -1 12 521 -803 40 -675 -563 -105 1196 -782 -7 287 466 932 -92 -449 -467 437 -684 133 -904 ]
[593 -391 -238 -412 346 -747 62 -1249 -1248 46 -672 -473 -706 -420 404 -246 -1 -470 423 -721 -573 -437 1174 987 604 1466 -318 -483 -111 919 130 203 1453 -1025 803 387 -758 -640 1443 -1243 266 124 -385 266 1128 914 134 -66 529 936 -1088 22 599 -330 -312 -571 169 -185 58 -375 -404 -316 215 -164 322 136 -383 481 -312 299 -558 68 -103 -492 364 -242 481 208 258 18 1147 420 426 -594 -426 -586 81 871 554 -571 -110 1017 363 744 -1002 755 -951 362 -1013 220 263 711 1444 49 2423 -967 173 1139 774 917 102 -502 -293 476 -637 -338 -1364 1277 1004 -652 -231 -812 503 880 -476 -131 -149 303 -24 -987 ]
[297 -25 88 170 -730 707 -1274 804 -1042 387 493 858 591 736 -487 -448 877 -579 285 -720 -219 -44 -795 -38 -128 117 -1422 629 5 -685 132 261 -358 951 19 156 1327 52 186 -383 237 333 186 1007 443 -853 -51 -953 -14 55 -205 -796 47 482 -400 -244 -610 -507 386 223 -117 655 -612 288 -304 536 -515 449 -556 1038 -35 144 -299 168 792 -169 200 193 -595 -503 286 527 -88 -44 -444 -1330 665 223 -476 977 280 1212 825 583 233 424 731 593 76 -1028 -1062 -1173 575 1472 -140 -55 62 -541 -1187 -117 -421 813 317 -978 484 -393 504 -676 -340 637 379 -320 1102 940 498 758 283 -1319 1034 416 ]
[-707 -396 -37 1466 546 -424 832 354 430 -338 310 -1335 331 -393 557 -265 13 -750 498 -788 -1365 135 745 422 811 202 -319 507 82 -304 882 1029 -182 -87 -477 -130 -767 1072 178 -375 962 215 1515 307 -534 -525 86 -1266 -522 -213 -401 1332 -389 1275 289 -34 792 -667 219 142 -738 -260 412 -201 1133 -573 523 781 148 -114 1386 -169 -847 1042 258 50 802 600 879 -501 103 -321 -333 -480 -1063 -454 -40 67 315 679 -384 625 -409 -24 -456 124 42 220 -750 -1321 347 -800 314 -611 -1327 -406 -1676 302 -1014 -1309 -68 -53 -1580 -144 -263 617 -115 136 1137 734 631 382 422 -387 -819 -27 -178 -553 -551 -1120 ]
[19 -873 803 -29 229 11 -113 -1058 728 -506 106 72 1241 -692 82 -1 593 -215 -79 186 620 -313 947 -322 512 1202 422 1093 742 691 -272 -191 492 3 -104 -810 338 25 637 -307 -318 535 90 398 214 523 -353 413 -576 692 28 92 836 -568 536 -242 -125 -588 -23 -286 586 -1176 521 -577 291 -92 -1379 -57 359 1436 -387 502 191 -324 -103 166 540 -1353 -713 232 586 -531 -344 1157 -310 -196 719 765 576 -33 593 599 1020 -487 144 310 136 144 711 786 673 31 -813 -660 731 -891 298 -16 228 456 461 -486 -295 52 -722 -365 304 388 997 201 1058 159 -377 292 238 86 -1281 -342 -319 128 ]
[371 -753 48 500 199 -321 1350 775 259 262 -291 1566 508 360 -421 -769 292 801 1202 -314 -120 -49 -538 127 81 122 -16 -466 282 201 -469 115 319 -696 789 201 -341 -458 -412 -599 -900 -399 -272 -243 327 -80 -457 -344 813 206 -1441 206 845 -612 -106 51 522 -296 355 343 841 -398 12 1035 -726 -831 127 -798 1177 -423 454 190 1127 -623 400 -274 -447 -74 504 22 347 -513 -244 -274 1626 487 -206 -1069 1210 112 741 1670 520 1404 342 -406 -906 140 -269 420 305 -16 969 906 233 103 -1511 -127 1251 722 -169 80 -532 -120 -439 -297 221 234 991 -8 737 362 861 643 -378 134 -351 -192 826 -742 ]
[131 -1157 1369 371 197 -35 274 -1162 250 223 514 -872 941 305 190 -322 410 187 42 94 -69 194 197 -894 309 -371 497 288 -19 437 -788 -899 547 -559 1006 -1174 167 -107 554 520 -1559 -1204 508 17 -585 -152 -1270 189 -313 644 490 632 -45 494 406 -230 181 464 607 -735 125 81 1087 157 944 -22 -119 297 69 209 -914 355 -198 -120 -686 -1306 -104 139 320 100 1068 244 231 214 -516 253 -441 -185 256 -493 15 -575 -101 -875 -256 1019 -17 764 -248 338 -654 -467 295 -373 1197 842 -186 1038 -229 192 -379 -151 -234 25 -219 546 -419 14 566 27 -49 68 387 -169 98 -69 -1847 -676 -303 -958 ]
[-860 -107 -1295 -590 254 723 -761 -462 -38 409 182 -892 -1619 71 -141 674 658 505 -110 -206 22 579 -802 -333 -298 -1173 107 324 -494 -717 574 54 655 1341 777 777 290 -434 -421 330 227 -1072 92 199 662 723 -42 -127 1099 -335 910 -229 4 -562 -561 828 -797 -315 192 -234 -832 -163 -237 30 -254 1633 -664 -757 -1222 -1846 -853 -1542 -198 -383 -175 284 352 805 47 -342 -287 122 -173 -607 288 403 -747 -462 -1952 -187 785 -935 -1326 -325 163 702 -224 124 -350 1613 116 -152 -300 13 907 349 -33 -596 45 -933 -298 473 -1062 -98 1316 215 -408 -444 -333 -480 -412 -223 878 419 58 -272 -432 719 360 -299 ]
[288 -663 194 768 -443 -768 746 -507 75 -602 765 -1518 -1217 -248 -203 -129 3 -1081 438 -289 -1451 645 120 182 518 -270 233 -125 -139 -571 27 268 1180 -501 92 -48 485 -367 -481 -52 669 320 241 842 331 -599 647 -242 614 1165 18 -201 228 493 -134 -13 728 -336 -716 -703 -692 159 801 16 426 -550 987 -136 107 -327 -485 1192 -1400 471 786 -234 -345 202 115 316 1144 1013 360 1020 -604 61 701 1121 666 628 -288 1368 112 158 -232 904 -10 1308 -1057 -129 531 -287 446 -1197 1701 -662 -559 620 -910 -1019 -19 -1215 -1348 -212 -318 141 -1170 127 370 537 619 -309 497 -510 -6 -456 606 -437 -274 -1300 ]
[1020 352 -868 -208 -148 -18 48 525 59 -544 -576 -96 493 -220 390 -890 577 348 148 305 1676 -573 -1776 165 -869 420 246 -612 -4 445 -915 700 -515 -1242 22 -519 -358 -423 -60 -374 -543 184 -497 -954 462 26 129 -314 287 -441 -20 -100 -209 -412 81 683 316 203 702 471 197 -202 -743 -153 -631 -328 -403 -1192 -300 925 436 -572 791 379 -742 215 -198 -990 -263 621 655 -163 -630 57 1303 441 -99 -420 140 -188 587 255 -610 508 451 -35 -1109 146 -283 6 498 385 -602 723 -623 224 832 -675 394 556 435 -156 1083 430 1035 -127 102 131 -540 9 -598 -399 -176 0 243 652 155 -363 -163 843 ]
[1388 452 -737 834 -878 -136 -942 -224 532 -339 375 148 -25 -260 198 158 -593 -155 796 427 675 1145 -308 844 202 -282 -1173 495 -361 364 269 -23 109 -1732 -909 -182 -70 -199 -280 -453 378 532 94 20 -58 -504 -252 98 89 335 618 -1265 631 -536 84 -50 122 -298 -352 -245 -376 79 205 542 -386 -1459 -627 -192 -286 441 -1303 -360 53 -170 266 1261 -907 853 62 573 -163 45 175 -263 157 -387 147 -522 401 230 647 -218 1224 105 -17 326 780 611 -24 265 858 -132 605 -23 -551 -1276 -583 -179 207 643 -56 275 348 876 733 -886 -400 443 -481 253 516 -9 -329 592 363 687 1042 -470 266 -449 ]
[-797 181 188 193 -794 -32 417 -1048 -1172 -1003 1538 -1022 -93 246 -329 -1704 42 -449 147 731 -495 1037 -592 637 -193 304 1004 646 -777 -28 794 820 1594 -120 -65 -668 43 743 -67 1871 1886 -541 1513 -385 22 -844 -860 -50 380 -514 -315 375 -739 1192 -619 560 720 352 -36 -691 93 -321 76 955 214 559 600 1300 -158 -575 -403 -120 -316 66 575 1134 449 463 -456 -51 506 123 -91 -447 97 361 -1283 -1307 -1580 197 -727 -620 186 -1349 418 -640 1507 811 298 -554 -626 228 -264 -560 344 270 -712 -151 76 473 609 935 -771 -741 77 -439 390 1069 432 1142 -677 -512 737 -72 145 428 -1149 -121 -83 -1186 ]
[-845 -511 128 -60 209 37 773 666 -53 297 -79 1112 -140 -91 254 752 -307 -80 -1566 -133 111 -52 560 97 -1401 733 122 -116 337 -301 585 111 -694 1364 -78 -380 1628 -732 594 -328 -205 272 555 602 1170 1239 33 -808 201 -581 -172 -202 -630 393 -8 -539 45 -39 902 111 -250 -279 404 -252 -217 136 -281 -243 -189 947 502 828 194 -80 71 -447 -69 -1208 12 -463 57 -965 1078 1575 -1598 -978 343 110 154 -109 192 -651 -542 -428 -16 262 -176 -1834 67 -417 -1000 343 -85 -758 1274 71 645 599 276 -575 850 193 -333 107 -235 831 -657 -880 277 -196 -157 244 -510 121 1049 -165 348 -227 807 28 ]
[-975 -61 133 -1403 -238 1217 151 236 -553 655 -1623 497 1018 629 162 82 802 720 -124 -495 -473 -1068 117 -282 -1563 -193 -312 -417 1141 -673 -280 -1044 659 20 301 -125 746 -228 260 385 -1507 -956 266 298 649 1180 -1057 175 -570 -170 -287 336 363 83 285 408 -636 488 -457 112 655 239 -322 571 -169 354 -454 -190 232 170 642 111 707 -760 731 -757 175 16 -86 -324 -547 -918 552 -380 -717 -868 94 -446 -594 -219 -335 -489 -908 -399 83 -954 -636 186 647 -388 -2439 -1109 1152 1076 359 820 -735 526 192 299 421 1278 173 -404 -951 97 434 310 -126 -1213 -162 984 1013 508 -497 -356 -123 150 38 -529 ]
[-147 -529 1343 1012 1171 -499 1337 601 673 154 -352 230 1316 -435 365 256 -1343 51 218 -739 65 -1363 1332 -729 1324 -105 889 -596 333 528 321 -264 745 -336 -115 30 -528 -65 814 322 -983 765 -218 -135 -179 386 256 1076 -193 297 -705 1702 -344 470 287 261 -273 -508 -663 -182 556 -238 483 -369 -271 -161 -253 -472 160 -158 -251 113 -17 -336 -1345 -1041 62 136 236 639 100 -823 598 -9 1742 324 -150 749 1801 -222 179 337 327 1156 -34 -1162 -1131 228 188 404 298 318 -244 364 -1130 593 1063 621 -413 740 -539 -450 99 566 -931 -351 -128 -322 -441 -530 -140 -122 40 -770 -734 -559 -172 -213 -1905 1229 ]
[-622 239 623 -240 1116 -66 -1012 -1139 -827 -1227 1027 -133 695 836 -785 7 870 219 847 -581 451 -328 -251 214 50 273 -998 798 -549 980 -788 593 96 -447 -175 -271 289 -236 -510 -518 407 211 -139 1025 -922 77 90 23 240 538 34 -63 586 -674 1026 635 354 572 -636 606 69 -30 -229 -135 -1073 742 -934 -406 83 -144 -1393 -61 748 -435 412 585 446 -725 -328 -519 329 -100 -663 216 1166 44 471 16 394 -122 -120 1195 -277 1302 874 2 728 775 962 -116 791 -255 -505 842 569 356 -474 -929 525 -36 -2070 1003 -878 261 1832 -422 1744 334 560 430 431 -783 -57 629 -1 297 -95 266 -162 178 ]
[469 -270 -810 748 -427 -667 897 189 656 969 -805 -167 -702 658 -967 -30 -442 -215 178 274 556 -71 139 1213 -87 -639 120 703 -342 147 -879 -211 56 -827 -88 238 -3 684 -341 -861 893 -299 385 -849 1175 258 -619 -637 -322 741 -510 -119 398 -326 849 -145 -11 509 729 317 273 -140 1161 235 495 -1496 -328 -397 845 -790 -180 200 274 -202 1 353 -261 -52 715 517 -133 -371 -27 -902 -454 171 -639 -408 83 -75 -69 312 39 -207 -400 237 655 107 -325 834 1003 548 -199 487 -132 -1160 -1153 -90 956 1295 -147 -574 117 410 740 836 -664 184 1148 95 744 324 -1013 149 226 -243 137 172 981 -687 ]
[333 89 -485 3 72 -428 204 -126 -905 123 -893 -1160 904 -91 -178 28 -209 42 -634 48 328 -647 1311 1565 -314 413 439 546 -740 1505 -657 -28 -277 -1978 111 -680 -711 1113 314 -253 -455 108 385 -777 1091 866 -398 602 -553 514 -441 878 567 525 -118 125 378 1297 122 -148 -46 290 521 -823 665 -718 -653 -191 214 598 397 470 47 -272 -1154 -111 62 -405 911 997 1309 -954 463 -874 161 252 -307 100 889 -1268 -247 -281 -202 -415 117 -1239 215 177 666 274 488 376 106 156 608 -98 788 211 38 2125 674 634 750 569 -674 -382 -263 1757 1439 -80 39 -231 809 -504 678 387 61 202 -687 -561 ]
[-65 -105 -285 742 240 -392 342 -256 104 -1231 -1009 -380 1325 -490 -148 39 -55 -977 431 -198 -863 -740 594 1077 287 -233 -15 515 -294 1401 -134 351 -434 -1304 -713 165 -631 650 -138 78 206 507 482 -697 185 390 -933 1286 483 -969 -718 280 146 -52 940 529 520 -289 305 556 -40 338 101 170 -320 552 -552 574 24 -46 763 -86 386 406 307 458 247 420 -179 -455 635 -839 379 -359 1196 299 -23 193 833 252 -70 815 282 471 -265 -515 475 236 -765 -308 422 251 -894 909 273 -396 -770 393 337 164 -61 373 -864 -298 -142 583 -41 892 -17 -778 149 542 995 -505 -467 469 -183 369 -333 552 ]
[1659 -233 -457 -732 -338 456 425 -516 -94 -5 -1380 241 1256 441 393 -771 914 -179 862 515 55 -1337 -152 -942 -1319 262 -727 -683 397 -542 -1196 -72 -28 -1387 3 947 -270 569 434 -686 -1185 -162 -443 144 -465 -189 -711 -87 -81 173 1011 -570 -221 -513 270 -452 23 74 -167 -252 24 -77 -782 -210 309 -306 1041 285 837 1211 446 59 1011 63 76 -1554 -684 -129 -125 -136 165 -324 -1025 -83 98 337 353 418 38 -1011 500 137 -81 -232 -666 27 -989 511 -372 -598 -722 -1211 1394 893 -5 298 -502 597 -395 -474 501 -632 1314 -120 -376 1013 -546 -502 -84 -684 778 746 462 514 -869 87 -100 -107 51 -53 ]
[292 -403 -373 624 -243 -706 -3 58 1231 804 -580 1043 1284 -1018 1574 -444 40 1227 -102 73 -489 345 946 -665 144 11 70 595 418 1956 -611 -846 35 -1545 136 -293 -675 1003 1000 -93 -711 -647 474 -91 -255 -15 -865 303 -5 276 -282 262 342 -946 505 -370 906 -619 42 -38 481 -95 -81 3 318 -497 19 -30 264 98 -428 306 -464 -532 -790 -479 -99 87 1043 -791 254 -506 358 -360 -487 -149 -88 227 978 -496 -140 232 571 -1030 -468 993 391 190 164 -387 252 -962 1136 252 -786 -268 -1190 1791 -490 689 939 -1237 573 823 -1369 412 -699 834 307 -1259 1351 987 -325 -701 278 -1204 -992 -558 -743 -319 ]
[-229 217 92 751 841 -589 683 -222 -219 -218 44 -225 502 -996 443 35 -75 -327 -929 -517 578 -645 1157 149 483 243 237 -698 548 570 714 -130 454 -409 191 165 -370 206 981 -436 600 5 351 258 9 432 657 62 15 -659 -589 790 -509 700 -109 28 -171 235 -533 290 718 -32 206 319 -437 373 -602 227 -320 -655 -1035 -845 207 -526 -689 -393 359 579 -217 457 194 -143 555 -664 584 -281 -536 506 1003 -895 59 -320 -78 509 -393 -1118 -656 186 -964 -233 106 -288 384 232 -842 -86 352 -739 -387 653 -267 -29 38 90 331 603 -347 300 341 -1388 -753 -1141 853 -28 -643 330 3 644 -37 -345 ]
[-76 -275 648 504 336 -1239 9 -608 -1044 -124 476 233 -29 18 625 860 -829 805 1190 -1083 -246 1143 335 -208 220 -161 -452 984 -218 -59 541 -560 -421 879 172 301 -345 767 -343 8 -319 48 148 193 -343 287 273 -84 -97 643 533 124 -266 469 -56 -615 -355 -347 -416 407 -484 -900 -162 -265 -685 -972 -566 -369 -166 514 -217 360 -126 -276 176 62 -176 -71 493 65 413 1301 652 -74 -499 -513 647 -919 -365 -270 -175 398 1170 -110 -167 870 984 374 598 -1032 -522 144 818 -246 258 32 171 -199 -844 567 32 268 628 195 -383 -775 -392 294 154 -294 769 427 545 422 863 -304 -189 -546 -112 348 ]
[-430 243 -1153 561 -572 -143 -1117 527 509 577 -1139 54 -28 777 13 537 -180 1451 478 27 293 -1360 70 -1525 -805 15 -611 104 -225 573 -40 355 -100 -664 -1179 1068 159 1034 224 394 -213 51 89 -647 127 453 85 478 -157 69 183 -680 -56 385 453 -1379 -1075 -382 -1104 -22 -344 -123 -587 -313 -289 -82 328 -1183 -1581 -94 -310 -179 -24 -20 -441 -214 -60 -108 427 -977 -345 -432 -1182 153 -1135 -485 383 948 -70 -188 -1473 426 -449 -938 -404 656 -206 863 683 449 272 -488 -50 358 -437 697 874 -227 -466 -37 -1051 -852 700 246 -392 -657 1044 -160 -472 -595 471 782 -929 -1053 32 -554 -740 -197 191 1036 ]
[-168 -578 -158 217 -669 -469 490 -554 473 856 914 860 -360 -114 431 1082 -406 1121 -109 -666 879 -715 -1196 -239 55 -169 761 -1620 773 -936 -328 291 -622 18 409 184 -1335 243 -939 595 394 -717 -694 -1110 -429 46 39 418 -8 -309 852 -750 187 -125 -739 -210 -178 -261 -598 583 -311 -472 527 566 780 292 123 1 -292 -815 166 -120 408 -190 898 -247 -191 -58 300 1325 -1811 343 493 -224 239 -94 -787 -1437 -1324 382 104 -661 -1170 -81 558 272 515 -264 -329 -13 367 729 -592 105 248 483 -558 -57 1236 254 5 -800 448 551 80 1506 -645 -332 47 359 -1064 -995 -558 488 -305 433 -506 415 510 -88 ]
[2234 -446 -780 256 -93 -1121 -224 412 -611 807 319 -94 -350 -386 -1309 -271 541 -543 -233 -730 -885 -136 -1272 673 -112 -176 55 239 -1150 -1019 406 954 -44 550 -113 985 445 -1362 760 -1537 845 1841 -1514 -64 554 -519 495 -567 406 78 -65 -1029 163 -1076 -541 -1004 -38 -342 -298 78 -1018 -110 617 -670 308 -222 60 828 430 381 896 -464 -729 -309 208 982 -832 574 -671 146 309 15 188 906 255 188 887 -791 -1007 -528 -672 1535 -24 326 -1108 -1049 623 -738 -96 95 698 961 -1102 468 881 -1368 615 211 231 -769 71 167 339 -1527 -137 -249 -424 -383 671 326 538 -495 508 -549 386 -184 725 -728 497 327 ]
[-1069 -263 1478 -437 972 818 658 -768 -1353 -464 -357 -1019 178 441 -257 -141 -427 -626 335 238 346 -1123 1345 1004 -49 -548 587 -1146 818 424 -1100 384 481 -1263 -732 229 -671 421 -358 550 -719 -122 -526 218 -78 721 676 -7 67 375 327 587 -628 885 936 -521 -17 918 -233 -113 308 -216 232 -583 -510 42 378 900 364 385 -328 626 490 -307 955 -305 178 -911 -336 -126 564 -131 -375 378 644 376 1108 -253 284 -129 -1447 1110 -475 379 414 -356 959 102 146 -50 151 -26 139 407 1128 476 894 288 258 531 -703 174 -1064 164 213 -153 552 468 658 814 194 560 -359 541 -672 312 283 662 -496 -503 ]
[724 -380 -241 -41 991 350 80 -367 -193 89 -369 -576 581 303 -284 -568 854 -30 1601 210 -705 -682 1338 325 901 -1314 129 -1130 -1026 -755 122 -758 1779 -1230 380 149 -899 501 815 -141 -628 151 -227 -252 -975 -185 -385 616 179 -248 -697 306 -873 -93 91 -1313 -365 414 -1039 254 894 -57 -466 -25 773 474 602 1460 1163 -1868 143 -48 -486 27 14 267 -584 580 -644 -208 -394 -543 -1004 372 974 344 -10 -246 -472 -857 -933 529 -1060 959 -757 -1876 673 661 -785 1054 -883 -678 242 532 -2 711 -1128 38 260 395 -209 76 -260 -175 250 -268 782 487 -434 -8 733 230 660 6 -278 -873 -123 904 -1714 -332 ]
[192 -453 -234 720 406 446 288 357 -156 151 539 -1259 -844 -540 240 1048 -442 285 -654 708 625 391 370 839 -177 512 265 -1456 -10 12 158 137 182 91 49 -45 -804 -13 -542 -685 -582 -216 130 -205 -920 -296 1384 -776 67 -278 -338 797 -423 505 -156 165 637 750 367 585 -326 -109 976 -1051 857 276 435 -1130 223 -299 -1297 885 -28 716 -1049 -524 564 446 940 650 544 619 83 -953 -816 -109 -645 706 519 -245 -56 -1044 -1081 1261 -125 492 -856 682 -842 -43 870 199 323 -603 482 441 28 -178 261 -81 154 -442 -347 1505 -8 173 182 338 181 188 517 -411 -480 -292 537 20 434 818 401 -285 ]
[-4 34 -1312 -557 696 -458 151 2 184 -143 -663 640 -268 -582 627 934 837 1344 264 -1128 -426 -1069 -26 -419 -653 866 -108 217 1213 -100 637 -287 -111 266 -98 1603 -429 263 -158 -1072 236 -503 -473 786 576 712 62 106 -246 -626 -560 736 459 -120 -178 352 -664 -1300 -973 -146 -406 -638 -212 -253 100 187 -393 -679 -631 -1139 914 156 653 222 707 115 508 312 81 713 -979 -91 414 -456 -431 -769 -169 622 -88 -358 237 -243 -861 -457 -874 228 -1548 -409 -280 -204 -602 -979 599 492 572 233 -286 -105 209 224 75 -343 -167 625 -1226 666 -462 439 331 -764 -557 22 459 -32 -1121 355 96 1399 936 -610 ]
[489 -441 482 -579 1110 677 273 -311 400 -7 35 293 983 -131 956 254 502 183 -812 22 -47 -142 1427 -828 -665 355 -261 -1300 430 376 -340 -867 -1006 -479 896 -275 196 -969 259 -220 -1961 -435 -628 158 -587 1169 306 1421 464 -861 656 -620 855 -690 -882 -73 -387 431 -763 -1242 142 0 673 212 160 619 -732 -224 497 1143 851 472 506 63 65 -190 -156 -330 -860 501 -963 -329 160 317 271 301 776 645 499 -122 -239 -917 -903 -544 -716 -325 -1144 -864 234 -809 -422 -918 110 -157 682 562 84 266 932 -107 -34 133 689 286 -413 793 -65 148 -903 -1210 -56 17 -483 161 -386 65 -225 214 -943 -64 ]
[2033 129 -884 1383 -447 -1250 1354 864 -189 -598 -991 943 729 319 180 87 -294 911 969 408 647 -534 -1623 -883 -594 29 -514 -373 -324 -94 121 -567 164 -1865 -519 -6 131 668 605 -197 -334 -106 -230 -263 847 -1 424 915 26 -88 -60 -246 946 343 -282 269 -583 -903 -652 238 121 278 -772 530 -907 -363 396 -1077 -747 -767 346 -70 -708 845 -1110 -155 -701 279 169 292 947 -224 51 31 1043 -509 -245 125 774 -671 -11 545 -368 28 -304 -112 -640 430 -171 -339 354 -610 364 1631 -1030 -212 -59 -82 85 1057 179 -1453 1238 876 -419 -312 -600 1018 -1308 -750 19 572 560 -712 1068 77 501 447 225 71 ]
[1578 -8 -1114 -39 275 268 41 -301 -707 203 -170 -604 665 -201 285 -210 662 347 -713 222 -709 -451 235 716 325 330 -655 -307 824 1271 -1521 -1485 -635 -458 265 1038 -238 -540 -94 -707 306 -480 -606 110 406 966 77 687 167 801 786 -363 1445 -718 170 371 -353 700 -163 539 -177 742 -779 138 -229 -388 857 846 713 63 -160 -1558 -597 -639 -1015 821 -27 944 460 -57 359 687 -55 566 -463 -396 516 819 692 -550 -402 697 -26 -275 -487 -208 -272 -157 -719 -224 279 -450 -216 278 795 -830 166 97 1146 568 -405 -623 760 -339 -212 -81 69 408 -721 -462 -979 -269 217 -174 -1163 -987 782 -280 -214 -673 ]
[9 -497 497 -587 565 -919 1174 -1100 518 -848 -465 232 105 -460 -811 -762 824 307 -404 -466 297 735 -125 -392 5 1055 569 685 1772 724 143 -316 948 -1310 597 242 149 23 703 -165 738 792 -770 541 385 -103 -146 -350 -476 159 -509 949 1217 -311 -38 1210 946 -645 -97 50 248 -821 -661 -656 141 -830 -454 54 -156 -346 684 -1251 -253 -1184 -861 295 722 306 -287 343 233 141 157 404 -1000 -346 -132 -206 433 -118 513 1031 342 -490 -319 -276 -1611 -371 305 905 286 -716 -199 81 288 -991 467 273 944 273 -448 -120 -118 237 -778 -861 -403 1177 825 -735 -490 140 -621 -230 -747 -1098 -584 373 -555 -1844 ]
[-1170 -129 -463 94 -164 -612 -1291 258 -198 -469 -611 -867 -281 209 -673 -439 -665 134 481 855 6 717 -1011 341 33 640 180 503 -1388 261 412 1302 559 -76 335 -198 204 747 -650 393 290 49 57 -636 952 82 -2 -760 -465 -675 -357 1370 -787 -127 279 991 689 -805 693 217 625 119 409 -195 -425 -240 239 -296 -281 -1073 955 133 439 -393 -394 837 165 -730 320 537 496 -302 3 -538 479 808 -307 -934 -358 375 -210 516 201 81 -124 749 -1062 66 418 -251 -22 1055 -412 -664 -531 -499 -263 -849 -862 247 22 1000 1063 -26 -522 -44 -201 262 1789 -288 30 -152 -519 -1050 -122 -512 -1020 -373 897 412 ]
[-949 -207 1249 220 152 622 650 -408 792 356 -1439 812 1412 -746 131 -417 61 -234 -369 -154 706 -734 505 -351 -190 543 888 -376 803 -74 181 -318 193 485 -843 -249 -29 -190 -231 1029 -673 -534 -488 714 174 293 -355 -326 -664 676 504 -647 191 86 -3 136 323 -78 -182 -326 430 -199 450 638 478 -78 -292 -762 -192 605 -805 971 106 123 -564 -1905 -163 -8 95 470 715 -704 -60 -52 22 -431 -146 548 1556 750 456 -835 899 -324 498 294 -910 344 424 -680 -410 -156 197 -301 -1116 517 -187 716 -1541 -767 688 -350 979 192 -709 104 -674 35 291 286 -424 -542 -530 -353 393 257 -133 303 -342 872 ]
[-495 -651 1644 91 -377 -205 109 -779 1650 189 278 -837 -286 94 -543 -1077 576 -1162 183 -117 -221 173 794 -362 825 -387 1010 380 -281 55 343 -477 1084 200 -113 -900 546 -415 -105 -22 -738 -329 512 878 543 116 -415 -447 -1034 21 -1036 719 480 565 236 5 480 471 803 -1183 1024 493 325 -100 243 -910 253 795 -363 568 94 -625 -628 -441 -741 -580 459 485 -89 39 961 -273 -426 -99 -476 787 456 68 394 -90 384 849 278 -438 904 -380 2 -131 14 829 286 29 -79 -367 -158 -650 245 -605 -837 -237 -897 204 -1251 120 621 -263 -951 -392 663 -60 102 440 -757 -229 173 -578 208 -511 337 -755 ]
[-138 -214 259 -299 67 -1004 395 360 604 1048 7 -245 -615 -1462 -399 -559 231 247 -159 -192 3 -234 1141 8 845 226 995 173 -1173 -27 215 -724 805 1984 506 -1255 352 -189 58 14 -391 1433 520 -774 1275 343 -444 -334 -91 267 -63 -341 350 496 -392 -93 -295 0 127 -884 -126 760 355 -1663 -256 172 -529 19 1 199 319 904 -1371 -756 -442 -136 276 775 -166 -162 -534 -250 263 -209 -627 -126 25 370 -556 -853 617 -740 570 -411 -276 -853 -169 617 338 925 531 710 208 -1041 190 -1177 640 -142 -177 -204 851 -298 1843 126 -221 566 -653 168 -321 -333 73 -1304 77 320 1372 -775 -222 -439 -1854 622 ]
[245 938 216 -1007 -594 478 -69 -398 -205 61 -1265 571 76 -10 -1477 -232 353 -1240 245 92 355 -486 -760 -201 168 -277 -354 113 273 -1593 470 -765 1540 145 -94 -421 690 104 -332 750 247 92 -401 983 -445 -627 -427 -840 -1066 -51 301 71 -300 -967 229 37 -280 -194 -268 -293 106 191 -702 -879 737 -222 -295 534 1013 -521 -510 -109 -269 167 -621 -763 30 547 -590 -335 -684 -416 -523 71 -432 -804 -598 -175 -488 -515 949 -1421 -336 -1020 -233 -586 482 734 875 675 -435 47 -547 395 -1164 67 -242 -87 -497 -942 -73 225 915 26 -249 243 -449 -626 -210 75 181 -326 -719 59 822 -1276 1076 928 -1063 791 ]
[1165 -718 534 -83 -136 -95 291 162 -1386 -555 413 271 709 1484 272 -861 376 1049 860 353 414 27 -634 164 -1090 -53 97 139 286 -381 212 -11 -283 -903 -214 380 -579 652 -240 165 -1025 113 -1425 729 -245 -190 -657 907 925 -801 604 -332 12 672 -436 -1059 -1060 -504 -29 -411 288 193 -171 116 536 276 224 1085 -497 -635 378 383 -116 298 78 -188 -694 -707 -730 588 60 329 -67 852 572 -90 186 -704 -322 -1010 -720 349 203 -685 -244 -641 344 -819 -217 -323 -927 -213 -52 1573 1640 651 981 295 336 1393 -24 678 655 -886 -591 -569 -211 193 -637 -360 -944 650 902 397 -672 1087 -971 -616 -84 -531 ]
[-266 -455 -807 -93 -125 828 132 912 218 63 -244 815 -361 1361 838 -484 1358 625 932 -404 -832 226 -47 201 -824 827 55 85 622 -897 1412 650 539 599 -410 1800 -488 83 -57 -960 707 46 360 980 236 164 -611 -779 1472 -171 -1524 1243 693 -72 -352 -295 -197 -1534 -446 -788 -298 -136 -16 839 994 261 685 -236 172 -1184 925 723 467 238 1184 -364 778 -396 -246 28 11 159 -23 -195 656 1007 60 669 -710 69 -415 700 58 667 -622 560 -1626 -1495 -816 -783 -1139 -100 371 345 1375 171 -258 -47 -184 36 233 -93 -1270 -1156 -1307 -110 34 -275 854 -37 60 896 801 759 -1805 -152 -500 -439 1325 -492 ]
[-500 -304 549 -1224 -105 -421 640 -356 485 -496 -886 -32 -441 -246 361 -560 84 148 -498 -253 -1357 -346 153 -218 -6 589 860 1038 639 278 997 -292 663 1201 602 314 -17 392 568 632 676 611 209 -202 688 381 131 -339 -637 -501 46 973 -443 -133 -438 -150 -158 -803 594 -135 727 -843 768 -651 512 65 -481 326 12 -500 997 976 -236 -336 226 310 1772 298 -1076 -405 131 1250 483 -39 -1419 176 251 142 -124 1245 -203 125 241 -912 -362 89 -1194 -776 -611 633 -576 -104 -1012 -805 -213 -220 164 396 417 -281 1065 -2 -87 -338 -1197 549 -648 88 56 -949 -132 -243 -1135 306 -1506 -2041 -1403 562 -442 -300 ]
[1664 -978 -262 -160 -334 -141 973 -886 681 -566 114 809 181 81 723 -11 186 -930 639 -690 336 -980 -54 -16 -354 449 -359 -1479 -315 -1092 -293 60 28 -694 145 625 -607 256 587 -498 94 675 -479 -13 583 232 197 -296 1073 23 610 -507 349 -310 270 162 -276 218 -467 -152 -960 42 -519 -879 271 246 -133 -593 906 -31 152 345 1078 -103 618 -664 -1001 560 -425 208 -374 506 -659 -152 405 -125 1532 455 -163 1 680 60 -560 34 277 -30 801 1278 -982 -826 598 -583 234 382 869 -209 -1110 185 601 -71 -814 -1005 73 54 263 1305 -478 -602 315 133 -376 -249 -649 622 -365 -572 -110 512 -88 -722 ]
[-285 511 1348 -359 -138 347 -627 -157 68 -689 128 -689 -970 -81 198 -162 2 564 463 279 -1500 568 117 -649 182 551 -1044 662 81 248 710 -512 335 683 339 84 242 -72 27 705 -644 -698 160 177 -624 -167 -160 -466 -1007 -174 188 -230 -216 373 -680 -543 -126 -755 634 58 -414 -423 -197 -330 286 27 -478 202 -345 645 -937 -784 -542 418 482 -539 518 783 -286 -221 221 1274 -398 -149 -486 -989 -182 266 -13 290 109 -229 447 -763 -54 1225 -229 667 410 -302 -583 -1021 384 -47 -194 259 75 241 -750 -558 85 -157 844 225 -524 -620 -412 14 -813 -120 613 298 428 -55 -353 241 -298 -1039 -340 -105 ]
[937 112 -589 -324 -305 -363 771 460 -364 544 -1073 1822 308 578 -18 -173 601 -198 -470 -416 110 213 125 146 -1039 -474 7 -594 150 -221 -50 -508 -60 -838 48 -636 827 -1380 176 -57 -775 496 219 568 665 292 282 1232 586 -26 37 -813 167 -288 -708 945 -1148 77 -1313 -569 -511 431 -333 -29 -56 236 -702 -1118 -947 24 137 520 -675 569 215 -180 -775 37 -881 -522 -710 -169 501 -208 481 -235 478 -338 609 44 775 -397 310 -99 -381 -263 -466 644 -776 -419 -765 -579 480 279 219 88 -262 -276 70 -1178 448 -453 695 558 -264 102 -1054 343 -495 -651 29 -296 921 160 655 549 414 132 559 -776 ]
[295 -536 204 28 25 -1008 580 -1053 512 -687 -144 -411 1197 -176 -671 -681 1682 1071 950 73 -705 527 -621 -1140 600 -406 371 1490 1321 845 62 -731 87 50 -654 482 1036 221 137 -51 -48 -255 -212 909 -433 -160 -361 -512 291 258 42 502 -15 -237 121 376 1175 -726 -236 185 400 -793 -614 704 -468 -1073 536 -488 55 -27 -52 226 398 524 -29 -295 279 52 -408 -181 452 49 -310 593 -527 -285 40 101 -278 45 406 222 -116 382 -10 -328 -766 -590 -139 126 -151 75 -606 -39 -450 286 466 -764 336 -649 231 -68 250 -52 722 44 -71 -356 -320 16 -4 -414 -453 399 -837 -457 -698 -1090 -241 -562 ]
[-937 63 -476 -117 -772 1029 -994 4 646 852 537 106 344 -393 726 175 -815 457 -1256 1022 165 1001 -845 1091 -779 1312 -410 864 535 876 999 158 -1634 157 108 338 213 -40 -760 -397 375 -466 -228 1069 -584 -755 408 -310 -454 -1069 65 3 -130 -845 -481 -555 234 48 1725 168 221 -167 -1098 -859 967 -205 867 1119 -81 593 318 -234 26 -1201 325 -93 699 -290 310 335 -75 106 497 142 -491 63 -964 71 -504 -539 949 -762 50 -1049 385 720 -695 -1089 706 -364 -190 304 -87 -415 676 254 -234 932 -1058 -313 1182 -4 494 -165 -1274 880 533 -379 467 -1169 -528 890 -302 -368 -144 -538 637 388 605 730 ]
[-16 205 -976 -328 -41 695 -1410 453 -325 -65 1105 -941 -397 -290 710 -290 851 1276 444 -24 -509 728 -605 778 -165 -262 -519 1648 -93 -600 91 542 -1670 1280 40 268 203 39 60 -388 988 404 -79 -368 -771 -501 -788 -978 -475 -104 228 -621 99 54 772 -620 -782 -628 1414 -406 -139 633 28 -481 -377 579 -827 949 -567 -342 883 -873 -1248 -433 930 1463 946 1306 243 -35 226 -49 -234 489 -850 -99 -521 -549 -2177 -362 287 -95 -59 -137 -677 513 974 -810 282 1033 -290 -558 -545 269 -382 -401 -138 -793 -38 -217 663 1338 -130 -325 494 184 1383 619 -1184 -312 -523 -143 1015 384 227 633 576 -424 -86 135 ]
]
