[[419 -213 -530 66 82 455 -72 -300 367 94 363 344 387 311 325 -128 352 586 -60 -232 -664 28 576 -349 509 946 -35 -529 -296 1028 -51 -470 -36 -53 160 36 -555 1016 926 -820 -243 -851 173 -32 328 996 924 222 -342 615 393 -109 511 279 505 -288 -651 23 -576 -5 1035 -697 -69 -483 -236 -301 -81 -429 870 704 -462 184 781 116 -21 296 -14 269 163 -481 -124 61 441 221 155 -597 -332 -560 -884 -242 43 26 142 621 -237 -414 -307 -652 -439 393 99 880 -309 -292 -555 -708 152 -366 699 -203 -561 -401 171 -68 -68 -616 -692 64 131 488 1279 -164 68 -238 -57 -571 690 147 448 -210 ]
[-213 1134 315 -303 -450 -582 -41 244 1002 -84 1147 110 -482 1142 1188 -884 519 968 278 -229 -757 120 -2 90 -37 1107 -106 -279 -260 397 127 708 -468 661 586 337 -913 -25 789 -486 -227 -314 -155 -61 336 -75 1392 511 -353 5 -86 71 425 737 320 -257 -385 -67 -386 -612 -396 15 -102 40 -949 172 66 -81 484 -114 445 667 -6 398 391 214 -347 275 49 -817 -253 -134 259 884 -609 151 215 -628 325 179 597 -273 138 154 732 459 -450 -208 -180 -108 -386 -275 -1117 49 -113 -17 -118 -379 -232 -1064 -9 -56 70 685 77 -190 -503 816 -277 -110 -485 -522 -96 -670 -181 -66 754 2 323 -131 ]
[-741 114 -7 842 72 -382 147 -409 665 539 546 -65 47 1305 1345 636 -620 682 543 -197 -377 230 18 113 -226 1035 -239 -469 -573 847 461 -184 -345 361 427 431 -1563 -583 884 629 58 -548 -455 -426 98 -110 1607 459 -687 -125 397 -44 806 233 709 176 -473 -239 -235 -950 798 -861 264 462 -257 -648 -321 -921 215 -44 176 483 96 437 433 460 291 -223 946 109 -339 -836 995 -64 -265 294 -12 687 -48 -210 -191 353 -422 160 -64 -238 -42 390 -724 147 -720 332 -86 -95 -1019 -274 -456 623 149 -289 293 -123 192 1098 444 -85 -924 425 -337 -128 -206 641 -782 -463 -617 -208 789 116 357 410 ]
[-322 312 936 620 -413 -1 84 87 -236 -458 271 -473 44 -573 128 -328 -785 -346 -351 -466 453 210 631 236 -146 87 6 -306 -3 -311 559 511 -559 312 -297 713 -483 -532 -980 309 368 328 -193 -225 550 405 128 509 -227 -834 -207 -28 -119 -29 653 720 757 85 497 -206 -808 618 -675 625 -239 -600 -596 25 -521 -998 548 909 -431 -449 -187 -512 -509 471 -863 222 88 417 -466 -490 452 399 185 558 120 407 -108 -54 -436 -411 55 671 367 1132 -399 440 -187 97 -133 635 -502 -152 -426 804 -1343 -407 -77 -859 -1 783 734 1207 187 96 321 690 -187 128 -1253 -478 3 -172 58 -291 -350 -386 ]
[426 -986 -701 -41 622 121 797 -13 363 -185 -769 -533 -95 -458 -1176 846 -248 -494 75 217 308 5 -909 852 -50 -1183 -52 795 576 -1208 -133 592 -19 -313 706 57 -126 -785 -222 1171 -211 646 -94 78 89 -815 -425 -946 167 -407 -169 260 153 -477 -244 -538 -93 -281 48 501 -330 315 -32 29 -144 672 125 320 -298 795 -176 -269 395 -1208 -418 -56 -27 878 -485 579 528 942 125 -228 223 -220 -350 851 -480 1261 -133 525 36 -691 486 -719 -234 429 579 50 65 -565 252 519 508 735 -421 -446 752 224 133 904 -161 -227 -221 -51 96 448 -380 -209 -698 634 661 624 685 1168 -530 -88 -302 15 ]
[-749 999 924 -556 -189 -334 -1027 203 192 -162 752 190 -724 609 930 -557 308 7 88 979 419 576 -661 370 -168 794 -557 -172 -108 529 -611 256 425 740 140 -406 484 32 471 543 265 -183 487 678 98 -323 -683 812 -450 505 -520 116 581 -45 19 -820 500 -1056 360 -267 -989 31 390 -177 289 401 9 902 -881 -673 110 657 -223 1261 687 -514 -635 -806 105 49 205 -355 -471 390 -818 446 -55 -51 330 83 494 339 -615 -164 329 880 -167 -308 312 -1011 514 31 39 -247 413 -349 634 475 -206 -227 953 320 642 -341 0 -598 14 -163 562 -176 -1101 -362 -113 -565 -617 -652 164 183 1219 303 ]
[127 225 -319 311 436 203 -248 -177 -23 -302 442 -343 -730 696 38 476 276 62 -720 520 -27 269 158 49 -56 -21 -426 -16 36 963 118 180 -109 -376 712 -275 -474 105 134 268 -128 -237 -472 430 748 96 111 995 -275 84 255 -157 899 -136 1199 -967 165 8 -37 99 -187 -875 -292 1530 86 -1082 -57 657 -531 1226 -448 -497 497 140 431 -472 -7 -4 323 412 128 454 371 1346 -150 156 -167 562 -1235 255 -319 -248 165 -397 48 -767 -98 -309 -500 -465 430 -102 116 -13 5 -287 -768 0 820 117 434 439 672 -356 123 -448 -835 66 361 -371 54 336 279 -257 -75 -902 582 -639 635 378 ]
[-747 -38 640 432 -95 -233 671 -24 -534 190 -563 -958 301 -171 469 -162 -87 -147 434 -186 512 268 333 -120 -634 296 -254 -967 65 -239 -36 819 204 602 326 558 -562 -1432 -306 283 658 34 -423 376 103 -87 120 63 223 -334 195 216 -94 -261 283 501 241 -1211 143 -240 205 1007 -865 -357 615 929 -764 -287 228 -913 202 260 -205 -464 311 181 -1652 198 361 -402 665 -196 -648 -1332 385 404 -336 544 224 282 -469 865 -785 -107 -60 287 263 830 212 409 45 -307 -393 -481 208 -214 183 251 -492 -602 300 -56 -974 719 856 -445 25 549 570 147 -978 260 -1309 -160 -134 -176 -374 377 401 -693 ]
[666 -493 -743 340 68 905 40 539 209 -15 119 480 352 387 -545 -441 -256 558 -577 -312 -744 -114 1343 -373 564 -57 136 121 -287 42 208 -856 -1178 -149 79 -364 142 304 161 -397 -881 -56 -301 -432 17 924 1553 -387 490 313 -523 -213 -434 60 237 324 141 1530 114 -53 356 587 15 552 136 94 -201 -637 892 621 97 -1003 777 164 -687 -343 159 -281 -904 29 103 460 1058 275 336 -190 -189 -958 -808 247 133 -306 315 -156 449 -820 -507 -271 -114 574 -533 993 -369 -1293 -50 -26 -241 -520 299 -545 -1321 -118 539 -523 0 431 -703 -63 -125 25 1017 419 -317 38 182 666 -133 -546 -235 -699 ]
[-648 -1080 -994 -50 243 -470 86 -430 -37 -123 -143 -223 609 -538 677 653 -438 -148 369 -146 177 -1145 -1548 581 -467 -9 -342 -15 -657 361 -625 -726 675 187 -416 350 -450 235 93 76 255 16 105 -772 -336 -1099 -99 -617 -152 389 315 872 473 -650 -816 375 -330 932 141 -304 109 -1199 1476 -889 -615 -588 227 -325 126 288 -147 318 -694 -258 175 560 1305 381 1247 16 -719 -792 -198 -560 -62 -327 185 42 438 -660 -77 -162 135 102 -742 532 -249 -243 -83 460 -593 -625 530 46 115 -188 136 162 204 739 401 9 61 371 -196 9 145 351 -538 163 375 305 100 815 -518 338 268 427 206 2 ]
[-843 413 571 -42 343 -120 125 426 -571 295 -687 1057 -947 1015 -70 185 255 -32 -65 -21 628 1092 680 -89 -639 -112 563 249 28 -14 439 -902 -173 398 46 -474 51 -877 54 657 -552 -69 -323 661 -112 -847 -581 364 429 429 37 -814 -124 133 -192 190 432 -1045 909 -161 -82 -382 757 -167 425 -552 -148 -422 -780 -553 -219 578 1 447 417 -706 49 -1705 -33 377 -233 -441 859 1057 -112 541 -95 789 124 62 81 25 -177 116 -64 -358 -214 134 -393 -628 -348 531 830 -448 -592 350 588 278 71 336 1026 166 116 221 44 507 -30 61 -525 -45 -1742 180 -560 -749 -390 -166 45 -367 -885 927 ]
[-320 -265 324 196 -357 -894 32 734 1366 -215 794 226 -286 10 -232 153 -356 224 695 919 290 -998 -1481 289 -619 -283 -137 -277 147 -543 -892 916 227 524 -117 160 598 -559 429 691 -57 1015 514 -155 -196 -561 -107 -481 334 -321 -1070 253 248 224 -932 -950 16 -121 -541 243 -1425 446 -259 517 -297 1389 587 603 -941 -390 379 332 663 1101 -347 14 -679 531 -558 142 879 559 95 -464 -696 815 59 -438 -38 1005 655 943 -56 -1008 466 56 -458 95 1105 -71 -288 -428 -108 -661 1348 65 50 174 80 -414 221 1019 484 -152 -434 -678 -48 362 232 -378 97 187 365 -109 458 573 -345 283 693 -224 ]
[188 735 72 -579 -178 970 -943 -57 -261 -45 42 1132 -326 213 224 -139 343 -296 116 443 389 786 184 -251 108 -245 1161 -450 -222 317 67 9 -375 -101 354 -500 451 902 835 -374 -1241 7 165 371 -102 77 -991 567 22 603 1018 -1178 4 -30 565 -732 662 -443 750 236 -366 -1032 180 -227 343 -1298 230 503 -274 -161 -830 138 467 595 372 -406 915 -709 816 140 163 -464 -268 757 -243 -841 -653 149 -123 -414 388 354 189 704 -684 21 665 -327 -311 -64 1155 448 819 375 -773 -596 879 615 214 210 508 -598 29 -330 -751 422 234 -673 -120 -152 -508 -460 56 -101 -85 -815 187 -884 -251 1152 ]
[-954 -490 -168 192 -70 -12 539 -535 313 -255 308 -783 694 -1019 622 11 -624 -132 726 424 694 -958 -439 773 -102 315 -616 -1160 -503 -885 -113 1802 -10 510 528 1095 -336 -1359 -24 117 530 1081 -173 -703 270 -824 258 -34 72 -973 106 -52 49 -727 -115 458 658 87 409 448 -847 699 -538 269 377 272 -438 -57 -313 -484 344 -551 -411 -1212 -160 1166 -364 1615 -385 372 257 257 -716 -1529 813 -405 133 -444 -217 128 -334 430 -345 -72 448 664 253 1234 448 1008 371 -892 211 547 -227 14 -763 54 -978 -722 -732 -753 -491 -477 423 -292 -390 724 323 255 -134 742 -210 1054 -220 1043 -346 155 -395 -253 ]
[-860 -310 441 445 56 -1242 865 416 -73 488 -279 203 -625 959 612 807 582 1008 825 -403 380 -105 824 -35 -463 1384 -810 -149 -303 -130 467 -207 804 65 751 337 -679 -804 757 -522 553 -822 -24 701 771 -635 840 100 2 140 -226 -496 228 765 -421 28 -318 -686 -598 316 745 -497 405 -504 491 58 -619 -1201 660 -744 18 425 668 865 436 1095 -546 60 447 102 -710 -573 1136 899 -776 287 404 -728 539 -1071 -564 397 736 346 -185 -244 -473 -504 25 -297 -132 -296 -43 -444 -263 142 203 -906 -68 13 -49 -256 304 581 589 -1061 -395 876 -741 193 -474 297 -117 594 -1142 -262 888 383 -547 437 ]
[893 882 -279 -631 352 73 -533 -977 -127 -153 579 -625 -725 -205 159 421 529 -430 -722 306 562 1198 663 178 649 219 -1330 71 507 -634 808 1440 739 161 1428 86 -266 -233 665 163 532 -630 -457 607 922 608 -185 142 -727 -88 -61 -177 472 -110 676 -613 -1046 -781 -433 862 1231 -397 -710 458 1130 -147 517 237 108 351 127 -15 569 -132 530 503 -1072 947 -321 348 85 262 -659 623 -547 -890 357 295 -736 202 -582 480 277 119 760 -560 379 -852 -137 -434 1795 -791 -743 943 3 166 -739 -826 210 -309 534 -256 -291 -497 -138 -1150 -308 382 498 443 -685 -832 1121 6 -156 -374 288 436 693 1086 ]
[-1172 -442 275 -17 166 826 -110 217 -228 926 -515 1011 368 -77 -223 371 -193 89 675 550 -19 -45 -329 413 -290 -570 1974 -1288 -35 331 -267 -692 -159 390 -89 -482 589 148 -746 508 -843 39 98 -742 -1265 -310 -68 99 829 276 -77 -768 90 47 498 474 860 -521 900 -859 -628 -309 434 261 407 6 -871 -635 -1121 -984 -880 -45 114 490 146 -206 655 -972 458 124 32 -554 243 -705 654 376 -131 891 -567 -301 -112 285 -312 -290 -752 -449 -78 719 219 177 -217 1131 1178 -833 -326 -657 391 617 482 275 475 -308 -656 689 68 -176 -90 -608 472 -632 229 567 -456 -462 272 373 -344 -445 98 -48 ]
[785 -589 -236 -318 -263 567 -1470 131 179 -134 370 430 257 -961 -335 -345 -701 -589 -248 -148 1306 -260 -441 94 -264 -722 -691 -9 -34 -1130 -685 583 291 383 110 -198 927 290 -127 -274 415 -129 79 -36 -260 -198 -1150 -822 309 19 -685 1009 -409 -354 -711 -983 -64 1362 771 28 -144 1065 861 -290 257 798 429 846 -113 -464 19 -242 454 488 -387 -8 487 15 55 187 -528 -601 -1211 -603 -251 260 -153 -910 1384 636 259 427 -561 -4 -343 182 -265 -850 184 385 831 -1045 494 -548 1565 47 479 -298 -513 253 293 783 44 -380 -625 -80 1224 -60 -294 -89 -602 -387 594 1063 -171 109 -724 223 426 214 ]
[658 -757 -474 63 -345 -752 980 -349 602 -1155 396 -137 650 -887 -655 1285 -382 -469 -222 -373 -763 -1270 -298 52 -26 -67 7 38 -421 978 -166 443 -28 -662 -862 407 -137 45 -553 565 460 406 257 -814 53 951 -61 110 -1112 -321 -30 216 649 606 -306 280 -560 -146 -623 696 221 -567 7 365 -751 -758 504 -82 -191 998 305 361 656 -1009 -504 41 433 388 -1502 569 105 1315 486 -6 461 152 376 12 -1469 233 582 -592 471 -93 -76 -596 128 437 107 500 -433 855 -383 1032 -881 328 -766 -118 688 262 -444 -782 90 -761 -63 197 -1178 -273 141 741 2736 414 -538 -90 748 322 -25 248 -361 199 ]
[154 -624 -344 108 -142 -382 -330 -7 619 -487 1131 -100 -461 511 1247 774 -282 -253 514 159 476 155 -844 111 -111 417 -709 151 -849 826 -205 903 -364 581 367 -571 279 -221 964 1111 571 -19 -141 -107 317 46 759 322 -774 -164 -464 291 1214 192 54 -928 -740 1030 -151 37 352 -718 968 1206 505 199 732 253 122 178 874 27 345 988 427 297 68 -447 648 353 491 -924 554 -242 -1324 144 -429 390 160 -361 371 406 723 -412 127 113 153 -560 514 7 693 -509 -304 -752 -248 137 -984 -110 295 -906 601 -11 482 -648 -118 -819 -632 143 -592 -510 -170 -794 -206 496 -168 4 469 -185 741 766 ]
[-296 -873 -35 628 356 -1091 -479 -1171 -924 -79 11 284 441 -1195 271 828 -1489 -620 -917 467 605 -424 143 276 -609 -359 -780 -134 -681 617 224 -132 546 139 -678 127 1118 -975 -387 1338 1666 793 -192 -147 565 -318 -847 505 -828 -167 -671 172 825 -349 -940 322 335 -52 101 -111 -187 -101 334 755 400 -1119 418 488 -1472 -515 381 620 14 -416 231 -735 -273 -1135 -857 948 -614 261 -597 -878 802 716 461 1031 127 173 -175 -169 -636 -587 -155 -102 534 730 -85 390 199 57 1268 489 -884 -98 -797 1505 -539 636 404 -346 1031 -818 344 300 -492 -980 944 1226 765 368 -1154 -168 -196 -199 -269 -128 -294 485 ]
[-83 117 -10 240 259 -331 -410 200 -132 823 392 987 -752 442 359 303 -335 -182 -413 444 -191 122 -630 -481 -743 -401 -541 171 -391 761 303 -691 127 581 -807 -610 902 -142 98 1802 102 -60 -382 64 -725 21 -335 -254 125 1202 -627 656 4 157 -1623 56 -822 259 -20 -989 726 -24 1237 177 591 384 712 -89 -304 -141 788 169 443 832 116 -585 67 -2305 99 -367 158 -614 112 208 -331 827 212 1262 186 -393 976 367 -218 -298 -319 83 -124 -321 -23 337 -808 592 -373 -1684 171 -229 -390 -18 825 471 1111 716 154 -391 -195 -363 -196 -319 1088 -747 414 -1176 -641 -891 39 -448 -563 87 786 728 ]
[-193 938 46 -513 -3 783 -1330 302 -307 -380 -652 -205 104 -1028 -173 -83 -435 -516 -162 871 -29 -23 -101 478 1215 -813 427 -353 513 33 -1725 -551 687 368 549 -639 1092 278 -956 -143 -987 552 -253 -156 -739 -12 -620 -289 741 477 -482 -114 -151 -1094 132 -83 1251 483 174 370 -1024 -161 136 611 1576 889 -202 348 -370 603 -322 -1573 -222 828 145 -627 260 78 503 459 641 -560 -497 -960 -393 -603 -150 -1177 -1197 -84 63 259 -396 -341 141 -91 279 -660 1103 -964 687 164 -79 -985 708 124 952 185 412 -78 -132 520 94 -834 -626 -1057 262 -203 742 -595 -397 1105 1342 259 210 1005 -771 197 1294 -46 ]
[79 987 748 1132 -27 623 -440 -154 -268 1263 -539 -68 -554 441 229 730 -468 -291 -330 204 428 697 62 -240 785 136 -608 -49 661 -32 462 -712 756 -31 -212 -620 -814 11 -411 642 -57 -733 -987 301 -309 799 -575 286 -249 196 84 1045 -453 -226 153 173 2 -249 264 -363 1069 -684 -66 571 670 161 232 142 216 358 -257 -788 -497 1014 -635 -151 716 -601 1122 713 215 -936 47 217 -446 -70 628 434 475 -1059 -280 270 -1198 278 -1105 -210 201 -425 114 -914 -281 -26 215 -825 139 33 171 286 26 1366 193 547 -41 723 64 -113 114 182 848 -1075 -712 205 272 -667 -742 -1073 -1084 250 765 860 ]
[-353 87 -84 -223 324 -492 -737 -448 -154 -111 632 -205 -120 337 -102 -129 95 585 -280 895 -822 -56 -470 231 355 1478 -261 24 30 924 -931 -299 949 439 -367 267 720 581 1221 -539 566 187 211 -96 -632 -397 456 -31 -71 167 -151 295 980 94 -325 -592 -636 226 -1450 334 89 -255 350 -171 233 765 170 175 -206 400 384 -327 -1105 -246 65 471 -88 45 551 -560 -730 -220 -59 -680 307 223 -31 -1047 -586 47 -145 51 791 242 905 -100 -106 -1073 -180 -297 30 -32 -209 -253 303 538 -521 -852 683 -533 -346 624 504 -1251 171 -1715 392 205 270 309 252 72 1449 -92 613 662 825 568 980 -608 ]
[763 491 656 1122 -476 -652 93 328 -450 342 70 -473 -334 -44 750 1299 -870 -81 213 413 -505 -264 344 -437 71 -438 226 -53 -454 157 80 532 -474 -316 673 223 205 -638 -148 1283 -53 1210 -1062 275 916 509 966 -38 257 -267 -161 52 217 -39 -6 7 829 1150 -937 153 -329 83 -538 1961 15 -616 701 267 388 -621 1121 -415 -301 83 -705 -818 75 -359 1289 338 664 -53 391 223 -908 630 -416 -138 698 -638 -63 1068 895 -637 -1080 -219 1017 118 882 560 237 -1156 -1219 -744 -503 714 -1310 606 -154 -660 -657 -475 478 594 557 1150 63 24 460 -716 261 257 -1672 603 596 1 -599 -1712 67 -242 ]
[54 -1144 629 153 -609 -225 41 784 -998 -750 421 165 103 -67 -656 -66 46 -708 -384 -68 636 -439 -339 546 -447 427 69 868 -480 179 -404 -291 183 505 -1254 -700 495 181 522 278 380 106 726 397 -322 537 -786 50 -211 300 -537 474 264 761 130 444 -168 -575 712 956 -926 140 508 -486 460 282 91 258 -361 -670 -71 1097 -369 375 -876 -546 -266 -909 -1410 521 576 389 -64 -336 -289 727 198 -25 -428 -445 183 107 702 -308 346 183 -150 -37 -63 -261 -518 922 2 -186 141 -208 680 199 -543 351 624 -403 735 -703 537 -164 -168 -364 -393 1027 758 -355 -814 -1086 79 -187 304 1100 470 -351 ]
[-836 321 869 310 -212 -286 -183 17 803 -329 1358 -625 952 133 499 -596 -717 -631 55 463 309 -383 -1326 812 242 533 497 86 -257 -771 -450 -7 -105 260 -800 667 -523 -142 102 724 -143 78 847 -747 -320 -443 583 96 -47 -719 -1151 991 367 -595 1105 838 -127 667 117 -603 -1058 -296 149 368 -1559 69 -5 383 -1268 -1553 571 1536 -1792 502 -687 -333 -134 559 344 1150 -215 -397 -405 -1002 -352 771 414 92 920 784 -111 -114 -480 -390 741 1138 -24 352 -143 59 -978 -462 185 543 868 200 -375 869 -1096 -72 540 -151 44 1524 6 643 796 -499 -196 676 -228 100 -177 -945 10 919 750 -62 1208 -700 ]
[-63 -682 -1028 -11 369 359 -327 -912 645 -340 -115 539 346 -72 -182 -301 -493 495 -1213 443 423 118 -863 699 -1000 -404 240 -532 -433 -42 44 -1145 -786 811 157 487 -460 -745 1032 -96 -725 403 -396 -464 -62 -1102 -1 -553 -318 532 836 452 378 -1323 -463 -3 236 -95 1088 -927 402 -128 -391 -1188 -613 -637 381 124 327 97 -482 703 754 274 184 -656 -514 634 103 -110 64 366 -14 -378 247 -369 -453 1113 -180 1074 -261 778 -797 -906 66 187 -275 325 -376 749 -46 117 929 -459 15 -509 924 1413 -342 -171 809 869 632 553 -332 1321 -125 491 -12 710 -1092 367 -1055 -507 -602 -395 -297 18 136 -201 ]
[774 790 632 416 216 87 590 307 137 1216 -144 448 -560 291 -756 22 331 48 159 326 -1163 -110 68 -818 349 -306 1077 -83 1239 -799 317 362 403 -396 -336 -368 -90 957 423 -79 -1079 -203 -63 -576 -1630 41 -419 -177 733 -42 52 620 -282 409 -455 413 -1579 -116 -1123 -158 251 -158 -588 44 -548 707 1011 52 52 245 -486 -184 -368 175 -1324 615 1133 286 740 31 -253 440 -382 204 45 127 629 199 456 190 236 -390 -10 760 -175 -598 -211 -974 292 19 -789 25 -1055 269 179 179 2 -719 544 1519 -248 777 -642 628 -708 -964 939 174 922 -782 642 -765 1827 -1146 992 308 224 125 462 -80 ]
[87 -1016 -989 -144 -68 -486 109 -38 -127 202 -1119 189 339 173 -947 691 -387 459 -371 -1303 244 162 189 121 -907 -1479 463 55 155 866 -540 -961 538 431 471 -36 -146 -830 -1682 334 -425 -94 -471 -188 -620 -72 555 -1262 -105 165 227 200 -37 65 -43 -274 99 759 104 -898 593 334 777 714 74 -38 -874 -898 100 1005 -567 -633 1074 -593 610 -459 -290 -113 757 -620 -330 -172 866 197 729 724 -282 208 -1018 1063 124 24 -291 -1084 -103 -1924 -790 -261 -65 -175 -1026 216 162 -1205 594 853 -181 -17 1442 -429 533 1711 -778 719 -100 -38 -387 -2 -933 -855 -877 1518 -145 105 -133 500 -179 249 -412 -71 ]
[-432 16 805 34 29 819 -61 901 801 26 -381 611 -465 -105 -546 327 -251 269 1090 12 -160 -431 747 -990 -550 230 114 -351 419 -50 -314 -280 -396 214 -482 419 166 25 -722 -120 159 175 248 -930 -1256 -179 -671 -170 454 -353 -209 -482 -474 314 -1644 153 508 -174 467 229 -98 862 769 -121 533 1131 198 -405 -472 -585 748 -491 97 643 -698 531 796 -1133 -782 -435 -508 -215 556 -429 222 760 306 -893 -225 584 368 346 -1343 591 -1015 -234 -650 936 218 -198 -371 1112 206 -759 -226 294 588 43 -680 15 -396 77 -175 -223 -304 648 266 81 621 -353 630 629 -42 243 516 444 -1345 -120 -207 -534 ]
[-362 388 -1341 -577 -455 -164 -823 -257 1189 -529 1107 249 89 420 1288 -630 249 836 402 711 -19 -524 -54 -630 80 69 -628 -1403 -366 128 10 461 -696 174 50 -30 -362 411 1019 -1034 -129 -29 77 -491 525 322 1199 37 544 504 -516 -240 -270 179 262 -411 -185 1181 -216 521 170 -1411 101 195 -565 -857 972 -588 -43 -37 -76 504 249 609 518 81 99 218 -298 -52 -24 -237 277 1181 58 -788 695 -710 43 -158 -197 -592 160 840 -183 442 -506 -145 -255 573 374 -718 434 -487 829 -1187 -609 -200 -627 -1163 -305 -1492 -66 -237 -510 670 -1254 552 -248 191 404 -646 -259 482 71 61 -185 -880 -461 463 ]
[-169 710 322 355 -327 -394 -559 -26 -575 600 -135 -50 -137 -14 -81 1083 -447 22 -93 -200 178 -85 409 -730 -122 -326 691 -857 -165 918 324 -1511 481 340 366 598 -1247 1225 -519 -903 -312 215 -487 457 877 646 -320 -255 -119 306 904 -593 -489 -282 512 119 490 1103 -489 -208 709 -1563 -668 1012 -148 -2152 67 -268 42 52 -487 544 387 406 -51 -77 635 762 1523 -408 -124 222 -171 786 -46 -193 -373 141 -573 -1054 -467 1048 527 -672 -1842 -477 928 -250 -444 34 -280 -647 -47 -62 -627 -443 316 1242 496 677 -27 -340 -100 1303 84 940 498 438 386 -186 300 749 -619 -409 17 -1219 282 -321 -86 312 ]
[-409 -176 -15 168 432 773 -701 887 -511 226 -632 1657 -1032 -313 -828 330 -530 -24 261 210 385 925 554 -632 13 55 94 -247 870 -353 -568 -896 772 567 -543 -525 1181 73 -71 71 -1327 -184 116 -539 -1174 -140 -414 -439 1442 633 -967 -520 -311 90 -1157 -329 -359 -451 199 571 153 -445 879 -1075 775 1369 57 -596 -711 -855 -336 143 -248 1364 -368 -432 953 -988 -106 75 -196 -605 309 -751 -389 -14 -148 -613 -424 456 92 822 -97 85 -886 -801 -713 -1797 -57 -382 465 704 160 -652 418 -116 1012 -601 404 1002 -221 313 -228 262 -785 -112 844 263 441 391 -440 344 546 -221 19 148 -118 -93 467 -417 ]
[-366 391 458 -1366 -249 -1013 -198 466 -73 -551 867 -43 -601 -389 1110 -169 334 -528 -186 -358 127 -983 -498 128 -1089 -183 -1277 -207 59 -237 33 1512 678 487 384 -632 150 243 -108 -514 492 281 268 -382 37 -844 -620 -4 -573 -9 -672 -654 -544 132 -1106 548 -161 -63 497 422 -805 -71 -139 -75 595 -220 623 450 -469 110 520 29 -103 887 559 1006 650 -41 -645 204 -19 20 -1028 108 -1177 -317 835 -1004 93 -427 546 -776 191 -255 827 670 -13 -326 257 -744 6 -1101 -1301 1227 -349 -335 578 89 132 730 622 -36 -140 -556 -740 -772 -622 563 84 64 286 212 462 -62 -621 -239 -79 1133 440 522 ]
[589 598 499 834 -389 -548 18 -153 -568 -140 -411 -133 -447 659 707 -220 -124 118 -1003 -1072 299 417 1352 480 171 718 -538 -245 182 27 156 -400 847 217 246 340 -614 166 820 -1199 -121 -1449 -721 160 223 -55 746 -31 -608 -26 505 386 817 256 713 300 -347 585 -619 284 298 -1448 333 -145 343 -1263 -239 -459 878 -62 96 653 -437 174 -226 -81 176 22 1518 -203 -1474 -1641 183 643 -381 -53 454 -251 799 -246 -478 -599 302 933 -68 -328 58 -1132 -1590 -460 57 137 -418 148 -883 -57 320 -521 45 -62 574 162 240 1186 39 14 782 -112 -620 1222 -520 -280 258 -387 -757 -389 1192 102 611 639 ]
[-406 -947 -577 -37 -143 21 -115 1076 -837 120 -262 -523 32 -565 -669 -463 -41 545 450 114 -545 125 631 -273 -520 -189 -46 1123 -388 -377 506 -512 -1122 -337 566 227 -706 500 -911 23 -261 414 57 -209 110 -315 257 -160 1143 -152 -499 -232 -861 416 -46 646 912 941 770 -368 -1150 1154 13 -331 -568 -562 -710 -239 288 -917 -303 363 265 -52 -271 -466 1008 566 -186 -641 -879 1138 -504 395 -3 103 241 90 748 -139 -131 225 393 -762 -965 -123 -811 754 -165 551 -396 -148 -630 145 725 -668 30 80 -1100 590 -657 -827 655 941 447 1250 548 624 432 -25 79 81 -984 653 -175 -134 -67 -911 -130 -1879 ]
[427 158 -604 -249 1073 270 -186 206 -699 -91 -563 -198 -365 278 -944 1108 271 -383 -364 -337 -704 -605 56 -341 24 -344 88 953 231 -48 237 362 686 -436 534 -160 -729 106 -167 -604 -156 321 -851 102 -152 -232 -276 -284 -118 488 407 -361 -888 -47 -406 7 -348 -123 -537 259 189 -453 -114 281 568 -40 26 -299 105 1864 -89 -1244 300 -562 357 521 846 -506 -112 101 458 313 -244 -115 23 -840 198 -264 -1466 -602 -186 -133 813 206 355 -683 573 -606 -209 192 -542 -120 -747 -42 -136 583 189 -336 1190 688 -161 413 -858 -427 -50 -1142 -699 557 761 -767 893 986 933 -182 391 336 -371 295 -35 -176 ]
[734 -1291 -786 -454 446 100 -188 519 -932 512 -66 434 -904 -30 -1822 -1 194 161 -197 -354 112 476 1449 -1178 -1349 -420 48 -31 259 59 947 -365 133 -206 154 -621 1143 366 -205 205 480 -530 409 584 -149 385 -476 -685 609 598 -800 -1181 -382 946 -445 -1375 -401 -131 307 300 360 1038 320 266 297 -122 336 266 -158 195 -677 -277 1485 -104 -47 -89 -285 -946 -1387 -236 -659 1987 -266 1262 971 614 -78 55 -1223 1119 60 527 124 -385 381 -1956 -809 -374 116 316 219 272 -68 -436 951 222 -571 -1033 866 551 128 175 -12 -954 -196 -693 -338 40 296 -98 449 -659 -72 -296 983 -626 -311 -538 -666 83 ]
[-407 145 201 -925 -580 462 -732 835 -938 -494 -82 1034 -781 -6 -683 279 343 96 58 -433 515 448 844 88 -387 -54 -279 -82 183 -671 131 302 -284 332 235 -1390 643 -35 104 -620 -120 50 -41 2 -852 -104 -749 154 1102 548 -546 -202 -1157 1202 -563 -10 -536 284 659 459 1026 1095 1050 -802 1490 1089 -426 -1158 198 -894 -406 -59 1043 -36 135 596 345 -1234 -1849 103 -456 107 -162 569 -99 773 192 -807 463 -606 22 -87 861 498 219 -110 -106 -626 161 -458 428 185 -23 -152 306 -330 593 -1659 -471 164 67 -300 -35 -1502 431 -1295 -152 1055 -482 -323 -524 240 881 -144 374 884 -14 959 -904 678 ]
[-25 -1480 -903 -577 590 -246 -452 146 -898 -434 -427 398 873 -606 -131 -136 116 -839 108 49 674 408 660 -1269 -155 311 -268 37 -576 1236 -1437 -1354 552 585 -1133 -1061 947 835 673 48 708 566 464 -6 80 574 -261 -172 534 574 -546 -339 213 -912 -467 33 -343 660 -174 59 1115 36 852 -561 410 -224 1152 -315 0 -8 -336 592 658 990 390 -248 -830 -265 226 26 784 84 -98 -1448 -572 85 -528 -985 -393 390 147 283 265 -488 -359 -72 -562 -1042 561 116 102 1330 -647 -2182 382 -582 936 731 923 30 207 -97 654 -248 98 -632 -60 -576 341 442 1135 -301 -229 65 78 -77 155 256 911 -1057 ]
[295 -1160 -311 752 361 -107 -770 -1070 -24 751 -450 -404 507 110 34 22 -1343 781 -165 671 11 140 858 -533 252 772 -341 -1717 254 224 465 -225 115 368 -622 -73 -2 313 841 -621 1375 -889 -611 -558 -1191 948 633 -385 -827 -3 80 415 54 -177 468 -72 -444 -229 -473 -311 1272 -113 -1339 -394 577 -137 0 -500 30 531 -930 -432 337 154 -232 408 196 202 336 408 -488 -275 -416 -1910 1001 -600 19 1412 61 49 -634 534 -895 421 -157 -225 404 -941 -436 875 458 193 1372 -338 -162 -811 -28 615 27 214 -666 -527 -143 -315 295 -554 -747 574 1340 400 551 516 -621 -254 -349 -739 -560 359 -24 47 ]
[582 -30 -190 450 -188 353 628 -136 -371 707 -518 643 365 -609 -237 203 -1040 -1266 -144 -1104 791 33 984 364 798 62 -437 469 -64 -1870 701 -412 301 396 -949 -100 410 -1757 -1338 676 283 -122 -739 -564 -77 562 -500 -502 254 -60 -510 -161 -1084 -54 133 1450 -34 -743 1174 222 300 842 661 -758 770 -195 132 -1206 -241 -576 471 -440 -717 -668 -368 -283 454 -946 -2118 582 111 95 541 -793 589 454 351 -204 281 -220 -264 -477 -308 332 221 -58 -95 573 -706 46 -831 818 -9 -119 -829 1126 98 -295 -667 287 -301 -716 -857 79 618 954 574 -521 -815 385 543 89 -631 558 -917 990 -1136 970 -1780 757 ]
[-196 -1389 531 1090 144 -215 710 -485 -1887 709 -283 864 498 -1660 -143 937 -510 -816 -882 -757 141 -179 484 61 -861 759 423 -992 -402 -188 850 519 204 661 -912 -580 284 -447 144 -11 1053 794 -1185 -564 -252 -230 -358 -7 700 -163 -153 321 127 439 -627 1751 -728 329 429 70 1480 220 144 -569 1215 -654 543 -1367 -64 -1391 234 765 -26 -163 -119 954 487 -642 108 252 -401 -590 -466 -1677 718 333 583 149 747 -1215 -716 -620 948 345 -699 81 -2 335 125 1317 -183 269 144 -1141 -690 -128 -465 -131 -232 373 -337 -796 -370 -38 813 -1324 438 478 361 682 748 -181 -663 804 101 -201 -418 611 -338 86 ]
[-529 -379 -618 186 -48 -1233 -713 -572 595 -430 -178 354 349 -468 266 1012 92 654 -559 600 404 -969 501 -656 -365 939 -978 -1423 -356 534 -1206 -1487 1343 173 31 346 -604 173 -203 -1969 989 -710 -203 -1005 -161 -394 -730 -75 21 -24 -69 -10 -121 -636 -932 190 -370 1034 -1290 651 1324 -1048 46 146 722 -252 602 -821 236 637 -26 -688 398 1129 139 784 143 373 428 394 -1678 -582 334 -120 -168 594 662 -1492 164 -538 -846 -530 136 759 -1060 -712 -138 -1013 -217 -100 196 -197 341 -1045 -11 11 342 -138 15 600 -169 205 652 -605 -1018 -1403 298 625 266 420 941 579 958 484 -818 -40 -242 1271 454 164 ]
[108 289 -122 748 478 252 327 276 1444 113 738 -709 49 887 -327 -540 -6 -86 172 -151 -300 -368 -1112 509 247 780 -449 935 -565 -892 -303 -120 -704 22 -229 940 -1422 -226 -545 228 263 555 -142 -352 231 -1391 256 -577 -3 -604 100 729 -705 -834 -635 -176 429 2155 -608 -960 -491 1278 111 227 -946 617 60 141 355 356 1167 -489 -190 -890 -803 180 -123 382 -37 -862 -167 256 -80 176 -153 981 -665 -536 1591 995 62 393 -367 -409 56 591 -279 908 -193 90 -1346 -803 -924 -486 313 965 -498 -47 -93 -633 -845 2148 -82 761 29 476 1503 90 -76 -1195 -679 444 686 763 34 989 -230 -248 275 -808 ]
[-459 891 -118 226 442 -263 786 16 -16 872 -42 332 -777 682 -595 -1036 456 686 -175 23 -403 601 64 332 -702 115 505 435 -34 -621 733 392 -30 -194 232 383 -364 -142 -67 -335 -515 -166 -113 -137 77 -689 577 456 1115 -367 -187 -657 -276 566 650 -407 -78 -1112 576 -190 -1380 527 -417 -11 -1589 -274 -395 265 -898 166 -376 -116 -409 -1159 164 -16 419 -304 -350 -663 -1730 687 -92 974 695 815 392 205 548 1075 426 -1017 244 -110 990 -431 -524 95 -1030 -30 -372 -93 214 939 603 -109 -158 -1247 324 301 -135 278 264 444 -142 -59 128 635 797 316 -193 -303 831 -610 412 -29 -20 -155 -508 -354 ]
[286 74 -105 -384 -594 -898 694 346 360 220 435 -392 110 -615 369 -398 808 862 -37 202 -1539 -927 -419 -375 -145 548 669 -525 -8 -192 -115 -466 -386 -560 1217 705 -480 466 789 -1399 -589 394 180 -133 907 -495 784 -617 417 410 153 -280 513 -237 -80 -28 -94 808 -1273 -335 -172 -399 -634 -557 -1297 38 560 -85 1284 -721 23 263 -448 292 394 444 -400 1853 1065 -458 -213 1112 -369 857 -167 -706 123 -828 216 267 -593 -258 1234 -295 292 94 179 -172 1156 844 -99 -1207 -482 -330 1069 454 -316 -502 -299 -938 -634 -413 469 700 -621 -408 632 567 -677 -451 98 -499 42 764 442 549 -29 -1116 27 -1287 ]
[-741 -1122 502 -1244 219 209 -160 443 -75 -176 830 109 -42 -134 1116 174 450 578 786 394 -276 608 -156 424 -252 457 -483 118 -576 823 -719 128 -328 876 626 -442 60 1014 -99 766 605 -427 458 22 -337 71 929 -261 -629 716 -743 -407 435 23 -523 606 -25 21 601 -489 152 645 813 -255 1292 1214 -868 -381 140 -1100 166 350 317 295 210 444 -169 -754 -531 -542 172 -344 372 -372 -524 -429 162 34 -142 -76 170 287 58 -307 -238 443 -363 49 866 68 378 -374 -457 -45 -581 -552 467 -282 444 -534 232 -660 183 -403 153 -893 -819 280 -312 -219 -268 169 -518 634 -36 595 -171 771 567 -470 ]
[160 -218 -136 -197 213 -462 -138 -273 -132 586 -446 108 -280 -916 -933 316 329 166 541 774 -687 371 -882 502 1180 -564 -731 1645 784 -814 -33 -770 737 -1169 -840 248 404 950 -419 873 16 141 554 815 439 341 -689 -945 509 437 -408 608 -474 399 -828 154 -180 -1428 -1343 458 159 -264 -568 -1380 71 428 -322 -494 -806 -421 -895 941 98 -198 -105 -686 588 1306 -885 -327 672 991 365 669 -128 -978 976 891 -97 -329 -580 675 280 -276 -941 331 -448 -625 152 -630 295 571 635 1520 333 -406 160 124 368 1111 -853 -236 553 321 135 562 214 -734 389 -74 338 61 879 446 -431 -248 -217 572 -191 -75 ]
[-696 1051 1186 -761 414 124 390 1115 -72 -191 383 -401 -684 531 906 -511 918 -458 -434 96 448 -476 363 -390 -446 -1 100 761 -140 149 595 -634 -966 47 460 445 253 332 -964 -218 22 52 96 -56 694 -519 -535 1269 2 43 -48 -304 455 -583 247 919 376 596 561 -795 -924 43 649 850 -731 -581 -95 229 -977 -698 996 551 -247 211 695 250 -839 -430 -684 -292 -56 -5 53 1236 -1148 1344 -21 626 183 -347 219 -806 498 -1000 623 1306 495 422 122 -512 -61 -92 -17 -181 -154 -180 -255 -32 -1016 -341 1183 -225 603 308 711 519 180 -73 492 -86 550 -309 -237 -1185 -582 -257 641 -508 -153 -856 ]
[148 1065 162 -1048 17 49 -980 611 -197 440 686 78 -330 -522 89 -1276 148 -8 -148 -452 -1165 279 269 -269 120 524 201 784 -59 -740 912 351 -985 -969 622 314 21 1414 321 -1204 -795 116 182 -244 231 -679 140 22 84 -351 -446 -925 -427 627 -554 283 397 739 108 -462 -631 -262 -289 -609 -609 -359 86 723 424 -1375 401 575 -108 368 513 624 1281 299 -91 -486 -462 -228 -1380 1018 -576 -1137 873 -873 934 -232 391 -380 1084 -281 575 906 552 69 -247 42 482 -248 -484 2011 -74 3 368 25 -710 346 -640 -798 -93 874 -504 843 835 -516 616 142 -23 -738 576 55 -156 -38 -44 -1508 17 -333 ]
[574 98 -673 -24 -198 458 181 304 -563 -188 1375 -581 -171 -375 -552 -38 134 -853 -526 46 854 -339 -825 1212 82 21 -385 -1041 -954 -821 272 1877 555 155 690 -50 -77 -529 -390 -24 -478 -437 259 -264 577 496 252 -567 -402 -156 -120 176 502 -79 1344 -645 365 714 1535 514 -892 712 -392 1032 785 252 -928 885 580 -266 -154 -1229 74 -1008 -210 788 -352 944 -441 551 513 543 -1355 533 -27 -37 -131 54 -799 -288 -208 807 1294 -1750 930 -129 730 -493 57 217 1322 -1254 -796 771 1365 269 -510 -1423 530 -514 -362 -109 -702 -448 185 24 131 -7 245 -595 -211 -624 -294 1012 -274 53 -326 -224 1032 471 ]
[1176 -1688 -993 -648 -734 -852 -1064 -647 443 -549 661 402 607 -267 943 752 8 -129 510 855 746 -456 -1662 908 -731 267 -916 -573 -1238 -139 -505 974 928 437 -25 -360 493 1016 2413 -84 907 -300 959 -188 279 255 -118 -1612 -1351 253 -114 366 308 528 -332 -1819 311 281 -646 1106 -35 -628 974 -663 -57 -1075 1531 434 -238 -15 -254 936 671 299 -451 189 522 493 1104 -91 -349 -75 160 -544 -439 -585 79 -455 908 -277 388 1223 164 733 -173 -93 -237 -669 507 338 1148 -251 329 82 -199 -91 -241 326 372 -1129 -108 -909 810 -639 -1000 -284 -249 -515 -458 519 647 -910 -222 545 -748 -206 -756 657 1026 408 ]
[-283 186 197 152 201 -315 556 145 -1340 320 -869 -702 99 831 -390 891 480 649 97 807 -1030 -262 1843 -593 587 475 -718 -397 682 93 -586 -360 581 -1385 -200 212 589 -215 -346 707 399 -316 -624 195 -813 817 671 425 54 340 457 -232 36 100 369 1046 35 -1105 -1212 418 650 657 -30 612 2197 -477 -1101 -732 350 383 -177 -1900 -167 -123 358 497 197 -706 650 278 131 -257 1326 882 191 502 612 -307 -602 -770 -387 -105 883 619 -778 -508 121 -677 -723 -170 -112 1012 -794 -394 -72 328 -113 -985 1913 836 -430 -328 118 -1135 1253 -788 -225 -520 612 -613 1328 888 -229 1536 -314 420 103 271 585 435 ]
[-29 555 480 552 138 270 710 128 -21 -46 -304 -1678 261 716 92 815 -96 388 280 -49 -589 194 -121 96 -133 -481 -616 1300 111 -160 1374 974 -301 -542 460 120 -1220 -666 -495 548 945 273 -401 107 -138 371 1056 -49 -79 -1196 -335 -217 -1117 522 448 404 13 -537 347 25 753 871 -906 877 -43 1002 -907 185 193 99 1020 -1067 -695 -1023 -437 149 -544 -594 -392 -346 431 38 501 -579 21 464 31 604 0 -375 -377 167 -349 -368 851 -36 407 1881 142 -119 -525 -638 -615 903 -132 568 -562 186 -651 -297 -219 -434 -596 573 909 578 -1079 819 755 -404 296 938 -199 -607 629 -50 -1054 174 -181 -531 ]
[-522 186 210 211 -569 -152 208 809 -963 113 -152 81 -611 -10 378 -1203 -414 326 675 -434 -411 -333 158 776 486 686 249 169 -146 611 -242 -95 -571 1123 -123 -470 63 35 259 -147 52 1288 -521 -219 374 -27 642 775 214 -319 -541 76 812 310 -59 -35 551 796 521 -679 -2015 42 604 672 -864 -271 -472 491 -373 -529 -322 645 -1153 -184 -11 -638 876 407 -792 -803 403 778 -275 118 -137 88 -108 -484 -164 97 484 -390 488 -1131 -32 723 -504 -280 262 -415 -482 520 -210 129 -1117 -364 187 650 -241 -424 -1182 -177 885 20 920 578 -301 501 171 -300 -122 37 -419 -712 35 368 413 -787 -264 -801 ]
[-57 -675 -282 -651 716 -164 65 -573 253 147 477 -867 1313 52 1327 -698 729 211 -393 -288 -1047 -316 1039 -688 -518 261 146 70 -312 683 -317 253 -903 217 41 -245 -1064 519 -120 90 741 -491 -768 -929 -687 481 1351 -125 94 33 -68 750 9 137 539 2145 -807 265 72 -790 1105 630 -970 148 495 200 206 -1014 848 216 310 -84 79 124 -148 623 -495 -642 70 -561 -135 -833 71 -686 -227 -330 1003 -596 -475 -275 -190 -859 -341 342 402 143 -374 585 -310 531 -991 411 -1074 -620 -295 -684 -79 579 -54 37 81 -546 -230 495 510 -223 -1407 -25 538 72 1121 317 -373 -12 -181 197 76 821 679 -1004 ]
[-359 -64 -230 -396 -506 90 195 -36 581 740 235 -394 62 -9 1029 -912 236 566 878 842 -450 105 239 -1132 230 -114 20 -977 -435 793 -1180 -803 50 638 205 -270 373 1120 -85 -776 -240 -156 415 -163 -206 370 758 578 982 640 -139 343 -119 -807 -11 182 -346 1190 -801 -798 -87 -334 -134 962 -360 1133 408 310 828 -401 -419 -776 101 723 86 433 -926 417 723 -862 921 395 -760 -411 156 -275 507 -320 -281 477 -36 -121 -411 -331 -835 344 -137 -322 1486 241 -311 44 -193 -2218 832 -1464 335 342 88 -447 -189 -193 260 143 -388 -1117 -682 -339 1379 -1245 1089 -1171 163 -608 429 435 -100 -232 1156 -1343 ]
[159 1186 762 -565 -141 -31 -71 -413 134 -1030 957 -560 -200 157 -312 253 408 68 -526 460 91 15 -2 -217 -689 688 558 -744 704 -818 608 1116 402 713 -41 1011 -203 -149 1275 -506 595 618 10 616 677 185 -402 -348 -214 -220 805 -937 522 -122 308 130 -220 -2203 116 1523 -80 653 -1824 -957 768 -27 177 -85 -604 -508 542 1172 -244 -45 443 203 -1316 652 -1089 56 309 1123 -230 132 166 79 -477 -260 -955 486 -730 918 407 596 785 487 -65 487 -247 306 1093 -621 -514 1192 110 -335 443 208 -510 -756 576 -457 13 -1045 289 -102 233 1201 -355 1471 -834 45 -164 131 1194 -688 40 1226 -401 521 ]
[586 -2482 -1260 710 1179 1078 431 -628 -325 403 -390 -335 326 393 538 295 -84 -766 -45 -237 1123 546 123 811 -336 -238 -188 -448 -224 377 -275 623 38 358 334 -1554 -495 895 707 728 445 -1237 -192 -116 -24 208 1066 -232 -100 276 -399 350 1193 -1259 1813 -1014 -385 895 757 -601 383 -1254 753 511 367 -1235 165 104 -200 981 -1623 -228 961 187 -162 -224 267 560 1067 727 583 -198 291 -148 52 -1000 -338 910 -411 1084 -779 -505 -580 -176 199 -824 -1043 -901 339 277 404 378 1211 -1361 -557 -887 151 39 1644 265 -309 392 92 906 -45 -1264 -1079 -475 -245 -771 -172 295 350 731 -1089 -254 852 -784 858 197 ]
[-183 -197 -604 -353 -365 183 395 -52 125 -519 -723 -40 -403 727 78 209 880 -186 -246 887 627 1144 164 451 739 961 -732 411 -856 1129 -858 -662 180 1100 273 -54 -315 -186 846 376 66 -486 493 339 -95 387 -247 164 -638 500 -69 333 -258 -139 -727 -388 -623 211 -427 1113 674 -683 1304 -129 1198 300 239 -282 1088 547 701 -111 -196 -555 -903 319 -571 -178 -223 -48 -46 275 1363 398 -442 -236 -179 -669 -708 -781 154 599 348 680 -218 -694 -100 -525 528 -460 587 454 -891 -326 -1543 600 -110 -970 415 -540 -595 -748 40 -1696 -249 -730 -366 378 -68 169 -619 -602 -241 -469 -953 490 280 967 564 675 ]
[989 1693 838 -35 -762 48 -329 1076 -63 -125 634 -408 -897 183 426 -1276 -131 -775 186 -1440 136 459 576 -169 510 -141 809 993 400 -1034 -206 228 -281 582 -174 101 -370 628 -959 -176 -207 -362 -894 281 210 431 -492 -639 298 -325 25 -326 9 822 1076 -359 -52 139 202 442 -1532 209 279 -109 -34 676 69 -358 59 -497 168 171 -876 -290 94 -837 591 -349 -803 -629 -238 -745 -789 870 -817 318 -484 -80 904 529 339 -285 1054 566 407 391 574 -1121 -296 -353 722 -851 -331 1089 300 610 317 -881 -256 -575 0 347 -77 90 -257 193 1284 125 -1180 86 -1397 -396 736 237 284 251 486 595 -448 710 ]
[1604 -734 -342 -154 -236 1126 84 -416 -378 -412 182 -248 663 -998 268 -602 -19 -807 -283 -602 1138 80 -364 480 243 -651 -408 494 105 -1388 -187 1032 636 613 -149 540 463 -330 137 222 813 959 -230 -245 866 26 37 -1076 128 -532 824 750 667 -702 -456 134 -439 910 -70 275 -246 1508 -489 -231 502 1780 583 1091 299 -385 648 -130 -935 -982 -996 -353 -1441 1441 -282 -950 1131 -99 -814 -1499 -263 -180 -442 -203 132 1273 -323 1461 -320 -699 85 338 73 96 581 330 1119 -826 -417 109 558 631 -187 357 -720 -1004 -134 861 -57 474 -300 622 1005 -304 -850 478 -902 -475 22 68 592 250 -681 429 480 -1006 ]
[-93 -340 -1376 -509 110 -447 -915 -396 807 30 500 1132 940 622 -841 788 -647 79 -176 547 863 603 1241 -588 -20 611 -178 -569 -359 66 442 -631 510 258 308 35 -164 -155 968 -939 -420 -264 -307 -56 467 39 -52 150 -244 -275 -135 -537 155 980 198 -495 -469 769 -62 77 828 -1524 554 524 -372 -2162 -34 -142 -476 -296 -629 882 1347 196 94 32 392 96 -558 247 -960 346 911 386 1139 -258 194 -885 -513 466 -517 563 802 255 -674 -1787 -323 69 -1315 210 369 107 1091 219 -253 494 -169 192 951 315 -115 -602 -22 -613 -99 982 224 -389 -552 1133 424 392 -169 435 -458 127 319 -913 -1019 752 ]
[30 -58 205 -890 -451 1033 -1098 796 -197 -931 663 18 -884 -599 -435 890 -349 -59 409 30 250 -101 -401 -203 -214 -294 386 -464 901 319 -716 -562 -42 653 490 -156 482 2289 351 -569 -1289 -189 1007 397 152 631 -371 -295 165 1250 143 -510 753 258 517 -1443 -405 232 -76 1006 247 -1570 1193 -610 -83 -664 715 -2 -336 618 -1086 1275 854 231 355 -285 723 417 347 -427 133 784 -162 622 0 -575 -1116 -217 -1403 627 285 785 1081 286 -836 5 24 -1336 312 -321 640 -603 216 -41 687 -354 621 -1066 703 -215 448 -215 271 -675 -402 -802 639 1432 -474 582 195 313 981 43 1091 -115 714 54 454 -378 ]
[148 -366 -342 -444 273 724 -854 426 669 420 721 292 -326 576 171 -790 94 -22 -111 1002 -179 -536 -254 26 -795 -860 380 -132 -8 -650 -506 -275 -153 -567 -89 -494 1887 659 -49 -308 -121 -758 120 -80 -489 -993 388 -357 1475 263 -826 -797 -271 294 658 -1304 972 688 442 -184 -616 -199 -68 921 87 -218 -173 556 -504 -648 -289 -1260 -83 1520 -83 -681 362 -1578 1164 -4 -694 -1033 -120 508 -976 151 165 -1048 556 391 -369 400 370 -394 -133 -425 -93 -794 -773 205 399 -993 344 -1195 1805 -808 59 -187 802 276 702 733 169 1043 -401 519 465 -1562 255 -856 756 -505 451 1013 -98 -446 40 -1199 1114 61 ]
[-305 -1470 -423 296 -82 -213 269 -540 10 -358 -96 -678 421 -737 -474 128 -209 186 -431 -52 692 -234 -89 1300 -372 83 201 270 -526 -146 253 -703 -688 -99 -476 225 -153 121 -1910 -228 2085 -44 -320 -849 -419 -598 -573 248 -1170 -1203 -474 573 -27 116 276 501 547 1499 435 -421 -479 -30 201 910 -205 -803 -290 484 -749 264 -3 -673 -703 -1237 -741 128 782 366 -1379 36 -969 228 296 52 1031 642 696 1467 257 -118 -782 -1043 -60 -449 -271 595 -294 1300 -53 -105 15 -426 1810 794 -602 1011 -821 346 -1200 -26 -15 -470 -125 -313 659 664 -108 213 -29 96 255 397 -252 323 -429 449 -835 100 -1013 -37 ]
[-67 669 -467 -449 -719 69 -1048 112 -145 449 -68 -251 -351 -120 -296 227 -1819 501 141 574 -1105 121 -1047 78 79 -556 -60 -25 323 -157 -587 -1180 -247 298 -838 -93 916 423 -776 1412 -1129 211 427 -1690 -2174 650 402 -816 -588 818 -329 932 -68 52 -476 338 455 246 509 -1251 -598 608 1520 -219 -49 334 -315 -258 41 -350 296 -1064 -923 584 630 -301 1731 -876 536 395 -317 8 -307 -981 262 84 746 595 750 -144 783 -335 -404 -254 -300 524 -82 -466 179 -43 -748 423 -357 -143 956 -329 102 422 202 825 -99 12 499 -265 -396 973 289 -620 686 -1480 425 -131 -411 840 -141 993 -1248 528 807 -121 ]
[-329 314 514 -1074 16 183 444 -4 -148 45 -913 64 396 -627 -3 -308 932 -559 614 -180 -285 948 197 -264 130 111 2201 -142 -138 -267 -785 -222 -343 -200 317 -408 -345 -186 -771 376 -991 469 136 -190 -354 -311 -823 -324 450 -13 664 -262 -250 -371 333 584 765 -917 553 29 -295 559 -317 -789 115 -76 511 676 305 -132 -257 -155 -963 -738 -450 -425 668 -37 238 99 -101 919 149 25 276 -21 -673 -949 643 199 -37 109 -454 528 4 -302 261 788 889 -365 -232 -302 -55 758 -979 1610 990 142 269 597 -199 201 -418 -502 -1005 211 850 92 -1118 -317 -1628 309 150 232 351 767 -1311 -45 -1098 479 ]
[1002 -252 -1171 178 -512 -123 -41 -267 263 -308 548 -337 610 -619 123 545 -572 -295 -540 1055 -516 -1391 -393 -68 115 -644 -1170 -414 -377 34 150 49 283 -366 -260 781 16 419 1875 -66 239 1446 -228 -762 595 114 205 -1014 277 -61 989 -1075 233 -292 -251 -281 -68 211 -1103 1179 325 -765 -635 -40 92 -1474 1422 20 32 443 -156 -223 -27 -971 -837 -159 231 1638 -283 217 67 979 -394 -436 377 -566 -32 -378 -1062 467 -660 1026 720 374 334 -797 780 887 -1188 1333 470 -112 -1196 544 -350 -968 -836 434 127 -482 -51 -794 333 -49 -192 575 -380 -315 402 1231 2461 291 101 -192 1026 -37 -543 40 129 80 ]
[-385 -896 -325 932 730 -602 876 -212 267 465 -653 657 45 -244 828 -977 -111 -251 8 -1282 -551 -517 -910 356 306 328 1314 435 -262 731 -910 -1254 243 -115 -1031 -282 645 -559 390 -471 -549 418 618 -577 228 -1758 782 34 763 306 818 -401 688 -398 -777 533 -426 -152 -446 -472 -556 -711 203 -1256 -461 228 47 -782 1066 1154 -109 254 -588 -913 605 379 202 -110 316 -175 187 -455 170 -1153 176 254 -847 -5 77 66 -174 -866 615 8 1051 675 29 205 -106 424 -1342 181 329 16 -980 -132 597 433 133 -102 132 910 385 165 -506 -551 280 -359 -1658 -6 -183 25 789 223 56 433 786 616 -1387 344 ]
[819 47 -185 -542 -277 820 -274 441 466 226 -30 81 -655 143 -1060 -125 761 104 -224 -303 -156 789 -775 511 43 555 306 667 622 425 -25 -698 261 -244 1129 -910 -445 869 -381 -596 -743 -862 690 426 213 378 -752 -102 -351 712 951 732 717 360 482 -1320 -508 701 -429 -167 220 -142 288 -251 -431 286 -636 825 590 1126 -451 -260 -146 -800 -153 -88 480 453 400 -854 -518 730 -148 1040 -93 -205 -1197 164 -964 411 178 429 555 -343 -312 -762 -587 -518 -327 -1117 -37 315 -133 190 45 502 -161 -1047 1011 -409 69 1902 -94 -856 -566 -407 916 29 -479 -449 -442 -587 1312 -515 430 -480 408 -211 673 -354 ]
[-1071 163 -93 1261 -1141 320 252 198 -503 239 -477 47 580 -169 -337 663 -556 995 -316 850 -479 -1267 500 -260 96 292 930 -655 -58 558 -90 -444 -36 -151 28 727 -678 -577 -137 -552 -714 1368 -1299 -634 -269 242 438 764 123 32 886 -555 -146 108 36 760 1561 856 -232 -19 -1340 -1215 -203 1332 227 -1659 -707 -682 40 -305 -287 -1043 -735 341 -40 -248 964 -185 1648 110 184 -490 635 329 477 -320 712 -1004 -787 -1253 -598 -175 268 361 -1606 -1006 -177 728 -162 791 -1215 339 479 -1771 395 -152 -72 1125 -610 -169 -238 -263 99 341 780 167 -164 279 79 -813 618 1352 -728 396 -297 -159 -660 -1286 -245 -494 ]
[520 -785 -710 1060 539 492 93 -886 1087 629 -248 655 1580 -477 -889 1168 -868 149 -525 177 -171 13 14 621 120 370 1299 -1291 24 -1569 801 -177 -431 -640 335 575 -519 27 781 -630 -601 -694 -361 -1128 193 199 990 -1059 230 -552 -324 -1217 -325 -114 1137 -112 -78 -274 -174 -165 910 -669 -1025 -565 -1425 -754 -202 -1111 -331 -735 -449 541 1021 -205 -595 244 356 804 -279 811 -435 -565 871 -1223 520 -389 -229 521 -258 117 -791 639 322 108 648 -1037 488 655 -497 918 410 701 1058 609 -709 62 -252 409 519 -14 -1302 -854 -731 1556 -463 879 -131 -132 31 1302 1611 870 -254 151 128 139 -434 -832 -173 24 ]
[-254 703 217 -158 -326 -320 -374 -67 -911 1134 -712 941 -619 -252 -975 -694 518 1353 1455 -506 -189 1071 134 -483 41 -698 1251 353 712 -100 -358 280 539 -404 -194 -551 875 319 -642 -779 -680 738 -3 569 -912 -183 480 -171 1187 96 549 -555 -604 982 -770 -552 41 52 -1010 -118 -608 645 -26 308 508 1112 -551 -294 243 -792 -680 -431 -140 -13 404 -277 384 -73 1126 -1504 105 -902 403 175 283 -148 4 -142 1305 -485 109 435 1180 16 -1126 119 285 -687 443 -177 572 -509 192 153 -8 430 403 -664 209 -419 -944 679 -247 -59 124 -374 1240 -247 -52 -1351 -1495 -358 879 733 698 515 39 -536 -1074 -652 ]
[-186 -1486 -1373 290 855 1167 18 -470 -322 337 -396 694 19 439 -458 1563 472 252 32 951 1387 159 -859 1189 195 733 -312 -480 -169 -398 -673 -485 818 -57 765 -602 -870 117 1238 607 -518 -285 47 -309 362 216 -102 266 -106 546 604 906 506 -528 895 -1338 613 -49 430 219 -331 -639 1169 -320 110 -297 -593 129 -99 1005 -1128 -726 322 -541 -721 316 642 1228 498 813 353 772 782 411 891 -310 -567 57 -875 -312 -359 1060 563 175 -756 -642 -1036 -716 66 258 324 409 1570 -916 606 -126 -270 -983 894 482 -438 -9 947 -897 347 -1003 115 664 -400 -513 -191 293 655 843 -1105 297 265 -53 210 -332 ]
[-459 282 559 -688 175 -516 -745 -731 -602 -61 183 -507 621 -330 355 -482 591 -210 -459 42 -290 -790 -264 -395 -440 976 676 -22 -839 63 -1032 1268 -356 -636 -289 649 20 -767 53 -404 940 879 -1306 -97 -591 -1217 -1165 935 -347 -411 1145 296 398 71 -124 733 841 -1270 410 -373 -796 1525 -766 -669 495 -45 -182 963 -386 14 191 -918 -629 -798 459 392 583 -330 495 100 -301 -459 -1327 -657 -245 299 201 -380 1195 -530 102 -37 310 77 303 845 1203 495 -432 759 260 -731 221 618 -195 -192 469 354 -428 936 503 8 69 -514 566 -763 -83 -5 707 -826 17 379 -362 691 -422 -241 -1016 84 -272 -350 ]
[-845 433 575 429 -34 -218 174 -727 -154 599 284 104 -191 119 -321 738 23 523 107 -43 309 -149 59 -92 49 -197 717 -660 165 1122 217 -4 294 403 -967 -39 369 8 -535 -216 708 1075 -1203 -605 -850 402 515 242 668 -987 653 -75 657 533 41 650 -231 750 -218 289 785 -513 -158 1983 333 -301 637 -325 -1235 -259 309 -1126 -824 -437 -297 457 -176 -313 547 -500 -575 -1143 734 -225 120 1068 737 -537 -35 -983 -431 -316 515 -439 -333 -1063 181 484 -189 -618 -34 -772 1065 -291 -260 488 -1039 -57 -106 -343 349 357 -341 -1 900 443 -764 206 -166 146 140 264 1117 -490 1395 87 -698 144 -1012 763 ]
[-306 -1140 170 908 32 2 626 -458 -250 485 -371 187 454 427 435 331 387 400 68 -173 52 -524 -372 1040 41 352 359 118 -1155 337 -327 -1468 275 -448 -1156 -371 1195 374 -60 778 905 -462 1265 486 683 200 577 139 -142 630 -756 -101 -80 44 -201 217 874 -168 -159 125 -532 -627 461 79 522 -284 -789 -906 -64 -389 8 -29 -28 437 -306 -159 -791 -1397 -884 1139 146 171 1500 720 533 243 9 -131 49 -1444 -574 -226 595 300 129 499 -105 768 579 254 -291 903 671 -531 -996 -602 -158 565 -572 319 -634 -970 976 -493 906 -137 -1343 -1385 226 345 1715 25 -981 284 -601 -50 393 354 -600 890 ]
[174 -55 -354 906 217 -202 -220 247 361 -731 -280 -384 -346 -231 -1121 -155 106 21 -682 -694 202 544 259 -185 34 209 -85 227 383 761 -209 -1672 -631 -32 -488 -400 -1252 659 -531 -397 -39 -253 -710 261 920 1220 -491 383 -71 -169 42 283 -156 18 245 -493 207 -144 -85 -220 -678 -305 -463 186 -1130 -829 92 -259 -793 1580 -813 883 1275 118 300 -823 -500 323 -1106 -165 -102 772 558 786 137 -214 -159 400 -1290 1202 659 -699 -665 -246 -63 -995 -556 469 -8 -428 -127 1644 403 -496 364 -623 173 1000 -441 94 -209 -266 1045 69 161 128 -949 866 978 1041 326 526 -97 -1328 344 -1051 -327 127 193 -494 ]
[276 1172 371 133 -897 -1 213 224 713 -1488 160 104 -622 -503 -124 137 950 -369 -308 -1063 471 644 -230 23 -471 -80 -8 -136 250 388 -335 1601 -181 557 -81 497 -764 -63 -1659 -381 357 -83 -662 109 590 704 -753 858 345 -1160 -179 28 -430 1351 143 -636 -81 -702 -262 465 -1083 -470 -665 101 -760 737 -1 1007 -640 76 777 549 -169 -259 367 -759 -592 345 -667 -1468 817 -196 -470 -231 -242 -99 -285 487 -147 143 638 -573 532 115 -505 121 150 461 -398 129 670 -53 -591 297 8 71 368 -295 -460 -510 278 -602 -1686 623 63 391 387 987 255 379 2 -1215 -603 -262 842 -902 -47 -47 31 -124 ]
[-149 954 956 330 131 4 379 717 -703 -186 -630 -681 -409 595 -168 -544 208 -707 -393 -138 372 535 -37 -389 -10 -747 232 601 71 435 -553 -540 -626 -688 -278 -301 606 245 -137 -780 -283 139 -18 1518 399 -425 -1211 954 1380 218 735 172 242 -1165 614 -612 23 3 -138 214 -751 91 -114 -61 -409 88 -206 814 103 377 -82 -499 -457 -176 642 -576 -875 -302 820 117 1174 -306 -99 290 -573 865 -1320 22 734 -256 -444 -903 646 59 571 649 999 35 38 -87 747 11 17 -612 268 -319 870 307 -453 9 1207 124 431 -207 955 107 396 -331 -319 62 -207 -667 230 -542 773 -693 805 -421 -245 1 ]
[-940 231 583 -348 -237 -439 335 452 295 -628 715 -915 697 -273 134 -28 282 -1046 804 301 1209 -623 -436 264 -407 115 -1211 -518 -463 -136 -320 653 237 -451 -451 657 -168 76 -967 1068 629 443 850 -173 230 -109 -1117 309 -564 -1126 -532 69 -332 -464 656 402 770 244 304 75 -752 730 365 1166 -686 -883 -201 638 -1541 -682 -11 -90 -192 -322 148 812 -115 1045 -193 806 -450 291 -582 296 449 862 507 -266 215 632 587 -297 -861 182 -376 766 -222 582 -72 -685 433 -115 397 1505 163 263 -911 196 105 498 -165 -704 -383 -379 -101 276 228 -891 482 0 -76 969 -330 497 -485 -127 -261 410 551 544 ]
[1147 -1129 -457 16 1605 922 1010 -38 -999 744 -807 -227 450 -458 -218 98 729 -197 -559 -887 -321 -268 686 386 165 -1158 969 39 -280 -590 1150 410 -612 -494 722 -1106 -183 60 -556 236 28 -137 -923 -330 386 15 665 -351 -421 -235 214 -511 158 419 1235 889 286 347 1119 -804 881 486 -442 1164 600 -83 264 -30 849 854 -502 -1382 318 -623 129 401 -585 -1085 237 251 355 -573 95 -366 360 -1003 -70 1392 -554 -669 -109 -514 408 -403 325 149 392 822 594 346 19 -3 -187 -418 -289 670 -941 192 541 217 172 -187 -440 708 271 -440 -1061 -216 636 -849 792 -505 92 310 302 194 -1024 -560 47 -323 ]
[-348 -1479 512 -104 129 649 6 -78 -375 -318 -53 -558 106 -487 -1115 93 -26 -743 -651 -28 1167 733 -186 -283 -575 -444 -636 182 898 -158 396 207 -245 381 -509 125 243 4 -953 828 1426 587 -248 -504 -302 260 -741 18 -1120 -988 113 -172 -686 -543 300 259 -217 372 211 -747 680 1626 -121 675 575 451 -497 853 -354 -320 678 -227 -283 -571 -172 -48 -904 -371 -17 -332 -150 -432 -568 -1633 360 325 -250 1725 187 1094 484 -41 -811 -863 -350 645 319 855 -544 -196 5 328 317 -40 -186 36 -895 467 338 468 510 571 -572 683 169 100 1051 -646 758 -260 -66 145 -684 83 127 -251 -445 158 1214 -764 ]
[284 -2 372 -920 -646 864 -1150 -183 -646 -392 -17 389 14 -1313 -257 -781 150 -182 -690 417 335 199 503 -264 -532 -25 280 -1837 236 525 -742 984 783 699 -279 -145 644 359 -688 -824 -96 -810 154 -891 -1534 601 -814 -230 393 -197 -131 349 214 -19 360 -392 614 -102 1458 424 392 572 -288 -186 527 307 -378 477 326 -447 -176 -429 -944 192 -268 -351 413 -137 763 -8 -881 -173 -1521 -699 -40 111 215 -930 -884 420 133 123 -565 33 -667 -5 -545 -771 -33 12 1360 -40 -653 -388 734 -391 182 -270 106 55 150 -691 -963 64 -422 427 372 -139 790 -346 -291 -889 -713 12 -224 -1034 -436 -304 1844 -423 ]
[-1105 -902 369 -626 -55 -141 -199 -139 -192 15 928 611 584 -1035 -575 -1097 -72 -251 -205 -6 144 -905 -133 -34 -611 -552 77 -313 1272 -900 -212 352 194 134 -878 -321 734 39 -675 -290 634 214 697 -276 -624 -589 -931 483 1019 -617 -322 -435 134 67 -645 1150 -297 -954 66 582 -667 425 -277 -637 528 36 353 -229 -1453 -420 -503 501 -881 856 629 320 -116 25 -1457 739 -378 101 -729 -537 100 604 440 -206 141 348 -367 -1042 -221 225 -98 -136 -747 360 -484 -126 -135 -440 569 329 1118 -738 329 468 -695 1019 1196 214 326 -329 -188 -422 125 253 -993 1045 46 -115 581 -256 193 -132 505 1498 239 -344 ]
[-199 -56 692 31 -120 -93 -891 -148 -390 673 395 1054 1016 -2049 369 -1154 -189 157 -773 960 -393 -593 -862 673 676 -279 65 -226 165 291 -883 -292 1264 328 -335 -62 1288 587 -689 -625 -662 398 733 9 -224 63 -785 -234 159 316 222 89 -223 -127 -729 989 787 -583 5 -459 -1153 700 -527 -433 792 816 -735 296 -889 -713 -881 -449 -464 -224 -387 58 -1035 145 66 -295 18 -560 -1089 -1835 623 -616 964 -552 -993 -637 296 -488 -366 45 27 672 96 274 655 223 -280 -68 104 268 785 -292 127 1223 -872 -61 -519 -34 261 152 -826 -469 166 -964 1656 443 994 -97 1200 -468 -732 -372 -630 1077 1508 -943 ]
[-629 -1304 197 -167 19 -746 -425 1263 -5 -568 413 737 -256 811 159 843 -421 -371 411 -552 832 -113 -1899 1159 -1149 -418 -580 719 -160 -40 -341 1202 555 431 -457 -720 -627 163 279 1144 173 113 762 286 -135 -1252 -678 -671 -684 115 -234 941 73 1222 -896 -681 -274 -67 677 -806 -942 -70 2149 -1492 -662 139 -882 -95 -511 -315 9 1309 166 290 494 253 1868 -306 444 312 -103 -1249 11 -167 -410 207 -6 819 1952 -481 587 -154 -26 -196 -170 479 -561 85 -388 -241 -227 -491 234 417 724 156 539 -234 387 875 1264 428 -149 802 107 439 -43 513 -2184 -197 -1465 553 -607 809 -934 -223 679 623 -278 686 ]
[150 515 498 246 88 -160 670 -423 244 -449 617 118 -490 827 284 -126 383 470 198 -602 -1735 191 856 73 94 874 514 894 67 1280 -154 -338 -1259 -1010 744 -209 -298 -152 783 277 471 -244 -508 -9 -482 -795 1601 855 -405 -349 158 -1008 693 322 414 -128 -256 221 -12 -883 688 335 763 813 -739 -763 16 -15 603 440 602 -506 -195 -1041 -612 -7 895 -1373 130 -192 -1607 -87 1055 1192 -187 1308 -14 349 250 201 -11 -912 430 79 642 -499 -26 146 -1020 -246 -741 -394 -1269 994 -1465 1436 -786 -883 951 -285 382 359 380 265 461 484 -141 70 -714 -573 523 264 -43 -67 1284 740 466 -1008 -84 427 ]
[-298 26 -53 947 -521 -3 -562 -554 1232 159 1054 439 1235 -30 431 106 -1822 -506 754 584 944 594 -708 -326 838 418 831 -199 -629 264 -479 300 -344 501 -1206 495 -469 -4 924 1124 176 793 222 -204 19 878 -169 -126 -51 -1016 151 -640 51 -571 860 -626 -153 137 159 -432 -45 169 -340 -24 -130 -254 202 -151 -1204 5 -68 342 -10 -154 -393 -417 339 -41 440 609 -17 74 217 -2002 510 250 -911 314 62 1146 410 790 -999 437 101 42 74 1191 -169 185 -286 371 1622 321 -463 105 -88 1321 -731 -347 -111 -434 253 -486 -273 -73 354 -132 -583 193 -689 360 814 153 394 452 -40 -72 -1097 1236 ]
[112 -468 153 725 88 281 1047 -89 168 -335 -33 -327 415 649 408 149 330 -370 -411 -918 -537 717 115 120 -440 388 432 608 -823 -169 699 453 -1178 -544 348 268 -1074 -1624 516 1295 349 -383 137 -249 623 184 597 553 -569 -808 28 158 689 355 340 349 -550 -922 863 -231 621 1586 10 247 -452 526 -269 479 649 257 641 78 -1054 -1348 -489 -444 222 8 125 970 -296 668 996 242 755 709 -580 454 477 938 -226 -278 107 397 969 -539 298 928 -548 1190 -721 680 -657 817 -807 1644 -685 -517 -816 -283 -62 -658 297 -119 248 578 -145 271 -1268 307 -1065 -624 -1642 -844 340 -152 -277 -207 -780 120 ]
[501 -406 -434 616 770 -380 -415 -553 354 1288 294 688 -217 -368 -4 637 -669 383 -30 639 -457 -940 219 -509 808 -129 -1126 -504 -115 300 538 278 1118 434 1051 267 -136 824 122 -410 338 -602 -249 419 1229 -158 301 -644 -83 -59 -595 -223 669 -583 -698 -857 -475 255 -1212 487 88 -783 -406 1184 470 9 522 64 -501 1259 -418 -846 854 0 -485 611 747 1191 -468 158 -672 588 286 857 396 -352 167 -156 -1254 -252 -1010 75 -515 -294 -80 -1650 -960 -1085 425 -500 443 -516 -137 337 -1274 76 -585 122 819 865 -1488 564 571 67 -762 -1184 -519 107 1024 125 891 1012 1414 -559 -762 -560 84 436 616 165 ]
[-1034 1339 1140 77 -396 163 -516 -44 -523 -542 -441 -592 342 -422 695 -190 -1082 -456 -572 723 -60 403 1415 -398 141 309 -50 -1775 950 -33 237 -242 384 846 360 -991 689 -907 -517 420 -262 26 -1028 -710 -332 81 643 982 -104 -362 -1249 -322 83 -187 690 1062 987 -165 228 -645 -125 -421 -1142 1170 1746 18 170 1041 -115 -1030 512 -560 -530 1807 22 8 -814 -573 491 629 163 -448 -496 -1456 -230 -353 848 236 -462 126 -231 384 -1192 -911 -4 -323 849 753 322 -1094 -80 -15 -313 -376 -126 -122 678 1166 -453 477 -9 -505 -25 406 58 -24 53 -498 1859 633 -256 907 -1113 -1169 -30 304 -793 -749 1764 -318 ]
[-832 413 -263 -876 -46 -612 -64 -631 -448 266 -1053 -438 341 -154 789 519 1594 303 658 -317 -384 67 -480 -341 -510 -91 670 -536 205 473 -377 -593 796 -436 -419 -1119 -136 693 -195 -499 333 -625 242 -296 -442 108 34 -421 485 88 60 -434 -463 344 241 1038 -103 -1297 -254 397 1325 -820 -1229 -1108 309 660 600 -973 418 387 -414 -162 -331 847 536 -28 -124 -269 1837 -688 -234 -856 -52 -275 -538 -429 323 166 509 -1448 -438 -286 402 436 -591 224 452 -654 608 -1138 375 -81 390 12 338 -353 1124 -563 116 316 133 -406 -538 -47 -257 -801 -77 455 210 -91 -364 -212 249 -64 78 -383 -693 605 153 -50 ]
[1359 776 85 95 -976 151 -398 1127 -187 -536 741 248 -779 1046 687 -663 -324 382 -16 -679 -58 874 1403 -581 -193 456 372 374 -621 -141 750 184 -1079 345 -31 -624 -82 480 -12 -924 -889 -914 -247 748 134 896 704 424 -265 1081 549 -841 -241 858 1787 -478 45 382 1259 -393 -880 445 -24 337 -201 -915 -164 -230 720 -375 -660 376 730 866 481 -307 472 -762 -913 -411 275 106 422 1823 -627 -58 -388 -414 -457 85 763 -584 510 386 172 164 241 -395 -686 -70 336 60 -1049 -50 -75 -712 277 229 -376 -860 -198 -528 226 115 -197 470 -169 119 -1042 -334 -132 -512 -986 -211 -329 -1588 792 -351 -432 635 ]
[142 831 236 240 490 -633 773 256 -1075 892 -339 466 -644 368 -552 -382 -1052 -229 -1041 248 165 195 27 876 24 -590 -15 815 -979 -28 -29 -1444 173 324 -93 -508 -294 -546 -280 304 -213 781 -355 1221 753 -701 324 -235 477 1153 -87 855 -437 -588 65 184 206 878 817 -216 -449 400 733 554 -601 -221 -97 1051 797 602 172 -744 -1543 -1661 -871 -1015 124 -979 -719 720 -208 29 -125 1248 421 429 209 165 -289 -254 772 -824 -33 -614 441 646 -116 -357 -33 -156 -1066 -940 238 -266 32 901 -374 -229 637 315 -676 741 558 72 -168 667 -203 78 -70 -202 -994 255 -1045 -446 162 298 121 -193 -264 507 ]
[566 2285 197 -1020 295 467 -500 -735 555 199 152 -800 -436 259 287 -665 453 152 -547 737 -1254 1374 -408 -269 326 -696 158 184 960 -416 16 1754 121 -304 818 679 255 -269 496 1535 -1296 511 -559 389 -835 8 446 -1151 849 828 430 59 -178 -666 221 -306 -470 -977 -866 36 286 471 -952 -774 641 712 288 -36 -158 190 464 -143 -332 -317 560 -1114 -946 128 1006 -471 376 106 -853 572 -215 -795 -286 568 -701 1318 591 1116 -380 449 1257 318 143 -1032 -74 274 426 -856 -912 589 700 231 -750 -1009 1106 -992 211 910 -790 -230 -778 -683 172 433 1174 -657 -1942 471 685 113 992 426 -12 -373 648 743 ]
[-380 795 171 -574 600 -804 -138 -579 160 526 152 322 -911 -514 -212 -542 746 808 -508 297 -330 -24 -48 -581 -207 40 471 -102 59 783 -286 -454 983 -238 820 431 -11 173 -113 -497 -539 121 -62 957 964 -710 362 199 826 818 123 -308 347 -275 238 -1006 -86 -736 -980 -24 194 -959 -1232 205 -718 85 -145 859 386 1150 -552 -35 317 195 402 -758 -596 1143 1436 46 -788 454 -571 575 73 -594 158 -137 -1215 27 266 -15 542 -322 281 -15 -341 -1116 -96 507 -205 -503 -159 -718 693 -138 -211 -807 1187 633 292 849 111 780 -918 -1393 -327 433 1043 -79 100 -580 668 -544 176 -1076 892 -574 415 -189 ]
[278 -1237 350 77 -224 -589 -119 148 -906 319 -962 597 7 576 -606 1202 -481 68 -311 706 -27 626 452 600 566 -91 124 1042 -333 -595 336 -1995 -159 1124 80 -981 780 117 1098 841 90 232 -478 -680 -1120 -372 10 -898 15 -227 -662 -480 116 575 -404 1208 -596 -49 525 -7 1220 429 1150 -187 1530 770 220 -1385 358 -1391 253 -234 -39 648 -444 454 41 -1185 57 186 -655 -1533 904 -746 -592 528 414 1437 627 -742 -461 -71 1437 -570 -108 -1031 249 -311 279 -640 329 925 818 -470 -295 624 277 592 -241 -194 153 -681 838 -65 -34 126 413 -802 -271 285 -217 263 -77 251 -239 1315 -174 957 438 223 ]
[270 -123 50 -733 -855 -50 467 305 974 269 36 395 -143 58 66 -491 481 341 286 -163 -68 212 -838 -474 -1097 -783 1936 -249 -16 -526 71 724 -334 560 -526 310 749 736 313 -1444 -787 80 288 39 -391 -527 -285 -18 1377 -238 365 -40 -637 817 321 37 -842 34 37 33 -486 -24 -370 -317 -1272 -124 719 -125 -288 -940 -32 881 61 310 -87 229 521 670 1251 -956 -459 0 200 262 46 -85 118 -547 920 89 521 -423 563 928 -351 -40 -916 -141 277 656 -113 -818 393 -297 709 -573 8 -683 -665 -568 385 -60 -1136 434 -541 -436 1001 460 -1376 -2 -638 -1709 667 -101 689 -311 385 225 -1208 368 ]
[-490 392 787 22 -279 785 182 67 880 392 333 -340 -291 552 545 -1028 -1042 -516 659 -816 769 611 1011 -337 259 471 -67 -287 -109 -691 158 388 -569 1358 740 921 -1653 40 274 -237 -234 -1327 561 4 -287 1 -60 -227 -811 380 471 -4 582 63 1238 216 -1617 -569 534 -324 105 -273 985 -624 -767 290 -727 -671 657 -346 -80 1517 429 -1333 -255 613 -120 437 -616 -357 -167 -139 -1116 -307 290 -323 -115 1721 -407 1634 333 509 -809 251 347 184 175 -60 -1270 850 -951 1186 -508 229 -636 -551 685 -132 -130 70 1368 -162 -710 1402 276 -18 76 266 298 606 -113 -805 -460 -2106 -334 272 1559 293 506 -14 ]
[272 -339 -881 -717 882 -4 1362 852 -278 -193 -610 567 569 -419 -994 85 359 -765 -143 215 6 -354 7 -837 -952 -1919 1030 440 -351 87 89 -503 -310 -703 -663 -859 805 -59 -555 825 -845 1600 246 -408 31 -660 -576 -596 769 139 -662 -1478 154 -227 -881 379 877 330 913 858 -451 -343 347 126 -404 -1357 1473 601 -781 456 -328 -589 784 -236 -253 -948 -212 -981 -277 539 472 762 564 705 -437 -463 99 -512 74 1018 762 -622 63 -794 166 -1056 -204 736 1378 -575 185 -439 588 -134 634 535 562 31 1130 598 58 111 297 5 -1037 1231 -932 -883 -176 297 361 632 -257 204 1051 195 -1624 -1339 -733 320 ]
[-861 -453 -220 -170 838 234 116 -935 -443 475 -1288 -205 886 -888 463 -458 1128 674 7 386 248 -388 1214 911 834 329 89 115 37 -247 -804 -772 685 -526 997 429 -401 -149 -1014 -543 792 -475 -484 1024 1129 -987 -679 582 635 458 -161 582 1017 -308 938 507 646 -863 429 451 -573 -949 -305 -456 -232 -497 -440 -20 -802 472 -1797 -11 -37 -925 129 -654 -456 201 280 -196 -992 -119 -301 904 457 -685 1091 -219 -606 97 -1258 -1272 -825 432 -815 -252 -1145 -125 70 -532 419 -89 1854 38 164 -434 -113 15 -348 882 31 -46 478 797 375 -621 -600 -296 630 1219 58 841 652 541 -762 -177 654 -278 279 -543 ]
[444 640 -147 476 443 -259 319 238 1080 -167 1133 -1158 -236 812 106 -120 -409 -111 1109 642 -817 -544 -474 -489 -25 293 -10 288 -149 39 103 77 -383 -611 173 184 -1618 947 814 -57 -312 -394 145 194 573 275 447 439 -346 -512 405 -1081 462 -217 1212 -791 -468 -515 -1134 19 -894 -1339 -1658 793 -714 -892 409 656 -194 520 -167 425 -172 503 401 -466 75 659 35 -86 850 816 41 73 -284 -644 -1039 181 -15 1213 -400 -62 112 481 -159 -405 953 203 -626 54 -51 -148 -830 754 -114 -536 297 925 437 45 318 397 218 417 9 -632 119 -186 102 61 911 -184 291 -174 876 -426 535 -209 245 -60 ]
[-835 433 588 -277 -967 -968 364 781 -141 364 298 1031 212 -319 1454 -109 -200 -796 792 -181 444 -186 -700 -243 -206 -427 -318 -738 -586 146 -926 -366 19 489 45 -739 83 502 174 887 -634 388 -20 4 418 3 -93 -873 726 326 -978 -112 -343 -47 -490 267 145 339 299 37 232 -790 973 110 -15 391 893 72 -592 -973 -328 257 -406 1687 -450 314 1005 53 1105 1004 423 -1183 -110 -68 -1498 49 195 -1090 782 -571 1179 122 -17 -338 -427 306 64 -1110 468 5 -597 -380 -709 -957 435 -873 510 279 852 1038 296 -54 118 1017 -1311 -501 108 134 -212 -552 -227 185 109 -246 -375 108 -373 386 970 606 ]
[669 -438 210 319 940 -560 -112 -36 -491 1017 -158 -27 -181 424 -39 203 15 531 -860 780 -24 537 141 2 340 -762 -280 361 1313 -471 33 494 530 -332 414 -1220 438 -177 27 860 656 349 -359 967 324 574 -47 160 63 290 -84 856 256 204 -292 -333 -650 -402 -1580 595 555 854 -914 990 528 1356 239 657 595 996 -386 -308 -171 -666 -472 -286 -1380 -834 20 764 1207 -24 52 555 -154 430 -163 464 131 66 -63 346 198 76 90 -540 186 -727 753 17 415 -1792 -155 -10 960 204 -1428 -79 491 155 137 1059 -273 -421 245 -1143 -569 272 -279 -305 -1015 -26 446 -459 991 -125 118 559 -141 173 ]
[-318 349 523 -204 168 11 112 1147 1578 136 751 -40 -642 442 -929 -1041 14 85 204 719 -206 -136 -1588 -860 -630 -461 45 420 1199 -1049 -113 42 -677 -489 -1292 160 1016 -200 -409 509 -132 -113 -64 -159 -1082 63 -239 -432 733 -552 -456 324 -581 -634 -378 -607 59 -1153 -85 -1283 -566 1461 -1033 303 -499 1688 8 805 -612 165 402 -799 280 1504 517 188 -418 362 -1160 610 669 -39 234 -14 -566 847 880 425 -126 1161 1094 -651 -430 -789 1510 1138 -203 279 60 -344 -380 584 -241 -626 1937 -49 -200 -352 589 116 461 1403 -186 281 -495 -277 -37 -589 313 -1339 107 -916 487 -463 251 -510 -659 485 273 202 ]
[587 89 -15 -767 453 1175 -305 -282 760 -240 -444 1309 -130 -888 -506 862 704 -90 -551 577 -19 330 347 807 1194 -919 630 -86 350 -707 -19 689 277 -11 1266 -408 944 67 -359 1268 -829 92 -401 742 1127 847 222 -125 343 367 -532 -694 -105 -299 -277 -288 524 -1042 -131 548 110 263 -13 448 924 -196 -877 -146 -165 1186 -3 -256 1830 -125 175 -1165 -112 110 -754 552 877 489 1045 987 -382 -902 -507 -244 -1307 281 643 949 733 -400 -372 -425 -336 -455 852 715 1203 556 -221 -638 -714 166 -30 -605 1887 -23 -252 -753 -127 -470 -278 -85 -577 128 560 -182 -47 -218 -186 414 -247 24 -459 -575 125 947 ]
[-531 -415 -651 -552 -668 -1082 -311 -590 620 -324 595 -26 450 -234 -253 106 -303 297 528 -77 116 -756 -697 112 -621 -214 -519 381 -818 -385 -955 -706 20 492 -825 74 322 -368 162 -507 84 445 569 -1446 -1215 -1263 825 -1387 -272 -153 -415 547 -793 -152 -997 1066 -925 462 923 103 207 248 755 454 933 1172 1261 -1021 224 -469 186 -762 -410 550 -228 1555 731 21 -937 696 -368 -669 651 -510 141 372 2277 -336 -766 -608 -403 -446 356 -813 1081 466 21 268 346 -737 -837 26 -426 208 436 1120 324 344 -565 -398 -154 -257 -80 -793 -728 791 -572 -7 -415 -106 263 631 167 281 -377 1561 -1130 1717 389 -17 ]
[-319 544 1736 -114 -692 -891 1059 635 559 224 -125 82 -80 4 158 -642 903 -387 135 255 -283 -682 -1101 1152 319 -579 852 -653 733 -406 -494 1795 -322 283 218 -56 266 23 -614 -21 11 212 452 576 -459 -199 -667 532 -480 -1072 -145 170 -105 403 129 -62 -170 -1369 -351 283 -1468 622 -1388 597 -93 1749 208 1171 -6 -179 229 561 -324 786 -661 -249 -1028 952 -73 482 1297 -103 -761 -515 -924 199 -89 368 496 -570 971 359 680 -665 497 744 1189 -370 1001 -589 -47 -937 -696 814 -113 488 322 -180 401 174 39 818 -473 183 -437 -1065 435 501 389 -104 -355 -793 113 -1370 228 149 789 791 1258 168 ]
[898 207 -661 -1256 810 209 -299 -608 66 -1068 -523 212 245 -1318 -893 -403 437 -73 -1013 0 5 770 2374 -430 450 -128 -319 131 657 -330 220 -571 -356 -1300 78 -161 906 -164 -12 -48 -158 -105 438 -302 326 1183 220 426 -72 426 -393 -819 -348 -160 -78 841 -104 -586 -157 897 1025 208 -861 -664 331 -1446 233 -538 -505 672 -169 345 996 -320 78 -1190 -749 342 -1919 1089 -769 1107 532 641 356 -989 31 -945 -1116 1254 4 -528 34 1034 374 -797 -455 -767 -491 49 1064 1104 46 1001 -486 546 -119 -459 -420 -119 -371 -1153 684 -1478 -658 501 -689 -276 653 1941 935 538 -78 -335 -230 88 -397 -246 -726 128 ]
[-693 207 122 1075 283 60 1436 224 -108 577 449 477 -191 895 468 -202 177 288 -838 207 301 500 -421 926 -650 298 -989 737 -613 -593 1277 289 -196 -6 436 433 -371 -1674 346 1420 -424 33 -560 3 367 -1423 604 -132 -40 -429 -644 312 257 -139 -376 389 372 -63 924 -859 -144 796 725 365 -431 228 -816 -227 -932 -644 189 -418 -287 -765 -205 169 -228 -599 551 106 -1189 -395 558 480 143 998 671 715 654 652 177 -179 -1161 -789 1186 -562 -1109 710 -227 -254 -350 -101 103 -78 434 -17 -1060 -723 16 -196 314 1337 247 751 189 -46 -411 -164 317 42 -1445 622 120 -563 -1133 314 -571 -37 494 -411 ]
[-553 1196 330 755 -553 579 -146 386 -445 808 -51 -1496 -184 -116 169 -230 -472 -550 60 377 -147 -402 214 -412 -48 -382 -702 -185 -36 -1067 746 -183 -1078 -520 -181 209 487 703 -141 -204 111 -322 -100 -4 -76 485 -191 -498 318 -669 -180 -942 -1265 -660 290 644 1586 760 942 467 -868 1153 -923 419 912 -218 -355 256 247 -572 723 -1477 -657 283 -176 290 862 617 344 418 -353 -1 -1043 -390 598 -505 12 -545 1691 -1050 -518 -274 -156 166 572 359 1478 1079 -142 92 362 -281 -202 28 159 -1133 -140 89 -873 508 -991 -837 520 -756 68 1137 1144 -515 -17 -694 -406 -529 -301 1040 -97 -383 -1467 -408 -435 -180 ]
[-812 1462 1821 187 -41 -314 1069 90 188 -899 -191 -735 -898 297 465 -256 690 -211 -380 -365 244 -336 533 818 -423 794 -229 -615 367 512 -453 -164 484 414 79 1365 -1318 -547 -797 -392 420 -494 -238 -217 -25 -465 -378 1083 -263 259 -84 1049 312 -626 84 522 832 -199 419 -259 -914 99 786 70 -418 -499 -948 347 -279 -379 452 309 -1138 -778 -479 -155 -303 222 436 -98 -1336 216 184 1031 414 858 612 -914 -14 495 337 -1085 -917 536 -107 1187 -503 543 -596 -101 -1050 31 -96 469 -541 495 642 -1011 -609 -138 286 -331 4 873 795 287 228 364 468 11 -205 593 150 -361 -185 356 481 127 125 173 ]
[-650 560 -476 -345 734 717 378 -311 177 820 -794 204 761 913 -323 715 -784 195 810 1102 -586 38 -416 1068 1337 -586 1526 42 -634 -791 -540 -1461 -503 385 789 -161 19 -948 414 626 -1067 554 -605 -593 -686 -1197 755 -108 684 49 306 -400 -442 -1147 212 671 885 -209 181 -994 -362 -410 276 -35 -558 733 -448 -771 8 422 -547 -1343 -725 -1344 -834 22 779 73 -545 1396 141 -573 278 -1063 375 -206 -592 900 -194 -411 -303 615 -60 222 619 -597 783 375 245 -65 133 -333 757 -49 -1025 290 -65 329 263 -95 -847 369 -661 78 30 613 -497 -87 -181 -489 -1015 1461 -442 -607 304 2492 -475 -369 -627 -459 ]
[-794 388 688 -43 -882 -2040 1258 179 38 276 -966 350 39 -237 -185 589 -147 558 1712 -819 -48 758 368 -111 -33 51 697 -579 779 327 -440 435 853 350 -164 346 278 -279 -1028 481 -159 119 61 317 -234 821 289 333 -363 -273 -139 308 157 1002 -449 -188 -959 -1279 -981 67 22 -421 449 -263 -1294 734 -461 -532 33 -1016 82 1447 -36 -23 178 43 -745 661 -82 -270 -239 -517 394 253 130 132 203 -263 574 -66 1461 68 256 -66 -676 -336 113 -482 963 -341 -97 -280 -458 146 416 598 572 -495 778 451 -8 -550 -615 1132 -61 39 -237 815 -70 203 -144 -209 -458 -250 391 321 226 301 -607 532 ]
[-218 -78 3 -886 1061 1510 114 696 -711 -626 -186 -472 -26 -461 -1166 174 754 -593 -744 432 408 1031 -28 527 335 -155 1226 647 108 -686 104 -1147 -452 -231 -492 265 188 1411 341 -654 -851 -7 420 520 1050 644 -837 383 500 -328 -203 -304 590 -19 185 -25 1385 -153 502 605 -668 -937 90 -170 -237 -688 -530 999 142 -439 -490 1073 45 -57 67 -1056 -828 793 -831 237 816 638 -629 315 -329 -1296 392 -347 -675 -190 2 -40 1119 -352 43 322 314 325 379 -421 864 667 1390 343 191 -742 601 -297 80 652 -184 -718 899 185 41 623 561 -400 -247 1168 -412 -1258 315 -622 575 -425 658 -544 96 -369 ]
[-37 -259 1072 -795 -993 -1425 -1305 329 -529 209 487 521 -582 -353 -31 -306 -979 220 -99 360 623 815 249 -171 -1061 -67 -305 -292 439 61 -356 781 865 857 184 -325 1521 -743 396 726 330 665 91 480 -1468 -336 -885 -360 349 135 -185 -369 -201 963 -426 -424 -71 -836 -150 -363 -792 1154 -62 -3 895 228 -219 171 -506 -888 88 350 115 475 113 49 -114 -463 -484 472 -397 -380 -406 -1028 79 1439 -11 -231 -80 350 674 461 -451 627 615 31 -368 -272 -37 63 571 -458 -569 66 470 477 -773 147 -318 -101 1133 173 119 -951 -21 -1367 -289 328 -663 -121 -992 190 -468 -583 -78 -509 205 1025 -65 947 ]
[1358 207 -59 -297 614 324 -1695 -52 -716 69 159 311 -1017 192 -997 -276 576 439 -338 -706 39 1312 1079 -944 -304 -163 -76 934 694 -520 1093 97 32 -491 173 -262 532 1170 -41 -396 2 -581 411 -125 -351 494 -163 -532 -364 -190 -370 -192 -397 706 -730 -315 -344 899 -561 443 910 68 475 -7 -95 -267 763 377 526 -105 792 59 -33 499 94 22 841 -1033 -64 -233 -1252 -634 -853 1293 -409 104 194 39 1685 266 -168 -346 830 434 -450 -384 3 -1334 -604 -587 1360 -321 -122 826 -59 386 -125 -881 82 160 43 449 -26 -247 -573 1084 658 -440 360 472 -552 -991 439 499 294 -497 3 -489 -141 513 ]
[319 1083 810 575 -34 281 304 -1059 1286 -514 179 -248 -135 -129 257 410 63 -581 -142 729 -32 584 586 -160 1666 416 113 -1257 111 119 -60 825 -17 97 374 848 -1117 -170 229 -944 368 -373 -447 153 363 899 -1178 1301 -1584 -817 1083 316 212 -1113 1302 -313 -25 -889 -318 382 397 -709 -1830 824 384 -324 462 108 -752 899 -226 -385 645 48 267 404 -675 1407 -375 1008 499 502 -410 -714 899 -687 -101 1128 -1071 883 -196 -457 -1308 1132 113 -73 770 643 -181 -20 1067 414 1010 464 -786 -210 -148 667 -221 -622 -82 -310 -472 -404 -688 -713 -146 -375 966 837 54 -95 344 -421 -216 -157 165 636 1036 879 ]
[705 76 -1868 308 246 595 -64 157 255 -813 857 -475 404 -392 -1334 -388 -143 -434 -5 -527 158 -554 76 -963 -362 -296 365 467 -141 -488 -154 419 -206 -501 -802 1680 -535 78 396 -1484 -462 243 35 -505 233 1437 220 -830 786 -400 690 -1333 -659 -549 511 -187 3 -75 -592 1419 25 7 -1756 -94 -664 -393 470 -596 -387 840 -140 -197 297 -239 331 -183 -780 1391 -633 -458 722 704 -46 -214 -473 -789 -109 -1335 -1733 627 -132 929 794 -80 436 -818 591 -1104 -609 1003 568 -448 -516 773 1280 -149 316 -249 -698 -799 -957 -413 -508 435 -254 542 -499 775 -132 783 899 235 351 -208 596 -777 333 288 -630 -444 ]
[507 -185 -514 -689 797 1010 -742 251 -181 -851 838 594 -282 1012 -382 -532 1073 -657 -533 274 535 -95 430 -364 -233 473 319 -632 -713 666 -817 -259 -139 340 -178 113 730 636 262 96 -153 -1193 586 -354 -941 452 -566 277 -90 332 -628 685 678 -524 553 -708 -754 901 1367 -237 308 762 1264 528 -3 -173 37 379 -753 262 -190 292 83 614 -236 -411 -391 -797 699 1 -552 -477 -137 714 -66 986 -947 -85 -872 277 841 336 80 -101 138 -76 -874 -1852 -931 532 297 1145 -812 -1392 1093 455 -557 -863 497 -49 1232 -18 -691 -215 371 402 657 -113 804 -15 609 -1445 -172 -212 298 -150 996 -629 1670 -273 ]
[-224 -84 -29 197 -514 -956 -1440 -196 4 335 919 853 -26 -356 949 -561 -1052 672 -1044 -394 -365 -150 247 -99 -506 603 393 -927 231 1011 -178 -65 -306 54 -941 -299 233 881 -324 -515 257 26 -794 -722 -408 353 764 1081 327 -106 -731 -47 725 1032 361 746 349 969 -793 -494 -499 -1274 -498 721 -1194 -875 152 -351 -871 -647 -142 1209 -98 574 271 -782 527 -354 -257 230 -509 -1253 -628 515 -211 472 1429 -205 61 -110 625 -1320 484 -90 365 172 -492 -459 -710 84 -628 -473 618 573 66 -1271 -1033 5 -436 65 -120 -381 399 1221 196 129 -692 228 -318 435 623 -142 51 -592 272 -450 1021 -801 -630 4 ]
[-857 -362 -127 255 428 -939 307 -296 -32 811 -795 -501 -295 -397 736 724 -1008 642 -659 -125 -322 -115 -591 109 -1348 -1045 53 -753 567 166 416 -446 259 410 -420 -449 163 -123 -729 462 441 962 193 -858 -485 -529 426 -920 100 -300 -924 446 1145 233 380 133 298 194 210 -350 -471 -964 383 868 -502 -464 99 -341 -1221 -79 -363 431 -591 393 927 -492 194 -347 365 588 -69 638 478 -285 933 156 874 1062 168 552 -830 -1121 -725 -1087 1256 -71 -940 681 874 -492 -916 -276 1323 -199 599 -490 -866 1091 63 701 25 651 776 325 268 -281 -984 40 -19 -33 -352 1256 239 -16 -47 146 14 143 -474 -216 ]
[172 -73 106 -570 2 -439 -432 -143 -1216 -413 -923 -704 306 -746 678 -133 -148 -1371 -170 -604 -50 -366 257 -261 -134 -1345 -966 220 450 388 -992 -909 781 -116 -369 -548 0 554 -631 509 1248 -214 -635 703 1012 -306 -1426 -96 227 163 608 -246 -160 -707 -207 359 814 -981 467 -106 -530 -7 128 -412 -47 -1033 207 457 -332 1080 -525 -268 -734 -948 498 -1143 590 88 738 -146 215 -312 -1205 -582 327 -483 -158 1275 -54 24 3 -12 -555 180 -470 21 243 169 -725 -39 -144 -261 -227 15 -234 -492 1354 1038 1163 1094 1325 -753 92 94 308 1170 41 -301 18 572 114 -90 -1292 -149 158 -851 -978 321 331 261 ]
[-420 466 820 263 477 -662 706 529 -762 -95 -363 73 -706 1011 334 160 160 250 -1096 -320 -457 806 1541 -202 -1102 -302 76 -495 334 39 1052 808 -791 865 974 139 -112 -1520 246 824 296 -219 -1830 -458 -369 -395 700 380 74 -326 -908 -330 751 382 552 161 -574 -650 -234 -1024 4 381 -31 1488 328 328 -612 -484 -458 -15 651 -607 128 -2 1369 -498 -1135 -1979 17 -152 -666 -700 491 250 -309 724 150 1009 -233 1340 505 -1097 -170 -63 1703 -1097 -12 -469 -404 257 -87 65 161 -254 -514 751 -560 -211 845 -590 583 573 -192 360 41 -946 -472 200 -287 -376 -1647 532 -409 -1099 -330 348 336 74 459 316 ]
[47 699 135 76 433 -1190 143 -165 -176 -253 -661 -212 188 -41 181 1110 186 -760 -358 133 263 315 193 93 -235 -39 1871 361 -221 -342 -449 183 1126 909 1665 368 -17 -927 -39 347 -143 230 -667 1387 698 -788 -674 -164 115 632 -123 242 1310 259 980 -462 -297 -1133 -221 618 -481 -850 -627 46 -183 410 211 418 -307 23 -422 920 1005 152 80 -536 -906 309 890 385 234 377 -142 595 -566 319 -790 130 -717 238 -202 1201 803 -581 70 -358 43 -1321 1106 57 450 -823 399 -179 620 734 765 -84 680 476 636 495 -319 558 51 -1220 334 561 482 329 -1411 691 -165 -472 -37 -29 771 80 389 264 ]
]
