[[-542 371 93 -463 399 959 968 62 -398 47 -541 -14 267 -52 412 733 264 99 -108 -204 792 -378 649 415 -368 -182 -352 313 170 483 546 109 -627 -789 -1117 -682 617 206 -1050 738 225 -468 49 79 -189 166 261 109 346 -634 282 213 -303 -71 341 311 -460 168 -1035 261 -480 -69 -347 559 -935 -145 252 -801 -78 -1427 44 567 -380 -262 622 -122 -186 920 -162 -236 203 161 -260 834 459 -574 433 -661 814 -98 907 393 -549 -324 351 -219 108 -546 -522 436 514 188 777 89 -1327 784 8 489 -678 -65 308 263 -970 43 -149 72 -327 533 -35 -217 592 -167 894 196 -160 448 517 244 566 148 574 408 -41 -232 -16 ]
[34 -232 1011 534 -326 -847 -942 605 1177 -465 -292 -582 -437 -103 -632 854 -39 -80 -191 493 -816 406 -828 -255 -1116 -145 672 -590 -162 -1072 -82 685 -195 -129 -421 -731 -824 -155 -10 -108 -115 308 -616 -707 636 -188 -518 -636 -131 138 331 421 -265 -503 -344 -36 -190 224 -19 597 193 68 19 464 1493 -34 -166 -225 -364 530 525 -224 134 240 101 740 498 -208 214 -147 447 -97 1234 -49 -181 -201 -472 1304 268 618 84 -713 -151 304 -46 556 -558 213 267 -61 -450 30 243 -429 123 -790 569 -888 290 -579 156 -878 585 451 -379 545 -284 443 275 -135 166 -287 -504 -500 9 -108 633 -398 -354 -139 -167 -188 465 598 1071 ]
[245 -131 276 604 -360 194 93 1155 409 -609 561 364 324 -840 -103 41 -122 -341 30 198 574 -201 -1369 -74 -8 -755 -13 -319 -255 222 391 1066 -482 -904 -181 -254 -94 150 -177 -278 -588 -549 -472 -313 1059 -660 -241 -805 -50 1034 -40 1146 176 -511 967 -275 -261 -196 -730 577 262 -433 -660 838 -6 -15 225 -1012 -194 -870 -537 -297 -9 -128 798 -111 156 515 -277 -359 -269 184 1034 1182 614 2 287 -78 -134 943 1588 -787 -143 593 508 546 -880 -134 -704 279 439 411 401 -88 -450 -116 820 -9 646 -792 701 -703 492 249 84 578 328 -66 510 -108 196 -477 306 -615 793 -281 892 380 798 -51 163 118 906 478 -52 ]
[350 50 390 70 -801 -147 -14 466 1466 -916 40 -195 542 974 -36 245 -611 458 78 -643 637 1282 -667 -428 -71 158 -172 -979 -344 108 -67 -71 -101 -421 696 -568 321 -116 244 541 -226 -762 -642 -888 595 497 -128 -183 13 342 -298 849 501 -1006 -243 47 218 434 -1089 457 1075 427 -310 396 823 67 -13 -407 -42 -267 -121 -90 176 -175 39 -250 825 251 440 64 229 -481 992 574 300 445 -519 416 69 -155 1166 -882 -280 343 -514 720 -343 -377 -275 322 -130 968 -368 -1342 132 -823 450 -320 925 177 -386 -698 1030 212 -232 1150 750 330 327 -123 158 -446 -718 -335 365 -711 617 -656 1037 -390 8 -231 189 639 282 ]
[7 221 621 76 235 -98 359 -24 -611 -409 -1085 -498 -1116 -210 395 1035 -313 383 -301 681 -287 18 -467 -240 -518 -121 -183 90 83 -919 -24 -583 305 -229 -167 -1170 -557 509 -1380 765 -320 -499 111 694 376 107 44 -494 -462 -1567 255 -303 -142 -50 598 344 -929 368 -282 608 -105 342 -350 62 -49 78 -202 -276 -447 135 131 482 -1474 529 770 375 459 293 71 51 570 -494 801 178 21 -197 41 1046 430 682 386 -356 -767 -513 -257 84 116 570 767 -302 -261 -116 144 864 -528 -210 456 -176 -1343 -127 -577 674 -224 1082 -685 122 -648 668 -27 -710 835 -237 -81 13 313 615 1058 -1117 -744 -87 -971 266 -42 102 -308 ]
[-891 352 579 -254 -752 -235 -381 -385 1907 58 317 -423 405 721 -409 -387 100 -353 425 -861 9 1078 825 -175 -1927 857 -134 -890 416 -130 182 -237 19 539 290 26 306 -593 715 -123 581 541 -110 -858 14 1536 -711 -86 89 438 -83 -181 70 52 -996 386 -45 134 756 158 291 60 385 255 957 333 -272 330 -164 1425 1318 106 -136 36 -1282 -138 287 -131 -32 -799 474 551 406 -677 468 -679 -664 -8 -365 -172 -1354 79 499 -726 -539 -331 551 -502 -119 -347 -131 681 -345 -1004 908 -159 18 -535 -45 279 -593 -915 -378 -307 -647 479 311 -632 422 1086 -719 69 -447 1106 -1097 648 -667 216 41 -662 141 -365 -930 74 351 ]
[-992 675 184 -810 -573 699 -134 404 -538 -517 36 -491 652 542 -326 -603 -197 703 -98 -926 443 -368 1202 894 -455 776 -412 -185 542 482 108 -1007 -772 -482 -874 -268 268 -655 -86 845 443 361 -440 111 -399 1154 217 860 -511 -289 613 -144 296 -458 -208 -343 547 565 -104 -798 642 -109 -652 1485 -5 124 -74 -780 207 -39 426 324 198 541 -886 53 -588 597 5 -466 -210 430 -658 213 860 -1093 -539 -752 471 -61 -278 1225 -475 339 197 -198 0 -676 -373 418 530 591 -146 -258 -530 122 57 528 -996 305 0 -174 128 -109 490 10 444 -242 -626 597 -93 -69 -84 636 -1295 226 -75 538 643 158 695 -788 -823 -561 995 ]
[-746 -450 -785 -445 124 717 1515 -961 -156 715 -123 367 -131 331 1773 613 -208 569 -21 173 577 181 229 -323 803 -299 -646 1074 -527 750 109 -447 528 609 483 -622 1070 454 -242 974 411 -736 84 429 -530 252 669 -199 -219 460 160 -786 1046 -258 -87 646 -517 -59 -970 236 116 177 991 434 -1451 -960 -369 -273 -241 -567 338 195 -351 320 379 -69 877 94 383 -42 34 -374 -521 498 -393 -137 784 -376 -576 -415 1152 507 248 -1296 -677 -696 768 -2 -128 21 -57 -135 403 -467 -326 710 -551 -113 83 787 -581 737 -1755 659 -115 39 -174 618 199 256 394 -329 215 1020 150 627 144 -516 491 -501 411 350 -10 -177 -38 ]
[-712 449 94 -93 -148 66 -377 603 425 560 447 -325 523 -433 -424 -760 650 -238 647 -785 1316 -307 472 -602 -419 327 -536 -313 607 615 -268 -198 -759 -886 -712 844 546 290 270 -238 -344 -207 470 -436 -181 1067 370 595 370 131 684 716 -225 980 576 76 -90 31 505 -206 253 -386 -264 1207 -825 511 152 -638 613 44 -25 -81 -353 -590 167 -275 -1185 19 -390 -712 26 850 220 -1154 982 -247 226 -515 -19 -231 -203 96 -737 271 169 -69 6 -581 -1034 -498 -209 -15 -172 470 -208 551 58 1304 -783 -1465 64 -42 466 -751 12 -965 814 -1157 158 561 -622 605 446 322 -429 100 -338 734 647 13 175 209 -736 -7 -846 ]
[354 -334 645 -541 23 334 272 -1158 614 356 -376 -453 -852 269 168 726 387 -126 -357 620 -708 465 480 648 -825 -51 523 131 223 -1403 373 88 173 -786 -564 -215 -821 -81 -208 -849 407 799 939 -483 296 -142 -928 340 170 -280 -226 -255 -943 -10 -386 319 472 407 318 -21 -1055 -1036 593 -1 -4 172 -306 533 -195 55 583 594 347 680 -414 302 329 230 -76 -192 11 -32 -1244 257 -198 -814 393 -160 -146 497 -1616 27 559 -597 709 -47 111 -218 150 -213 376 -1114 690 455 424 332 539 -268 327 945 200 -229 -1183 -956 -433 -153 -784 939 183 -15 238 714 -21 566 -341 211 -218 489 -1295 -98 -458 -420 -112 -253 -530 ]
[1195 -196 -922 -216 371 129 -41 -154 -616 -51 651 872 199 -449 93 -972 522 -113 316 -165 875 569 -114 204 -86 -492 -68 -267 -270 -646 -383 -22 371 -288 267 1172 -399 321 537 -540 -595 367 1309 655 257 -795 -63 859 232 706 -959 -216 -445 191 987 -23 476 -816 1257 334 -141 -1118 -204 -520 -779 629 338 743 -391 -311 -874 749 -893 629 38 -286 -757 -342 -700 330 -861 167 99 -502 -488 685 484 -73 -311 652 -259 106 54 781 114 -34 -226 256 14 -929 458 302 -32 618 276 -353 -273 1320 -276 705 -706 120 489 -506 -461 504 -39 -659 389 -487 -19 559 300 -525 536 -192 -307 105 -343 -34 278 146 -206 -252 -2044 ]
[-51 432 302 -565 107 240 -220 438 -74 -148 -776 -240 280 -259 -529 299 229 -31 -390 -601 996 492 -112 -344 -613 356 504 -384 473 -127 -391 -407 -806 -110 -587 -236 142 464 -687 658 700 -634 -109 2 279 326 132 -338 188 -174 811 -50 -805 245 -506 596 -1334 -428 -231 641 142 436 -378 52 -72 397 -37 -224 -125 -784 334 212 -1617 -121 524 178 33 -10 -197 -873 1082 -424 1353 -504 294 327 -271 1046 523 1307 303 768 -731 -230 -337 -929 439 -343 879 -872 -18 1204 950 52 -1165 -90 -301 607 -1926 -1080 -453 201 -201 370 -252 1501 -936 466 73 -452 583 -77 161 234 140 748 52 -679 -17 -174 -14 506 -397 796 64 ]
[523 -220 -152 -29 279 436 -501 553 -32 -912 -565 -7 -116 -675 -169 -189 -164 -439 483 540 265 -666 -893 556 -529 -400 -89 -43 145 -1005 633 -404 190 127 1 573 -734 -101 -398 -772 348 -275 773 618 920 -920 -1026 -193 -984 175 -565 363 -367 848 249 -466 588 -841 219 342 -617 124 -897 -248 -532 640 511 624 4 -369 -325 172 0 912 74 -43 339 -440 -490 444 530 -452 -32 377 422 237 50 -21 -276 1033 287 -327 208 -112 -74 -325 -132 896 -136 -810 889 53 710 572 47 -101 662 -87 840 911 -257 42 274 -323 30 896 -458 867 -553 -837 503 -359 -683 -571 1068 -56 617 -179 -627 -570 -262 -109 322 64 -1371 ]
[1145 -1499 307 1069 221 -560 -272 786 -165 -390 -94 779 601 -653 -138 738 -57 -98 -72 926 156 280 -1544 -488 506 -848 770 -122 -541 -456 193 910 -469 833 -522 79 -82 -231 304 -771 987 -1244 -399 -617 562 -696 340 -1160 390 1112 148 719 -167 242 255 275 -457 -517 -911 811 -17 -109 950 -424 -319 -540 -282 -486 -139 -347 -515 -443 -182 610 -360 604 1295 -664 -270 -209 -165 -424 397 576 -54 -147 616 367 -373 941 641 -739 151 674 3 241 -50 -264 371 148 1117 55 745 -347 -67 -71 71 -53 315 -275 401 -434 536 473 -380 710 -726 954 1 -276 777 427 -324 -115 1048 -372 961 -133 -633 183 -479 -24 659 202 297 ]
[-218 -458 1115 189 85 479 -533 702 201 -300 -943 69 763 19 -208 980 -506 -937 -129 564 -287 -795 -487 461 -77 -321 232 220 -396 -456 393 595 -790 -933 -134 -865 84 -233 -280 -474 553 -743 -221 215 515 -56 -274 -506 -802 736 508 548 151 -157 385 -36 -670 988 -1423 28 -372 888 230 11 -672 -420 481 -814 -231 -292 -349 -565 484 399 -148 559 1180 584 -230 -102 55 -180 -333 1160 649 -585 926 -945 -275 1076 662 -248 832 -347 45 687 -585 -513 -692 722 818 3 947 -839 -325 -88 628 -351 1160 260 1600 297 194 536 -359 -678 -696 454 -724 364 414 -50 -818 -71 560 101 890 -322 -39 -113 -261 -384 975 433 820 ]
[-5 -787 -504 537 299 -344 -270 935 -383 -174 -282 401 725 -846 309 1136 8 561 0 302 270 -840 -758 -901 -451 -178 26 43 -247 -46 432 9 -545 1298 -479 -103 -282 105 -157 -1053 -564 -783 -390 -531 -359 75 783 -85 323 -194 700 -306 -821 553 -553 144 258 -1173 53 284 -288 74 -78 -709 625 42 -248 343 -395 297 -20 -771 -344 -297 -161 353 -219 2 19 535 774 -6 921 -1048 -410 73 -87 1169 474 -610 496 -288 -599 709 -671 286 996 465 616 212 -508 -220 -21 184 -306 128 -2 111 -552 -262 -823 -100 -21 608 -628 505 224 313 440 -836 318 608 -295 82 491 104 857 -229 -567 -73 134 664 -369 86 291 ]
[729 -297 -142 279 1027 -998 -197 210 -1104 -926 541 309 283 4 -262 -406 -132 656 951 -533 590 30 -258 174 -741 -779 2 -444 -185 659 528 42 431 1393 -541 531 83 -735 8 -132 549 -316 -138 24 -842 -1153 596 462 423 -591 -954 45 -347 -237 -174 105 833 -579 -24 1028 94 111 -411 -1180 176 -288 -37 538 -387 -366 -144 244 384 -599 316 -541 -300 -369 -631 1384 -343 -211 -739 -260 -966 933 2 -818 524 -1365 783 -1233 -365 546 58 77 223 1071 -334 459 713 217 -1212 370 209 -620 -351 -55 825 749 -715 -30 1124 -374 134 1703 -613 771 -395 -725 -135 -181 261 -943 19 -823 234 -198 -27 416 917 152 282 -505 -802 ]
[211 -319 -167 55 914 1388 116 -91 363 -219 -842 475 99 629 200 1137 449 -378 -917 -331 1658 -252 134 -278 295 382 231 -273 -555 -90 14 277 72 -794 179 359 297 862 221 -24 -483 -726 130 -831 23 -348 204 35 1149 107 802 -54 -1031 426 -93 314 -241 142 -248 52 -937 55 156 -503 -502 430 525 385 -30 -1793 -1024 -655 -394 -1048 962 305 532 531 247 350 896 -918 686 3 434 -109 -5 1182 1352 395 909 278 -599 215 -421 612 -241 -161 138 178 -1010 -130 1414 -986 -1242 414 351 200 323 -476 1013 233 -875 210 -323 290 71 407 316 -540 842 624 38 -563 735 248 456 643 896 60 107 143 407 854 116 ]
[225 967 -718 -784 -805 -446 -4 512 -62 -700 345 -485 1203 455 186 -571 -318 405 -66 -504 87 321 808 448 402 20 618 -178 82 828 -614 386 -760 -339 -591 -224 -18 86 405 948 1359 524 -371 221 -506 -445 -123 -255 145 -318 -945 255 1064 -629 -324 -1088 597 -669 141 216 399 -185 -796 -13 523 89 117 -33 141 -952 474 476 376 340 79 -343 -512 908 420 14 -912 41 46 1215 -536 774 -45 -517 705 -282 384 877 -390 1321 369 -428 -1447 -575 -10 -173 267 680 115 -499 -666 153 -422 -32 -126 182 -531 -7 -154 -203 629 755 460 237 -475 356 -422 -972 493 228 -545 -316 -373 392 1020 72 927 -61 586 277 785 ]
[713 -259 -1173 1061 1014 -761 555 777 -859 -444 417 309 326 -532 741 449 38 95 288 -431 367 906 -187 -262 157 -937 -494 -885 44 578 293 1297 357 609 214 -750 183 532 -251 972 -307 -681 664 -371 -425 -492 873 -697 430 -775 -1555 1032 385 -496 1212 158 -303 -865 -1095 1212 33 -459 -329 -962 100 39 -315 -236 -96 -416 -834 381 -1041 317 647 174 1106 114 -403 328 -664 239 968 469 -480 825 1471 -388 423 -538 970 -1212 -615 1214 -333 59 -400 -248 164 -782 506 670 -398 48 -492 211 -315 375 -631 -668 -332 -139 -91 -1 -1034 224 -50 -125 335 -1164 747 -438 1326 -449 572 -157 750 -323 156 554 364 776 29 -165 -711 ]
[-561 -166 314 -90 -315 -997 812 -1055 -140 589 244 -326 -315 -636 210 -508 434 1477 98 812 -609 375 1191 -434 296 -821 583 735 -701 -772 -1116 -189 255 1014 -350 673 -224 302 -84 -270 815 638 1205 846 74 309 118 337 417 84 -373 -890 959 143 54 -38 -176 -326 1604 575 -1 -1149 1911 13 -289 -231 -333 82 -555 1540 1034 613 -334 654 -664 152 -175 -245 247 -189 -1423 -85 -445 49 -790 -34 -122 582 -810 -284 -1109 140 531 65 -178 -336 598 -253 394 -947 145 -939 -85 878 228 441 -102 154 -675 361 -1447 320 -264 1043 -114 -685 -437 -172 -159 916 -747 758 -36 1150 -96 10 -154 -474 -1271 -550 -274 274 -141 -658 -269 ]
[589 -2 1002 585 -25 -467 -1196 595 -127 -59 -549 -224 -235 -775 -1506 -598 -367 -1330 545 304 -1597 -114 -509 19 -797 283 -14 -441 733 -137 711 672 -677 675 -915 -696 -110 -907 -212 -170 360 903 -1145 258 341 341 -1105 -663 -769 210 203 627 -323 1338 174 -303 -905 231 461 -170 146 454 -61 -407 543 116 651 -734 178 578 386 -165 421 590 -1260 800 93 -953 -859 -400 1212 1008 274 502 817 -278 -52 -444 -341 1032 -494 -102 471 -152 641 195 -629 308 154 922 1279 70 498 -306 1711 -10 200 -619 149 -82 957 -876 1108 687 -346 -469 114 -526 -187 336 -3 -960 21 -671 -206 395 413 540 -244 301 -448 -90 -152 -33 819 ]
[2483 75 -112 -160 -1112 -584 290 32 571 -105 207 133 210 1136 -407 -532 -269 466 269 518 541 1236 -887 -311 1591 324 588 125 -425 -204 -777 -576 -731 251 -147 579 406 -1175 1283 718 978 -392 -407 -727 467 43 -158 -233 1036 131 -517 734 -181 634 -418 -550 973 -566 -133 249 727 151 270 -13 31 62 305 276 1634 -276 -839 690 658 926 -1099 234 -274 -1542 855 -174 185 220 813 -768 -269 1044 -750 620 -396 -115 -343 325 -410 1045 339 144 -164 -256 -458 66 220 608 -181 -55 1297 -740 -702 788 -317 147 -1022 -528 1458 -220 979 348 598 734 163 -540 459 309 -196 -298 469 -1078 -525 -170 7 543 -1321 17 -674 -502 -1445 ]
[220 -97 246 58 -97 -291 -474 -152 29 710 316 1266 1377 -122 -852 -589 793 -503 401 -680 327 -153 35 -15 -770 76 475 -92 -10 -163 -379 423 -796 -757 -704 1262 906 -184 104 -611 -240 71 170 47 -207 402 796 659 822 1339 813 1120 -494 57 -6 150 -16 -281 298 -1351 -45 446 540 700 -382 207 278 -162 9 -174 -672 581 -588 -1238 -653 -1487 -1525 310 -399 -103 -759 -64 -918 -1216 -61 115 -435 -297 -16 -377 250 -28 -113 83 554 361 252 -868 -876 502 -22 226 -407 -278 -855 -405 -792 1114 -111 -453 -110 11 1083 -924 -585 -486 -432 -983 -30 -124 -573 1308 -371 -571 79 -83 -238 3 -238 -181 813 471 -139 -301 143 ]
[1719 -899 -616 -227 1101 -271 -195 31 158 -214 -572 -186 -304 304 -194 625 86 1115 669 -425 174 513 29 -422 -68 139 12 -650 456 -1457 -81 -293 -74 800 -750 554 -237 -426 56 -78 67 523 528 -602 -557 804 430 985 887 -422 791 629 -643 814 -706 267 790 -1034 125 -104 -84 -129 187 120 53 515 210 958 932 209 -677 112 586 507 -1049 1031 -464 -1091 173 1209 917 55 133 -1584 -837 919 252 527 262 -1574 181 -156 -1135 608 -18 200 282 56 229 -177 -208 -206 -380 166 793 -488 -314 956 -257 512 -1257 -345 322 -350 -183 -614 307 600 -187 -1656 217 1362 -952 -797 307 -112 474 -153 -394 356 87 -51 -1560 -403 -1645 ]
[640 532 198 245 -868 -341 844 -614 424 -569 120 -165 -84 726 -1388 -1069 605 812 -254 -431 -33 1995 206 920 -712 104 343 -375 322 -898 109 -286 -483 202 311 219 -13 -407 199 609 447 94 236 -581 483 403 -741 41 208 534 -560 909 -196 -873 181 2 773 -17 272 -440 -40 -833 574 386 590 290 -128 -243 245 715 -122 639 -275 380 -1833 -601 521 594 -36 -1102 -236 -147 74 41 187 -640 -916 866 -225 507 -1255 -627 650 805 343 -513 1021 -815 445 -121 128 346 -210 -524 -203 -5 204 557 -1062 277 -634 -1310 -92 -838 167 778 -27 448 560 -372 461 772 191 616 288 186 206 347 -884 -51 -570 121 -1238 -828 -321 ]
[-1240 -94 386 965 -36 -41 -900 395 580 -546 -449 -745 -123 -102 -277 -496 -61 434 -182 9 -642 -414 845 -74 -574 1581 -169 -897 421 -139 12 -373 506 1213 292 -375 1 -1449 85 1111 326 342 -534 -610 168 657 -419 -1125 -331 -502 -119 530 542 497 -578 -543 488 137 -188 -78 430 1615 667 360 1772 -11 -373 299 810 1120 432 444 417 -8 -1201 410 855 -1670 764 -71 193 -876 11 -251 344 -180 -1584 1228 662 322 -720 -50 130 -51 -295 239 -464 -320 -562 -805 -405 519 -295 -825 -65 -718 -192 -751 443 -147 -290 -871 1172 401 -320 -332 -103 -141 -1368 -286 753 -771 -787 -886 -356 -619 90 -551 -163 -945 171 -704 -365 112 1909 ]
[-226 -153 362 -282 177 69 137 -523 -783 489 400 1042 -313 304 -733 -192 -439 -763 -374 295 -684 999 -40 372 552 32 111 322 -175 13 -794 -304 740 -205 -163 682 419 -367 293 -470 273 586 -145 1099 402 215 118 109 292 660 241 -1075 892 60 185 633 -1086 850 -95 -577 830 -723 334 610 -592 -152 -635 -722 -454 263 425 342 -559 891 -525 25 -164 -593 -240 -224 -491 -369 -380 970 412 -850 -817 -36 -754 67 -914 491 484 -743 390 -455 97 -455 949 931 1780 -49 -162 9 297 171 72 64 -634 121 964 60 241 505 265 215 -505 75 -400 1527 -386 187 176 996 -1304 -50 -354 496 220 492 -219 -1180 -38 -386 634 ]
[1322 -720 -269 227 -1110 -90 -635 1153 -356 -272 494 -563 1173 287 500 -392 10 415 685 -571 214 573 -445 19 800 -562 -134 -368 88 335 109 -95 -1472 256 451 218 -260 -468 1216 -707 16 -821 -185 -319 -438 270 175 1356 -72 358 -454 844 61 110 41 -379 1348 -66 223 147 83 -800 51 -793 -337 415 851 335 510 234 -763 -935 1278 341 -1259 681 197 566 -867 -80 34 1121 -444 -538 -156 -84 315 -1603 -707 -884 50 -209 569 1354 13 826 88 258 -442 212 186 -299 -612 -304 1734 391 274 737 1106 762 -293 -3 1329 -1134 474 -875 1042 -54 918 -221 -898 1115 -39 245 757 -751 -354 73 169 76 -680 -328 -309 71 -1184 ]
[-239 369 590 -619 -389 -426 -445 547 1120 -1690 380 -428 23 410 -420 -817 -1134 203 764 -1096 -33 -89 314 598 -1190 -279 -122 -817 -552 -448 241 337 907 -154 421 -170 -863 -476 732 -176 -184 1182 418 -475 649 75 -657 488 -1266 350 -368 207 16 -1773 -167 -751 925 330 102 410 955 -455 -1029 867 1715 615 -39 -333 -141 1572 583 -616 1042 623 -7 133 927 1028 -220 765 17 -212 866 120 360 381 321 -435 -1173 -369 -426 -1609 33 234 -722 452 -16 327 -413 -497 -398 761 -794 176 461 -1351 1419 -941 1130 593 510 -718 -16 190 -66 836 591 -466 -348 142 -388 12 -886 -115 -597 16 258 317 549 -268 55 -600 51 335 432 ]
[-178 336 21 -823 -645 136 328 -525 831 -246 306 430 336 -411 -465 -44 170 -707 -329 39 -764 849 -636 170 -24 344 709 306 203 -156 339 995 -447 -229 559 -172 -456 -239 -73 -355 143 -250 -776 286 880 -723 -1361 -698 212 1351 320 -1248 -277 -982 -290 1052 -705 569 -654 128 121 468 146 -329 299 -780 265 -461 -311 -327 647 -487 517 -516 -390 -628 -646 1114 -547 -341 758 -619 261 773 -611 176 -632 103 -605 945 -861 -336 850 -1022 379 -673 958 -473 415 855 -313 774 366 -113 -467 -1101 -519 -620 20 336 877 -515 -558 -150 233 389 -292 -251 464 515 -355 -198 288 -226 528 378 -785 -117 132 -788 -398 158 348 944 165 ]
[533 574 -490 798 1307 -20 538 177 38 -255 -333 -355 -1216 69 -876 -635 -688 298 283 706 -432 -398 83 347 628 0 -802 99 555 -140 -27 -22 729 -49 491 -295 -375 10 -272 767 -663 461 -186 3 70 -230 -326 364 -267 -1496 -741 294 178 71 1145 -706 475 133 -283 -505 25 117 -1437 -445 -281 69 523 396 709 -129 -842 -298 997 124 186 239 279 -539 739 537 129 313 948 760 471 760 143 203 535 -746 146 -482 -221 362 -717 -208 -1051 607 2 480 -245 -700 -166 347 524 293 517 207 -467 -67 138 -631 120 598 1295 -973 1023 -488 -294 26 918 -605 68 -371 502 -718 297 134 639 1067 -440 -329 -807 -1112 -946 ]
[895 -531 984 526 -644 -1467 -336 364 1471 363 424 1032 732 107 -996 637 -245 -754 733 1445 -1018 -212 -609 -1106 1181 -620 701 330 -741 -23 -826 1435 -412 366 -393 242 597 -226 1191 217 1116 -589 -291 -1056 1275 177 633 -692 933 249 -330 785 -254 434 -1229 -317 -608 569 -1042 -178 227 1396 1278 -58 358 -914 539 -442 737 110 95 -273 955 -580 25 -396 190 -747 121 264 17 -58 1261 -456 311 478 -309 40 -412 -594 -378 -877 -236 6 -638 1007 174 -1059 -1266 134 -500 138 159 188 458 -853 -874 -649 169 -1614 809 -452 1363 774 204 -1104 -871 -579 -137 342 -285 407 426 -593 589 -1148 -742 -1017 -220 -61 -731 729 1086 146 503 ]
[-313 -119 -51 376 -1019 -676 -81 893 305 177 123 -59 165 -850 1112 -268 -106 -94 645 34 -460 371 -1163 -908 -1848 279 -324 170 143 597 322 105 -87 562 182 -596 -305 -470 -104 -780 -1034 -751 -1208 544 217 -230 307 -481 -239 -320 177 -512 314 -517 809 945 -291 -38 -185 936 600 -175 -396 -500 728 -59 -28 39 -522 848 1226 -366 -565 -140 769 188 -738 721 -84 -177 236 625 1331 -281 -504 159 243 -216 -341 -633 821 -753 295 -124 -194 -31 704 1028 657 547 -259 1152 -1211 107 89 -496 -392 -294 -20 554 -203 -112 11 155 -395 32 1141 -173 1294 587 -185 -372 -491 -7 -398 106 326 -576 418 -140 80 101 -965 114 75 ]
[205 73 -621 -1573 -1377 1155 33 62 649 455 -609 700 1504 1144 546 1141 267 -675 -608 -140 191 -193 183 -123 1380 367 532 219 -975 412 -266 237 -1271 -1851 -114 322 182 731 495 -354 -252 -491 -306 -211 -822 52 -98 48 564 98 486 30 -619 413 -897 -198 176 -66 -683 -1181 -226 609 -491 -52 -651 -93 241 -61 574 -1450 -875 681 494 -548 -151 -1096 -900 1616 452 36 49 -357 -1584 526 -143 329 -651 -368 164 -24 -1073 985 -460 29 580 594 141 -1616 -325 760 -384 -51 1150 -836 -1380 -37 -573 670 423 585 717 903 138 -1633 -422 -601 -94 417 170 -397 -169 765 -198 70 -133 -4 -146 268 562 22 -257 820 1182 635 995 ]
[-342 -597 -1546 -252 -77 586 477 802 -871 420 -60 1340 945 -769 638 100 -77 -256 831 1224 12 -641 -942 111 575 -170 46 1039 -542 -66 182 149 -272 1010 -64 -84 454 -200 369 306 723 -345 516 1025 45 115 167 -991 -240 993 543 -225 264 1109 -355 276 -307 -1260 -11 -176 -223 767 237 382 -1618 -987 -299 -15 122 569 -316 445 -900 803 -1016 -122 -319 208 -455 -765 -234 388 419 87 63 -237 435 386 -1035 668 -654 354 469 -707 -348 -987 1496 -744 -375 -217 283 500 769 783 -436 54 -751 1117 -1985 -202 -539 635 -1078 265 -761 -377 -578 -487 116 -287 441 774 323 479 257 1740 254 -670 -783 -860 -40 1049 -632 -316 -577 ]
[518 1009 -378 -148 132 60 628 182 602 -163 -185 -372 -146 883 -216 175 344 -1032 -291 155 545 385 335 -45 720 173 540 17 330 25 -653 -553 -217 -660 -86 87 58 36 -72 532 98 84 -591 -413 -61 395 -73 -86 1085 -270 -17 -31 69 -346 134 178 -437 66 624 1028 -538 517 -1241 -363 383 266 424 264 653 760 -253 -47 -376 -683 1037 126 -925 269 810 -1046 -560 1594 1480 -793 -125 -702 -629 402 808 -662 37 937 -445 78 282 -785 -85 -129 460 43 -1143 1468 -350 200 -720 -34 -205 -8 -1162 -772 -295 941 -714 101 331 116 1139 -588 740 83 -459 36 11 454 -510 569 -1139 349 322 783 -434 -372 -292 475 -516 ]
[-547 -81 141 -282 -184 393 -644 -222 93 -472 635 -269 -89 226 383 860 -285 -567 -340 -407 186 365 -361 -1256 285 35 -381 -1101 -213 -389 -885 -687 108 -723 1501 226 -577 840 -33 -117 -741 -955 -26 -204 473 790 295 297 -147 -87 254 -1094 695 -431 -237 103 -1406 927 -56 -59 641 571 -694 173 -58 -350 -256 169 -230 190 -41 -447 -1027 -118 347 -355 187 209 132 -385 166 82 389 -856 270 -524 -1275 509 -332 344 -504 639 -1016 -1205 -1403 1 62 75 233 -777 -828 -76 -185 -426 -373 -477 736 32 -472 -881 -125 952 904 566 269 343 -414 -210 111 804 -869 385 -1019 793 -426 -1 -109 -529 303 -285 -521 -823 675 1065 308 ]
[101 -640 -20 -149 418 522 552 281 -148 -691 -158 -235 -1421 638 1082 -49 -374 1234 -718 -564 -436 735 335 705 -394 551 383 -525 -89 314 -131 276 1284 152 -596 -1347 -306 -1026 -304 1873 -148 1400 -544 518 -100 -250 -407 86 454 -1205 -452 -9 520 -1343 349 350 -403 -213 -594 682 613 -856 121 104 1475 394 -592 -207 -152 -653 78 700 -24 372 1138 1357 608 -679 348 750 -113 -986 978 1407 -770 -56 -262 529 1098 -609 1023 -192 -451 463 662 -143 -1161 791 635 -110 -27 699 -5 -140 -193 -573 272 -727 -129 326 -85 -680 -536 266 -85 901 -586 374 387 -645 718 -751 702 -1086 -613 -97 -185 -351 921 579 720 -511 -176 451 641 ]
[420 -202 373 -246 471 539 91 -179 -21 378 -573 -282 -468 -689 -331 1452 -154 -526 -773 653 -1049 -1016 -772 70 -365 441 709 -73 410 -1086 536 310 -512 -624 80 -1421 -1029 -199 -734 -1032 -91 -262 -352 -912 638 146 154 -728 -604 -352 379 369 -1558 -164 -627 -205 -27 -387 -1401 -422 -818 906 -345 -524 473 -306 160 459 677 154 -467 -241 666 183 -403 732 677 -457 796 -766 420 376 -47 -355 -378 281 959 -295 -259 1289 -1028 78 525 -638 -14 483 410 -787 538 300 -58 -270 543 -310 49 -613 -126 308 -358 45 786 -85 -579 -435 649 -729 -1398 809 -906 -1173 1032 208 -975 -90 -333 103 894 -564 -1205 686 -483 545 -559 -655 364 ]
[446 -27 499 -842 -982 174 1465 -1099 147 471 -457 -69 -1227 948 580 -834 -136 736 368 40 707 849 555 252 -534 -459 -948 789 -207 300 493 -1891 448 -126 -794 -1104 200 421 -133 1347 350 503 245 369 -500 893 -231 993 -900 -917 -449 -286 -470 -708 -91 450 -66 279 97 -51 653 -535 -276 866 -585 -475 -644 -393 343 126 250 1423 -904 643 616 -334 160 295 265 -376 431 382 -535 -274 -90 -883 22 -228 -575 -584 -336 34 -718 -763 309 -1176 1001 234 -644 -64 215 146 -372 1006 185 459 427 468 -1093 1640 -1991 338 -774 -160 -656 944 109 550 1313 -345 291 328 576 1177 -142 493 -261 -420 -14 -49 49 527 -231 -532 -782 ]
[363 -1304 442 434 -983 -537 -286 9 971 527 1432 494 311 323 530 194 300 994 111 637 2 1428 -760 -429 404 -230 577 -167 -582 447 -1151 111 -58 -140 322 626 -60 -449 1572 58 559 -236 -608 -405 -273 52 1093 -331 693 963 -447 -6 778 86 218 372 572 112 338 635 735 -621 1481 1313 -212 -418 -652 281 -536 -275 626 917 626 624 -605 -230 -215 -976 -487 -127 -1097 -252 -386 394 -535 23 -685 -384 -183 371 -281 13 281 679 325 639 -1191 -676 -1120 -360 455 -318 -228 -741 977 -517 -361 495 625 -151 -460 -630 831 -1055 -101 363 -571 94 285 1142 -41 634 532 237 -1060 -1111 -520 -444 95 -187 77 -988 301 49 136 ]
[496 71 683 -824 93 -416 -654 224 -412 258 -413 -317 -308 647 -354 631 -176 -184 -311 -429 423 964 -398 690 825 -110 930 181 -2 292 -910 -1078 507 -2171 -348 -308 153 88 63 381 257 92 -159 612 59 183 1289 1535 382 -543 274 25 -423 -702 -36 1144 476 1204 -1330 -84 1093 80 -997 1082 -507 433 119 -59 716 -256 -354 562 388 276 1314 499 -359 259 347 -350 -352 -665 -349 -393 -74 720 -30 -927 175 -565 107 -503 -687 -113 623 -275 -192 -808 43 331 786 802 -472 323 -325 -1244 -430 736 -446 11 280 1507 1031 -1159 429 -455 100 913 -502 43 45 220 -655 -541 -1349 -1300 -885 -1274 1047 1107 23 -1016 -447 -440 -315 ]
[-1041 -345 346 154 -18 -346 -41 199 529 -225 226 113 -1263 -435 -271 458 728 366 -273 616 -79 -407 -287 551 -277 -1013 84 856 -810 -69 342 717 260 570 21 598 287 4 89 398 447 -885 -384 36 1047 -1453 -171 -62 742 736 -412 -262 538 147 -56 254 223 369 -493 625 -863 -203 867 140 -606 -478 829 -94 -46 -780 52 -653 1215 -125 804 610 1267 -434 94 252 94 -78 300 234 165 -459 -824 349 431 389 142 -496 684 -264 477 -24 838 785 -241 228 -360 -780 766 -408 -575 52 -93 -824 873 -534 974 -591 444 -45 1744 -905 -1307 1423 243 253 -299 -554 509 -173 781 -480 165 -205 367 227 388 350 846 -590 1 ]
[-486 -88 -160 -588 -32 -512 -457 -148 177 72 -510 -34 1143 1371 -1108 -316 -696 574 -21 -36 -248 -29 1875 -139 960 150 351 203 -754 -235 -1532 -689 -319 -22 -116 898 -842 420 1172 -667 -456 1075 -150 473 -1132 322 606 2396 -577 147 -416 -1057 -248 310 -689 -822 831 527 1563 -900 409 -322 -305 48 -449 689 468 1 -629 994 257 -97 1273 156 -917 -275 -549 475 61 740 -530 -169 -647 43 -397 368 -955 -244 -119 -744 -1861 91 437 681 -1680 1077 95 -483 262 422 -807 -502 426 -669 363 -66 92 158 278 1072 483 425 758 174 80 -296 448 -1295 -1003 584 -634 678 -112 86 -931 -885 -462 258 149 307 -353 6 253 -510 932 ]
[-431 618 -637 213 703 397 153 438 -880 588 366 -610 437 -49 1021 134 -520 301 1001 1042 241 -1635 682 163 1268 253 -622 581 1115 747 -94 -219 -623 -392 -347 -1258 250 47 -353 245 504 -195 571 -534 -876 313 717 362 -612 -1336 300 -574 81 -537 -752 -514 985 876 -1001 66 -60 821 -412 266 -494 -1653 -341 679 716 -60 206 -448 1165 -446 192 171 -1225 969 231 156 -293 773 -587 -285 -213 133 1621 -1698 100 -1648 -230 644 -233 401 -246 -306 -667 -936 -1388 237 -618 -681 -1039 1151 -142 341 -216 589 -512 81 -38 940 -748 -54 423 -1031 1260 -99 -559 374 149 10 204 803 -579 -317 -712 -270 88 -309 72 -813 -186 -49 -71 ]
[-583 -34 370 526 -350 125 -332 1525 -271 497 -196 -753 305 -1802 -45 856 712 127 -664 1279 -459 -1311 -353 159 112 -1038 -745 377 384 -895 -447 -278 -686 -1399 -140 -447 -878 319 -1435 -695 -1698 -644 427 290 255 146 361 -21 -1375 -554 577 1497 -19 278 2195 -397 35 578 -783 161 -440 -257 -619 860 -160 644 293 -944 -150 694 -209 42 -74 602 659 313 -154 -229 -294 -154 -931 697 -457 140 1107 -955 672 -270 161 815 1191 111 187 787 327 1289 -744 -90 -624 -842 93 -334 -499 1179 -843 329 455 445 220 -719 447 120 1017 -13 -175 -1404 -82 -490 -236 -788 681 195 -264 -24 780 -640 815 -1120 -1010 -71 -207 -762 809 71 -184 ]
[311 1088 -857 -105 -713 -412 125 -506 -116 1 95 -1397 -553 -365 339 -944 -120 769 -180 -642 -245 523 -463 -444 658 1220 -214 61 59 898 332 -55 511 626 1637 -326 5 578 -92 1211 389 136 -773 705 -714 569 -824 -1148 516 -1570 332 147 831 529 1010 -351 -27 -220 986 -529 417 693 -296 -1279 -14 -652 -69 391 995 -60 -336 -191 -246 -1009 -261 -722 -559 277 716 8 188 335 -58 263 -215 1499 -192 1203 454 -147 -302 322 -580 -38 115 -735 -68 416 245 522 -981 -271 -876 -79 896 232 -108 -327 -1144 -330 -1560 527 90 302 793 -1301 1831 -993 184 874 -659 -366 -260 -240 -153 1099 -89 186 642 202 -508 458 -511 -171 -285 ]
[-495 277 1201 -474 -96 223 -838 -600 1476 325 -47 -1225 60 -754 260 743 -72 176 -740 -1079 907 107 -631 -919 -870 1284 264 -378 205 -851 -831 -471 -236 -192 980 899 -369 108 -286 -1367 -612 -275 327 -585 775 1404 -132 120 470 1073 1562 -451 -614 731 -524 671 -40 229 252 -50 -279 21 1304 55 -84 1096 437 417 -3 97 799 -978 3 -477 -425 318 34 -616 -125 49 1548 -1016 325 -1029 543 704 -392 533 -587 1326 253 303 566 -1004 -843 1145 228 -22 -82 -563 -313 115 265 -326 1316 -519 217 -749 1269 -173 -404 -423 486 420 11 -790 86 -479 -849 445 -24 676 -1181 -274 15 -253 106 -260 -272 -1670 -865 -337 -577 648 -943 ]
[616 -248 1446 389 -290 401 -256 -355 394 -1035 1226 246 -192 359 -1660 -415 161 342 273 -80 -237 316 -833 258 -324 -649 296 -1104 169 -163 539 -207 378 -643 1392 821 147 -1315 -282 -907 422 -274 -118 -353 1056 361 -523 -735 643 100 -51 1146 -99 380 4 134 -458 939 302 9 -652 447 244 -442 791 152 394 227 -163 1308 -518 -258 611 -905 -856 -540 99 -343 -805 -371 -704 487 -314 694 1202 -458 -263 -504 -441 534 156 -1288 1057 -312 916 958 349 -180 -1229 213 583 179 -899 -232 1287 -910 1050 -242 1174 -915 1362 -588 848 60 379 417 -584 -273 232 242 -1164 976 -543 -701 -13 -56 137 13 -438 183 -478 -868 -248 272 -1138 ]
[1165 45 -385 -62 -1527 621 1267 -319 442 -445 414 527 738 688 700 -621 -36 35 -96 5 574 939 138 33 543 1223 -209 116 -750 -47 851 -348 -837 -10 49 -792 72 -781 908 843 450 -809 -168 -303 922 -147 -869 -703 -69 900 -506 -706 559 -701 329 127 622 606 13 535 457 -251 621 -67 195 -1037 -405 -194 371 -813 -334 381 -441 1184 -1089 -60 -536 179 431 41 -513 1035 -121 256 -16 -345 -177 761 76 990 -1003 994 -224 822 612 -193 342 -669 -501 634 -271 1107 57 -755 352 -781 158 543 -637 1150 -760 -424 174 354 -405 1204 1030 -280 997 638 446 -169 14 311 -48 569 -30 692 -232 -352 -152 156 -194 243 -28 ]
[-876 -740 127 179 557 283 -787 433 433 150 -230 -573 -870 -1315 440 976 224 519 -54 1021 -112 -286 -906 125 174 38 -451 329 581 -1166 554 704 -443 -480 -1287 -536 -355 622 -844 436 752 -790 597 -506 1412 -136 -39 -645 -644 488 207 820 -124 -97 -603 -62 220 -82 -1676 -444 -14 562 21 2236 -1110 -1461 -953 -1261 -51 -1462 266 732 -89 1063 412 45 481 -1764 347 -686 -90 419 41 780 430 -1246 658 55 -185 1691 -154 296 -402 -299 187 -405 401 -1061 -731 -369 1226 -349 1065 658 -1072 195 -160 245 -682 -417 426 -556 874 -615 35 -543 -949 662 -1406 -638 746 -580 536 -646 132 -603 882 -359 -860 -818 591 351 610 -361 176 ]
[285 1182 -28 -88 565 135 1180 -1088 -106 503 393 -578 -1041 -1320 1188 475 956 150 98 -482 885 -436 1076 362 -346 -579 124 114 -311 -253 36 1239 312 -116 -740 540 34 1061 -500 390 201 612 2061 -38 -57 -45 -346 75 1440 -808 -284 302 -429 651 1029 -807 243 -1762 1542 877 -624 -772 99 814 -769 719 692 593 444 -1265 -300 1004 -471 -87 420 -474 -801 -344 210 490 242 729 359 -615 -294 491 175 -95 391 -359 -30 312 -1546 -34 160 62 -386 221 -962 -1069 -882 -1177 479 885 -395 450 -6 187 -403 -181 -1386 557 -658 -35 47 -1170 135 -732 -613 -246 -590 21 1125 -458 223 630 -150 629 63 206 -745 1301 292 -987 -1955 ]
[421 -1117 514 1320 -860 -908 -777 427 642 1229 -292 -410 682 -735 506 872 1175 403 -1246 844 -1124 749 -243 567 1123 -976 869 827 -1356 -772 -418 702 -597 339 -305 -295 -62 -165 5 -286 562 613 -550 545 228 -603 -238 -202 258 1333 468 353 552 -436 626 24 -786 -250 473 290 -224 -172 1733 -822 951 -503 -41 -314 -674 667 -115 -313 140 286 -394 1492 -49 -1856 399 -914 -984 1175 991 309 -1286 -774 -245 1740 -94 897 470 153 1243 1040 266 87 -400 -324 559 -301 -66 -138 650 -931 516 -99 -338 -2 219 -310 -302 326 795 546 -515 -231 123 -796 435 626 -552 393 468 -1071 211 -314 -383 -1131 -943 390 118 784 1115 524 1668 ]
[-1889 264 -11 457 65 -379 -1342 838 -195 39 107 17 -706 -1466 -856 -322 3 235 -862 356 90 -1333 -1029 -134 -361 -17 -285 323 -216 -617 -1182 -144 158 9 819 281 -554 502 126 -76 -1222 454 -185 1129 287 -283 -270 -158 -1630 1551 1284 -427 743 995 589 -407 -121 54 1089 -1370 -178 -254 644 481 29 -29 554 14 -170 528 -470 -1648 -90 530 -566 828 -89 -297 -69 476 1151 -709 1048 -323 251 346 -961 1717 -673 1846 736 -15 815 607 -559 737 -199 1022 -14 -137 -1322 -1413 283 -113 479 -878 393 -61 -128 -1130 508 -665 919 1412 842 -1279 -483 -814 89 -39 -184 -299 -267 -59 791 -53 1518 -551 28 -980 98 280 278 -114 151 ]
[471 604 -54 -23 -218 -79 126 -116 539 -402 1257 229 306 901 -851 -125 289 -986 368 0 -422 648 -31 -630 -301 170 -94 -501 -104 -394 -71 -212 802 689 723 74 538 -243 366 -401 470 719 -1090 224 -106 948 -570 -694 704 -692 -553 -264 -77 261 -564 -648 -423 -14 747 127 -49 -213 57 -1066 981 0 -16 317 -675 1216 626 -9 -371 -668 -1159 -371 -387 -114 -182 -161 63 18 291 49 98 -42 -193 635 -139 -1057 -743 -818 203 6 -362 44 -538 -319 1523 123 -83 -76 -1372 -836 1771 502 189 -552 -130 225 -291 -437 -7 -11 560 1466 606 520 -62 758 -1034 -452 54 972 -1492 585 -605 847 102 144 -539 -139 170 207 349 ]
[-607 1521 -172 -1296 908 821 121 -38 -91 669 -774 -1061 -193 115 -862 424 -500 -1106 65 -609 -283 -469 962 1267 202 495 -788 -34 253 482 583 -61 -276 -1114 13 -266 -54 -319 -345 210 -255 769 1367 226 -665 612 -1258 671 -815 -378 -87 -453 -663 287 102 -94 365 55 -715 381 276 709 -1559 -200 67 505 564 -144 982 -749 -514 429 1162 704 -282 356 -589 -612 -172 773 1044 825 -223 463 318 703 346 -1033 149 153 -610 1361 96 -598 307 -412 81 -521 -855 462 1541 768 481 512 474 -386 -98 566 -130 283 266 -66 -146 79 -82 -821 96 -1382 -808 51 610 -781 676 -536 -257 177 -439 -23 469 637 315 259 -411 -679 -731 ]
[-695 219 1285 1235 402 -1172 -174 7 -102 -748 -660 -1244 505 87 -1166 -375 -212 1373 417 -829 -64 1 576 259 -1385 468 292 -456 200 758 745 189 -919 839 285 -985 408 -848 -735 809 716 -360 -633 -141 -530 483 309 502 -369 -729 -101 252 -204 -212 -347 -74 478 615 178 40 -387 343 182 -1268 1051 -59 271 313 -75 875 -9 -444 685 -860 -1373 -351 492 467 -95 360 93 181 -470 -316 -86 1433 486 -318 474 -661 -460 -1182 529 451 -438 -170 856 -144 -1000 447 153 -98 -488 -693 757 -161 175 -431 -263 129 -367 -9 640 610 -443 -290 382 -627 -83 260 231 -108 -558 -99 -380 -184 168 -107 -186 515 -162 582 -1058 -1385 519 ]
[-300 -799 -496 97 183 -655 -435 1070 602 65 359 310 163 -613 199 -109 172 -1023 155 224 -294 -783 380 -120 -1293 168 -1174 -198 665 114 351 -292 413 1046 -379 558 -420 -558 -84 -872 616 -144 172 -421 -367 161 -299 -486 -143 -153 -272 -434 -549 934 -174 167 -761 -693 -712 -121 -494 509 -756 -1390 687 330 -326 853 739 319 324 -752 -139 406 -348 574 889 -968 -205 428 763 696 -44 -650 549 -299 134 -357 73 -298 -1003 -161 0 -1107 -614 -832 282 154 151 -827 701 243 -534 675 415 303 -225 -131 -74 -166 -78 -927 -401 -378 147 -62 -421 -28 -294 -52 185 250 243 316 -50 13 -761 180 -378 40 -59 312 -125 -128 -306 ]
[387 300 -74 717 -183 72 748 -500 -686 -151 558 956 415 -202 529 -1141 234 -194 191 142 15 383 352 205 -399 847 -435 -311 -264 -664 -403 217 777 476 872 1326 594 41 6 -128 111 9 1034 1020 531 331 -343 -356 674 409 -343 -615 1137 -155 50 228 -828 153 791 -739 111 145 1464 -983 -472 -106 -128 899 -624 205 -138 374 -1583 -261 -1162 -1147 -852 494 -528 421 -1047 -415 149 947 709 -513 -602 185 147 -124 -659 160 413 -332 -425 337 -189 -1104 614 -8 129 575 -869 482 -94 -273 -563 308 -844 462 -104 -466 152 681 -504 313 -563 -1058 -461 698 -110 820 -184 -308 92 444 -362 -309 -674 -950 -41 113 5 -320 -719 ]
[147 228 333 -1010 -793 525 367 -223 261 331 -111 156 -1224 -714 -346 -188 -547 -253 -487 1037 -1082 -1228 -405 254 127 394 -489 910 443 -734 95 23 -253 -313 -1001 -376 -515 93 -444 -33 202 927 -186 8 918 464 -1539 -22 -1453 561 1136 -122 -256 60 110 -622 47 773 -78 -797 -64 -47 652 1420 -80 -652 187 -1173 625 -842 462 -234 991 477 264 -96 -493 -31 20 113 1013 -382 -910 707 905 -1445 -139 -503 -699 1499 -202 753 -234 -678 493 -77 -89 130 94 688 112 -515 1019 861 329 -327 -34 -1311 187 297 766 -644 -511 780 727 -666 156 -457 -326 85 812 -840 225 270 61 150 237 566 -68 -195 -357 -320 778 -34 870 ]
[264 999 628 452 93 -939 614 -1352 280 838 -219 -547 -334 -129 -734 232 421 -880 481 -201 -889 1690 -19 -284 -1222 6 274 -160 501 580 -604 180 -409 -581 -335 -821 610 583 -983 703 -255 479 -101 -550 408 -163 -20 1111 320 202 -701 661 -321 149 -987 709 -290 1054 -992 -120 64 -84 729 315 -226 138 818 -257 332 -1216 1143 545 20 -1382 318 -863 -343 656 -313 -182 1573 -810 163 -647 -50 1000 -1064 290 269 -1226 388 -1464 -396 -864 4 -429 537 -652 -565 15 -125 -238 254 -527 -156 22 -299 -32 -206 -851 -341 -232 341 -457 -403 586 -431 356 358 -488 584 -522 1207 -1066 -411 -1303 -261 -418 576 -894 377 1260 -559 -320 84 ]
[-617 -338 121 -143 -1056 -831 112 700 -111 -659 -100 -743 559 -97 462 977 74 416 155 -293 -791 481 48 -425 -278 -269 359 127 -423 -382 -813 302 -1813 -756 -1449 -777 -1005 807 -986 -153 45 -600 -409 -349 -121 175 269 864 -436 72 -316 695 577 -482 835 -425 -77 595 -443 -288 2 -934 298 1355 -106 -322 -74 -1859 -219 329 420 447 -263 682 -338 -220 142 1841 -357 158 -289 634 -660 202 -17 -615 -284 -71 -182 -236 -914 -381 -694 1257 -5 486 571 -895 110 58 -277 -573 213 -196 -1086 677 1046 129 -432 -102 253 -283 713 -222 -270 -969 378 682 13 195 -652 536 280 928 -833 -498 1178 644 -508 -516 -897 517 244 -110 1282 ]
[63 -871 -1266 -813 -460 882 753 -337 1101 506 409 1716 -176 -274 1000 386 -11 -12 1046 943 -550 -570 -821 -1625 434 -475 -679 698 -655 104 -92 -648 920 -155 241 -11 395 671 -306 -374 -634 -400 494 430 811 752 718 44 -571 174 603 -490 772 1219 -579 342 -332 -597 -427 -588 364 551 -50 528 -773 -245 252 640 324 -448 382 -18 -385 340 504 -316 -744 -375 657 878 405 152 643 201 666 497 983 343 -895 -1207 905 -248 -621 -1297 -1264 99 973 -31 -172 319 -523 -155 426 -726 -77 -504 -602 90 664 580 -600 499 -271 627 -714 -799 849 -810 744 -55 56 432 -1190 -443 155 543 869 -793 552 -876 375 1218 -678 89 -243 ]
[548 -869 -660 2039 -220 -366 -233 1646 -346 -202 -426 825 -92 -587 420 28 225 -431 263 724 -33 -363 -700 5 726 -235 -795 -61 344 -166 265 -61 395 1728 477 397 -861 364 672 6 -603 -704 -821 162 -144 -941 831 -430 -652 -645 -144 81 -837 -339 31 -216 28 -399 -363 175 -15 515 -1129 -251 423 -299 -106 932 305 268 -796 66 20 318 301 508 884 -914 91 293 343 11 262 -646 -210 -500 -661 309 -249 -693 -28 -385 -436 713 -1058 -309 273 786 834 -1249 -646 979 -654 47 -116 167 -412 -844 420 901 -109 172 1309 -192 21 554 684 348 -303 -1173 178 -368 35 -650 1141 -655 -517 -427 -129 196 -1153 -189 855 -150 778 ]
[-317 -9 -351 -776 889 563 -530 991 177 -314 -453 -429 -273 -238 -378 -1 -570 -1267 552 -832 175 118 -874 -295 118 -290 -5 -286 503 652 -671 1199 -425 -229 -106 -317 385 385 261 682 -432 -203 -115 -432 1142 -101 -73 666 -446 978 82 404 -172 121 0 471 -1200 400 -1719 41 152 275 -72 34 -1039 -403 633 -1540 159 -563 250 -798 242 -503 1600 213 753 -327 -990 -429 1206 227 1179 -503 256 314 -16 -738 -801 255 417 -257 130 -1065 -766 -3 430 643 -238 -224 -545 -14 750 -129 -509 -235 242 62 -540 -1625 1629 704 381 -133 496 434 -1294 -302 -245 21 108 -177 628 -90 265 77 -387 -502 169 -60 203 549 265 857 -281 ]
[176 154 594 828 865 -461 -195 -182 -1195 -198 160 -659 -1295 75 -9 -126 -1282 -400 297 -319 -608 -25 -800 -593 -185 275 713 -42 211 660 -697 365 135 1183 -620 -999 424 -569 330 1718 333 -118 -275 -90 -168 626 780 -958 900 -706 177 -51 890 81 180 91 21 322 84 -338 722 346 516 735 279 -666 -597 -476 692 306 -117 73 -824 1005 -236 187 764 -295 399 318 244 451 28 -433 9 904 30 475 -9 -82 470 630 -860 -244 -374 329 -759 1281 -711 1082 403 -397 -559 150 655 -148 459 -1182 -885 -330 -136 322 473 1395 -292 -699 286 198 -352 990 585 -151 -183 443 -744 623 829 477 -446 494 -662 -540 -557 -881 367 ]
[467 -781 35 1371 -585 -1101 -570 1372 834 -944 -276 -1155 -3 125 294 1459 252 1305 37 1188 -813 315 -1479 76 807 -1024 281 -435 -917 -1184 -353 -586 -664 341 -123 331 -1421 185 168 -199 64 -620 -663 -598 -125 -250 38 -318 -198 -299 -23 347 785 -221 246 252 1048 -27 291 462 -91 -709 6 27 764 -496 -350 67 -306 1234 -361 -45 799 896 38 756 -230 221 366 122 -1538 1079 307 412 -514 -859 -802 926 472 -671 196 -448 -511 2068 223 596 -49 463 408 55 218 -313 -361 653 418 -649 415 25 225 215 -1061 572 1318 -144 -399 -51 408 45 833 50 -139 581 -746 -306 226 -1083 817 -626 -1110 53 -816 -159 371 -383 -337 ]
[853 -493 -99 465 122 -224 -81 245 448 996 -346 461 1281 252 -395 609 -526 -116 -286 9 -449 527 -182 -38 -36 -679 285 -642 -1010 -371 -8 1618 -601 -815 250 -333 301 82 196 -634 -1608 812 961 44 -81 -111 29 585 -5 273 -1 1221 -609 -697 -157 511 -784 60 -604 -568 59 -863 514 -819 275 452 59 300 -578 -655 -836 -194 189 159 -376 21 -508 409 103 1026 27 551 874 634 -163 1492 1427 -306 -195 -746 796 -701 249 1271 -465 913 97 -545 -538 839 69 241 150 -922 234 -370 646 414 -8 -337 843 -481 119 -99 -676 648 -152 -153 1180 -973 251 613 -249 -913 264 310 915 -345 -326 1260 293 773 -85 164 -534 ]
[-493 -220 182 252 985 176 1020 -166 -1094 173 -271 384 -479 -1297 391 1564 119 79 -206 430 -178 -1053 -683 555 905 -742 568 842 -602 -277 401 467 -155 402 -867 -73 309 16 -1631 -91 -438 -199 430 1412 848 -651 518 565 986 -365 385 -962 325 -425 408 475 -452 -573 -260 296 -248 171 -207 154 -530 -564 373 186 242 -438 -1030 -51 256 -68 492 45 -1159 -92 189 679 404 236 385 -436 -1063 488 -1044 688 296 -923 722 315 -973 -776 140 -1103 866 760 -389 216 360 -266 117 1207 -763 -23 260 98 -1281 -590 -686 1071 -452 571 600 -102 -845 899 -190 -236 -330 -54 323 -139 -145 135 143 -1156 -555 1102 -69 394 534 -827 -960 ]
[-630 -414 -606 898 172 1023 -74 1078 623 424 187 537 443 -295 300 237 470 -1939 368 1016 388 -316 -362 86 -450 -225 -41 -285 -651 77 -264 827 -218 102 63 654 480 -324 1532 -819 -55 -147 -404 346 514 -875 -352 -1034 346 1732 172 -406 1158 1194 -481 122 -161 -781 1133 819 -1090 374 270 -66 -436 -162 919 1597 -650 -82 -90 -482 -179 -413 -310 241 -686 -265 -85 255 -230 550 938 972 -640 -102 -101 282 75 668 375 -28 1285 199 610 588 -767 -299 -500 549 -450 170 393 -1566 486 149 99 205 1458 609 622 -159 -358 111 -529 -310 459 -163 462 717 -702 -215 112 452 -137 936 289 1065 1241 -773 460 186 838 1043 -6 ]
[-469 556 -940 -1176 -816 1126 1247 12 -15 -417 1345 93 132 -701 940 -172 -1309 1231 177 113 448 -893 -886 -896 1155 451 -541 -452 824 637 26 -491 -247 -738 525 -871 251 -299 -501 763 -38 -324 -832 -120 270 1355 953 -654 -196 -76 934 169 711 -848 -39 -125 -251 98 -610 -629 933 787 -291 1244 -413 -1142 -806 -799 197 -259 -212 11 -401 -185 -174 -1006 -693 976 348 -105 -440 281 56 870 -137 931 514 141 -753 866 954 511 -761 -184 7 115 -1 -101 -494 511 -829 128 -500 822 649 -1100 307 489 -1815 -936 -994 -59 -190 555 689 196 -17 -1086 180 230 56 3 135 354 -6 560 858 -213 186 -374 -338 163 -560 29 -798 ]
[179 -231 277 -190 -52 -749 135 93 1749 992 -1036 -113 -185 1 -328 -239 -167 164 82 1349 -566 -277 535 -1110 393 785 1339 769 -953 146 -1204 289 -556 580 -825 -100 -281 -337 649 35 289 281 -47 -675 -9 -97 -179 -548 1026 38 275 -555 -345 595 -982 280 319 -148 287 985 159 570 1271 -725 1685 -92 -133 715 690 345 616 -353 929 27 -256 1098 -30 -869 1335 584 997 -504 514 -767 -850 1664 -525 1588 -48 -79 -698 382 -340 776 418 -350 297 -172 90 -72 -500 166 265 -110 237 -447 161 -97 -176 -300 -790 -614 244 778 -285 -548 890 30 729 18 708 42 -728 602 622 -609 104 -427 99 -119 -314 790 -287 829 620 ]
[643 1439 326 -354 -179 -781 884 -420 287 -469 28 -234 -568 -8 726 -466 -104 642 -409 -1090 860 885 400 139 -879 568 -78 -132 355 4 452 553 -588 -904 543 -561 251 479 -1165 1223 -37 -182 386 653 -370 353 -1375 -642 1225 -694 -992 296 278 -524 1199 359 -1086 -202 -53 709 238 -577 -631 -946 28 848 -484 -364 -395 -888 -52 639 -1525 236 76 -337 70 1192 -14 -15 455 98 762 851 402 661 517 -375 858 840 551 281 -981 428 837 -1014 -985 -120 1071 -290 -59 760 38 593 -495 171 164 85 -1603 -505 -768 -567 -254 -117 285 381 137 -224 844 -175 -232 -1041 763 -308 1238 583 -164 -57 597 537 -273 951 -178 169 -1939 ]
[-576 359 -726 -330 -192 304 -312 -132 -87 -1224 749 -257 -524 554 1628 301 -1226 935 -303 -709 86 -155 693 601 165 -301 -559 -951 538 473 89 74 -152 638 713 -419 -513 348 -463 321 -409 210 -1281 -838 -593 95 739 181 -278 307 -610 -797 1067 -1078 -648 -324 579 -267 347 688 457 -529 -491 120 492 377 -117 72 -809 650 298 -455 156 636 264 671 1200 714 -264 108 -284 862 201 860 -555 70 -64 -1514 70 231 376 1331 197 363 -245 1029 -645 698 818 590 -355 186 -656 -536 852 -67 142 -1611 571 1086 -315 -257 -295 575 360 221 16 -338 244 -32 -1015 -821 453 1054 -624 -52 232 313 529 -127 248 -608 857 -26 414 ]
[342 385 -62 -73 102 -693 -349 974 672 -240 -360 -659 560 283 -632 -238 568 -54 917 -906 -265 499 -655 279 140 -470 347 -162 77 455 -326 608 -487 738 63 1174 1428 -17 162 752 826 358 399 261 23 -157 250 736 473 -28 67 1175 894 -344 -787 -219 -628 -540 -268 95 189 366 705 -563 31 224 1157 126 668 -190 -59 -56 1143 -1297 660 -201 -542 -45 -119 140 175 -181 1502 -1351 -527 968 -69 -853 89 -1902 1000 -432 156 642 195 -1038 41 277 -120 -731 101 588 -242 -593 -671 177 -1107 36 588 -1660 -38 373 727 -1285 909 166 -993 1404 -358 -768 -412 -155 -127 -645 -211 -302 -560 -365 143 726 532 673 -344 221 -511 ]
[-401 -176 292 947 58 329 -75 603 408 -188 -97 624 -199 -33 -877 -856 464 -218 574 -132 98 -152 -151 -355 -364 204 137 -355 400 15 243 -320 262 766 -177 1411 222 -766 176 -849 -523 -444 -50 514 1101 -454 -431 -108 21 -787 409 321 -550 877 -89 292 -226 -140 1311 254 -299 -270 -488 -597 806 819 509 -59 -309 1344 -118 -460 -233 -1108 955 -307 -1389 -702 -644 -544 -15 604 1128 -769 827 -1252 -1742 699 94 -811 -360 -589 106 -135 -406 -372 1133 1242 788 -382 -250 502 -396 837 72 -125 717 84 -156 -1149 799 207 333 -148 839 1073 341 -460 976 216 -297 486 298 -394 -558 221 -428 -276 -468 -165 -706 -439 -697 871 44 ]
[-1178 217 143 -347 -430 -721 -690 1110 298 -870 286 -168 206 293 -1402 221 -276 -31 406 -1011 -423 360 -701 656 -354 215 -86 -378 -179 452 426 -538 564 1424 165 549 315 -678 509 66 961 -326 -348 -449 574 25 90 -560 -1426 703 808 -49 448 -242 -1413 757 944 -14 -229 9 493 493 -778 1073 1386 -282 -649 115 80 872 1007 -1345 993 -31 -268 -325 327 379 55 19 485 13 247 -145 873 -436 -1088 -3 -306 -594 -389 -798 121 -249 -416 -821 1881 -29 662 283 448 958 -629 -146 -92 -743 -274 -684 75 -922 499 -646 -768 -582 378 1443 181 889 -365 395 -379 -663 -972 714 -1492 474 263 -61 109 157 637 -692 -965 -288 1220 ]
[-775 -237 -995 -262 -407 -334 -761 217 285 -665 482 394 1505 834 116 133 508 985 341 -223 1108 333 -455 26 -176 371 -759 -13 -1269 898 516 109 -277 492 513 902 579 -500 1852 -405 -263 -115 12 245 -1277 -336 -13 246 1157 -5 -269 -1179 19 58 -631 281 541 -363 -37 -544 118 811 296 -1264 -438 -1460 -437 327 -473 2 -611 445 372 -838 -291 -390 -1540 -301 549 871 -681 -266 -113 -1002 -1582 897 -637 395 1021 -1567 47 -267 -185 678 -676 128 645 -191 -1332 201 -217 582 -355 -989 -218 -345 -1045 496 823 608 -596 386 883 -528 -173 478 307 161 -370 -54 -979 77 -277 -1355 105 -917 -599 127 974 -192 1498 892 204 -165 -354 ]
[-28 629 713 -718 36 -384 -260 319 1208 -227 -703 151 -234 314 -353 1006 219 52 -446 -378 235 -289 -91 -75 447 -27 284 -265 -315 -67 -406 -192 -309 -722 -392 260 390 -499 -794 -874 -183 -793 -530 -829 231 116 -425 -585 963 -863 618 320 -809 -238 285 260 -634 -327 -454 419 -155 250 -518 -535 1065 396 267 -688 337 410 -821 -1129 609 -1474 779 250 -473 -77 651 -477 505 195 1346 -965 -389 -335 -702 551 378 -704 150 -659 -468 -87 444 106 548 622 969 607 -634 -612 -237 482 -37 -430 -92 411 -22 -1183 449 236 -193 -572 933 -106 -68 585 259 -405 -755 -37 -223 256 135 -92 -39 -601 346 1184 -838 325 -21 615 -589 ]
[241 -34 419 -90 -182 242 -105 -310 795 540 393 393 199 712 -312 -160 -867 -127 -289 187 -103 1366 -551 827 -311 655 286 317 346 -142 -509 -492 761 -855 1097 -307 2 -135 915 -591 -432 619 -975 -425 816 -4 -23 483 -454 1320 789 -228 163 -964 -397 1061 74 998 -651 -536 501 -81 685 304 -456 -24 -253 476 -681 371 831 -828 180 -573 137 34 22 145 -134 -1039 -415 -899 754 575 -313 462 -268 158 -539 1051 -10 -530 1941 -402 -43 694 213 -695 857 540 -636 150 130 -720 1106 -813 85 67 235 375 240 -613 -160 -165 102 497 -642 -273 511 1024 23 240 -151 133 -638 -359 -480 -177 548 -592 320 -706 -1214 342 323 ]
[-1020 348 894 -445 -753 -1014 -863 658 379 -346 -255 -228 765 156 -1254 -1046 48 -211 49 -423 335 33 121 288 -1899 -160 798 509 -515 164 -905 -301 -873 557 -529 619 230 -1036 495 152 1355 665 -1000 396 -36 -361 -174 220 -404 1465 -72 -19 773 283 59 -539 -376 146 1118 406 -134 475 914 -474 1316 407 1001 -29 -1 1167 1007 -9 347 468 -583 576 481 -57 -428 -25 123 589 1034 -413 216 -105 -1322 161 -463 492 65 400 1486 321 -66 -336 293 586 -938 462 -34 935 -307 -1134 -7 -576 456 -450 827 -164 293 -250 516 1103 678 472 -851 336 52 784 -675 167 -482 1065 -398 49 -24 -502 -97 -564 636 -343 207 254 1190 ]
[240 258 -479 -1779 169 165 585 -315 -63 384 -1087 -441 243 140 421 819 656 -181 -801 362 -520 524 920 204 767 173 1297 711 -129 -365 -1036 131 -145 -1470 -721 -590 -529 663 -827 318 430 666 778 954 -502 -525 -670 396 -179 -600 353 -751 -402 312 145 524 -528 420 -49 491 -533 -1183 -39 -685 -215 919 315 -65 -41 -700 769 699 -205 857 957 572 -974 1089 66 167 -274 -626 -643 694 -264 877 703 68 369 649 -824 517 40 505 1283 -1085 -111 -854 727 -661 -215 117 1134 746 -1536 -908 -356 286 -1030 140 280 1410 -942 -638 -962 -214 -198 340 431 -185 908 -217 140 107 -672 401 -771 -196 -539 40 -297 53 -384 583 181 ]
[436 -417 -861 1557 1059 -1426 -1023 1185 771 -290 -665 410 197 -75 -638 142 81 -623 500 1584 -650 -290 -420 757 -614 -823 32 -20 313 -859 -37 451 889 1455 -612 556 -776 836 705 -726 687 548 177 -935 -650 -1816 237 -333 -583 342 -52 -66 164 -147 -982 -569 895 -728 330 -463 -845 -165 -314 -633 261 -541 -263 1145 -418 386 357 -716 739 695 414 239 826 -22 -23 587 -636 -281 5 59 194 -847 255 1206 701 -240 -766 -706 614 1201 -838 -14 -477 599 1112 -311 -397 -754 643 -4 -562 18 -370 -971 799 616 551 -783 -347 -431 -76 1507 -380 1378 -400 -126 1087 -404 -499 -229 46 -100 414 552 -997 38 687 -353 706 -138 1248 ]
[-510 -738 -118 592 393 229 447 -736 288 405 495 756 -880 -676 -147 -398 -142 -203 506 1726 23 -217 -718 -937 967 -1061 -423 364 -854 487 86 -629 1658 205 691 963 -57 840 118 -991 -1505 274 221 452 197 -269 -247 520 -388 972 -435 -731 284 742 460 323 39 -160 1668 578 283 -458 -142 204 -1236 -98 -85 55 -1512 589 -431 -52 -31 14 226 -727 -8 -1827 89 -73 -905 263 90 1216 377 -266 259 941 -909 491 886 -613 514 -693 -565 473 464 610 323 -529 743 -553 590 581 1279 274 215 -174 744 645 -560 -135 455 1222 -1513 449 659 -1667 353 -113 -276 -586 22 -1060 886 -514 189 -41 46 -405 -24 364 676 -510 -1021 ]
[-553 493 -1087 -53 -83 617 857 193 1263 384 776 327 1231 -333 -155 -502 1011 -1841 299 -356 358 232 945 -38 -477 283 -1387 -705 1328 698 1255 740 -86 -388 995 -567 245 79 -14 571 497 -681 -216 274 -17 347 -1236 -727 192 -968 -1879 641 -404 482 239 427 -10 -212 -1392 303 -681 914 -1013 -1446 -464 -372 825 204 1015 -907 -358 200 345 -916 -372 -750 -348 498 -327 -1011 169 821 -671 1161 215 -192 102 -2330 465 49 -453 -520 276 -430 -362 -834 61 -1402 -10 -484 281 1182 -9 -557 -223 395 -900 235 -451 525 83 -430 -857 -1736 510 -622 417 -1100 530 146 -304 -1173 1689 7 328 -112 -967 5 1213 -104 815 882 61 -191 -862 ]
[353 -480 1767 -62 1172 929 492 -1079 240 -126 -711 282 -441 869 -551 -433 -308 489 19 -678 89 829 1100 1191 -407 -126 -661 -533 -93 -276 587 -484 741 -308 228 -502 434 -544 -106 473 53 1356 650 -60 177 340 -630 490 219 -459 -520 591 -673 84 31 653 -261 793 -284 104 -260 75 716 -415 244 286 36 341 -864 -511 220 1061 113 -547 -19 191 702 -413 -650 327 441 -762 -500 1199 692 -823 -441 -657 531 58 753 -445 880 -706 679 647 -675 264 -808 161 944 -192 -50 -204 485 290 902 575 1403 903 91 180 -183 -21 -1384 588 -1239 -490 68 84 308 500 397 -755 763 -1025 -251 -731 -92 -884 484 -548 58 764 -419 ]
[-271 1086 500 -996 -583 526 1359 -1222 -135 227 349 -351 407 566 -419 -1155 -323 18 513 -987 -524 660 -24 1097 -436 -106 316 429 -209 474 658 158 -661 -1344 520 -250 308 -304 -608 -206 -940 850 -185 830 270 336 -738 844 -343 1030 490 241 357 -1992 -160 -597 442 168 -76 -272 382 -630 -582 1054 782 230 217 -908 -712 253 198 483 466 -144 -934 -1041 -1282 1343 -244 -232 -619 734 -793 926 -261 -33 -165 -681 -1193 -767 1108 -173 775 -101 1241 -366 804 -489 -830 1329 991 310 -1406 -519 161 -39 1601 442 250 1095 -454 118 -613 56 46 846 1363 -604 643 761 -1233 325 -149 480 -183 1051 125 949 617 -241 772 -256 -670 96 361 ]
[15 184 -554 -366 929 428 1935 -1036 -92 562 444 1248 -94 776 476 291 569 566 -586 143 -119 135 921 662 1030 132 263 952 -456 327 -45 802 -20 586 267 500 1063 380 -616 512 -106 781 55 206 -44 -765 85 -215 1527 1444 63 -771 1319 -244 -857 363 -19 -108 -95 136 -808 153 1272 -4 -200 -233 -255 246 -387 -1505 217 211 599 -1440 215 -458 -1039 410 12 1178 -514 -589 -473 718 -1237 608 -416 404 918 -1057 806 282 290 -259 1623 -23 -448 -899 -168 889 -63 -151 -23 -187 -1380 354 -668 91 637 355 -48 204 -1273 -55 -2 -649 134 157 -194 -135 46 477 1069 -743 593 290 -571 643 433 -381 837 582 184 422 18 ]
[-1624 1404 -377 -1157 289 761 136 70 386 302 -386 264 641 1070 -477 -129 20 31 739 -912 -740 -75 1928 1091 -137 -204 -661 640 -246 -270 -995 -776 -595 -365 379 -239 1374 -287 69 2416 266 604 1043 448 382 1161 610 624 -799 -324 -533 428 1755 -571 -86 -467 -373 547 -1106 -1572 -475 894 -99 1066 -109 72 805 13 811 80 687 759 -33 667 -191 46 -275 906 277 -346 85 193 860 -532 132 231 -553 -358 -34 -973 711 1784 207 -352 -1130 -1015 355 -381 -813 -991 -175 713 722 -593 -1288 625 -689 1038 -670 -604 21 873 -685 -206 861 -1495 -829 226 -128 568 -115 -405 8 994 -557 310 60 -808 823 78 1914 285 -1093 -679 586 ]
[-912 -730 432 -854 846 988 -571 -626 454 -251 362 -900 -1159 294 31 628 1125 -360 -328 -950 -317 927 793 912 -172 -924 424 -110 -555 -316 71 660 214 -28 -618 -40 -638 151 452 954 899 28 648 -427 -188 -1265 -209 779 -167 1486 49 -520 -637 -1300 -340 418 26 -229 -188 870 -39 -208 219 1586 533 -126 -84 -864 -628 -1650 613 125 979 384 977 780 938 -596 -858 21 614 -337 -27 -94 -1396 -598 -396 -110 625 1143 26 17 56 -571 23 -342 342 818 -374 -652 -547 -247 1230 -877 -1259 -92 322 -342 1364 2 1024 -548 -568 -1158 184 1307 -1903 1397 -337 -131 -318 -489 882 -913 -9 166 -609 612 356 44 838 78 1291 942 840 ]
[358 -34 -780 -274 -700 -149 52 294 915 -564 840 1108 16 668 -1605 98 -440 486 -773 292 -1345 423 130 -48 1842 -619 -9 -89 -238 -130 -443 -73 -203 -97 47 170 -698 379 771 -851 -926 698 -362 -1277 749 -458 -935 -46 321 406 -673 -474 448 -453 -1160 -289 1443 353 21 -305 622 -529 -424 417 1612 -310 -565 -476 -155 175 18 -302 1268 491 -4 -139 -586 -42 882 541 -888 307 -249 1052 572 -444 -1375 1446 556 -521 -520 340 -71 1159 395 657 -889 -275 789 1373 -162 -516 -68 -579 348 -302 46 -690 761 95 131 -1530 999 752 123 1397 1393 -74 223 519 -494 -469 488 251 431 -1187 -1 853 225 -169 761 -696 484 581 1548 ]
[892 27 -761 -76 856 -116 803 -1091 -402 153 -742 1184 -307 1224 -402 -394 39 -365 -517 -878 -935 1142 1643 -96 918 225 -316 -585 59 -1351 -439 -634 1511 -219 423 926 329 610 -679 -232 -540 585 976 738 1025 358 5 1280 -173 -301 -1354 -575 445 -806 337 47 -96 303 101 -591 -23 -148 572 -1489 1248 373 333 738 325 722 -1160 1040 -1097 320 61 -282 -301 -823 878 1097 -1026 -648 152 -629 -724 766 -297 556 -256 -1343 -607 316 178 97 -315 -22 607 -649 2008 184 645 810 -1156 -536 -181 -812 -994 405 -197 1744 -573 599 708 1014 -483 -62 742 -120 -90 -1034 74 -94 -650 -145 -535 -1236 288 -671 -594 591 42 8 -992 -836 505 ]
[-799 -7 -369 882 -315 433 -219 1341 -84 -330 -971 -357 845 609 -58 -311 -183 48 193 -660 877 -1389 962 657 863 173 -419 -400 -598 504 380 -762 -1030 584 -796 998 163 -679 809 622 -518 -200 616 -961 -263 680 994 1053 -111 -595 111 988 -908 561 -976 6 1192 -301 -71 -1018 -138 -125 -826 924 157 873 402 90 1179 871 -432 345 472 271 -555 369 -174 664 447 -205 834 866 -37 -949 1439 -977 -1291 -463 40 -674 -97 717 -735 714 -666 197 1244 -262 -1057 -811 -259 1659 130 751 -950 350 248 175 -698 -614 -270 431 457 -671 -29 -812 913 -660 430 -970 437 1131 125 -48 356 -219 -83 -561 -135 -249 -525 532 -407 -635 125 ]
[-128 22 -723 -457 305 149 -759 471 262 512 -1376 -442 715 0 -60 320 132 401 -130 -71 -900 -671 -167 538 294 1656 1286 619 1098 -564 -289 -467 -1217 -264 -1065 -282 -502 -285 -1762 -279 -27 55 -673 -388 -422 211 135 1198 279 -112 1423 650 -547 -30 -463 432 465 292 -1465 -1360 417 1524 431 850 -338 276 240 -409 841 -455 356 -260 1059 -997 -524 421 -750 168 402 -226 1110 -670 230 -782 169 -699 -684 191 869 -617 -190 262 -310 329 -23 -232 669 202 603 1104 -856 5 595 -660 -1594 -247 -329 178 -390 -735 -3 -173 654 -1442 300 -1274 132 -528 -1049 -866 647 512 -826 -1244 868 -218 167 -1163 -1028 -510 -415 187 -1602 843 844 ]
[-1120 -37 -235 126 -879 682 449 -30 -109 -701 510 -1116 400 41 1225 165 95 1270 -340 -596 408 -402 1081 -276 102 237 52 -90 -902 292 113 141 -265 1285 623 -185 -728 151 391 1211 -522 487 -354 354 52 395 -337 244 254 -632 356 -1724 564 -211 -216 -143 -76 243 1440 -60 474 -986 -143 294 496 110 126 414 -322 751 759 -220 -248 265 -392 318 -450 939 422 -6 187 195 683 485 -200 133 -754 893 544 -25 -384 952 -1024 287 -1663 60 216 613 -214 -543 -1283 89 672 -238 -185 678 500 -846 -554 194 -457 418 -736 1261 212 151 1215 -530 432 839 -614 -71 90 182 -1019 971 1 949 666 139 -102 183 -152 -1 959 ]
[-844 516 1127 674 1079 773 192 -1243 107 896 -160 -317 -353 -831 -416 -865 469 -969 -1000 -574 308 -647 1900 45 -1387 1241 330 -363 842 205 -31 588 -15 -1586 -792 -126 788 -331 -1443 18 -396 790 242 -188 236 -37 -95 700 747 615 183 241 -1007 380 402 511 -1003 1177 388 -202 -1029 -906 344 80 -438 878 185 41 -202 -506 371 466 -576 -913 267 -773 -43 120 125 -646 -396 -5 -958 13 1177 165 658 -343 617 1428 -555 400 677 -986 684 -273 -473 -808 -546 -809 219 38 1166 -14 -416 777 297 -617 -372 -608 1146 -328 -421 -95 -668 -204 -66 -543 -23 482 934 -555 323 -29 -1225 209 -793 1310 49 52 479 -680 -206 -130 499 ]
[1066 -619 153 576 1082 -206 -284 437 -1080 -443 59 529 -443 -699 400 -112 -46 81 411 -84 803 -145 -4 121 0 -920 -256 -565 44 -1106 164 819 245 955 123 814 -339 -305 -228 -132 -369 -7 286 457 398 -1144 790 102 197 -557 -334 43 -61 301 1130 -290 -522 -474 413 952 94 -687 -731 -552 -676 -12 -304 340 -381 -55 -292 290 -675 268 346 358 543 -677 -695 751 -196 209 268 -589 -795 585 841 -445 -894 313 -755 -205 -230 50 450 242 -561 991 329 -869 823 -588 -542 1422 -193 264 68 896 -164 439 68 1007 1033 -260 56 -864 -880 38 -165 70 8 1130 138 98 615 -136 42 34 -604 696 -1183 -639 710 -341 -1526 ]
[483 348 103 -29 57 -230 1151 -356 -958 -789 -400 -314 -1397 865 89 -462 -433 1928 -386 782 -241 -364 -230 1017 1407 -280 -251 488 -413 -29 -247 -624 1297 676 653 -667 -563 1480 -600 584 -353 1207 14 222 -1384 605 173 255 -557 -2181 713 -276 536 -585 20 -704 174 428 167 -1263 160 -242 -243 -271 27 -1231 -1228 189 -364 1088 -257 128 457 -36 575 -183 116 619 260 915 -1009 -491 -875 1075 -14 -160 517 -2 276 -888 -1003 122 -481 1009 706 770 -390 -348 720 395 -544 -969 -1624 1200 -435 619 234 -341 -744 719 -382 689 -284 309 -165 -758 0 9 -743 5 -55 606 -589 800 -215 248 696 -277 -524 902 -365 -276 1334 -556 26 ]
[739 250 -641 -301 -46 486 1005 -48 328 263 52 125 130 -693 -627 -953 -54 302 864 299 230 283 121 -1007 544 -683 -397 404 715 341 108 -529 -292 -258 185 328 -9 872 292 -1890 166 -364 727 515 876 -387 -560 655 106 -9 -1274 33 485 581 -867 -686 800 -1511 57 -238 -172 -242 -679 -787 -877 45 522 976 273 -620 -256 -608 779 -670 164 -821 -695 -163 384 -263 340 -257 251 259 -861 1451 77 -139 -781 -1206 393 -875 699 4 -681 -684 232 -324 402 -500 -190 -787 205 -136 625 1284 299 676 1385 1179 -610 -367 -223 154 1416 691 1269 885 81 -306 -955 -589 61 435 1349 -1477 -655 -313 976 -573 272 865 -92 301 -1589 ]
[-166 -426 171 338 1198 774 718 -749 -293 485 227 276 -274 -555 152 -55 96 768 -477 119 179 -1906 -189 -1163 1590 -494 109 704 -1244 68 602 597 708 596 721 546 -375 1227 -453 -658 -1234 718 -736 480 -621 -164 264 82 -32 369 1061 -491 115 -49 389 -686 -854 -636 642 -660 -44 226 399 -41 -1014 -926 315 -508 -747 -185 -489 -965 1052 -1073 797 -130 -377 510 317 74 -358 -137 -577 869 -39 14 36 -369 -541 140 1438 130 -337 -598 -354 251 -234 104 -348 573 -378 -864 638 218 194 236 111 126 670 -711 267 178 -918 1073 1081 -635 -68 -582 -172 239 -176 -272 -15 -976 222 274 1185 322 383 572 989 992 1057 218 -335 ]
[-398 633 63 -18 -1285 278 203 399 666 902 310 -14 -387 -47 276 468 -352 8 -808 698 -1234 866 99 1406 121 -229 -749 650 585 -344 810 566 325 -1366 -425 -895 546 -53 -543 748 -121 711 -860 304 921 -135 -454 -426 310 -128 821 818 385 -1286 -323 361 644 932 -1530 -1052 1053 -1374 -668 2000 413 -52 -631 -1115 -189 -1099 813 312 276 442 302 105 52 603 713 -658 27 177 -136 1676 1124 -929 -975 103 158 -719 674 546 135 -497 1038 28 -210 -433 303 1395 1125 -670 -820 590 182 974 565 -764 -405 145 -33 -349 -101 -443 732 -274 841 744 1121 703 62 -511 1011 978 -615 -579 -561 272 554 -129 514 -990 568 -646 1452 ]
[-98 780 -463 -43 622 968 -461 662 -1029 -1123 -95 -432 -277 -1373 -351 133 40 -945 -179 84 -618 -156 -60 491 306 -41 -205 -956 652 -262 -83 63 -260 -1033 -936 -523 -1262 307 -1504 -51 -830 1153 178 666 642 254 -1522 588 140 -951 -176 -1287 -119 -12 1463 -199 -548 -149 758 -245 211 -754 -1489 -660 562 302 509 -611 11 -212 -533 -156 -889 106 8 287 -1170 1236 -687 -820 -40 -123 1343 1724 1 -109 -490 795 832 789 -661 -119 -543 62 -497 -484 -829 -44 1010 382 564 -227 1349 604 -535 -156 741 -49 -1277 -83 -139 103 8 859 -990 -72 511 -1113 -284 397 87 -313 582 -740 -196 -178 342 756 436 -126 -109 58 -249 517 434 ]
[240 -126 -1563 -360 -780 187 511 557 63 -438 1065 729 -443 -84 1335 578 108 63 101 82 75 282 -245 -413 285 -61 -1106 -819 -230 -209 365 -451 996 -105 1018 347 -495 669 145 -86 -689 -568 871 -61 200 257 -359 -180 43 -221 -722 28 1455 121 1257 160 586 -643 604 846 218 -924 -1379 386 -252 565 -316 291 -267 672 -938 370 -1063 978 802 -552 165 -22 390 218 -1594 1281 81 84 691 -929 295 -98 365 -271 211 676 -1315 540 123 105 125 355 1081 -1099 167 620 -614 628 231 241 88 -98 -723 -10 -1204 507 -568 32 -423 -303 1373 -988 842 -217 -787 -523 -355 893 -187 337 -383 3 699 535 -27 -938 263 -311 -1131 ]
[1555 -424 -407 241 -1038 -39 -181 340 1610 -506 -801 73 1904 218 218 -113 415 -447 141 180 -189 1240 -475 -439 -667 217 89 -528 -693 -1538 -185 663 -1053 -480 496 317 -1108 24 895 -708 66 -823 -236 270 44 -200 -1187 -633 -152 316 -856 927 -159 -64 739 -508 420 -365 42 425 -184 -214 -486 -1031 -543 563 465 -13 -19 -516 -181 662 -119 682 -1002 -605 316 466 -302 -216 -784 -401 -468 808 -212 37 -476 271 -338 724 -1252 -265 538 500 -698 -89 -1154 -697 -208 -329 341 459 761 -644 -334 -210 -20 459 542 1532 -619 78 859 -1227 -1274 625 1 -1050 296 249 976 1013 -132 -176 734 16 106 -358 -237 -1124 -496 -42 1312 617 -493 ]
[-275 -947 789 198 -81 405 522 -149 774 889 351 -111 41 -473 1579 -347 110 1799 -480 -405 1371 -560 136 35 248 -306 901 424 160 1697 -6 784 -110 -6 -1118 -325 718 -332 -96 302 1158 -650 -205 -1711 -159 -53 889 -991 952 -260 404 1410 -104 -327 -154 313 127 -449 -744 846 15 -396 1216 666 156 -225 -802 -111 497 -966 283 -235 699 -653 782 119 477 -779 330 -932 61 178 95 362 306 -353 589 -1097 -21 96 1239 683 75 114 673 -66 -475 -581 -1363 -81 297 -633 3 82 -242 787 -312 228 576 -902 -205 -712 -1120 -701 619 -91 -326 484 932 212 386 765 542 890 -78 -20 218 -268 541 -135 416 -393 -100 391 84 ]
[514 -901 -610 366 -583 202 237 282 560 -99 -54 675 177 491 1261 44 -1038 316 107 631 -28 -21 -97 -174 -408 557 -814 177 339 -398 685 -1145 354 1700 500 -674 -340 -1042 1181 92 -207 -377 -631 -1084 -148 594 11 404 -583 93 -339 -287 -261 506 -722 631 609 -104 -201 312 100 53 -19 -238 -160 356 -836 674 22 694 543 -662 -45 1456 -535 1541 1759 -700 433 -75 858 147 231 -925 597 -1036 -439 259 -433 -345 -177 120 158 -389 -942 -16 717 1025 169 -741 -521 274 -120 223 1543 266 352 -629 23 773 -1329 -700 -678 369 -589 890 610 81 870 -347 797 -116 -366 1240 962 -118 -181 -378 -339 -495 -188 -537 -1120 -49 -804 ]
[429 -250 -674 488 211 11 -1483 469 -474 -233 -405 41 68 -6 98 -292 -286 -343 115 649 -859 135 181 153 -549 272 220 -405 623 -252 -537 285 764 233 -87 426 -472 38 898 -25 -853 1236 140 194 -58 -560 -190 575 -266 -953 -547 352 -325 930 -287 -819 403 140 909 -1638 -134 -394 -611 -681 283 748 60 619 -768 148 699 -73 14 381 344 -82 71 49 -628 -129 84 -869 -82 -17 428 -330 -253 197 144 638 -114 -481 -89 247 -13 49 -334 1139 234 -834 85 -272 592 300 883 42 -387 -561 733 -272 1279 -279 666 -517 -590 -218 -230 -318 175 -195 152 -897 339 -937 132 -866 -646 615 305 -172 262 -411 -197 428 -15 ]
[-737 269 -86 103 1615 -2 -754 763 -665 963 -541 -71 -66 -84 -614 630 755 -744 -329 -593 857 -1098 614 1264 -556 162 289 657 -163 -617 -410 590 6 -156 -882 911 612 14 -345 418 -349 87 1587 240 -513 -86 548 1201 186 134 879 214 -1348 53 -178 234 505 70 -565 -447 -1115 336 435 506 -273 682 553 357 476 -849 -595 288 81 132 241 536 -347 -214 -504 1475 879 -177 -608 -1426 301 350 169 -466 559 -552 -272 446 -287 343 -164 30 238 -658 -1018 -287 312 276 -161 703 -1131 -37 -294 339 -644 -731 424 455 299 -1004 45 -989 -376 -11 -997 -628 1279 960 888 -134 -192 260 -470 -423 -655 292 125 -152 326 -544 -394 ]
[495 -257 -1107 -372 -985 -12 1528 -930 1268 589 796 -102 -311 248 1244 -514 -627 -428 -680 46 -587 1541 1008 -645 1624 1085 -1059 -852 794 -380 -407 -907 1340 -23 1143 -1200 -738 -16 1042 353 -158 434 753 -237 468 1329 -556 -416 -523 -549 -1008 -10 998 -289 447 -79 -361 350 -340 -810 897 -288 -73 -185 407 -303 -1003 365 1400 371 417 87 -549 504 -99 -363 -322 -306 863 28 -809 -132 -207 198 -887 -151 -218 -271 -487 -251 -1268 -358 -344 -979 -422 -52 -852 -332 -86 -559 -1138 288 -1090 207 1175 -226 -75 -331 305 404 -1311 112 -874 -309 66 -763 839 -1359 -42 314 -833 -98 435 480 -519 -156 -945 336 329 -500 -605 -364 -132 997 -858 ]
[-237 951 902 -511 -479 799 376 440 46 -95 -13 827 1346 -242 -886 -485 -300 41 -2 -1325 1252 -265 715 152 295 192 -1208 -434 137 502 688 -57 -1045 -1224 4 54 1002 237 873 -125 -1186 -187 589 -389 535 1772 136 36 -940 745 163 816 -700 -133 -466 -98 895 332 -822 -822 757 58 -431 565 9 674 44 -1227 50 419 -1240 583 269 26 -945 -860 -295 467 -257 -377 -426 -444 -1407 160 1361 280 527 -1429 -994 299 -987 -470 66 443 1144 1020 -222 -1984 -1590 648 1342 130 -788 -74 661 -240 96 1569 142 678 22 -638 1696 -359 -568 -813 414 -713 -864 -521 521 219 -67 554 114 -887 717 97 93 -558 309 433 -242 -605 -336 ]
[889 447 871 -323 -668 -168 313 188 473 -1061 522 -763 -798 -290 272 -121 651 -100 -444 -293 -229 1712 -1480 -104 399 -342 448 -406 473 -148 9 355 519 -1028 342 -705 -480 97 -685 -61 1009 -661 -190 -322 708 195 -761 -1242 649 -939 66 1941 -937 -1039 331 581 -611 -304 -915 608 407 -245 -683 -232 402 239 -317 -676 628 105 -379 64 -890 -751 679 -135 987 315 148 -1573 -580 -144 362 585 206 93 361 270 -891 -226 194 -1848 -305 -748 715 -565 797 -719 634 -365 664 538 -1161 1216 521 -180 325 -276 -363 -509 -766 640 646 -1228 413 57 -190 579 451 -992 -426 645 481 163 223 -63 -1008 -783 -132 -507 -1706 293 256 264 -1556 ]
[547 -856 1184 953 -316 -484 143 -457 740 458 -138 159 -1118 -404 1078 609 -573 -162 180 1383 -483 -28 -1443 -606 778 -201 -118 -79 -876 -833 -278 -229 485 78 -109 157 -611 283 323 -193 -336 -527 218 -532 905 466 386 45 53 653 630 -184 373 265 67 -150 -203 679 904 -391 111 165 719 689 -886 -175 158 165 224 -226 -297 -573 339 877 -692 355 792 -580 89 199 -12 916 491 138 699 -1287 -384 157 -797 647 36 -234 -710 -579 -639 970 -197 802 -820 517 -35 -1041 197 432 2156 -414 1221 -617 241 -361 -316 -47 842 1060 -379 -1209 220 -881 284 908 -219 437 -461 -68 506 60 649 -285 -792 -149 -1602 -308 468 -31 -892 ]
[153 -287 356 440 -37 892 568 724 -947 -885 -517 354 695 -1332 429 507 -199 291 -104 136 458 -854 -24 -686 1227 -223 -1009 -404 -151 -916 594 458 -590 -130 -188 362 -394 602 -735 -936 -974 -422 500 679 847 494 -153 -257 495 -394 430 486 -243 904 1243 -587 -217 440 -40 -1 74 -846 -214 775 -782 -149 -43 -1734 -166 156 -552 164 -592 224 -437 -226 -361 1686 -420 -195 -408 -690 -533 659 1183 -1279 -780 269 -403 242 77 -546 -1259 322 935 736 -49 -979 -85 94 996 -437 498 1608 -850 703 1215 581 -512 -237 606 935 806 947 -843 -753 723 176 -546 -714 97 382 -240 -264 513 -493 1629 945 -154 -766 -752 -549 636 114 -375 ]
[-527 -128 134 753 -357 -263 384 634 -177 -475 798 272 -494 -696 1071 157 -353 128 616 463 1034 -2016 -769 -377 -289 -24 -958 220 -425 1100 775 258 465 357 -249 139 -173 182 527 -72 54 -356 -700 -171 -367 -579 618 -1940 -53 -590 952 -32 137 1094 895 -348 485 -459 -123 795 829 -46 -278 1603 32 -437 -940 -111 586 125 80 -233 -124 -108 722 77 -119 -168 49 433 212 -511 -349 -14 -94 735 354 41 -71 456 507 -424 -1265 -6 821 521 -1205 616 -1001 -389 -747 -817 -621 983 -178 -310 179 -585 -179 -724 -458 363 -348 94 -221 -562 140 -662 -208 1022 -148 -351 420 112 -58 289 372 515 586 98 -240 277 1212 -402 55 ]
[-442 -96 198 530 825 -32 244 734 -1214 -206 -7 725 454 -1704 -328 349 -923 -1307 986 876 45 -370 -603 -555 -345 -1673 -905 -131 446 575 104 447 287 684 -664 -352 156 66 119 -705 26 -707 313 917 774 44 352 164 -987 -737 -8 -223 349 1200 187 199 -1126 282 -142 265 -180 -60 -1090 -905 -1663 -567 892 -551 12 42 481 -321 -500 -21 418 -411 -70 -183 -1139 285 317 682 -162 1153 499 -225 440 -1981 -1206 -456 344 -826 418 -1266 -959 478 785 133 -516 922 1143 -148 -27 1013 508 -15 -6 -572 119 667 528 975 1349 1443 -302 -748 -475 -803 -106 436 -134 168 577 481 -17 -63 846 -357 263 -464 5 153 1147 -384 -330 ]
[-290 -367 -1122 503 1678 -29 -664 -676 749 713 -932 -774 413 407 -968 305 502 -903 382 694 -448 98 404 590 1165 -217 362 -91 826 -1315 -62 497 -519 -580 -499 785 78 -725 -235 -288 532 30 1946 -275 453 -206 -498 785 -143 799 -354 403 186 210 -450 671 578 5 -1400 -646 -601 405 -109 -3 -1406 -273 -195 335 1429 444 -1245 159 592 675 -930 546 -27 -1791 670 225 -308 380 -1067 -350 -937 561 891 154 -555 -1055 -683 41 213 -375 -577 -1348 -114 -769 -893 -412 877 -66 489 -82 -243 201 -580 600 -116 -91 -94 -11 260 -505 51 -882 435 -446 -1177 -304 258 380 -389 -618 939 -437 -600 -41 -895 255 11 -127 -357 -855 -1122 ]
[-732 -260 194 347 412 -13 103 286 119 692 312 -105 -568 251 485 1245 1220 -250 659 1213 730 -298 -203 283 -1341 -1545 -150 1626 -662 350 551 177 -28 467 -1602 -377 502 -220 56 516 364 21 -1600 91 -1468 -801 710 344 977 36 164 -476 -825 -161 47 116 440 -292 -579 1532 -252 -300 315 1229 -950 -875 159 -708 -491 -475 775 1032 727 300 145 675 -176 -1092 -625 -414 431 680 385 -959 -1357 -707 349 -287 -23 -1090 516 -308 74 -258 216 -504 396 731 -707 365 438 -400 190 -135 328 1010 -728 80 -67 629 -196 -195 -96 -416 706 19 -762 1384 481 -205 438 -160 1968 74 -785 -258 -428 594 711 450 405 940 415 -1495 388 ]
[517 -147 958 604 -439 -386 -614 -517 267 874 1268 626 -202 355 700 161 471 -1069 -84 -28 920 -659 -947 -258 -803 -200 -270 2 -993 -149 22 579 432 -1044 -86 1294 451 183 395 -1115 -719 765 -425 22 145 27 533 153 877 1260 535 -218 -1126 -210 284 -292 -587 -346 1016 -273 -165 -700 1083 597 -159 412 168 -493 -244 1012 -966 -47 -720 -713 455 -239 -317 -766 -309 -847 -915 452 269 -1988 -113 -727 320 -147 -1348 167 -485 -699 -70 -554 23 1287 -381 599 -782 119 -271 -617 -287 599 1255 -658 90 -366 194 -749 868 423 205 -411 -416 189 -783 -1379 366 16 -811 773 397 -137 -837 204 -662 653 -511 748 -1349 531 882 -315 -345 ]
[1009 430 -419 -879 -342 372 967 -215 699 77 -153 -262 -192 345 237 -1064 -1281 -742 119 -672 -20 1116 590 -567 1025 502 -1046 -736 1850 49 -837 -1116 101 -1173 566 -84 184 890 -668 -418 -708 447 -20 205 869 1557 -527 615 -61 -707 -1603 220 986 -25 -260 28 -935 159 -501 -1101 438 8 -767 -914 526 1134 73 377 288 415 13 403 -787 -185 253 -778 -344 620 0 -398 698 -821 64 893 287 344 -511 -1168 -681 -359 -581 -353 199 -866 336 -291 -1324 -273 852 -88 705 -226 -838 861 1201 864 893 334 317 937 -452 83 -5 -444 -444 238 858 177 374 -85 -501 -73 -102 1770 500 -774 -773 -69 800 -364 -707 -600 -346 1236 -2124 ]
[239 360 344 84 -292 -198 -417 -371 -766 -748 295 40 -663 -197 -832 -1666 -119 467 582 158 -922 -522 -474 528 -687 -7 5 356 -431 72 -114 3 293 1204 631 -922 290 -1069 298 1464 -396 1455 -486 1579 71 -677 -646 139 -1161 -342 554 -556 298 300 673 -791 -324 761 1258 52 396 -193 -110 -62 277 -260 453 138 -69 1118 538 401 277 736 -82 319 -531 -639 -572 544 -106 199 161 -700 -155 1222 -245 240 -229 -28 -451 -209 509 -80 461 -310 -225 1446 -1120 -285 -1007 -102 -542 499 330 -1627 -91 -467 -673 297 -59 1052 863 256 -317 293 -329 -474 286 542 160 -461 -675 -945 -789 805 -217 -161 -219 467 353 -546 129 -446 -11 ]
[-463 -334 1228 666 324 -86 212 -1060 1221 455 -543 477 -851 864 172 194 -47 -96 -32 -347 -389 1159 799 -319 -920 112 -539 39 -499 -530 158 -316 1378 677 1006 4 244 -151 94 524 -977 703 52 -95 -207 645 -208 -327 44 -118 -204 -67 -60 -317 441 472 -650 872 330 398 -425 51 1417 392 418 276 -625 -750 -985 1492 199 363 -715 -99 -163 438 1593 -799 -310 -717 482 -213 754 -619 368 -1363 -457 1044 -888 -308 -697 -1532 1024 -640 -423 599 495 387 175 -633 -786 -388 -260 -277 365 -60 720 -918 530 168 768 -190 -338 450 -1810 354 -267 -477 141 -371 2 259 426 -50 -24 155 -214 -325 -761 -657 -1015 -320 244 635 398 ]
[-530 -216 -205 -174 -793 655 476 -658 -274 1186 -1350 59 377 -162 893 246 209 496 -904 -114 251 807 139 -676 1123 864 -171 794 -214 304 -788 -635 -506 827 588 531 698 215 -189 -492 -1002 -221 324 510 -220 40 -494 801 -145 1041 1004 -935 7 -21 -434 604 -375 -159 188 -556 113 344 1644 -689 -156 65 74 -9 -388 -221 157 -318 -151 -607 -122 -96 173 -941 374 548 521 -1510 -791 -1237 -822 637 -1070 1166 -867 -449 393 806 669 -609 -116 -191 1461 605 487 -299 -964 -143 682 -272 15 148 -787 -341 1265 823 -928 473 678 1072 -663 -162 373 595 -125 -978 -329 -164 -363 76 1349 -643 -684 -121 -249 -1356 -599 351 -77 678 279 ]
[702 97 473 -811 75 249 331 -477 361 158 -551 66 480 532 -1190 -241 527 -1284 150 41 434 326 1288 145 -1325 149 -92 -352 118 35 450 474 258 -1049 -994 -766 1364 37 -121 152 510 507 1496 -577 933 824 -215 384 143 -158 -1159 754 -1085 445 -552 -13 60 928 -635 238 -567 80 600 39 263 547 393 66 174 -515 907 977 -503 -180 -37 -685 235 796 -612 -63 298 3 -533 -169 1088 -164 1075 -1159 711 -208 -456 -590 111 -304 675 278 -292 -1659 -1245 335 797 494 120 -649 -412 512 -221 -56 327 241 439 -424 -564 -55 -1384 519 480 1088 -52 -158 742 -377 -178 660 -683 483 -127 667 380 -3 902 -206 -308 31 -186 ]
[23 -1240 -247 -98 -825 545 -338 425 342 -227 26 683 893 -265 718 572 48 -959 -266 31 -678 -914 -301 786 376 -584 218 -190 -384 -449 881 -53 -485 -387 -944 -192 -533 -833 451 -898 -6 -787 -588 -1065 324 34 480 1097 -1406 1770 23 308 -345 -889 -93 409 1618 167 -788 -585 1030 263 -242 1427 444 238 -165 -456 490 41 -145 6 1167 1983 -1056 177 1003 -731 -134 432 107 364 -1216 -38 309 -1123 -348 -834 -935 1011 30 195 -93 -176 -402 128 355 388 -223 394 424 493 336 -493 472 -1281 -97 -485 1206 1458 -135 -368 1185 -671 -747 316 287 -276 17 186 716 192 -835 522 362 -845 -64 -734 -568 25 8 -663 308 -486 1514 ]
[374 1452 1524 -370 -510 -1532 -1294 -255 1064 -279 -64 -566 43 1423 -545 -741 -338 -425 1133 -1097 34 347 492 45 -813 355 214 -511 374 160 -381 -54 -70 -819 -791 165 393 316 296 788 424 915 -390 -687 -1009 659 -36 488 526 -127 810 131 -51 -954 -15 -518 31 1538 969 -251 759 733 -123 670 641 -173 509 -224 -155 123 505 -215 596 -221 -330 -181 -394 1137 -168 -128 73 628 -889 -1123 436 -107 -374 -79 43 -691 -533 -90 -964 282 631 293 -1789 28 -19 622 -343 -593 -609 -748 905 -550 440 29 564 -538 -355 257 1453 -254 17 -400 985 -123 -471 1679 -818 -149 -771 152 -843 117 -31 524 97 144 -907 -309 74 390 1279 ]
[-87 359 -406 -112 430 -179 68 -830 -580 940 879 479 552 -570 94 -1102 -122 -718 -656 -1178 1464 288 -263 -218 -744 971 -191 -154 625 790 -359 -759 -666 -681 26 -141 557 177 14 -801 -316 687 -393 -214 -1209 469 494 210 -707 1939 519 -454 23 -781 145 255 -540 -1058 112 -1156 921 -80 285 177 786 -301 -977 -136 -272 86 -431 -429 -1243 -74 -887 -163 -773 -178 505 -845 221 709 -300 -410 -630 143 573 -470 -749 887 374 783 266 530 -68 -460 -644 -583 483 600 -174 152 -452 -695 291 -503 -143 1103 -175 627 -337 -359 -484 -178 -192 850 529 -807 253 130 -21 -116 -576 348 -380 -219 150 674 343 -446 864 52 -214 -123 179 ]
[-680 -173 481 -83 -334 -394 264 -804 253 6 415 -849 549 -421 586 -422 377 365 210 -926 376 788 278 206 -914 -752 -812 -192 -444 -14 1077 548 44 187 -210 269 -143 172 -351 -505 -1041 290 602 291 513 -168 -296 850 -666 1586 -440 -247 994 -1435 -16 376 -65 476 -19 -69 188 -1074 345 -141 -192 -265 -64 -809 -670 -54 1014 -376 84 98 255 -34 -407 302 -352 -126 -386 1006 -498 234 -626 -556 221 -1559 -642 -601 1621 220 395 -583 -326 317 677 207 -199 187 1114 681 -285 -69 141 1069 316 -432 1887 1326 -378 -817 -438 295 458 509 383 3 1146 446 -1242 -682 -540 -646 565 -306 139 671 893 -445 1671 22 371 -90 -437 ]
[773 -393 213 983 516 296 1435 482 -509 -452 208 -122 256 -851 327 620 149 220 333 -352 -18 480 -154 -137 315 -1514 -584 -496 54 -316 91 832 -1001 661 -777 80 324 -209 -1346 -27 216 -1152 141 592 897 -100 -646 287 353 -77 -579 427 1218 -765 380 130 -1157 -426 -1121 1197 309 -897 46 156 -743 -66 358 -1548 -603 -824 -230 -169 -417 302 444 181 -12 -407 -454 386 -371 743 549 1335 206 -966 -236 -804 -52 -1207 1465 -198 -403 433 -318 -32 -370 -116 742 299 775 209 290 60 -1142 478 510 -209 -520 246 42 -600 212 860 353 2007 -233 374 -279 62 -493 -496 858 -14 788 -104 468 7 276 642 253 40 825 -80 -387 ]
[-478 246 1098 287 694 219 -451 7 890 134 -1936 -105 1009 50 -1321 -635 657 -1158 189 -404 -65 799 831 812 -2508 729 486 -481 -3 -588 459 296 -1206 223 -1330 -544 40 -292 -17 -63 902 132 -18 114 -1001 780 -1209 507 -628 536 26 -13 -924 -335 -71 -63 -583 -338 346 8 -621 169 385 -851 149 440 529 -391 -1075 -83 221 1022 -734 438 -1560 -270 -261 -635 -477 -218 995 -431 29 -279 158 -1082 -642 390 644 130 -988 529 547 486 -140 -751 77 -324 212 109 837 972 845 -1473 -895 734 310 495 -397 1555 -266 -804 354 -51 -1721 1381 -574 -702 -440 456 1104 -99 -654 771 223 36 182 631 -460 -496 413 87 -408 -11 1585 ]
[1 70 -144 -834 -817 626 -105 195 184 -505 -1116 -430 103 1011 906 -566 241 780 -482 -707 1562 -266 -546 338 341 874 -788 327 83 -161 -673 -2091 -191 -788 1529 1053 -574 833 -519 -318 -985 -689 272 937 -462 -78 -179 778 -599 -100 38 -46 436 -223 1420 161 403 552 210 -161 -244 290 -311 54 -1041 1367 416 246 120 -132 -917 19 -162 -447 923 -243 -182 699 -200 52 -27 -1043 -579 -1099 272 -418 -240 -534 662 354 807 546 -381 498 249 -716 -475 806 -31 -1271 -179 878 -314 261 -883 770 515 940 512 220 -559 1437 -518 -1320 -60 145 646 171 -126 -1069 15 88 -984 298 960 -308 -770 -742 462 -309 -685 -823 -106 857 -1551 ]
[272 585 -434 648 295 -1044 -582 -152 -653 867 -1205 644 196 -772 -424 1511 454 -1777 -1263 1301 -1720 -207 -901 -568 169 481 1287 166 448 -646 -370 1160 -117 -572 149 -795 -178 710 -1218 -1202 -1011 -302 384 918 -231 -97 -208 -1027 276 -350 683 -666 -469 420 317 673 -1289 -621 -106 -691 -498 1021 19 -1466 1330 160 -116 477 -265 256 -499 -223 -1103 -676 80 -80 -1182 311 518 533 728 -519 381 -249 -1024 296 84 644 1072 -249 70 -196 129 236 414 392 102 25 1151 1358 -778 -879 -598 -449 -896 -665 -754 -1033 -387 -335 124 844 -208 410 -1066 -1266 69 268 7 -503 -581 -39 -910 -205 988 1000 299 -1382 -1237 514 -808 323 531 540 11 ]
[-922 542 72 -498 -508 344 -563 -320 -10 269 -877 -310 767 -103 -312 -588 -1079 -191 -742 -620 -269 -1569 1243 274 164 1216 624 628 -121 146 559 -464 -485 285 602 310 328 -540 -15 -302 225 940 19 622 447 492 -214 634 -917 920 -505 -282 15 -18 -1576 -1000 499 -1232 940 -1003 -293 959 -543 -607 1013 1144 -9 472 421 543 -15 -529 538 58 -276 -574 110 -792 486 128 452 729 402 -726 311 66 -1315 398 -216 -269 -1202 1604 768 -595 -478 -892 445 707 -239 -62 -750 261 350 -152 -86 208 874 -1300 -335 -71 -366 374 -25 652 539 682 -401 -980 -466 421 -592 -82 -919 844 326 215 -1564 10 -720 -48 -59 -560 578 20 994 ]
[-534 -593 -563 -915 -470 -190 -741 489 -108 142 57 323 712 -689 259 -127 -108 28 663 892 -1113 -94 -803 -208 -1461 -664 675 -108 -26 -1043 -759 358 -677 476 -708 397 -471 -604 418 -1519 974 656 -670 133 303 -142 -310 -610 -249 933 850 -627 668 -203 -1468 -307 -339 -1157 939 129 -386 -448 -202 102 330 -533 -537 677 -1297 586 1601 259 -507 522 -1174 305 -431 -12 -543 -628 -908 234 469 305 -1187 -214 -433 970 -1059 474 -686 1128 791 -889 212 -1048 -209 -400 1445 -204 1096 -525 271 592 -233 650 14 1319 -993 575 -1544 136 -960 -64 -198 415 -700 687 514 735 -281 1285 -625 1622 -308 1327 339 -375 -333 -1252 905 -434 -120 738 1380 ]
[567 -193 -872 -733 -233 -341 -382 85 776 -434 -43 -393 291 1413 250 182 -312 -346 414 -70 -568 1337 -92 132 -861 155 -296 -47 -231 337 -92 -508 267 1725 1078 58 308 -606 927 626 641 1045 -260 -314 15 -464 -773 -20 -708 -42 -879 -931 1115 22 -972 -464 -230 -449 -91 917 -192 588 335 -789 1020 25 671 1219 -109 327 1406 -242 1082 566 -28 871 232 -833 -104 94 1525 -362 1517 -458 -1198 265 -476 6 36 -376 433 259 559 8 -738 -1100 -84 526 29 -1355 -150 1149 -76 -2068 655 -160 -674 -559 1271 399 -162 -346 -1433 -292 585 1233 -406 1835 34 71 163 -1481 -343 -207 -808 -294 -723 -276 556 48 783 -608 -786 1182 182 ]
]
