[[-76 -329 -230 30 356 313 163 850 147 -842 -339 401 -294 -20 -167 -264 -185 -435 384 508 -437 -279 -393 -249 270 -945 -292 -525 1320 -628 302 571 13 107 -643 -42 333 -528 105 767 258 -71 353 664 33 -570 273 342 316 -74 -675 -73 231 843 -21 206 -338 -257 786 956 835 -108 -139 171 -609 -833 -267 225 -657 -157 380 -635 -512 -218 -29 686 -685 743 603 -1417 -188 -216 482 -453 255 -130 -229 208 687 -158 -982 -855 353 -580 508 109 -939 -928 -212 -348 -81 2 618 -258 -384 72 527 509 -174 -540 270 -778 1185 78 149 -265 215 202 -57 -318 -63 -561 -381 109 -1691 -122 -76 372 -671 214 240 614 66 373 -388 ]
[-202 -771 -281 70 279 29 651 48 140 -5 30 684 -912 -200 -211 -433 -267 711 -89 97 -428 43 91 825 -16 -634 767 -10 349 -566 -37 37 -409 348 -410 -1875 79 299 -79 -275 1167 -12 -271 12 -444 -1050 494 -174 97 -392 580 44 -107 618 -79 -344 -191 481 1322 628 816 -333 -295 217 -625 -170 185 -6 -172 -788 -190 35 -292 -1187 -293 553 -553 591 741 -561 -133 -800 386 137 326 -997 -118 53 -238 221 -100 -484 557 -831 562 -575 -479 -263 -388 -732 146 307 -59 -372 -963 -171 -692 -687 383 -761 -228 -418 860 -612 52 -806 240 445 887 -179 -203 -214 -624 875 -206 314 -660 -15 -472 -290 -236 619 -44 1071 -234 ]
[304 673 751 432 286 -64 467 -132 271 -324 277 -683 -223 -688 676 -36 -185 -439 -239 508 334 249 347 200 288 -659 785 -488 621 -173 -124 166 -454 -357 392 -201 38 455 -172 -156 -870 -410 72 829 908 933 -135 -412 -269 -1060 105 532 -75 90 1094 -113 -31 -2 132 -316 -32 788 -198 -356 248 -83 689 -287 416 420 354 -174 559 643 -274 -1175 530 140 -326 950 332 808 226 -489 -213 339 108 907 -997 131 -81 -76 343 58 -86 -494 411 -62 580 -436 59 402 -990 -594 1138 301 -1167 169 477 539 823 130 269 -342 260 811 949 -363 -675 277 -101 107 -776 -297 975 444 416 180 -376 -83 -14 912 488 391 -228 ]
[-527 -232 26 -255 82 -452 -678 -32 72 38 -163 -127 2 275 -400 1097 63 496 -849 -620 -305 -624 -845 43 190 -118 115 652 105 642 -455 -199 -52 17 -476 1354 -245 -194 3 127 393 -154 -21 -932 -150 -428 -728 332 173 749 69 108 405 -499 -859 469 101 732 -978 755 -44 -775 262 932 -161 -315 165 347 104 90 496 456 -644 55 -265 469 -321 241 131 56 353 -574 59 -128 495 146 782 -550 736 -317 -426 -5 -207 171 -129 297 -114 1446 -475 1130 1195 -49 211 -501 50 -321 570 -513 389 -398 -1119 27 -101 777 -894 -40 -538 -638 439 385 164 591 567 193 248 -1344 -1103 -324 997 699 75 -147 298 -491 426 ]
[-683 172 -600 -426 165 584 754 -426 560 546 -387 -316 453 359 295 -1191 99 -194 822 -400 -735 660 20 -624 -659 1010 -1318 -730 -817 90 633 36 602 315 315 371 -192 -134 334 636 -731 -133 -680 -843 -234 1338 638 -50 159 365 575 -699 -40 657 -586 -691 -626 -30 -15 398 -1562 -377 -63 961 -233 -161 -153 57 -276 455 -1122 -469 7 -312 1119 -149 495 -347 -755 -71 -807 -500 -822 -122 -387 -700 -651 -477 237 371 455 92 -629 577 517 754 -99 -69 -521 468 -851 -923 732 1172 149 -298 -2 104 -20 576 -869 -306 -687 -507 368 -334 -397 705 -269 251 -78 764 1063 -543 149 360 6 143 677 -814 252 -1061 -311 -282 -127 ]
[438 -1250 -1036 -261 -1640 -352 -145 800 -1040 -128 -293 1649 -994 86 -643 1378 -751 280 133 254 -329 -1091 -481 402 236 -1073 1183 817 457 -373 23 348 -41 165 -895 -1510 821 57 -635 8 1056 744 -51 140 219 -671 -831 8 304 301 -59 651 87 124 -985 317 -680 565 141 166 486 -647 85 896 -705 -667 982 59 -21 -559 887 272 -479 -409 -497 34 -416 547 463 107 560 -292 43 -198 336 866 448 -524 1076 345 383 -131 824 -294 162 286 -838 186 -354 -362 -37 150 -446 -1424 -936 -15 -126 -243 335 -1376 1234 -506 1255 15 512 -424 73 -121 764 -574 -586 -445 -1000 859 -576 -891 154 -282 -362 775 -1 771 -401 918 125 ]
[743 708 82 -20 2046 845 84 315 847 -237 318 -55 273 -840 56 -1359 259 -25 -249 1164 -657 849 769 -710 448 -79 -503 -677 -204 -1534 219 -34 -48 -424 467 -275 63 -782 268 231 -894 -533 2 114 864 250 1189 -432 222 -509 -43 -234 520 -84 399 -148 1 -1483 788 997 -57 84 -1039 431 467 -284 -516 -139 -1212 518 -593 -878 78 135 410 249 -263 104 -42 -316 -1258 -168 350 26 -136 -287 -754 468 213 -467 -601 279 -99 411 140 -177 -808 -831 -772 -32 -454 -22 327 736 290 -227 532 1312 260 1211 -432 -776 151 -149 -153 -300 -310 -186 -937 539 617 -342 -308 89 -782 -86 -185 125 -263 96 -210 -42 510 595 193 ]
[397 -278 -190 -100 -173 278 -84 -183 454 742 157 -799 -1053 -7 562 202 355 486 -292 490 -606 587 420 -928 -303 -326 951 -255 -895 -335 584 -177 -1250 -187 -108 243 338 -477 -428 295 -1138 -274 -535 -683 540 807 -492 -189 -312 658 307 23 597 -839 -212 -131 -529 330 261 -443 -1325 -910 -520 720 376 -523 1096 394 -230 510 355 98 554 122 -291 -1094 566 812 -378 1149 16 503 -393 532 -109 -145 -268 -339 594 691 -171 -394 506 692 -618 625 -27 820 -740 -47 -52 -66 -483 -8 563 191 -138 37 231 694 -919 842 -142 -285 -369 443 -465 -120 243 569 210 961 -144 308 1192 -1874 -133 253 -296 125 -47 -797 324 1149 -186 ]
[779 74 -484 -418 -508 -484 -526 -7 280 -515 -231 -438 -171 436 18 960 319 412 -129 328 107 -477 305 -994 175 723 250 514 -1026 346 -775 -374 -714 152 -119 652 111 -777 -493 579 -1297 501 -117 -799 990 1266 -718 -92 298 -336 405 456 27 -810 -981 -531 224 -8 -533 553 -1082 75 62 582 571 89 1220 -106 -457 517 468 188 564 302 11 -1975 1237 542 -209 1598 -162 680 -576 -749 -98 736 857 -113 415 -237 -24 422 323 93 -553 703 -502 1036 29 702 756 -578 116 -121 661 -277 647 538 410 345 -1249 33 24 -578 -998 844 -279 -789 -932 1010 738 1330 224 355 749 -1712 108 -49 149 564 77 -1395 -113 711 696 ]
[-356 -163 -187 -271 -707 -1076 -353 208 631 -970 -686 557 -3 -211 288 1327 -133 -832 -454 -275 -418 -793 -1223 589 709 -111 -404 496 -402 603 249 25 1201 -296 -358 -548 224 -321 -98 372 349 345 -909 347 45 357 -805 23 396 -658 365 1010 -66 -203 -84 398 229 -819 -524 527 432 247 418 -300 -782 -132 597 79 -325 -596 -96 189 -3 -1070 151 244 -481 -535 643 -175 -322 -633 384 -185 -440 821 558 -504 161 4 463 -480 -411 -150 866 -291 -985 158 -388 738 -878 54 -227 -887 -152 -238 1114 58 -94 -538 -120 -847 838 -250 -283 20 -304 -145 -534 -278 380 584 -544 362 -144 267 73 233 590 687 423 605 -235 -28 193 ]
[940 533 531 374 25 -15 -725 328 -637 -877 -579 583 47 -166 691 528 652 -485 375 313 476 -883 771 -865 914 686 808 62 -429 433 -321 -216 -887 -893 -476 269 -552 -899 226 -142 -837 -65 -94 891 -287 412 -1098 535 831 -678 -98 1055 18 -612 526 -335 266 -1487 232 -1026 29 1323 300 -786 442 286 389 83 -360 47 751 147 1132 341 174 -1000 113 207 -482 708 465 1260 231 -13 -735 429 100 120 269 -262 46 22 -287 -2 -266 -35 -187 -3 -644 -367 -604 204 466 -100 -194 450 862 -37 -1051 568 -725 1141 -647 59 -275 471 -679 -276 -1095 -225 1246 -86 -310 390 702 -487 1315 316 -173 900 -413 -783 -9 -422 300 ]
[300 442 61 36 107 -90 513 124 -1009 542 165 -484 70 -512 217 151 6 -122 16 -36 268 628 802 -493 -60 -340 664 -58 328 123 233 705 -939 -274 194 883 -136 -298 482 395 -1587 -1134 159 1005 633 1128 -533 -18 493 -84 -738 -223 597 1 -439 209 -652 916 -733 -893 -1030 -635 -1212 1684 691 -107 517 -87 448 1274 1296 -568 124 830 199 -514 -306 -465 -2261 670 282 542 -316 167 -403 743 -169 189 415 553 671 325 -547 1342 -12 146 732 756 -533 325 -133 657 -674 322 514 361 -296 -570 -105 1203 313 1203 -388 224 857 172 -144 -778 -615 190 -184 670 83 -786 1345 -655 -306 427 1225 477 -301 -143 238 -318 863 ]
[-1145 475 221 -606 229 -28 -159 629 296 135 434 -338 223 -373 -682 393 271 -366 -185 -289 -939 -125 -1167 613 -859 568 -595 285 -130 34 681 221 1444 -46 -243 -1375 1040 671 -46 704 1450 800 44 -228 -180 -789 82 262 -289 -269 343 -186 183 117 266 268 -420 809 255 530 638 -362 -30 591 -956 -174 -746 -534 -465 -197 -562 38 -285 -674 312 1232 -567 266 800 -1296 -494 -1336 -306 609 247 -684 89 -467 531 195 445 -626 -43 -64 230 -119 -403 77 -342 -448 683 610 -299 -735 -16 -390 1004 126 926 -1203 260 -1463 261 -175 -191 -1157 -469 830 642 170 -449 181 -527 -353 -356 -110 -701 -207 -148 245 551 925 188 320 113 ]
[-238 592 183 958 746 -7 -112 -596 432 -232 -541 -3 -811 -34 -175 -567 -637 778 535 -62 338 338 9 -99 419 -820 766 -1331 459 189 2 352 -952 -608 -916 519 -654 204 140 -714 -818 -1150 -61 865 -175 -273 -36 -796 64 367 736 292 1043 654 868 26 96 -582 621 -554 -269 -370 103 136 -481 -1039 140 -19 935 230 -33 -529 -889 -99 -10 143 -448 91 -272 -149 516 563 918 -433 551 -500 -508 1278 -329 -85 -481 -377 -481 282 476 -440 714 -642 -761 66 -847 148 213 -90 157 -367 -1365 -533 -358 -284 190 575 -632 455 749 -509 398 406 178 -762 95 -838 -183 91 -27 -96 107 -98 -71 -60 299 290 933 -761 -529 ]
[599 -257 -360 -20 -774 440 -229 677 -1698 -187 314 1421 815 888 -1179 552 605 -1211 338 376 54 -471 470 -606 -490 1222 -582 162 469 -535 -357 827 846 1142 244 -721 329 127 -590 196 1009 1329 973 512 -232 -322 238 0 -260 145 -1419 178 -687 114 30 -8 -930 356 -110 133 93 1263 9 -295 166 117 -12 -149 -37 -325 412 249 89 875 1132 334 -312 -429 -1032 -112 -13 40 -793 -101 -62 422 619 -91 825 259 353 202 333 -655 -506 637 -133 -411 1163 -661 -27 320 -98 -409 -640 535 1105 618 293 -976 1608 250 -853 403 415 -12 227 217 -53 -491 -664 -1530 -134 -933 -620 69 510 -213 -141 230 -891 -830 -701 -554 293 ]
[-732 42 -130 -54 -621 -794 -484 -627 12 -419 -1202 420 963 645 498 217 621 252 -60 -554 1034 -352 -837 1243 889 253 -1020 491 541 396 -613 -614 757 -732 314 934 -1187 -340 776 -432 672 413 -429 398 -494 -532 -32 1390 470 357 -466 -502 -784 -5 -3 600 1073 -493 -588 -551 450 -135 952 -1066 -89 280 -1124 147 91 -83 -241 257 -821 -899 -247 -92 -315 -893 202 -574 231 -248 732 -614 -556 29 490 -328 -218 -134 493 -23 -458 339 481 -532 -130 -455 -217 1602 -323 -536 694 -331 -240 314 1612 -275 -1800 155 -872 -312 147 618 153 -373 -959 -498 -757 -802 400 -441 967 -24 -486 1178 175 338 102 745 179 -209 -622 -1399 177 ]
[-143 -698 -1147 353 -218 -77 730 -66 938 4 216 517 -244 -711 65 -483 -949 -692 -499 585 -945 747 -288 -109 -420 -1515 -688 -289 -294 -255 -89 121 18 1063 -32 -843 663 -193 -119 654 249 -168 -802 -111 -799 -194 1277 -1221 -277 624 464 191 1215 402 45 215 243 -287 435 426 -324 -627 -816 -135 -57 -358 741 696 -118 -308 -961 221 -87 -1034 547 1181 -242 -687 850 -900 -59 -338 -1 403 42 -165 -1460 -648 93 720 -111 -595 322 122 519 176 -749 187 309 -950 -1499 212 -247 678 -500 -362 -74 96 407 286 50 -170 122 -696 271 288 492 616 684 190 -331 -682 -382 227 -881 80 -591 91 -112 -868 383 -351 418 683 -684 ]
[-184 322 566 582 702 44 1192 -1019 -585 -493 708 1587 1345 -387 487 314 178 -521 -922 532 133 -286 489 1583 404 -628 539 106 819 -312 -1449 188 -147 369 512 -1024 -741 922 296 -319 820 -753 -289 555 -81 -187 267 554 -156 -1744 -148 218 -121 21 44 35 618 1058 213 -289 40 1192 -519 783 133 523 439 -219 1073 657 341 544 -45 -91 87 -696 -357 -774 -1022 1204 432 -450 497 -339 -526 -257 191 554 -227 1217 746 -315 -50 -43 547 -1461 -49 1289 -57 -65 201 817 -296 -1257 -52 417 -13 -1151 339 -177 -532 288 -635 -528 -103 82 -119 -353 -85 449 -240 -367 -322 -407 1873 610 -338 -718 607 268 -989 -66 712 -296 484 ]
[163 -89 98 -91 -474 -1012 -367 -261 -142 107 -97 -749 31 344 -222 327 800 465 -658 359 746 1419 43 689 -236 513 -687 273 252 15 31 388 187 192 522 -479 -527 288 -942 -374 379 -19 412 815 326 -428 -194 -148 -607 -398 -1016 -210 -870 -107 1516 631 -228 255 -30 -365 927 -155 -204 -1356 360 570 81 37 596 -899 421 557 -262 -908 -933 343 114 -113 -314 -702 373 151 558 1047 -528 -605 561 789 -801 -281 891 -453 337 -432 208 -495 1233 -391 1149 193 191 435 -1713 -315 391 598 868 394 -99 167 202 554 566 -516 -123 -308 222 -681 -106 -296 -71 -116 -39 -422 1307 409 -463 1043 -878 -311 -529 574 -225 -293 -829 ]
[56 151 27 266 -756 -260 -173 77 672 267 -1036 579 -827 -253 -85 136 -826 281 836 493 -647 -502 -101 547 2 -1207 269 -797 901 -700 281 -295 -100 -876 -1006 -181 425 161 48 -362 -642 387 328 -14 -37 -794 582 -397 244 787 795 327 89 380 -185 99 45 113 309 -1077 151 -21 489 -852 -184 -1078 -89 324 34 88 176 -499 -46 -43 -12 315 -450 -153 553 -666 296 573 171 -466 968 840 -496 -608 -377 237 -150 515 377 168 385 -31 -51 -1096 -37 -1098 -545 -360 152 -435 -220 -416 -1350 -124 -829 148 1356 -124 347 358 1483 -14 1044 488 605 -981 -362 -1582 -454 641 -1603 801 593 -731 -705 144 629 920 315 -67 371 ]
[-288 646 -126 276 -360 -529 -361 -897 232 -200 -116 626 669 326 -381 492 -1308 689 700 -742 371 -650 17 393 179 314 -517 61 -1244 1381 -1399 -313 230 266 68 757 -291 336 420 13 -459 63 551 -1187 -944 -188 -91 -1057 -102 452 1096 354 211 -299 -889 -103 1177 -97 -588 -184 -174 844 613 -819 364 269 11 152 353 176 -160 146 566 -158 191 33 -116 -362 804 564 102 581 307 -476 624 -180 -884 -484 -724 -34 8 770 -282 -346 25 -1066 268 497 438 -265 -795 -249 1347 824 -580 -1513 -716 -393 -309 -325 -528 146 -919 -186 482 392 687 779 484 577 935 -74 474 99 -709 760 530 -306 226 123 191 -1244 -27 -939 340 ]
[618 734 153 859 1203 27 1040 70 938 -518 329 117 -921 -480 -19 -1066 -182 178 485 636 -261 964 620 176 815 -1177 90 -1302 807 -441 -262 478 -926 -155 -817 -1013 37 123 391 203 -508 -1940 -257 1579 -323 -922 860 -522 -192 -1533 -164 -29 1219 790 356 -88 592 44 1121 -1273 227 198 -223 -117 -204 613 62 285 780 467 -73 -214 -137 -871 402 846 -831 -528 938 -2147 49 205 482 697 402 -322 -910 836 -105 590 -382 -824 -429 -282 1232 -748 357 -14 -123 -1229 -852 726 354 559 -928 -76 -577 -1127 -486 103 -591 879 325 -1050 98 -677 410 258 294 -190 218 -532 -493 -75 -636 727 -153 -247 -396 -545 512 909 935 450 215 ]
[822 -1047 -645 335 -544 254 420 264 954 -49 -839 666 261 -1076 4 550 -928 -547 -490 215 -789 -528 -180 -790 -257 -946 598 816 -328 34 -410 -88 -234 244 -241 648 112 -436 -674 -457 -735 420 -192 -717 195 350 668 -639 463 760 1188 905 771 -248 -617 -744 -603 -217 -568 1188 -1432 21 -480 499 721 -1155 1032 1082 -59 -543 -34 44 411 515 567 -500 366 441 -738 1027 455 722 -593 -860 533 1291 479 -522 -250 -350 -162 1102 879 308 34 1348 24 774 114 -898 869 -757 -792 -100 730 313 -1694 -23 545 1377 48 13 -165 -38 -92 1332 305 -91 -280 -493 51 -775 78 782 181 -1221 366 -960 608 -289 -40 197 1169 321 16 ]
[-957 223 512 -110 1255 1037 1123 209 -483 -334 -533 429 -203 -1068 293 -266 119 45 -19 -71 85 -793 -700 543 4 -869 783 502 1421 -788 31 212 350 -751 218 -432 -432 540 224 -302 837 -406 35 739 78 -473 1057 1047 445 -32 463 -264 407 1341 872 -704 -845 750 1135 497 570 -349 -280 1517 -813 -965 -326 212 -58 -228 337 -160 18 330 -288 143 -669 532 -914 -950 1005 105 345 -797 261 -1144 128 300 88 -864 753 -183 1205 357 1133 -202 282 -143 -972 -852 1198 -393 223 -516 453 481 -1331 -386 181 -223 229 -773 -59 308 1235 -1115 -426 118 -762 -322 -460 -1027 -64 226 544 -125 -470 -239 -290 596 171 1397 667 450 -287 ]
[567 -443 -253 988 648 290 205 -36 -860 -742 488 436 -918 306 -251 128 -694 -253 -1102 386 745 192 -229 96 42 -1229 872 147 -95 -1005 -220 1070 -711 766 229 -646 1002 377 -344 284 384 -757 -29 735 602 14 348 -867 -415 -334 -968 478 799 -27 291 585 384 783 1058 430 397 -309 -1535 469 -150 -608 684 2 -437 753 717 -244 -24 -309 -506 -524 -155 -619 -440 70 -119 -117 374 26 144 -334 -602 1283 187 934 726 -1328 563 -277 31 -1029 -675 -404 -160 -826 -293 1038 -189 -771 -607 156 387 48 415 -1027 890 -94 136 -739 734 -134 665 -461 51 392 -531 -768 -850 -340 135 -830 -62 420 -635 557 183 -894 186 1261 9 ]
[-894 -751 -166 -86 224 -59 -88 36 -154 -779 -707 953 1286 -125 459 208 68 -327 -156 -776 -142 -1088 -198 -96 157 114 -291 745 -686 -138 -31 506 827 -95 694 631 -187 -628 618 55 -131 157 -869 -355 -539 376 -540 542 1291 -338 -845 185 552 213 -620 303 -180 -728 72 623 -170 1 -1132 397 198 -545 -508 273 -986 323 798 -189 695 -544 651 211 -1031 -236 -561 151 -711 -699 572 -134 285 122 104 -724 110 -123 481 -491 211 594 409 -283 -863 -415 -754 -181 -926 125 1100 80 -539 244 1304 -261 -551 601 -1017 15 -265 71 176 -19 -335 447 -1147 -71 489 -381 -162 11 -377 -479 309 1549 744 856 -467 -631 -500 144 286 ]
[12 -526 -126 -262 39 -327 -186 -1238 -13 338 218 618 466 476 243 -489 593 229 -948 29 -497 463 423 355 -683 902 -42 -30 -1622 -409 -198 -189 46 767 634 -958 409 160 -525 -59 242 614 -1010 -1114 808 1137 424 -833 -213 -286 400 70 -880 357 -492 -353 -633 -401 63 70 -1212 97 -536 299 1083 -376 478 -394 -446 795 -24 -328 320 -868 497 -1566 284 -346 -743 2127 -1161 -531 -791 -97 -322 -622 74 342 -768 1270 1087 -537 615 309 -617 -190 -538 -45 -100 152 -600 108 -1015 -639 111 -117 742 -5 558 -117 -520 -717 -561 -864 240 432 576 267 -359 1410 24 830 -498 33 555 2 351 548 -161 -193 -334 -1141 -1071 1246 369 ]
[811 159 523 -186 362 46 -967 616 705 38 322 -726 -329 161 -294 1029 802 -1057 -1163 374 -51 1048 -295 -1146 -210 589 120 320 -61 -78 472 -223 61 -105 -632 962 505 -9 -336 658 -594 74 734 -565 445 -221 627 -134 -894 317 -79 61 80 -888 513 341 190 704 -855 -483 -251 213 -150 -440 917 270 -483 476 -220 242 247 366 733 240 148 763 -484 -225 44 -1226 -1047 390 -1072 1584 75 290 -48 94 704 1034 -623 8 -302 314 -804 875 595 946 -369 -707 1137 727 -860 -66 154 220 1159 144 -93 555 -323 1027 -295 160 -1403 591 -106 30 64 354 276 855 356 -509 135 -1127 122 -995 85 230 294 -41 1587 -560 304 ]
[1079 -195 -10 648 453 203 -567 -835 529 -691 -205 120 -623 1085 -23 631 301 609 60 227 995 -900 -105 -961 88 -973 1020 -373 453 -420 -934 871 -1227 457 -296 876 -297 -1071 -691 219 -650 -304 367 1222 933 133 250 -397 -100 -36 -1275 185 1013 -96 -378 2 217 -401 455 15 -1187 121 -641 -27 720 -749 912 423 434 173 1521 -530 199 890 189 -1619 -219 619 -183 -36 729 755 176 -1287 721 1105 1149 399 130 -472 -364 -979 766 -156 -613 -239 204 -77 586 585 1169 -187 783 -1103 -17 792 654 -326 -291 -479 -71 584 -297 -214 114 681 -80 -420 -878 67 269 -1040 -369 -198 -1102 -2050 341 138 -409 1612 96 -890 657 1081 716 ]
[-413 452 104 -70 -458 210 238 263 -245 -684 -471 -448 709 -18 353 243 -441 -257 129 156 -261 -644 -922 4 -274 -591 -864 -288 1155 -275 155 671 1131 -771 -613 -213 170 744 -448 526 -481 197 -352 -534 216 1075 -520 174 544 -812 -63 788 678 1484 151 623 -286 -304 -276 648 -17 74 -348 1109 -1004 -118 135 -1221 118 621 597 594 46 324 -627 -105 1524 -150 577 -1256 789 -1295 -125 -570 252 811 176 -27 -62 -472 945 -269 -805 201 400 -155 -163 177 -130 -90 691 15 160 -1090 594 -208 382 392 1066 -438 313 -898 222 -643 2 -182 113 -361 -234 595 -717 183 -516 -379 195 -184 526 -436 553 85 263 573 497 -410 -212 ]
[-250 -472 227 -213 -334 182 475 283 -480 -721 -129 -788 -585 633 338 249 1486 -782 -149 694 900 539 -92 -640 -169 -139 494 -651 1564 -427 694 746 63 -39 -708 -300 -425 -175 66 498 -578 554 -380 1773 -141 569 577 895 323 -234 -256 60 -133 1034 397 -364 15 -158 1169 -793 638 -34 415 223 -625 -482 233 -407 -292 -331 878 -798 89 -161 -240 -917 104 305 -806 -631 -83 987 635 -579 -272 268 458 547 526 122 47 -1186 275 -323 463 617 -361 -1073 -973 -595 -119 619 259 -16 829 551 531 391 -943 -897 553 392 359 309 619 166 113 198 -819 -268 -15 131 -286 -142 -518 -34 -112 -401 -251 236 -316 -408 -486 494 -424 ]
[-750 966 409 339 1023 693 926 -95 -540 -1211 -524 -1011 473 -362 868 -393 -343 -510 249 -400 405 409 -922 -54 676 -983 -183 -235 2039 24 -621 1108 -330 112 190 1457 -25 282 301 822 -358 -1179 948 543 -1 532 462 516 -353 -1128 -1604 -297 -128 1307 1133 464 -557 1375 -138 957 -72 883 -594 279 -273 -155 -186 -98 -76 1143 1049 61 848 5 -146 -46 -267 1073 764 -2127 882 97 88 -644 25 -705 -960 994 -198 -401 -331 -1393 244 -655 733 -444 511 741 166 -312 1165 -203 128 472 -278 340 383 -519 -89 58 -975 12 1124 -346 237 210 392 -392 -1323 1189 -79 811 418 -1084 220 -40 91 1060 -317 220 -12 849 861 -444 -621 ]
[-405 -1081 -1138 -1595 -975 371 1068 373 -787 908 -26 353 741 -347 -54 464 -897 300 504 -260 -507 950 -20 332 -521 -23 -13 742 705 -117 -375 834 614 431 360 -677 -110 429 -707 -393 -203 184 357 -715 -81 501 340 -77 618 9 -335 -376 -129 547 -1050 -387 -823 1004 -259 999 -182 -719 -1162 1390 438 25 25 -212 -363 -277 777 30 459 -235 -350 -102 -26 1562 -615 -412 13 -377 183 -874 357 181 497 -773 353 -787 661 1053 667 282 235 708 729 779 -611 194 1294 -399 -422 785 -66 -417 -1153 -83 1060 -60 294 -220 1284 -240 -122 114 -160 -31 193 -24 -157 673 -50 567 421 191 -244 -419 596 -102 -1019 743 -418 161 168 ]
[-720 640 -54 -144 843 -882 -279 -175 133 -607 -694 296 950 225 -939 -287 -269 68 47 -1625 323 -289 -795 0 -271 1468 -1038 1116 -1959 2163 -367 121 1527 460 428 683 -311 690 101 -110 678 -406 -698 -678 -775 -121 58 -664 45 213 1052 602 924 262 -53 -512 -354 223 -212 799 -1071 304 541 289 190 188 -10 556 728 -860 -594 437 60 -594 872 1490 76 -1366 -587 -321 -69 -239 -321 768 435 -1660 -385 98 -1053 -252 849 133 -481 348 1180 -197 567 549 173 -999 -834 -461 -195 843 -629 -567 -103 -1189 392 23 -388 4 -1309 -422 95 -886 649 841 -572 591 508 -13 1067 -1098 210 361 -536 779 842 -205 646 -438 -213 -685 -222 ]
[12 95 -597 -836 -553 -740 -1133 208 1008 177 -196 -752 -1026 -260 -80 810 -39 453 599 -4 -35 145 -92 378 -108 298 621 386 -1179 -361 1196 -835 428 -1164 -475 -361 638 247 -780 -957 -1093 1057 127 84 230 -694 138 -560 -425 136 -14 46 501 -971 1044 359 708 -434 -667 -729 -189 -604 -82 -1445 -154 118 -438 -1130 13 -601 -235 1048 1020 -332 -193 794 -70 -775 829 -516 -734 -517 -140 1389 752 704 128 -801 -344 -170 261 189 -657 1051 -172 -217 360 -629 -576 93 -405 -474 -875 -33 -741 -428 548 271 48 -184 722 334 464 510 -390 70 -285 0 120 -537 -628 -248 -687 412 -1070 -903 120 -721 -319 593 757 641 295 344 534 ]
[-592 184 -27 -93 -1102 -267 -320 -183 460 616 -201 -1051 345 225 -721 667 395 -507 107 -1059 -1355 1 -1395 117 -519 187 -891 -258 252 867 1014 1299 1273 255 -345 1133 344 100 -178 1197 -678 451 101 -197 -354 193 -231 -198 -195 248 -1344 -294 459 101 -659 922 -1250 1065 -1367 526 -1486 -211 40 391 -613 -445 -158 -420 128 21 700 -107 -368 -453 1621 932 -354 -326 701 -1016 684 -1233 -98 455 565 784 115 -1804 114 1168 341 -1200 -903 440 -12 -343 176 951 135 83 155 135 -481 -198 133 142 1511 -454 113 -107 -31 -55 805 491 629 -13 -238 421 326 366 -115 -157 325 -2067 -1592 -920 -328 1015 809 380 175 566 -539 -219 305 ]
[552 857 316 -30 508 -139 761 59 -12 -157 -280 105 -597 -535 227 -678 446 632 -866 654 166 940 920 652 1209 300 -461 114 1062 -1264 -613 -794 253 -428 680 -1315 -1156 -322 559 -2 -360 -237 -43 219 493 455 1333 197 897 -966 1379 464 -752 11 578 -714 -296 -269 1124 225 548 335 71 234 -248 565 21 -331 -774 -312 -862 675 -84 -211 -105 -105 935 -1120 -85 -228 109 336 320 -421 -490 -471 -146 255 -1039 -190 400 747 524 -651 482 -920 -382 -130 -142 -503 -61 15 -154 752 490 -221 -289 87 -936 1105 -544 -115 381 -165 164 -1345 130 -1040 -1370 559 1111 -84 -62 382 634 1694 -1033 164 125 -398 -1056 -27 -6 228 -38 ]
[-218 -45 78 477 227 -51 46 -190 -457 1439 823 371 0 -457 -737 -619 -814 1690 85 -1162 993 337 440 523 -148 484 306 420 -267 1452 -477 379 -100 44 233 -1161 -597 815 752 -68 1308 -456 77 495 339 552 -468 -446 1002 -37 1445 -283 -459 11 -862 -900 -756 694 364 -24 -192 -898 368 1593 47 174 0 -87 1022 -46 -589 -1362 -754 -98 513 -664 269 -215 -637 1206 354 523 -347 -104 -784 -83 -491 168 -587 122 1382 452 -161 206 -37 -802 683 456 -545 474 368 338 -196 94 296 -556 -1159 -1167 -152 -309 32 -241 -623 -296 1527 -1532 -223 138 615 -122 794 712 559 -232 971 847 -248 33 331 294 -65 306 128 -27 393 ]
[-422 285 566 -252 -421 611 -82 282 -295 866 -396 -286 444 15 1574 -349 184 -703 -961 -633 -400 700 -427 759 882 92 -730 -481 1511 768 54 -527 238 -675 778 851 -636 121 870 -69 709 -477 -120 435 -985 932 289 441 376 1626 -152 646 -322 -110 965 223 -396 -810 -199 -17 344 140 1239 -1411 923 -613 -391 838 -623 595 -682 48 429 508 -110 -23 681 -414 -165 325 640 245 -357 -494 -1148 -295 -491 -941 -305 314 18 -654 -613 539 -444 -122 -384 -97 -121 653 -929 144 -250 226 -336 121 314 -142 -633 158 108 391 -423 987 747 727 244 -638 359 317 660 -561 355 -412 -547 1620 102 198 -417 493 -356 -147 -708 -1421 -181 ]
[-285 481 7 -338 -1859 -679 -745 -124 -642 -250 -108 -248 98 299 179 759 259 -369 228 -140 935 -468 -849 -232 -697 1084 -893 135 567 436 675 175 1108 -737 -309 -1134 64 752 -677 738 -298 1045 222 652 510 1693 -74 -184 304 -151 949 760 -1424 526 1680 -375 -271 -1154 206 -892 373 452 313 -498 -216 362 269 -1087 -62 -138 -209 208 62 819 -473 -1302 1916 -957 -527 -63 1086 48 -572 -771 -1805 1126 266 361 -579 183 1551 333 -229 413 -76 -154 525 -1004 90 418 70 328 -729 -886 1048 164 384 982 -227 -477 2014 -401 -327 -302 1004 -386 18 379 -693 -425 225 228 -300 34 1133 921 1510 -459 -910 140 320 63 -315 -654 -148 ]
[-398 -361 -88 275 -221 -489 -202 -590 -175 925 -949 -466 -1200 142 717 1398 215 67 -1311 -103 -442 440 -253 706 -317 524 1078 171 -1150 -1151 -164 -347 -288 -72 -81 -453 -962 -674 -860 -845 319 758 -439 89 -538 -67 -539 -598 -115 727 497 1478 -730 -1637 661 185 -124 342 -5 -197 459 -152 -39 -678 -761 -358 1600 349 -959 -745 -399 591 507 -1087 -303 -609 -79 -599 -1216 995 220 -468 846 35 34 -179 776 -785 -266 -472 1573 -433 36 -653 186 -1017 -351 314 -527 257 288 260 -697 -869 -172 24 36 -768 -367 -31 -510 276 -475 -81 1050 258 -532 -1445 920 -79 -151 -569 -167 700 1339 38 -748 -849 700 424 -260 -1348 -262 214 115 ]
[-233 -1152 -845 113 -1171 -1243 -61 715 538 -337 -80 -23 607 824 -2077 1089 416 911 484 -176 1424 371 -390 -165 596 -308 -1135 1261 757 535 -1559 610 601 -55 -28 739 3 61 219 396 50 1111 656 -305 114 -1188 -192 737 -95 68 -552 -666 124 -195 -1945 411 1356 1833 -504 -622 565 -1057 585 121 112 973 -373 278 1041 160 1016 15 -1230 662 -446 27 2 -1084 1047 -1577 -395 221 298 -182 1121 1228 936 176 267 102 -754 698 714 -233 119 360 685 201 1275 222 1141 -195 1006 68 266 -372 -162 -551 -1529 -107 -24 475 -9 -8 -763 -177 120 54 19 -814 -222 66 1300 -63 -1707 191 49 -644 243 146 211 -613 -6 -447 368 ]
[-562 -543 -532 -975 -1570 -233 -597 -94 -593 601 -316 -98 -69 1029 -12 1712 293 903 -137 208 -92 744 -293 -496 -496 999 285 261 6 -1311 -248 -769 -140 242 85 479 196 -303 -505 -376 -959 815 305 -1572 53 223 -395 -231 -401 1305 -466 -54 -458 -612 -541 637 432 165 -217 -788 154 -782 -894 -255 614 -156 118 -375 -943 604 374 1246 -237 524 -1330 -303 315 -195 -420 -383 -62 -411 121 154 554 987 88 -378 531 -461 421 497 389 221 -1064 409 721 69 194 749 187 -32 192 -380 -205 -5 354 709 -875 185 386 873 -752 437 198 -239 -70 109 161 1 -391 -74 -111 513 280 -457 321 -152 259 429 -893 -1571 -166 -827 -43 ]
[-387 -680 -85 -924 269 -696 -731 -635 948 959 399 -537 -261 -418 -802 -440 -43 1435 312 -929 -519 213 296 -43 -793 784 80 219 -1845 536 269 -433 -497 -102 555 -303 660 305 -369 -620 248 141 716 -1975 64 -229 682 -792 342 264 914 -521 -74 -607 148 -711 -670 367 -6 399 -426 -730 -664 -815 971 -126 -760 -445 8 -663 -100 75 1211 518 120 -8 -44 644 628 952 -760 -65 -476 352 502 -634 471 -33 -1370 -42 -477 652 1314 474 -1255 -155 963 -18 -105 310 1586 -778 -653 990 -270 -700 -974 -501 432 -10 -845 159 -163 228 -1603 394 52 774 288 281 420 521 -3 1080 303 -814 -447 222 -737 -708 -439 144 -111 701 -123 ]
[1486 -1022 226 644 -186 414 -756 98 -259 825 -287 -584 -1207 623 -853 282 581 272 -350 -100 -7 13 650 -1541 710 349 417 -452 -699 -243 22 1007 -965 -264 -286 942 41 91 -696 -1217 -1004 -265 -317 -1136 271 783 -377 -885 391 520 -887 1102 687 -789 -898 412 286 119 190 -275 -444 -127 -418 -86 322 407 746 -304 55 -203 1372 -69 722 1056 62 -1030 935 227 36 1082 525 944 479 -231 705 868 961 -312 46 -259 1 884 -140 -110 -800 823 378 156 560 292 974 -109 405 1046 197 18 -609 -242 328 -64 198 2121 -676 657 -769 793 142 -992 201 -589 159 -295 230 323 805 -696 123 -222 861 65 -333 -977 -1235 472 770 ]
[-6 -181 173 403 595 -248 -235 -267 920 69 947 -1047 -96 -603 -53 7 -211 -607 -134 -62 1125 892 111 -237 88 -482 290 -219 -1533 234 709 459 265 -439 437 309 255 -176 208 935 -1032 -625 568 1170 1158 933 -60 -230 -162 -1554 -32 -232 101 -278 672 732 1260 -1015 -917 -1206 491 -622 -416 45 -211 309 -797 -1063 20 734 39 -1524 742 -24 -444 -598 -589 -753 709 676 -1395 1116 684 1213 -313 920 -1351 1106 -850 495 469 -1230 116 182 -377 -1060 610 -1058 45 232 -973 665 -4 831 1010 -322 201 25 -1176 -365 562 -360 676 78 460 595 913 -54 -1030 540 -236 1041 0 -590 -1044 326 561 647 -25 -138 1227 406 408 900 -947 ]
[-475 -987 -267 499 -1454 405 56 -362 437 -434 -195 901 1890 606 259 51 -265 -1257 -361 -1105 -567 169 -1811 -40 339 -440 -1701 -476 370 61 590 723 1596 649 -29 943 538 -71 563 592 1112 -543 -1233 -617 188 1105 -4 -28 -28 821 -949 -185 119 190 -654 782 -654 -1288 22 779 -612 -13 694 88 145 -887 -714 773 -229 164 -1200 -624 -1226 -827 609 -516 137 -602 670 -323 139 -432 123 -836 -831 941 253 -291 1043 1115 -108 -874 73 27 -47 584 -1293 -424 -188 1125 -558 -843 572 -655 -219 656 1480 340 -927 -463 -241 -1251 424 48 223 -16 -820 510 -108 -353 367 -641 416 -523 -1321 683 1512 236 -870 -500 474 32 -483 -928 -1006 ]
[615 -127 36 111 12 -84 195 275 596 -234 526 -499 827 -476 41 -99 -613 291 466 1098 165 639 1170 188 696 -1249 85 -678 1827 146 -1070 -87 -575 221 -471 491 283 -11 119 344 -1679 733 466 143 58 211 633 -644 23 -280 -307 -263 780 -10 -309 44 1072 -313 398 1010 215 795 592 -886 545 80 494 -738 -11 445 34 -286 249 539 -115 -550 1268 43 1501 -163 145 841 401 -630 434 962 -402 -189 -313 -349 -1748 -306 -215 -549 -216 122 -714 -73 673 57 -73 -711 519 317 245 -869 -208 1301 311 384 284 -165 609 217 -447 1251 803 -399 -416 622 445 -239 -57 103 -2519 -307 -39 -759 -634 -308 -1015 -185 817 -142 -65 ]
[-5 -362 182 326 749 146 -768 -517 126 858 792 774 6 668 -247 -339 735 529 -242 -215 168 -134 708 -337 -338 1564 -202 -225 -853 -174 50 369 274 351 -44 -1054 209 1056 -26 187 504 -432 387 -901 -805 215 -217 -487 -411 -1296 -30 57 -529 412 175 316 -294 -334 -69 -671 198 896 60 -478 363 1098 161 -278 377 205 -61 329 1155 735 248 493 423 -757 749 -298 -736 -765 -1104 1989 -773 -139 -648 -301 -227 650 676 -648 -646 -255 60 417 344 -262 706 5 -601 728 333 -67 -1303 -101 454 -394 311 -610 -324 1317 -1558 -369 -179 -10 1078 1100 497 451 201 9 613 -273 1193 -517 219 -79 -138 -311 -744 -366 517 -711 -141 ]
[1463 -1 718 -343 -520 336 308 -311 -1941 1075 1026 1348 831 -422 -115 -674 -240 -774 215 -149 368 395 1456 1215 -751 759 860 545 137 -66 -65 -474 -122 556 -77 -1399 -468 -113 -102 -1182 841 -564 1287 803 -468 -903 727 799 312 -684 -143 -1308 -753 -149 36 -220 -439 -673 -642 -917 -266 785 -539 -17 913 1285 -1404 -399 531 -311 -394 192 219 428 -121 907 -476 -107 -1283 -578 528 291 -880 786 -1043 41 241 171 -841 244 702 1305 -199 -117 -1165 -105 1631 339 -486 108 843 98 -965 652 -635 1110 -104 -460 -537 271 720 461 143 403 -257 -631 -783 270 -278 -931 -50 -647 9 231 1187 939 481 -214 485 -1022 -1435 937 105 -1339 -76 ]
[-797 1461 -432 -695 1245 81 233 293 1005 -391 -706 -1052 -26 -1006 979 351 -493 -670 6 -402 -364 -173 -1358 -827 -185 -798 -406 71 377 612 345 -425 523 -487 -299 1246 -346 -435 593 919 318 -869 626 691 116 -169 451 454 -244 120 331 133 707 283 1172 143 -745 112 -859 545 -473 -268 636 290 -591 -374 -469 135 532 -702 -992 782 160 81 95 1665 -652 934 491 -1347 441 -150 137 10 -52 -467 -289 113 331 -554 -337 -381 -457 1037 628 -142 310 726 250 -40 288 -164 -328 -115 165 99 322 -903 832 634 -157 -614 781 183 -454 -50 -468 -418 -554 603 202 691 -225 -943 -379 -776 -933 -262 400 362 1162 1857 1866 -915 -666 ]
[591 -69 -215 -106 -1668 -233 -124 -58 -714 170 138 1048 1622 234 -1189 569 813 -380 695 499 -289 422 867 1092 -646 1147 -733 666 -402 336 -42 438 533 635 -214 -382 427 249 -648 255 381 1599 1265 1021 58 -481 -174 398 -1266 204 -1051 -615 -603 140 -904 251 -961 737 -915 -705 -297 810 835 -545 853 319 451 -38 1045 -271 698 299 165 315 297 -418 126 -886 -255 38 146 594 -1266 1136 -602 10 462 -152 920 889 1137 297 71 -779 12 633 327 142 1379 -467 -145 -255 -1178 -461 -598 604 1472 773 -253 -588 523 -281 -418 -613 821 640 -405 320 149 70 -649 -262 412 -574 -55 -348 1183 -758 -1079 -306 -175 -843 -627 -817 189 ]
[-155 107 69 797 -947 421 88 215 -62 270 191 48 -793 -422 142 -46 -53 28 -161 75 -981 -746 -1027 257 536 -674 -795 434 -498 1460 -368 194 -178 -399 -331 -558 106 869 73 385 651 -311 -553 -1455 -820 80 -1083 379 180 -403 1225 469 -138 -169 -797 144 692 858 -274 -143 256 -94 987 599 -1208 754 556 428 -5 388 375 611 -92 -365 -328 -63 1156 645 1669 -82 1696 -75 -114 803 -675 -788 -779 -1374 712 500 302 -115 -201 -583 167 177 -451 1423 -295 -408 169 204 262 -450 495 -371 35 -560 173 -680 -1101 73 186 -565 -359 -61 -474 517 1309 876 8 850 224 479 1382 -25 227 249 73 42 341 -5 -686 50 -365 ]
[-253 252 -197 401 72 -278 67 719 -392 -11 -1466 281 641 -201 309 -710 448 670 429 34 39 -669 -153 -67 177 46 236 402 638 970 -1060 -163 -482 -643 78 -176 -269 531 619 131 304 562 -728 -431 226 89 -489 180 1000 47 1327 981 367 756 -483 -384 -288 1024 43 -111 -714 -105 547 958 492 -330 478 41 519 975 497 -487 -182 449 663 -1052 849 257 -323 1047 544 508 -271 -833 253 33 435 380 -615 307 178 323 162 396 61 559 -164 573 375 -238 1415 85 -661 -933 553 232 -1067 -1642 -277 774 -163 -47 -909 -284 -227 477 770 71 -138 531 -369 279 -210 63 392 259 -216 26 845 277 387 240 87 23 639 ]
[-170 641 772 742 584 -31 529 -674 409 -41 11 -1061 823 157 557 -311 -565 -782 -99 -40 -24 543 -522 406 -381 -356 -680 -1574 -267 -475 -121 882 725 -851 771 117 -548 384 393 -129 -881 -526 -484 253 -490 1025 -125 -39 652 -1468 -738 51 46 -94 347 999 939 172 -692 -754 -460 548 -987 -293 -117 -274 -424 268 -147 1434 655 -771 201 -504 188 -532 -903 -53 -1644 -332 -740 -523 1089 -701 -26 264 337 549 -1139 157 873 124 -859 1020 489 -1598 959 -125 -1240 76 -745 1925 260 -1105 1040 27 32 -178 205 926 -247 193 -59 -857 961 666 -119 87 13 -617 -93 -451 -402 -1106 1152 1201 692 159 1091 188 -267 -138 345 -1401 40 ]
[-516 116 50 282 -69 182 846 695 -253 563 -1540 -654 -573 -491 455 -1058 339 801 -531 -309 -1086 1031 144 293 639 -709 -430 -287 1161 201 -224 -423 -1789 -702 -335 892 -901 238 659 -1138 1177 -602 331 -818 -999 -855 521 705 514 1605 151 675 90 181 136 -382 -1037 2497 572 104 -7 -1056 608 -693 -472 -387 -328 314 184 96 -314 1512 -168 -189 -310 1096 648 111 -169 -756 1065 -378 -513 689 417 -1188 -463 -153 105 380 26 -498 -630 -64 626 55 -74 665 25 -610 650 -494 -924 568 -954 -127 -5 -1851 -412 565 -1579 1156 -234 290 -445 -424 -994 -1261 1544 -405 -650 -308 656 115 691 167 -1197 -352 444 -278 -654 -467 788 -1204 309 ]
[5 -122 -241 522 777 -806 610 -315 1617 -133 830 -898 -1181 -26 241 106 277 244 311 320 -454 793 370 -263 319 288 -1317 -1398 -451 421 630 -136 -272 1412 664 149 352 -529 475 949 -60 -572 165 1169 -470 157 1064 -900 -815 30 -235 -521 -214 480 235 -469 -140 -119 205 26 462 288 285 -1488 -108 -318 810 835 429 -639 -436 -242 -141 -67 761 442 -800 -982 -138 -274 -235 417 -742 348 -403 121 -1048 154 -506 -54 -367 -1407 143 -537 823 -98 -298 -540 1319 298 -1201 -355 -265 944 -545 -484 273 924 -457 -191 -640 145 -283 129 776 708 632 -4 118 29 703 443 242 -379 -921 535 -1328 -172 -699 -897 340 -503 -9 580 -83 ]
[19 135 1268 44 -246 59 422 -67 714 -647 845 -522 1077 52 286 748 597 -1052 -562 745 -891 277 159 -133 -897 -130 -355 -959 1878 921 238 854 -81 669 -357 953 -329 509 -152 861 -529 -422 1426 537 -944 -630 -426 598 -280 205 -422 -428 939 766 -293 51 -501 772 -121 853 512 490 -757 -301 164 -829 -324 457 964 -59 1251 -586 501 126 100 607 -606 1669 215 -850 367 339 303 252 525 306 -79 80 46 497 -713 -744 -166 -963 -745 -469 971 1347 -145 -1054 1602 407 -31 450 934 503 253 683 150 -13 -1456 847 429 -73 -1025 1002 263 613 828 -166 531 405 -535 -679 723 -1028 -483 -254 -199 -645 -767 244 1122 -359 -704 ]
[962 570 -559 -342 -541 504 65 -694 -94 1047 -866 -850 -1531 357 -292 -530 493 985 560 323 351 713 72 394 -386 754 -799 111 -1147 -401 1000 -185 -93 -210 609 -725 -215 -362 -231 -334 -869 -103 1208 -134 -3 -229 1833 -227 -204 691 462 -1064 -39 -251 156 253 -615 527 -206 -208 -829 -849 -157 398 -378 443 -99 -702 326 -576 -431 86 409 407 -11 747 421 -594 -1121 -585 -169 279 -656 1171 -389 -899 645 -29 -296 28 1345 424 -957 211 -440 -182 857 -818 711 770 603 -217 -463 1014 -312 155 152 311 -938 204 -266 651 -621 -492 427 -883 -910 256 37 -245 -605 238 500 -424 863 -265 -1027 355 861 -391 -178 -731 -183 -425 139 ]
[1024 278 1230 165 -388 820 -498 437 -30 -389 460 -178 135 -608 -14 625 740 -1996 -1195 -566 409 -560 -408 -405 429 487 -34 763 -528 623 302 560 1695 -885 460 -227 -243 513 -868 -692 -83 164 -323 285 591 736 301 -786 -616 -3 108 1054 155 432 1658 -22 43 -1920 -1261 -564 567 937 808 -1120 948 936 -164 23 167 -255 649 189 1131 1286 406 144 -252 -1133 228 240 815 301 -631 425 -79 1037 629 -355 -723 48 714 277 -462 520 -412 120 654 -408 885 -117 -70 658 -857 82 982 335 -326 467 924 -391 1322 704 -1007 400 -104 1100 58 484 -368 58 -150 -475 -817 -244 619 792 1778 276 539 404 673 1548 -210 -346 768 ]
[988 -1204 -313 153 -368 793 -269 -457 -1075 1638 -628 384 475 999 -742 -684 1290 1031 404 -493 61 1163 1064 -727 -4 1250 658 164 -41 228 390 851 -816 182 -42 -726 -480 227 283 -1309 342 326 -392 -285 -256 231 747 1002 326 565 -678 -699 -50 54 -1062 128 -397 744 287 6 -1448 -267 -738 -33 996 571 -655 -202 237 -110 324 -982 -167 -255 693 -337 289 556 -511 179 -211 -59 -888 681 -644 -467 -137 -303 467 868 1069 1013 -279 705 -1039 901 1055 -107 -599 81 -139 -546 -138 701 -1203 1013 690 -989 -425 384 101 1565 -566 191 144 -511 -863 463 -845 -538 -281 195 870 -79 189 -85 437 574 278 284 -1608 -1323 -688 -691 670 ]
[-25 287 676 -384 343 -251 63 -991 -659 -210 -329 942 734 486 -217 -558 867 -487 -181 726 -782 -113 746 21 -31 853 -1022 -1034 830 -22 -830 101 -1034 786 -333 944 -566 -330 -411 412 -153 -1411 434 120 -1384 529 825 364 226 -878 -303 140 -227 445 132 -765 -260 -274 27 -1087 500 1469 463 -193 590 575 428 811 106 287 184 -210 846 281 527 -173 643 -216 -454 121 410 1072 -131 18 -365 -243 262 -30 988 -376 252 -211 469 -943 86 1317 320 322 928 -744 -141 -521 655 1388 70 -258 218 257 -897 -315 -856 536 -1067 -521 -352 629 1179 -417 -396 692 215 -778 1377 11 741 357 -69 -90 -299 -1333 -971 -1517 -649 -674 -320 ]
[-67 -17 -508 -621 -414 566 540 447 -1248 413 75 -63 487 155 -359 -543 309 -19 892 325 108 263 790 -651 -591 487 -522 -645 610 605 -339 818 247 628 257 -398 -351 -352 -352 1641 161 1198 383 705 947 1576 -474 -79 334 -177 -816 362 -656 1792 82 -128 -1380 72 -241 78 -525 -87 63 1536 -11 -6 746 -904 329 -19 1353 -123 408 624 390 -1084 444 576 -828 225 276 664 -664 -713 -209 -280 308 349 42 -147 450 -944 185 -394 -94 568 97 589 1194 829 338 363 -43 -128 1200 -281 670 3 1287 -442 653 -188 -144 -309 285 355 87 -598 -517 1083 -234 1541 -388 -883 -171 -417 -640 785 1022 459 -586 -184 -736 555 102 ]
[-553 221 1174 829 465 1181 360 -41 506 621 -369 -544 722 -777 609 -425 -85 591 -212 -671 -796 480 -650 186 146 522 -285 -302 721 -56 583 291 184 -221 822 1258 -44 604 24 -135 -69 -216 225 -727 -382 769 -558 301 -209 949 531 673 221 -353 680 440 -964 -8 173 308 -495 298 -674 547 -158 -1071 -300 1214 -155 620 139 290 894 862 -73 -463 771 979 -603 -526 798 203 -854 767 -133 -630 -299 -413 -121 130 212 -170 15 -432 71 287 1331 1013 -10 -590 1102 83 376 49 1323 653 -338 -122 -222 1296 -532 293 -1479 -75 670 -581 -418 131 -58 -170 491 -182 612 66 1649 -279 -71 -225 400 148 -602 -209 1109 -375 -701 ]
[989 -147 363 -181 -10 676 98 -47 -786 47 -546 -311 -616 254 -300 -464 48 500 582 622 121 424 1022 -1065 155 53 594 -813 -167 -401 866 -265 -789 -792 -142 967 -238 -671 -459 -84 -2377 49 938 -384 1081 1043 855 216 6 1119 427 42 -467 45 828 -657 -977 -218 424 -249 -1036 429 -153 -86 904 -516 3 50 -658 463 889 76 329 1421 -525 -859 481 -171 -1834 777 36 933 -355 -269 -140 -673 -464 844 -637 582 -481 1210 300 468 -474 -562 467 -999 -1059 -732 -1232 -183 -72 568 733 173 -882 677 -593 1259 1398 993 -383 38 1051 293 242 135 -963 230 626 70 151 -278 -116 -537 1445 79 -753 -217 -935 -1085 -209 -323 -97 ]
[639 -813 -649 48 -1302 -392 829 671 423 -1322 -586 771 -271 1290 -871 218 491 13 283 -989 15 438 -973 295 1174 919 82 -441 -368 716 -222 1155 987 117 56 -2401 365 681 -94 -324 1630 285 -535 1019 -283 333 -776 265 434 -953 -212 773 144 1257 -391 103 -373 -73 376 555 -330 79 476 448 -667 -778 -30 -345 576 -42 235 -420 -842 -1168 141 -678 -667 375 -551 -589 -613 -599 -624 -326 487 -316 1465 1434 -399 333 1130 -1142 -370 -774 653 -272 430 -410 -559 592 -552 734 -107 -1928 -597 -124 457 -746 -66 -2070 -536 -537 539 -984 -154 -1135 -295 495 -272 -1196 -784 444 -869 -423 254 607 863 161 401 490 -148 62 -534 49 9 ]
[817 -162 278 797 -2 -220 -323 1345 889 -1189 560 162 -1015 -441 79 -69 581 -611 -48 681 -68 520 252 -817 1005 286 -267 -797 -407 -616 -490 -424 -728 311 -86 -1401 376 -642 -325 -387 816 -292 30 336 524 -754 590 -582 -810 -83 558 478 126 -81 1285 -425 474 -1642 1635 107 1342 574 -11 -804 50 435 -514 229 -278 -134 -468 172 -158 -620 -348 -252 -409 696 950 -674 -310 542 -250 222 -74 -782 -27 937 280 644 -1260 -653 1131 -707 -699 -328 -479 -1005 265 -1001 -207 250 -514 -41 -155 239 607 609 -578 -258 -1327 -557 307 -704 -669 -229 -59 647 45 -308 474 -342 -702 936 -57 1177 1158 402 -2154 -466 1176 310 34 1105 -608 ]
[558 -549 -788 -469 -1128 -408 -719 -167 -952 -266 -439 2032 527 -193 -277 279 92 37 -648 554 -39 -1065 -325 165 516 -505 1202 1454 -186 -347 -1313 -1254 -454 187 -296 -510 -415 -404 18 -717 1155 461 -233 -1127 -841 -1532 90 1143 299 382 731 103 -724 -1189 -516 -52 32 396 -618 -351 -774 501 576 490 404 92 266 242 330 -882 82 1624 -980 90 -138 304 -48 499 -151 1331 828 -457 333 -246 -457 -130 -31 -551 579 575 -919 1081 565 170 -410 390 -591 1408 -1375 -222 60 275 -1116 -963 -881 410 583 -218 -924 633 -1031 165 634 706 -1016 -60 -855 152 93 -338 229 -666 663 563 1338 -813 77 -401 -59 148 -845 -112 -42 -511 -406 ]
[-445 -85 -1769 -190 -454 232 -688 206 155 -1019 -505 1345 745 135 -96 292 -877 -306 1467 612 736 -155 -492 -707 -101 332 -814 902 71 296 -998 857 523 356 -117 -51 -755 -65 -942 78 -213 667 716 342 839 702 -570 -548 133 -1397 105 476 -655 -655 1006 -80 1141 -850 -438 194 -115 310 96 -314 -812 -156 65 -397 368 276 -389 256 -101 349 799 -945 850 473 689 224 -379 185 770 -802 -390 694 -833 510 1056 157 110 -687 -401 422 722 -187 -298 -747 -59 514 -768 -1189 378 71 -191 -752 1004 582 -466 -873 765 -799 390 -242 -631 64 -79 570 -633 -25 137 -534 299 -16 -1002 -242 771 -405 -591 906 276 -702 828 -653 -690 ]
[1634 385 -470 -579 176 -135 -117 283 -227 -287 142 -805 -1684 43 843 -432 -67 -850 -448 672 1021 715 369 -11 940 -543 -326 470 -814 -1203 363 -272 435 -77 853 -434 1073 -987 -463 -659 -131 379 -523 1460 951 458 102 -11 -586 261 -916 -366 -925 -713 1059 98 100 -1336 -744 -926 -188 -189 590 -1465 425 382 -12 446 -162 232 -347 303 396 -464 -220 17 27 -556 -37 99 -750 407 -417 -199 -551 95 123 1322 -582 -10 336 97 438 141 -681 244 -309 -787 110 673 -1078 -419 -747 303 532 399 937 1563 -787 242 1451 -663 703 27 -448 146 -139 -1671 -1131 -237 237 764 -1129 192 -300 703 797 508 -220 -228 299 567 -1337 895 65 ]
[-224 661 277 -367 310 -322 -60 -776 263 905 386 -760 -321 1160 47 461 426 -120 761 -1234 739 259 378 -509 -577 2148 -425 -412 -1049 1457 84 -422 242 287 572 444 -727 -750 624 -136 -204 -244 176 801 -1329 -113 -185 -779 -690 797 -235 53 -341 -1143 693 1 1168 -1119 88 -625 -536 138 -77 -1371 841 455 -256 336 -221 -667 -133 736 58 479 -105 574 -623 -731 -1263 100 -30 -450 -50 -74 41 -616 41 -640 -409 -376 -486 -15 -1098 205 -464 -258 855 -811 420 991 -1172 500 1223 584 -865 -417 -89 -478 -278 -354 568 1168 -1199 1152 50 129 358 422 559 -538 855 37 436 -462 -201 805 -474 -48 622 493 -628 -1387 -237 -1263 617 ]
[-708 -1133 -653 -439 -1276 -208 -891 -129 -238 1012 46 907 938 -186 -183 885 -575 117 -291 -945 -572 -654 -252 726 -754 1026 -589 903 61 -207 -164 -149 1052 386 13 132 -444 818 -532 -1001 466 829 214 -546 -1376 -268 -966 -459 735 106 -569 65 -633 -952 -346 852 -450 96 -1468 -324 815 -267 86 -795 101 111 274 75 614 -828 154 962 299 688 506 1318 -131 -899 -19 211 419 -762 526 785 -444 1097 700 -1145 -289 -753 953 721 -690 -128 124 -24 829 733 920 479 2 395 -406 -148 -1084 541 80 -155 -126 287 303 1662 -1045 718 306 110 203 125 1278 -1021 -88 -1022 97 62 1039 76 -520 129 1149 -239 -579 202 -401 -1999 -485 ]
[-38 731 201 -356 463 -282 -777 -307 -91 -129 584 -809 47 510 -538 244 261 277 -38 -217 960 88 -333 657 -956 616 -632 157 150 462 -73 -678 -267 -182 -468 489 517 -497 540 1523 295 164 914 674 -415 -244 194 942 36 -226 -226 -298 -635 33 47 610 1566 124 -517 -629 589 -241 266 -48 637 227 -972 636 -184 161 626 254 -236 -411 -1111 223 53 -650 325 -1468 -649 -731 -1120 727 -715 -381 -482 46 60 607 -139 -446 -769 152 -315 -384 672 -207 -176 317 463 1108 702 -360 -727 -66 1909 -238 -239 -242 -96 -177 -293 -537 -28 -505 329 -258 138 700 260 294 898 -412 -292 -5 -599 -307 -521 665 367 -691 -51 -933 314 ]
[686 625 -1097 -235 -121 -173 -10 -167 -2 46 -645 336 858 -897 -895 -537 -1087 1219 -231 -72 -615 958 -341 513 543 -314 179 640 -524 309 -598 -171 136 -246 -320 1386 1156 772 -350 -654 -1303 -145 221 -1494 560 216 -76 -2044 56 782 326 25 741 677 -789 422 -758 199 -1665 399 -1257 -374 694 1360 952 -953 811 267 607 898 -369 -59 -419 -150 191 374 777 -725 -182 163 50 165 -884 536 1531 711 -149 281 -41 -802 513 1237 -812 1276 1113 1725 504 958 636 -119 -660 -614 -1170 336 335 -1124 -1741 176 1148 1536 591 -279 -579 -88 557 -381 1349 -608 -7 743 -661 -540 560 -583 -313 -1069 -109 -648 734 -409 -80 679 573 -1037 299 ]
[-205 628 -921 106 285 797 168 196 -435 23 99 -1265 623 640 -23 -1129 -622 698 1208 -417 513 -73 417 -743 -748 628 -505 376 -871 -20 -152 -222 325 1122 406 845 663 507 601 452 -534 1060 83 -1171 -811 908 156 -1023 -429 493 -866 -804 130 800 -438 -73 676 -163 -236 848 -1017 754 -585 -380 32 159 6 -545 -481 104 -967 703 1362 428 214 159 1807 -372 654 -1170 -267 -539 -706 -787 447 -100 -903 -1018 -708 -772 438 934 -691 360 220 702 -580 308 648 -240 -19 -781 1458 1337 -900 -636 378 969 1463 323 556 -198 -765 -190 222 201 564 212 -441 1441 -123 -465 754 -457 -1297 -392 -215 -666 322 -61 24 -1683 -1368 -61 20 ]
[-1191 600 476 -709 642 -801 -225 899 616 -644 -209 -106 -666 480 -1331 -44 216 1145 927 -513 -105 -822 519 -97 198 -74 -363 16 1110 646 -841 371 -580 31 -1112 -609 662 968 313 363 325 -797 658 -67 137 -878 -132 -278 540 -157 334 -26 -21 1440 -298 -549 528 1792 1135 599 1447 104 443 503 258 203 -133 58 653 -3 1030 -269 190 -338 -439 994 -678 821 845 -1395 29 193 -37 -616 1163 -993 445 -39 279 -450 -473 879 921 -504 969 62 371 -389 934 -396 650 338 1002 96 -615 -1183 -922 -719 952 -1603 2 197 37 -467 -467 -1614 1893 753 190 118 -657 113 273 508 -161 925 -1032 922 -296 602 661 780 -506 48 1344 ]
[-390 -980 176 -82 -509 -352 -700 -828 -678 214 225 -958 -13 1059 493 -315 1247 474 110 -989 835 -520 313 -327 -984 805 503 176 -416 382 382 -1195 -322 1257 -741 908 209 -685 5 -808 -247 749 -1083 427 -965 -590 -510 446 -769 1241 33 110 -901 -208 -234 -420 173 -975 143 -975 -42 479 791 -1262 593 539 541 472 -45 -1347 -124 951 -147 235 -709 -436 1439 -137 -103 994 973 203 -508 -727 -4 405 889 -506 -380 -806 -545 674 531 -1070 -856 1379 -427 -377 809 317 -314 -662 -31 909 35 530 -182 194 -666 29 421 922 -988 1107 -324 597 270 -335 21 230 627 490 -88 850 -247 -241 -598 -116 -219 -924 -260 -1607 -1888 391 313 ]
[-190 -1402 -356 -260 434 -1122 -1050 276 584 -467 -456 -594 -1778 470 -872 -122 -145 576 278 -731 508 -173 -97 -595 -124 165 295 311 -767 165 780 -604 -35 240 -592 174 -31 -693 -139 86 -777 -513 -374 -445 513 -486 -88 -129 845 -535 891 -633 309 365 -222 6 613 307 -488 -39 804 -1483 -206 184 -605 279 -477 230 -674 -179 378 -242 -682 -839 215 1167 -1092 -672 595 -1232 -805 -62 102 698 660 506 526 -232 -210 -454 -322 14 367 -53 297 333 -173 -601 -955 590 -35 -465 354 966 -370 -612 -89 -234 -560 -251 -629 485 983 398 -833 -283 -26 46 -354 9 97 657 454 878 -838 -860 -1474 1148 794 -610 821 690 -271 718 314 ]
[117 255 -380 -254 -1634 -263 759 -367 -313 91 -1079 -377 191 1007 569 176 -520 -895 257 -375 -298 778 -648 441 338 252 -1452 -554 -273 266 638 116 424 496 -265 693 782 -30 -400 -490 -620 -630 -930 -606 533 599 -495 720 -399 812 -396 -148 -140 -429 -1217 491 -4 694 -820 41 -1482 -729 496 -261 -441 78 -26 -65 -36 849 -819 298 -569 -599 -276 -898 1418 -766 -572 245 272 -291 -881 -544 -85 219 42 -327 352 988 922 -318 -1589 -393 515 456 -788 -49 -166 1812 -390 -1827 545 664 -278 -285 1114 447 -306 -893 -401 -314 395 -171 245 -130 -972 -861 235 -716 -42 404 565 -96 562 261 27 -1030 581 -628 436 -659 -1033 -427 880 ]
[108 178 372 18 -226 357 -671 1 305 -84 -592 -1123 857 1123 170 203 881 -905 508 261 525 842 -395 -634 -832 39 -1031 -495 -138 -48 144 506 109 -190 238 714 -328 -688 -195 351 599 405 359 2 524 -207 347 813 -716 261 -1475 -557 -36 -326 581 -203 121 152 642 -199 91 293 52 -2074 1039 526 -1191 50 207 -517 633 -86 549 -3 -391 -500 586 596 549 -914 -31 218 106 -507 79 -663 948 568 193 95 -452 -670 863 -56 -1412 -182 -79 -1061 1385 -715 938 -512 9 -313 112 815 1257 111 -329 -14 -416 286 257 -777 -1223 1171 -1041 49 -72 -188 436 -373 133 -1005 -913 13 1105 786 -1789 6 564 -543 -557 -294 -563 ]
[57 -435 -1097 526 -663 -112 334 -677 545 414 -557 879 -506 543 331 76 -689 1334 222 -80 354 189 207 440 -292 254 -457 59 -1138 -800 -105 -29 347 514 1052 225 -742 -163 -644 -806 -906 -103 -381 -675 933 645 -272 -751 -760 -150 224 -662 121 -612 -949 150 -536 458 -155 667 -2345 -861 -953 1111 -400 -722 352 132 834 224 -527 566 -182 -773 198 -715 97 -33 -558 1395 -661 171 439 86 91 43 207 142 -198 922 1160 -237 -24 70 356 -610 437 -121 488 581 -1331 -999 -367 201 428 238 -91 -469 -235 303 -856 199 -283 -603 993 -779 104 238 -12 -315 294 -316 -21 -636 1270 -648 -216 1343 712 149 -176 -679 -75 394 -845 ]
[237 418 -248 79 1138 376 -290 -425 961 823 -71 -305 -515 -71 -1089 -963 34 582 -505 838 -1375 1702 -244 392 315 -180 -525 -846 553 -827 -320 36 212 52 -354 -760 533 662 -359 -576 214 570 244 -1185 -716 -1339 1799 -813 -422 1519 551 -697 325 1061 -173 330 -248 394 -267 1628 -464 -533 -183 210 915 -1328 -16 318 -91 528 -419 -1235 -1035 -677 668 844 -753 727 301 -871 -551 -53 -253 -903 822 -985 -1103 -130 -644 78 -133 422 -7 445 -640 342 -76 156 -1151 582 863 -467 -837 186 404 -1415 -718 1105 67 -180 -1034 -854 -133 859 659 -247 474 151 934 180 -56 -191 217 -145 -592 597 -637 -557 161 -367 -573 -182 123 -554 72 ]
[-5 798 135 -924 835 599 -325 217 693 -150 -37 -36 -824 -544 783 1177 427 -1357 675 1081 -1531 -861 -643 -1092 -312 -28 567 -939 -562 -128 965 -1238 -39 -678 -640 936 183 -1058 -388 1264 -1077 76 -200 -324 162 1111 -894 479 -576 453 734 420 354 -255 658 180 0 -562 -1129 -281 -605 -10 -30 1368 -338 -975 924 1102 -62 540 880 350 1482 358 -286 773 -729 435 -778 -541 -365 -591 -936 1204 -340 -7 -1357 -1623 1418 503 -139 -211 -610 1304 143 404 -496 1340 -1019 -95 -1002 -542 99 -527 87 -324 803 474 586 743 35 724 -669 -107 234 218 -285 39 76 872 -588 991 230 -404 449 -1512 -537 -423 884 1273 831 -236 259 -171 -298 ]
[34 -462 -381 257 -972 -91 265 314 885 -217 -99 -1412 -910 165 -632 165 -949 712 258 -1025 461 369 -1159 -466 -4 -594 -90 -591 600 -520 643 737 278 -174 -485 468 92 32 -204 453 -764 -317 -44 488 196 267 60 -173 222 -361 -227 -38 563 174 -106 638 -30 365 -434 -690 -245 -1046 90 524 -350 -457 -629 438 -79 -130 519 -430 -615 246 220 168 -649 217 567 -1183 -240 -57 188 -254 778 812 828 424 -218 653 -1050 -693 -357 36 243 -371 1078 -323 20 -101 1003 1072 803 -339 369 335 -73 -913 -549 -585 215 720 988 -284 240 -536 278 1068 237 -612 326 330 -781 -353 -701 -40 -143 219 817 -232 736 1660 120 132 105 ]
[-656 -405 -803 -957 691 -526 -118 -239 516 -238 -223 -359 -98 -414 -310 647 -74 -348 -874 -275 783 -31 -1865 -189 119 -45 -80 917 -172 772 -300 24 1304 493 197 443 35 239 349 1060 940 -259 -825 -321 -365 -280 307 -413 74 335 235 -456 963 364 391 689 150 -22 -1144 1042 600 -554 707 714 -883 56 -239 -35 -164 -759 -609 -455 -270 -1239 764 869 -1120 220 664 -1098 -420 -472 936 538 -6 -619 -45 -476 544 -260 166 -317 -239 515 699 113 -135 849 10 705 618 96 363 200 311 -472 421 224 692 -257 -534 -674 480 -133 -706 -197 295 -80 -177 330 -141 674 912 -723 -705 -659 -1579 300 1010 78 1159 1039 532 417 -611 ]
[897 -521 -190 452 -65 879 226 1121 -237 -334 1217 -1069 24 -512 -629 -580 1320 235 -372 -85 763 22 1194 -1179 270 699 253 1236 -267 -377 -409 320 -338 -376 781 -310 117 -333 189 -200 -106 1216 1249 411 -283 -882 514 -141 -877 546 -501 -229 -264 128 1305 -487 41 -1140 486 -539 689 832 576 -874 747 1187 -604 -66 -169 -522 -215 93 533 1165 230 90 -60 531 595 -364 -668 695 -320 564 91 -213 1050 531 -452 -343 -1186 750 602 160 -874 924 434 -351 1385 -1206 553 607 11 1223 924 271 -473 649 575 1150 485 622 -832 44 -1344 991 43 421 -173 53 451 -217 -152 12 -1023 -723 549 -24 -820 -191 -105 -66 -224 849 298 ]
[-605 -597 -857 -240 -468 442 -4 -578 -435 782 -241 579 704 126 -888 526 100 346 185 735 -995 -163 264 -764 -292 -458 150 -311 -1067 139 414 -853 -679 749 -349 553 616 198 -774 -575 -301 -379 -451 -946 -26 -972 1087 14 -1088 2677 353 97 1183 -950 -157 3 -153 336 113 165 -1213 -760 312 747 -86 -1022 1063 206 805 -251 -1017 -31 -730 142 86 -140 -1 -395 -580 2528 378 878 47 130 331 314 -1232 -556 1327 824 -111 -246 355 806 -378 302 -251 594 -537 955 -1480 -1605 -117 575 -581 -369 -476 397 -165 -512 -255 191 -1427 954 997 -291 -128 269 787 -65 -835 -975 918 -304 -549 -1324 -942 -501 -280 -213 -111 -1421 439 -75 -316 ]
[248 126 -179 229 -415 -394 221 -461 -259 508 -517 600 -591 -643 1065 35 217 368 -616 1152 -362 173 564 774 -426 186 667 397 -1807 -1159 641 -256 -364 -161 1013 -1180 852 618 122 -943 77 235 -808 -1073 643 959 -815 -487 203 -157 328 261 -308 -156 -535 677 -49 -227 331 -1270 173 -196 -730 -465 -130 -737 693 234 35 213 121 391 1420 -1125 -528 -895 -20 -6 -460 1280 -805 489 87 1525 -382 -591 -470 -30 -159 808 2101 328 976 714 509 -165 -167 -128 97 -946 -948 409 -333 -589 153 815 57 270 279 1113 642 -116 -627 -1399 1035 -198 532 361 -411 -159 -361 -490 -1064 727 2244 -521 -90 462 -140 -4 -169 -66 -422 365 -562 ]
[262 -946 -543 447 -20 751 971 -452 775 1247 942 -155 286 -521 485 -1007 -21 1078 80 263 253 2195 765 1066 603 -874 -327 -97 -462 93 191 820 -195 -14 848 -893 -502 -221 -365 -1251 562 -65 -24 418 94 -15 692 472 -702 -366 -861 -1288 163 -1182 -484 348 598 -46 1197 -285 -139 -709 -669 148 -82 992 -791 -61 310 -979 -394 -24 296 -948 -380 -35 -330 829 1459 -1014 -939 98 953 861 -758 -803 -473 -209 115 502 -485 -460 -248 -293 -90 -360 154 180 -638 701 78 -361 167 1605 -286 429 1019 -826 -413 -100 -535 105 947 -513 -906 -469 -1496 104 253 -298 579 800 501 619 -69 576 -64 -32 -291 -475 -1202 212 -223 799 -864 ]
[-19 -447 97 -923 -889 -86 115 1849 -600 -1081 -151 -521 -698 -692 570 1123 224 -1241 545 -257 167 -1410 -341 -323 497 19 465 1267 558 1311 43 352 9 8 809 -218 299 -72 -634 828 491 373 852 805 194 -306 -944 450 594 804 -736 179 258 101 878 -534 -81 321 456 1482 2037 -115 551 -1266 -438 600 425 360 -1154 -365 845 469 693 361 -110 -261 150 928 715 -1172 1344 455 377 -145 -682 -144 466 -375 214 -370 -80 -902 422 -105 122 -974 -387 147 555 -141 723 64 170 25 -391 606 63 838 440 -101 125 -224 1614 -538 -232 396 -703 -43 251 -763 316 201 -705 242 -188 -297 601 1285 -1280 505 739 673 -194 905 -213 ]
[-222 927 827 447 515 -581 -548 -491 -720 549 226 -611 -443 290 -384 -1264 -473 586 353 -757 618 -310 377 244 -216 -517 -308 -64 440 4 109 647 -388 -391 297 1105 -32 1467 -431 -481 -176 -1133 -210 -781 213 419 -1375 -1037 -651 -230 -797 89 -967 162 736 625 -392 1039 -1527 -802 -327 38 235 103 -179 147 230 535 1184 1066 874 195 203 241 -149 106 129 -434 73 430 559 -228 -722 540 452 56 -331 -310 -587 -772 158 295 -290 18 899 67 1112 302 83 21 -152 -362 -866 620 -160 -461 -1752 -483 794 248 197 535 -195 520 1160 216 1168 -1104 1200 721 -1036 -258 722 -26 1305 374 -149 239 -276 -471 442 958 -413 75 25 ]
[-102 909 452 267 -508 397 432 -53 678 -844 180 -652 1064 399 -244 180 -726 -1489 -84 111 -75 596 -1047 126 -804 -79 -1191 -716 -318 1230 -165 219 634 275 195 1665 425 460 -12 390 -552 -254 155 -161 390 221 740 -147 -982 -252 173 -440 694 -219 435 277 1171 1210 -539 -119 -484 12 180 -641 227 -386 -613 791 441 458 -522 -565 -542 15 -174 -171 142 -172 -701 388 -45 881 453 -271 521 -332 -467 880 -545 364 -496 -352 -10 389 9 200 790 229 909 -827 -276 -77 -467 614 1284 217 -310 115 134 86 466 278 -94 -395 -285 1117 339 841 36 -71 -618 -118 -281 -1011 360 249 469 650 -427 -655 895 -212 758 -1033 -691 ]
[623 680 626 426 1223 -33 47 -833 -329 -182 -77 83 294 417 153 -822 808 1245 -653 1456 357 656 1168 -10 -407 248 242 -738 705 -1237 -153 187 -1000 87 -277 -1015 -777 -442 62 -794 -163 26 983 354 388 -513 1515 490 383 -176 1024 629 -776 -137 109 -772 -994 -297 1661 221 217 875 -297 -64 302 -402 -473 -749 -485 651 405 -903 -675 116 -111 -435 -40 758 -453 1300 -373 -270 68 -574 54 -251 -661 1357 -796 -33 -379 -69 -69 -1018 -279 -1291 -552 -1632 -745 -1017 652 787 -368 123 -665 399 -75 -371 -714 -117 -123 -159 -26 106 448 -213 694 -25 113 1206 738 -626 -462 311 -189 247 -435 -908 -1255 -315 -1433 -311 649 409 627 ]
[-13 -86 -276 334 -758 -740 -363 -427 589 -2 -655 105 1043 373 -990 361 920 1030 -135 -187 -279 -115 -338 582 269 257 -1341 199 -168 604 -428 244 724 -1102 -962 -73 128 563 -377 68 624 141 -16 -190 -1017 -1660 -231 1223 -193 -21 301 -407 116 -73 -394 726 791 -184 -177 -1855 619 -757 1537 -608 -626 446 -590 11 443 457 -293 -471 -1295 -761 -511 209 -64 139 2106 -865 711 -237 866 813 -149 331 383 677 396 552 414 -595 -74 -132 867 334 921 44 468 299 -435 460 837 -249 306 -226 410 -404 -878 -575 -1118 -298 -206 -535 -286 -763 -525 290 672 -671 326 -101 883 682 -295 -86 905 -138 -914 -972 665 194 263 -189 -596 ]
[-1439 838 1334 400 888 101 1248 236 320 81 25 -1307 1036 -771 566 39 345 -1038 23 -302 -583 187 -689 321 -115 -694 -337 287 1048 489 1 898 4 -180 -99 879 504 1177 598 198 508 -1142 -639 706 574 1042 121 845 -196 -814 -131 -132 -491 -864 -244 -449 121 2436 406 -582 -1047 796 506 1098 321 102 294 1086 740 1690 227 -1026 464 420 567 -1083 348 -141 -1431 245 1022 539 -223 -330 -450 -290 -200 -68 537 420 364 -189 476 128 1253 -168 -273 922 -210 -1346 1258 -502 -414 -147 568 1047 -377 -1532 -1318 576 219 14 -376 -683 1127 109 280 -56 -278 973 -245 1136 589 -771 1330 1259 165 -827 -31 289 1011 361 -189 444 727 ]
[204 835 958 261 1451 1106 901 -499 -720 -23 841 11 -392 -648 -211 -562 1084 407 -1635 312 845 588 441 129 386 876 580 40 555 -898 -544 75 -514 -552 537 -551 -391 1275 672 -155 631 -1299 -10 -532 -254 539 541 -161 -585 -1253 189 100 -924 -18 953 -490 152 274 820 297 1055 797 -568 586 341 461 -499 -771 -790 429 102 339 1033 165 -515 -1029 506 -330 -1004 846 -146 -432 441 401 -1167 -728 -188 157 222 874 1063 9 -458 -70 105 -776 -269 193 -518 -460 876 1147 5 -276 357 -474 -391 232 563 -535 -688 524 -771 -476 125 -460 -426 -207 411 1251 500 170 212 -361 2932 269 -603 -463 278 771 -1342 -299 67 -183 688 ]
[659 -508 748 84 1035 249 365 448 410 -673 196 213 -617 1136 -123 -1208 -252 91 -266 799 307 63 1317 320 430 -704 -219 -1329 1474 -1221 -149 -420 523 -90 -527 -223 331 577 -510 142 -462 -120 -757 145 112 50 324 198 430 -692 -166 314 400 1093 48 -589 -542 -583 1108 349 -281 977 599 -515 519 -560 456 212 -344 -11 275 56 413 540 -109 -729 1636 -791 16 -491 35 590 -636 -339 844 -521 58 223 -650 -425 -368 -791 885 -1109 568 811 -726 -1125 356 -1423 -770 -428 557 -395 -37 -567 -382 690 338 -736 -415 -109 464 -44 -43 131 1492 -824 -282 481 293 -1024 3 -166 -803 247 223 -790 -1561 -39 -91 -507 -188 1500 -306 ]
[-657 -96 -12 -396 -1477 -1735 466 -1234 35 131 463 156 -876 1241 -318 1526 -354 1091 -200 -1051 2463 -463 -105 712 855 216 752 77 31 -673 -862 -12 821 174 448 -919 -478 565 341 -237 247 735 -312 167 555 285 -462 -707 -664 -382 94 -300 -588 275 -252 537 471 499 -31 -1333 371 450 -21 -661 -660 1368 -28 -1520 1046 -1132 -69 1315 108 -137 -739 -849 -215 -686 596 363 190 -300 1248 -1169 415 508 1542 149 -942 473 577 338 560 -536 10 -1322 648 5 1768 1419 -339 560 853 -840 215 -573 -589 -506 -79 -1593 941 428 265 196 -254 -1057 243 184 -412 -794 158 608 -1116 136 485 1020 49 218 697 803 -270 156 -211 81 134 ]
[364 -767 -130 -559 -1002 -304 -191 -737 -561 946 -10 325 758 419 215 314 -557 -125 716 -609 -613 -320 1275 280 -1175 242 1047 905 -744 82 535 -338 -949 400 -1127 823 -47 -555 -119 -825 -713 459 988 -362 -482 -940 -454 129 -435 798 -1033 -845 -358 -1527 -1184 247 880 117 -573 -656 -271 159 -495 -914 1305 1396 -172 -619 98 -559 -30 35 149 930 -459 78 112 -114 -422 226 369 -749 904 265 -224 1198 401 -1124 -703 168 -144 1315 -1260 271 -568 -347 327 93 231 796 872 -962 363 1063 -1085 277 -360 -911 -526 785 1027 1071 265 369 -414 1179 -1085 -144 863 -525 -304 62 212 702 -552 -323 514 -870 727 -749 -653 -763 -1270 -338 1128 ]
[1145 -155 -338 0 -784 -401 158 22 -1231 724 653 329 -177 -868 792 -99 -618 432 -625 187 -119 982 580 566 1034 -903 889 396 -85 -790 1172 590 92 -500 497 -301 281 -18 764 515 -882 -646 -436 417 346 778 -416 -331 264 -919 -782 -240 -123 333 -203 984 -1425 -928 -1537 -977 -88 -8 -233 535 495 482 386 -440 257 510 208 -120 271 -681 406 -54 -167 -130 -35 1482 -475 784 526 203 -444 1109 -299 372 177 888 958 110 269 1407 -196 118 -342 668 -866 112 -1810 1302 -1172 744 631 -10 -475 506 -446 1012 610 -817 1752 68 643 716 190 -675 -955 649 981 678 -1021 -235 148 -416 803 1024 274 -919 -894 1362 -518 4 -568 ]
[889 1245 -39 39 -498 332 -311 562 -1641 1014 900 -498 -326 124 -304 378 522 -541 572 613 1042 114 623 -636 186 150 -22 209 -1500 197 547 334 70 -650 742 -144 660 20 309 -597 119 888 496 453 470 -265 -216 716 -959 1726 -320 -471 487 -1149 178 437 -12 629 -370 -1914 -675 -338 -29 -20 -14 458 -623 -511 194 704 792 -198 614 957 -239 47 -307 -165 -492 612 563 1116 -1417 739 -204 399 -1061 -582 487 212 496 688 -67 797 -1046 441 -26 -245 -416 67 -653 -462 -572 1168 623 206 805 449 -421 -409 1710 579 -1091 1442 715 13 -1433 -480 180 -373 -354 8 295 -889 363 -190 482 -78 -333 753 564 -587 -332 346 906 ]
[-68 -851 -1536 -169 -852 -81 667 262 -1397 135 -734 912 -225 -498 -439 -260 -1967 609 1259 -1535 377 -168 -300 198 -678 -152 -736 976 -1428 1607 -421 158 -490 429 -410 -98 491 360 323 1 496 -358 217 -677 -808 164 252 -713 1490 462 790 -318 172 1431 -1061 -988 -697 847 206 509 -771 -1232 -28 937 71 -677 -492 -196 -166 101 52 696 -137 -456 -85 -475 457 124 -1010 340 1537 627 -976 -431 -149 -1123 -947 -442 -449 -283 2012 100 99 600 959 -84 244 -283 -140 -355 -53 -648 186 1083 -1160 -787 -334 -1244 382 -980 -521 67 187 -557 1184 -518 -777 213 403 -197 511 -287 -25 131 558 -402 52 -38 8 -293 657 -108 -1069 -258 271 ]
[-1 -570 279 733 296 710 -16 344 -1945 533 280 -398 -1531 -284 111 -594 -198 612 793 683 1008 -830 272 -1607 -797 -703 1421 -428 531 -355 523 -317 -1475 227 -345 -480 348 146 -90 -154 1063 -463 -86 -200 -45 -83 462 898 -69 23 -2 -421 -289 639 2158 -304 -126 588 467 -1518 975 -73 108 -390 -532 919 -181 185 433 854 -53 -842 -3 590 -274 257 -414 201 88 -875 920 805 -803 753 -262 -187 -1885 1237 84 -466 188 -657 648 169 -233 251 776 -980 -464 -969 -126 -314 -53 429 -631 330 -1173 -274 -598 313 837 942 -255 -192 1487 -213 261 585 -103 -223 -1059 360 336 417 882 103 656 -7 -1178 -910 10 755 1067 181 -848 ]
[111 -426 219 -484 -180 133 288 324 907 122 -1147 231 -496 -589 365 402 543 -1216 171 494 -1453 -392 343 -231 -65 -779 692 -568 1372 518 -765 549 19 -64 -821 -218 82 -132 -403 910 -485 813 37 -2 35 1196 -751 220 398 -93 421 466 -45 1029 -491 -613 -1709 -407 -424 712 -716 721 544 -161 468 -1179 1101 887 -192 119 1458 -39 1641 295 980 -750 359 1656 755 -534 844 288 -1205 -343 88 -529 341 -1251 89 692 -180 -597 1154 -395 -517 1380 -215 793 138 -656 279 -458 -199 -1267 599 276 3 551 1152 303 -58 -558 686 -337 -254 1155 899 239 -710 603 183 504 -723 469 -242 -1168 754 360 -588 725 -319 559 452 459 -513 ]
[-837 -281 239 -623 87 -320 380 -14 798 -32 -606 -124 -21 -830 1314 22 -95 -523 -130 -1368 -1595 381 -198 1 307 135 227 344 662 1351 -232 -238 -468 493 -796 1075 -498 -1489 1202 288 -580 -1299 279 -121 -626 68 -66 568 998 11 896 -481 -1415 -212 -226 -1081 -594 -109 -328 655 119 497 979 -69 704 462 179 964 -281 -67 -920 -578 -65 -452 739 658 -808 704 357 -1042 90 -367 -729 -298 -180 -394 798 -437 39 -564 -1617 83 -790 -533 -138 1014 51 803 -1016 1078 547 -723 363 1490 -512 -143 -829 -1440 -609 1336 -2378 277 1054 -96 -1344 462 -615 22 -522 97 1593 1848 951 1443 125 177 -136 58 439 -1037 157 691 74 -730 378 ]
[-975 -301 505 -482 844 936 68 77 915 659 696 -517 248 125 -812 -465 800 1248 722 -445 -1163 242 -354 -703 -161 57 -62 -1077 327 175 1100 206 188 -305 -1313 83 -127 485 131 690 314 -811 -513 -604 -366 -515 -82 309 -550 540 800 -509 1307 1391 -238 143 -559 -16 529 -386 333 -1223 645 2127 -944 -410 -615 -540 965 175 -109 -244 -847 -397 26 1052 -563 1089 1491 -640 226 -850 -249 768 1006 -474 -1008 -662 1107 -421 -328 -546 -96 116 381 213 750 733 -1416 -492 -22 -217 588 943 -246 -698 -359 -445 294 -1607 -1612 -68 -339 577 -96 -1109 -744 824 1088 759 -350 659 522 114 -774 -617 -478 -853 -442 -767 1209 1031 489 616 -584 ]
[1044 722 586 281 -422 -405 -760 48 -248 -11 -140 240 857 -756 -261 601 -182 492 -967 749 -490 -420 197 70 116 -75 -262 550 -136 -1116 105 -1007 307 -642 -1211 822 -164 -341 356 -416 -472 -986 -67 -887 254 -529 -406 -48 -31 -259 -292 455 746 -303 -849 835 26 -1966 -503 -1301 279 101 628 680 657 241 -284 -596 97 416 -100 869 -604 236 -1076 677 961 -865 380 -525 374 -188 723 588 191 1802 41 -69 232 -230 400 580 -969 967 -72 215 -437 522 -162 -827 570 466 -437 -436 -76 -15 826 525 -265 1010 -511 196 215 5 336 -239 8 -773 -19 429 997 -551 -278 72 -231 -611 369 -1131 156 -347 311 589 224 -988 236 ]
[-233 414 220 -385 -58 -206 946 728 -93 -126 102 -632 710 123 -465 929 632 1635 997 -700 98 -1381 344 256 60 886 31 743 -96 38 -1249 -503 -26 -19 -233 291 74 143 977 120 -124 -201 492 81 -301 -1483 -503 811 -183 -443 333 -1007 690 -128 -1206 -463 1332 1077 82 -1041 581 408 449 809 96 900 -966 -123 146 526 240 846 -363 520 -195 -295 112 114 -166 -724 885 -243 -22 -169 1149 126 1241 -529 824 -20 442 753 -255 163 327 -37 651 717 1011 -176 1313 -123 1720 152 -23 -274 285 -940 84 -38 -733 187 -596 -443 -491 -1295 -534 86 123 -140 -21 350 8 181 -188 -398 -439 -994 711 271 709 -382 64 127 1698 ]
[460 -194 -631 600 -1620 597 246 -95 -87 370 -184 860 552 -790 -584 -285 -976 -340 -620 666 -557 2017 526 150 -199 -313 -702 -59 -52 -217 -112 168 -362 343 908 -460 -121 -219 -551 -1030 -671 237 770 599 406 557 722 -1129 -434 644 56 517 676 281 241 330 -241 -384 -246 -784 -100 -921 -1175 46 838 -536 271 362 455 186 -369 743 -1055 485 -159 110 -180 -231 -566 483 -92 563 -493 430 452 307 -237 875 210 -10 153 736 -14 -179 -1074 912 688 -554 1287 -221 -882 633 -1345 248 371 -148 -660 959 170 249 1550 216 -657 -9 566 488 179 352 263 -949 -1099 -1168 -1125 314 146 61 525 -183 -118 -1174 -948 -418 566 -1186 -390 ]
[365 -295 -123 225 -1171 -360 -703 -581 -411 587 796 178 -19 164 174 208 -1129 189 404 -859 814 -213 -461 1254 -771 -424 209 1276 -1886 605 271 -97 1112 -91 -45 -1804 1388 47 -48 -807 1000 722 -738 -137 -1277 -1482 -73 -690 -879 605 382 -513 1372 -307 -390 1285 1227 -840 -217 -1550 -461 -809 -428 -846 -455 342 55 -88 569 -444 -291 55 223 -592 -821 726 -342 -312 936 -1394 -103 -621 -176 749 247 344 -716 -711 -611 -336 768 -12 -33 606 -638 287 516 73 -225 231 -1008 -77 -8 295 -687 -679 323 -126 -248 -790 553 -606 -92 -312 -197 -196 -890 716 570 -737 -193 108 -669 983 -586 70 156 387 73 162 647 -255 -18 820 176 ]
[431 -339 524 865 1030 243 398 -11 674 119 -638 198 -700 -389 -69 -1032 695 -594 -532 -410 -88 362 210 -131 602 112 488 -208 -1664 681 579 572 190 295 317 585 -494 27 -588 -1091 -483 -1030 -1318 55 -704 345 363 -659 282 -201 368 605 1294 233 235 -670 -636 -1091 349 -268 -1016 161 223 58 -75 121 800 920 128 -1089 -734 355 539 -256 1289 888 316 -1220 -872 103 90 316 165 1374 403 -1222 488 -470 -536 422 176 -442 -232 251 1023 620 152 82 -387 -1072 -1138 176 16 859 169 708 -1087 -731 142 217 65 547 -1155 31 -1 -205 18 810 -313 -202 403 -1330 724 -182 62 -313 -199 206 1036 -798 162 367 -115 65 -687 ]
[459 491 407 647 -82 -968 689 -784 -153 -86 -68 477 233 421 -583 -336 -765 785 820 -246 138 269 -532 1502 -1018 -1135 213 -440 1114 -154 26 71 -7 362 -915 -834 445 -21 102 -89 992 -111 674 1046 601 -1204 408 -680 -408 12 377 -592 101 -164 -999 218 -354 1223 691 -225 -728 -259 -41 683 -141 -980 -422 318 1248 -416 167 -787 -1509 -493 -216 412 -324 -243 -528 -795 797 -320 -345 -466 826 298 300 678 -469 729 -150 86 -167 -534 386 -750 685 -211 173 -8 1018 -296 -595 -1413 -345 387 -201 -1496 -747 -554 1444 -938 966 -564 1099 -1723 359 384 263 -621 -777 -749 -988 -341 -354 814 -352 -1004 -106 -351 141 1089 285 247 478 ]
[829 -1074 195 701 -256 355 -137 -789 906 510 19 17 491 207 1393 -292 641 543 -345 -654 47 211 -865 823 243 -198 332 1002 -197 403 659 -1266 99 -346 793 -406 242 317 -177 -496 1651 -284 -969 -413 441 -495 -357 635 -1552 205 -186 -361 -782 -1968 100 30 708 -342 44 319 -1156 -97 1179 -1083 439 651 -131 770 924 -416 -731 1077 -4 -603 -1427 -695 883 238 1191 681 929 -724 -664 946 -1168 657 -181 -234 -476 618 -329 -828 -185 -285 439 -340 298 750 619 1253 -91 -1121 -880 -1273 -482 1059 -83 -690 -581 569 -640 112 517 -435 -574 111 -779 -406 454 -643 194 755 438 86 1146 -474 104 -143 -538 19 -446 715 311 525 -471 ]
[-37 313 105 214 -357 436 -166 623 -121 -425 1087 -1092 -386 -28 78 154 446 -383 -606 338 -451 -148 -482 -425 215 -776 -352 70 1086 -526 764 1115 408 -322 390 904 1266 -25 764 569 -638 -122 753 -129 410 366 -1039 167 -381 -243 -1629 -68 119 -192 -845 1110 158 -139 -231 89 623 -503 -253 -7 -522 -226 -211 -318 -259 1264 809 -33 567 1309 -246 212 165 327 1870 -404 -759 -641 -383 -13 1087 1634 2 -306 759 355 -1354 -1006 -612 135 -371 235 -1205 -387 466 134 118 418 562 500 247 -153 585 1030 -117 -316 579 -8 913 534 -877 588 685 333 73 333 -57 835 -1287 -293 -601 -1326 -537 -127 -75 595 -272 -86 -381 527 864 ]
[-40 766 89 166 -56 380 -207 702 1001 199 139 -833 -847 174 -191 154 667 -665 -58 560 -522 1570 55 96 553 437 -611 -503 -598 -1662 722 -119 485 -540 364 -229 553 -464 -157 40 447 883 -229 1273 736 271 -998 -59 -751 410 -901 491 -429 -1628 163 273 -328 -903 445 -1296 630 -285 430 -1051 -329 -596 67 893 -817 -355 -105 -563 -154 -22 -176 -534 -137 -330 630 -197 -594 457 227 975 93 313 -474 -147 297 208 -255 -595 924 -711 -600 390 -304 -1104 765 -215 -894 25 -249 -664 509 194 1063 1168 -1033 95 941 -534 89 438 853 -566 226 -686 333 -499 -13 -772 -237 -512 -1056 1185 524 360 -1295 686 747 57 -637 743 -590 ]
[-61 -348 27 -784 -1724 -729 341 -231 -439 -598 509 -668 71 595 -376 929 630 -906 -296 -98 -207 -661 354 -357 -959 156 -1017 462 744 708 -8 665 394 199 -586 360 429 67 -264 1199 -2007 610 -245 -210 -874 909 582 180 404 65 -422 -48 -225 235 -596 34 700 848 -668 -366 -332 568 89 231 457 963 956 -133 -358 672 708 -348 565 283 47 -343 457 -364 -396 -35 820 1134 -498 -771 -200 857 427 -1012 104 -193 445 845 -69 134 813 1072 293 536 709 -212 -276 -164 423 1805 632 -678 -403 807 298 -108 33 1249 -45 118 26 730 610 335 -310 175 -106 834 644 23 466 286 -292 7 493 -517 -280 -1377 -1273 321 1366 ]
[638 476 1101 483 885 1119 987 -8 1020 420 199 -956 -828 -1071 761 505 62 -770 151 260 -625 243 1026 -273 638 -171 689 -358 -395 74 1930 158 -266 -539 520 921 221 -152 502 422 -2019 -1234 429 1001 -76 614 180 972 -542 -229 207 -321 884 -417 -444 390 -589 547 -293 -1162 -412 867 87 221 -47 40 499 1253 -26 -207 114 -628 889 673 363 -222 -490 254 -919 754 245 2318 -269 1119 -515 -39 173 -610 1117 247 273 432 -582 348 709 645 31 357 149 -1092 -825 297 411 807 833 180 -992 820 59 1247 -105 611 -121 19 912 603 -561 -26 -337 272 941 370 290 -565 728 -528 -423 -651 433 -642 291 881 841 389 275 ]
[196 451 588 739 851 -377 443 217 -271 -62 -1085 -1254 232 -1083 489 -403 781 -105 -628 -643 -273 -605 -574 -218 99 -31 -115 947 -1287 1028 -537 -604 -212 -677 1252 906 -127 79 338 -482 110 -912 -456 -178 -1035 -823 -14 121 111 -267 -89 760 690 -281 -48 -434 -43 891 -264 -192 -339 606 122 -953 285 714 37 852 -453 560 406 1009 1546 -344 0 154 0 491 873 -392 972 3 120 550 107 -1002 -160 -240 -922 -13 340 397 332 264 379 -847 692 816 502 -1444 358 258 -844 652 -948 505 -293 -1345 491 859 -1418 749 -19 -324 -356 884 424 -166 -360 248 660 -492 -35 -17 665 -441 -109 650 -208 -198 668 460 -673 111 232 ]
[-225 -19 853 225 -84 228 -43 -642 256 -517 772 -632 1164 372 -242 -818 162 -1185 782 -800 797 -16 -139 -992 -1192 302 -191 -773 -751 821 1670 397 666 149 -277 389 287 123 401 -23 -221 430 -489 468 689 -271 227 -249 -782 399 -106 -449 543 570 715 59 -709 19 -484 -300 -1417 -667 187 79 -307 -244 -753 -772 1772 -363 -124 -476 -180 404 759 220 -707 -322 -775 1301 -941 -398 -176 175 583 421 212 1273 -471 1199 -624 -578 -1051 364 -551 -209 274 -876 -103 646 -403 296 -546 723 788 609 87 -88 -118 -685 458 370 -702 38 -245 437 -896 1352 207 -876 -895 642 -573 -715 -256 -420 639 112 585 -898 547 451 388 -238 -122 ]
[191 954 1045 41 402 -689 -277 -20 -177 -1007 -1034 -986 -728 -597 204 368 1125 633 51 380 209 458 -125 515 335 -242 1390 96 107 614 694 613 -777 -1374 -699 -345 -381 -575 -136 -193 -698 249 -345 998 -71 -210 -894 500 -1 -326 749 227 529 350 1189 -136 -805 167 382 -1103 221 180 -179 -168 -465 -925 260 -114 144 -482 1688 41 585 -1238 -544 319 -897 481 -186 -1110 669 -439 214 1473 162 -1034 -91 574 -159 -93 417 -189 68 -92 155 -399 541 269 -1449 -1533 454 318 -1420 -630 198 571 420 -585 -656 483 -73 346 199 -635 -350 -399 -518 -230 -661 225 -42 641 -633 467 730 -901 2 639 4 546 -6 499 91 563 -102 ]
[-614 -645 52 307 603 -56 399 -639 1720 -55 -1160 -711 -1238 496 547 -244 531 597 -155 -406 -159 1360 -788 659 400 24 -747 -439 748 -335 -79 356 -409 100 144 142 -333 -39 -265 -239 324 -761 -379 274 -381 -144 1127 -202 -582 348 230 -42 -666 903 538 -789 331 669 990 1532 -343 -268 -87 -1399 -226 -751 -73 932 -250 -745 -338 -21 -161 -1459 -114 -439 460 82 563 -1781 -371 -1517 -299 -748 -201 -760 -323 -127 -1030 -59 -194 -1095 429 -229 1010 -121 587 -450 253 6 165 -1268 -577 82 -506 -347 -589 -408 -750 -332 -1604 -238 450 -1006 336 -341 569 357 -95 -645 257 52 1030 115 -711 1011 -512 428 -824 31 225 -471 -403 631 -35 ]
[-603 243 -407 192 -373 -491 -233 -277 -422 -535 -60 1497 -457 -524 -404 -607 -229 841 -347 322 -261 -617 -562 1079 -237 265 1139 -306 618 -557 -274 -1117 -377 85 -485 -793 -274 386 443 -344 1672 285 220 -507 -555 -782 -184 151 -433 192 1141 -394 164 90 976 300 -101 218 9 -54 -122 87 220 1067 -542 -1113 -320 -515 596 -549 -472 1317 -1162 499 226 587 -120 -348 -155 567 566 -1159 76 352 -202 -1290 -383 288 869 1456 -333 -168 67 405 -145 -263 -743 30 -853 -434 503 42 -304 -1337 93 33 754 -334 -152 -644 104 -405 -365 726 -56 -808 -18 718 555 -91 -641 -1017 -170 -23 1215 -923 -481 -524 -453 -486 -536 330 233 -820 -770 ]
[-375 1530 396 149 409 -485 518 226 -878 309 917 -568 358 -925 -955 -599 -984 1440 927 -465 -256 -75 766 480 -430 170 -243 -514 142 721 -428 111 -1740 -224 -1054 760 1395 1188 169 584 -244 -1315 1013 544 304 -471 -881 -598 -180 -1107 -842 -154 300 -203 -7 226 118 1750 153 -1436 302 -514 41 311 -162 371 -125 -876 551 1096 374 380 -134 -4 -794 78 877 -257 445 -35 675 485 -240 852 191 12 -1016 1171 75 119 360 -557 -45 250 1182 -90 820 971 980 -1060 -90 613 -148 194 -289 -430 -155 -715 446 -462 618 299 67 -562 1128 -603 1213 -744 740 384 -347 -310 130 -556 145 -624 -97 -297 -1228 -371 501 725 582 62 278 ]
[507 1727 368 -581 1232 456 -1288 581 -477 -635 -402 106 -68 952 -290 -197 -82 84 815 564 618 -170 -78 -679 493 -42 40 -210 -62 -840 -435 449 774 -668 -79 -161 168 -93 -163 -32 238 -734 669 -96 1735 -182 -177 290 -29 -222 -527 62 376 804 880 746 -368 -994 180 -40 -227 329 307 828 366 -179 -749 -269 -143 665 518 -475 -98 397 -669 -189 -20 1257 192 -1234 -554 446 113 -987 707 -1193 383 1629 519 -951 159 494 762 933 -627 150 3 -705 -412 407 561 -190 154 -791 309 -23 483 910 571 -497 395 -1218 323 -367 -461 -895 247 -347 -1234 811 227 101 -548 -339 -496 24 861 659 -1380 1115 1036 743 45 328 -215 ]
[436 297 -249 -83 885 220 185 -555 -711 -281 1210 369 1189 -576 -345 637 -303 1269 -83 383 936 -724 205 692 1121 -557 439 1183 334 -738 -1263 -370 95 376 1166 452 -739 -154 333 -969 871 -273 518 532 845 -616 341 -37 -245 -497 -1387 -965 -195 -1263 -619 79 297 -429 -180 959 252 236 225 915 140 419 271 -528 678 -271 364 804 -316 1206 -503 50 -314 162 -451 1135 631 -777 732 -433 17 454 1099 -190 225 -1522 -888 886 273 162 340 -822 -154 973 835 1365 623 -164 168 -346 -709 715 243 90 607 88 183 231 175 677 257 -358 -648 -1169 -308 483 11 -930 478 320 -116 -308 -731 -742 -200 1268 -728 757 -548 177 359 ]
[86 -882 -561 249 769 267 220 222 568 -974 -430 147 -1630 645 25 -156 -208 397 593 -352 208 -598 -69 -483 753 -562 415 -354 -83 596 -262 -399 -1114 878 -832 1119 -824 -882 719 269 321 -889 342 204 -1259 -1181 36 759 5 832 -313 -423 618 494 -817 -198 396 469 940 1247 92 -172 258 634 -989 -224 530 1147 298 -899 -89 98 -595 -140 -719 1024 -455 648 -68 -892 310 -134 346 344 661 -1563 -1312 -277 222 3 -782 -1011 -685 -327 372 -829 -173 38 -197 -87 -1394 -481 1692 834 -824 -547 -119 -382 -766 -556 -1552 532 335 -52 292 -1174 187 324 808 -373 324 264 699 -351 -593 -195 -807 1006 293 7 734 -1424 -63 -2 -609 ]
[652 -551 420 747 -312 95 176 -753 1226 140 -521 -721 -1223 -96 -73 236 -109 519 -608 -203 -302 310 -752 -739 -192 -786 440 -1033 530 -640 99 985 -578 450 217 362 318 -720 -619 466 -950 23 -245 -549 1120 1166 1533 -1759 -17 739 384 526 844 484 308 225 -480 395 175 347 -664 -260 -797 -270 476 -1001 1225 536 -381 -354 615 -579 -321 333 687 -1122 -160 -730 -140 -428 263 664 -218 -705 491 807 797 696 -309 -204 -167 -66 1138 -515 -254 -71 515 174 642 -404 821 -549 -580 -417 689 116 -914 -2 -92 461 387 207 -700 18 708 1023 204 -301 -485 -93 -156 -429 -387 107 -853 -442 393 -290 -451 -474 -172 -805 1089 811 157 ]
[-1834 -120 -28 -86 124 -87 186 -224 1395 -1674 -162 267 820 -58 631 -408 -183 -1147 701 -565 -185 -724 -219 -104 186 158 -979 -603 335 70 455 528 527 325 -53 999 -441 -777 -5 345 -270 1309 206 758 -583 522 126 954 331 -553 -339 -551 -1119 672 709 -1084 -1204 -465 -113 890 -357 1141 9 -632 -441 -942 -310 -128 -79 24 98 -376 757 505 1041 -312 -980 143 -242 404 -641 -189 -444 -1107 452 305 52 200 -538 -640 -1299 -1141 62 -489 351 237 -937 -974 -72 384 -918 -402 641 -65 565 -344 446 551 -922 -458 -1218 -399 -147 -126 186 476 -526 1460 -542 -604 67 716 -36 -227 -666 389 1141 582 52 -550 100 -393 9 -160 70 ]
[-922 -73 -780 -1079 -495 -106 121 -522 681 -133 -1340 126 -796 800 -1038 -712 433 1559 1219 -504 -80 -734 -485 -403 -869 160 392 -117 574 365 65 -119 -569 389 70 173 -132 -1203 -107 911 937 893 252 -487 659 98 -277 410 432 1162 765 -586 89 1471 -403 -724 -1438 1074 257 306 -513 -1908 88 669 -494 -890 244 -114 542 -609 -107 -697 -1173 -92 664 -174 179 935 809 -147 -26 -982 -627 -435 1421 -655 636 92 60 -521 -588 -519 189 -683 -337 423 -483 -700 1127 320 1071 -964 998 26 -360 -323 -463 -518 247 -552 -53 -1181 90 -674 -26 -762 140 375 317 -21 -705 33 467 392 -1373 -1232 -610 509 -647 -56 1154 -341 212 1290 -177 ]
[-858 356 377 -233 -1277 -692 -38 -162 361 -1056 -17 -456 1726 -54 -720 337 773 -663 912 257 532 -1392 -984 438 -600 199 -1718 128 -255 1257 482 107 1687 -128 -195 -99 366 264 -183 425 660 1209 298 996 -16 -535 252 1165 -14 359 -179 -410 -900 -133 -75 -502 370 -512 -337 -328 612 956 1736 -854 -694 15 -925 -88 592 -1057 -64 -382 3 -287 418 -91 -75 -306 44 -487 195 908 53 -503 -493 665 347 -677 580 -279 939 116 14 66 1017 -571 -171 -800 43 -468 -924 -393 406 -141 948 73 1807 1341 -1267 -724 255 -1619 -65 -288 1213 -471 -576 840 -145 -425 -161 -423 740 -622 -1290 542 1074 -66 -1087 674 805 -604 -235 -577 -91 ]
[527 40 -663 659 895 160 -479 -289 84 402 45 -264 -963 -372 40 -448 -989 1675 352 604 62 124 382 -933 461 -478 718 -114 717 137 -797 -100 -1086 302 -462 958 222 8 -202 114 -1030 -345 463 -534 291 30 -721 -414 493 -155 649 -169 -327 -1140 -244 -117 336 -160 -47 771 -302 90 407 519 -288 -558 524 204 -9 -230 -214 245 -853 224 -121 -1241 946 1983 825 1433 1122 1131 939 -1466 316 86 -596 205 275 -653 -1127 579 794 -605 -1 82 816 597 284 258 490 -315 774 597 1509 -537 -1312 767 -417 854 2 -236 681 482 -287 -319 741 -609 -356 -315 1698 280 132 700 567 -1375 -256 -192 -330 -288 -1004 -101 820 380 -764 ]
[51 -910 155 -437 -1125 441 -228 544 -313 634 78 -537 -632 840 -1440 -195 1333 441 -559 -448 -781 203 -315 -205 -932 1340 448 -338 998 786 585 482 -151 704 -1347 -817 -192 224 -545 891 642 468 281 -477 -578 -406 -385 -115 -110 821 327 35 159 1626 101 104 -1212 64 471 800 175 -1099 449 1485 -516 278 767 -597 481 -268 -10 -251 -1428 20 -84 424 299 1190 640 -793 164 -736 -176 -40 224 -1125 1865 775 604 144 -632 -537 -215 -790 -40 1555 703 873 237 476 750 1514 -583 -12 654 94 -546 195 1290 -996 -843 160 140 141 -1196 -622 -165 1084 962 -353 138 990 474 178 650 -1112 -743 485 272 -1176 -367 631 -636 102 -600 ]
[494 205 211 96 85 -608 -254 391 645 -747 -218 -454 -1097 -549 -830 1662 289 -411 -1105 85 -719 -267 -590 349 141 -331 -426 868 -671 -215 542 211 414 -58 -696 -413 997 -622 -85 609 -732 -582 440 176 477 -758 646 -525 806 -293 493 666 270 54 -396 87 427 -170 -977 851 666 -377 -385 -178 -348 -291 331 -315 -860 -78 204 208 552 -242 -63 573 -476 -1293 84 -1272 218 -776 -740 362 -177 1657 621 -779 -386 -73 642 -29 -200 -73 371 -854 -482 416 0 837 1200 385 -392 101 -568 -59 791 127 -232 -832 -599 -384 419 142 -213 -3 -647 -841 -438 131 492 -73 -339 913 -670 -774 -1225 -361 786 699 745 10 177 579 1578 ]
[21 524 290 366 -538 357 -548 -8 -948 100 575 1449 364 194 486 -418 -207 -95 -308 -395 17 -1255 -998 732 133 -153 231 773 632 -152 19 257 688 117 709 -877 -285 978 732 58 2026 -108 420 69 -268 -127 -1332 342 363 -1213 -261 -93 -1446 110 840 997 -89 345 -467 -617 545 295 27 671 -863 470 -416 544 407 622 235 610 -662 -154 -202 976 -70 95 -280 -996 188 -1738 -131 1033 -1039 -243 238 133 792 406 205 -100 -752 -79 -234 -91 -163 647 -415 26 122 1130 -182 -1696 -606 837 746 -544 -3 283 1031 14 366 -79 -346 -1105 126 -80 802 -132 -558 -256 -197 -348 1079 105 224 686 357 473 -752 956 509 -1162 -711 ]
[133 100 772 -179 796 -712 -26 -375 -277 -795 -7 498 888 -556 271 -3 1077 -738 -866 651 -397 -301 883 856 575 331 783 -277 -92 -800 -893 -730 144 -570 161 -1492 -357 219 -27 -1776 482 1186 -347 -46 -600 -156 461 24 213 -951 415 521 92 248 1063 -346 783 -400 330 -215 977 1583 370 -1688 358 520 -456 -1023 -147 649 -478 701 1025 -88 541 269 -272 -1247 531 502 -432 -662 70 281 557 -709 400 345 -806 166 607 848 -50 33 -516 -1187 -561 -522 -197 -1286 -180 57 -354 -602 -631 -120 826 -277 746 -225 274 107 -783 122 -678 414 321 -368 -817 571 -745 -780 -1612 648 -336 928 508 -1337 -112 -391 -1023 -288 -500 -388 581 ]
]
