[[-307 -490 62 -705 -696 287 289 -55 91 248 -677 -66 -301 340 -104 791 729 167 194 -571 221 534 -126 -269 255 168 431 67 431 -273 43 -887 -1123 522 -325 387 -311 -1010 612 -326 -245 77 66 51 -465 72 -426 339 -1029 -186 37 305 198 177 96 811 -592 498 -190 -240 -127 -303 185 86 253 1179 609 765 -634 300 467 674 312 -719 858 224 -444 92 -114 -557 5 -336 557 -224 -397 333 -161 -166 234 175 368 -398 -37 -1079 -518 -141 -144 -467 -529 318 -94 -413 259 -223 291 -55 -375 -122 198 273 731 725 59 -114 514 -843 -499 667 110 261 -25 -465 -127 1160 6 262 -661 -855 -319 965 -219 -151 158 16 -284 ]
[522 11 -347 -87 -926 532 1043 472 750 200 -58 -296 -522 -174 103 978 -412 -542 -121 -1065 365 392 -206 351 -212 277 1008 -404 547 279 388 72 58 340 -953 368 319 -156 297 278 -439 -462 189 887 808 7 -471 168 301 -319 78 845 142 11 -321 620 148 -67 730 -102 708 548 301 -613 -495 100 139 451 -576 262 349 -296 794 -313 -97 -161 -1095 -5 699 211 858 -356 571 444 -153 -519 559 -454 -34 -118 217 1335 161 -1328 -792 20 -172 -1398 -384 516 -193 -1552 29 19 354 -372 159 -126 -105 451 545 -153 181 -240 809 410 472 207 -335 376 -508 74 -800 266 14 763 -286 -452 388 -55 -390 256 64 -531 -470 ]
[546 796 148 -47 -130 -396 -471 339 -507 -82 -367 -161 -442 662 122 1161 904 -323 248 863 -152 -25 176 -321 383 -387 -874 470 -72 101 -419 -271 -747 24 143 -130 -212 35 336 313 5 611 232 -341 -544 -419 276 -98 5 -540 -707 107 -331 351 391 -393 673 -967 -527 728 -591 -1104 -54 829 -236 -55 -430 222 149 -205 -262 749 -655 507 135 230 1111 -241 -549 95 -488 364 -1180 -857 -972 224 -418 440 -621 174 767 -176 64 477 -194 -275 673 1267 -6 61 216 868 -324 -202 354 321 924 78 -446 -305 214 -336 -537 -1238 -323 29 -1009 482 650 587 295 -534 395 663 -235 -321 303 448 -466 739 -373 -247 207 831 285 ]
[694 -347 -311 -358 -166 107 -452 -421 773 216 -1091 -272 -470 411 405 1343 196 40 -238 466 906 -116 -587 210 211 56 -178 131 107 1182 -190 -44 -522 1000 -1348 332 -364 -42 425 527 82 -129 412 506 562 -577 -265 182 573 -604 132 762 143 106 117 661 625 -810 1105 -8 997 -678 -291 -198 -54 127 -7 624 112 18 -561 -342 260 -352 -159 591 -1185 33 44 50 463 339 -605 -499 -528 -703 183 212 557 248 84 809 99 -352 24 -1014 390 -636 760 542 -423 -909 205 -630 735 194 104 81 354 237 623 288 -623 -877 113 -169 -1547 692 791 394 375 -91 160 544 643 212 -687 229 104 383 -283 -665 508 -414 -54 ]
[379 -522 788 430 -248 319 -538 -39 -603 -22 159 28 -610 -400 -546 -685 -557 348 315 -64 590 254 -116 -661 -647 -310 675 -463 -112 -606 395 -458 776 -267 -45 139 156 -133 697 -581 -752 -523 180 -419 -113 749 -1 38 -1144 -709 830 -960 -93 -319 399 -485 -709 -274 -629 -996 181 546 436 285 -92 724 86 -1087 -206 220 380 -521 -709 382 585 218 397 804 -427 275 538 -194 287 1 159 190 644 -538 386 -239 -1247 171 520 -54 -61 225 115 97 -611 -354 270 1123 550 187 -220 327 -401 105 -357 282 -446 468 -257 1053 751 -774 792 -775 -874 -48 432 -14 -90 -486 458 171 -59 -423 -444 -203 -720 479 -554 -55 -898 ]
[-5 5 -962 810 374 46 321 -586 -247 -43 -84 -340 -422 -1061 109 776 -20 210 -306 167 -28 -948 499 844 205 410 -173 165 -278 487 326 410 470 362 -478 -395 86 487 531 -76 956 136 -171 714 277 -1074 151 -260 1286 -63 -106 331 -968 -253 -594 231 1792 -1058 690 579 536 -225 610 204 -381 -542 -624 54 131 365 -262 -448 136 658 -594 -235 73 -729 209 82 -66 60 226 -749 1054 71 -162 -129 -672 742 377 -67 341 290 38 -458 -210 745 292 -578 -299 -417 -458 124 -227 402 -59 -502 430 652 -660 -636 -58 -586 -573 1214 -164 -160 1565 1265 120 331 -549 123 -327 68 182 340 1162 -565 -321 -318 105 -221 1025 ]
[-134 -28 -305 181 161 -467 266 98 -209 573 1054 976 -109 -360 -107 -1422 -6 262 -119 -300 -74 795 552 472 -666 213 446 120 -132 -536 824 -150 375 -129 -146 303 106 454 -523 668 384 311 -722 -955 683 581 -672 510 7 -252 -210 781 -337 -685 341 -65 -119 624 118 165 -141 1095 -650 -921 -754 -820 315 417 -133 -634 64 -880 -115 -302 -514 -111 -712 -112 171 1 83 -1216 1128 1449 130 799 -6 -12 45 -390 -208 1334 219 -367 22 -41 304 -133 470 581 -697 -27 -97 -393 -307 -155 -81 391 -99 434 -442 -375 -581 1140 527 608 812 83 -908 -538 -292 41 -106 -264 762 112 768 752 236 -838 411 -43 -580 -131 -936 ]
[-600 553 776 -367 424 899 22 89 -207 -890 547 231 -400 780 -349 -127 -231 434 153 640 -1295 325 -564 -582 -579 231 106 238 335 204 -626 -175 -817 -640 596 286 118 -1127 36 -1452 -381 -498 650 -69 -360 858 470 -33 -1430 131 664 -1342 867 335 176 -281 -1217 164 -752 159 -258 289 269 512 324 1224 -386 -508 658 248 -138 -73 -944 894 925 -354 983 342 -547 -216 -598 241 223 -716 -275 -221 39 -182 489 -335 -1093 -320 -276 552 49 1970 -13 287 -900 -298 156 1130 607 -12 -42 -427 -275 -902 -106 -334 100 576 1191 733 -551 -1129 1018 -540 -274 -230 142 564 474 -171 -240 417 164 -863 -644 366 -72 273 -902 1103 225 ]
[-242 533 -462 -224 141 657 1358 621 224 -308 1151 446 616 -308 -293 -684 -367 509 -196 -832 -916 1086 -247 744 -476 408 772 299 -186 -59 789 782 -613 -458 -340 387 455 -43 -111 -396 -248 -319 -142 206 161 698 -147 729 -95 -539 -146 640 83 145 -346 580 -92 1512 15 102 156 5 142 -65 -542 -641 239 499 466 181 463 -740 278 -317 -181 -571 -154 182 461 -76 -1140 -1275 1024 1615 76 354 -743 -556 181 -172 119 987 322 -673 -95 1154 -531 -194 26 834 -428 -378 -34 226 1197 -630 459 -507 -38 -320 479 -797 323 1392 66 1201 951 -38 -570 68 -475 125 108 -24 1063 486 1275 -128 229 95 -87 -183 -837 -824 -683 ]
[-56 450 470 292 219 622 -7 989 -733 -944 543 -461 356 284 -250 127 173 685 469 1157 -933 -77 175 770 -16 910 84 -238 -234 308 -423 1076 -352 -515 870 -62 -591 -648 519 -662 -838 -326 109 -959 -463 798 -44 -111 -326 -264 399 -266 -480 749 597 -757 -661 -190 -315 446 -618 -486 -7 604 -944 533 -1195 -337 543 -255 -317 410 -1395 46 711 -108 1298 -188 -462 266 -904 -135 -470 127 94 920 -833 91 170 399 63 295 -457 255 -267 891 421 1026 -409 322 298 1162 -343 -97 931 -693 -106 464 -47 -279 -350 310 -71 66 80 118 -304 -677 -19 -149 276 -483 268 48 828 -679 1263 -144 -444 587 -1134 797 -582 725 12 ]
[-665 -155 -405 -687 299 811 -257 -333 -200 530 -244 -507 -765 -446 -234 -848 -600 831 -114 138 -199 980 -231 -172 -703 -571 851 409 -534 -260 719 -108 90 145 -866 -1440 -4 -289 270 -227 -3 -122 -211 -269 -224 383 -614 555 -3 -888 130 -328 249 -26 -130 89 -283 1108 938 -235 193 549 630 -73 -412 224 803 -255 409 266 353 -638 -1027 701 -307 -224 548 950 -54 73 170 -1280 524 173 570 -253 -1082 -104 631 5 -263 906 -126 -736 425 -589 63 162 125 228 -333 340 75 109 148 -154 320 -47 -536 20 129 -555 -452 997 -279 200 142 -50 614 -131 -255 -101 143 612 1047 920 539 -351 -54 -640 152 -479 -434 25 -624 ]
[1170 802 49 300 319 -215 609 105 -229 489 845 1092 -383 144 -36 18 822 -1283 -203 92 454 255 101 -63 -67 -719 -242 357 -906 -261 -2 -844 -34 -620 -138 1793 78 473 89 662 629 474 201 51 718 -352 497 -330 183 72 -935 413 -698 -719 651 259 652 -566 -392 406 -683 -225 45 -159 316 -1137 -15 313 186 -111 -550 221 776 623 113 60 571 44 255 -470 -183 774 -260 -187 -954 -98 416 459 -775 -205 236 304 810 330 58 -51 562 -421 270 198 244 511 536 430 -416 -778 649 -1355 -55 -606 -462 -349 -381 1 177 384 541 741 291 735 -186 286 7 -1259 -437 -520 -168 1378 -57 41 -633 -591 399 866 -704 ]
[-122 381 -53 -356 -1262 -174 -461 462 164 280 -160 -593 322 -139 -176 377 -521 -186 132 169 65 564 332 480 117 -26 88 -782 -222 -82 669 51 912 248 -646 -1370 248 -231 -283 452 -836 219 -242 -256 579 473 -1336 37 716 246 -546 381 317 715 174 1014 -653 10 84 -1354 109 336 -525 -310 -620 -529 90 466 -671 -79 760 301 -123 -396 -207 -146 -632 -420 699 534 4 -546 -563 1174 -298 -761 -665 359 -286 -625 509 1045 -896 -1481 -114 -806 226 -941 -348 1310 -1055 -772 -549 -69 205 -146 523 973 -1291 639 4 -268 -722 -1021 402 -663 -812 693 -221 -440 204 -1114 -343 223 852 274 556 -654 -572 3 -86 615 209 -489 -279 ]
[14 163 1140 468 -670 -397 5 939 748 -567 -274 474 -17 -309 -223 -120 -403 -717 -533 -835 422 -225 682 -862 208 -548 -406 -387 -384 373 -18 -117 571 -422 241 -326 32 408 171 -661 -1444 -156 506 939 206 578 -406 -191 -540 426 -291 -321 207 170 -289 494 -450 -869 -1775 -1071 -1184 -31 211 190 922 39 377 -1506 -640 51 397 150 240 193 107 272 -697 264 313 327 117 730 -707 316 -137 -277 1443 -475 -84 -1017 -883 -369 158 -308 -227 263 407 -941 -1101 818 267 654 -333 304 -385 247 -320 -294 -435 135 268 528 161 -248 891 -920 944 51 -1480 -447 457 119 -454 -777 -1000 -649 -571 -334 -1164 135 -750 68 -267 -792 79 ]
[-276 354 -425 -211 -190 659 -573 602 53 -260 -1868 -604 614 -46 232 249 73 189 25 -576 -19 -407 -219 -949 820 -570 7 514 -97 322 -674 629 -946 -460 1073 -795 -80 641 490 48 -289 667 39 37 -1732 25 508 -454 -375 -622 289 -22 807 464 -650 -366 316 -95 -751 -397 -1090 -893 453 922 524 307 317 -393 -376 -835 1051 1075 -544 -313 -347 367 233 557 -30 412 -395 678 -1300 503 117 37 -799 432 269 437 304 -1203 -598 1068 78 -547 -139 161 -173 -9 1154 1146 -545 163 954 388 -84 118 -108 -1382 1138 -25 -418 -442 -371 194 -100 -317 163 79 209 -66 655 -219 -400 -740 -708 -568 -861 698 -207 4 -137 -619 -277 ]
[-260 -800 76 -165 -804 -971 -45 131 998 755 457 -139 89 -591 102 -714 178 -518 0 -1226 132 634 836 -85 205 -605 -199 345 -379 116 958 -89 882 1262 -394 -869 -240 -121 -876 460 -316 323 -747 1008 313 -142 -785 163 558 575 -1824 -79 -44 -66 -882 -223 269 369 372 -267 -892 -123 -943 -690 886 -673 690 311 -435 -99 -384 -89 300 -120 -1696 -508 -906 -50 1218 73 647 -1301 527 608 -100 168 423 -519 -550 -1565 729 635 -124 -1404 696 -577 679 -697 -139 310 -363 -990 -155 43 -731 166 523 399 -615 816 105 -1657 113 -287 -127 984 395 424 -391 -1139 -824 430 -653 172 -1044 388 18 -688 80 -741 1078 -570 243 -658 763 ]
[-597 543 -605 -128 229 103 358 655 -991 -408 -508 126 171 579 307 794 -293 906 380 414 -585 -258 -476 452 102 582 337 807 391 -365 -38 -238 -884 -408 221 -840 -73 -228 462 -60 -10 -4 -61 -495 -140 -341 -21 795 354 -758 111 1188 217 1188 600 -154 328 -443 746 889 553 -458 -95 956 -1079 907 165 764 -148 89 216 185 -302 -518 508 -749 840 308 -952 423 -819 -537 223 -686 -220 598 -1169 120 -334 626 181 859 -555 345 -441 671 52 729 -248 532 -534 -30 512 -173 210 -12 551 93 181 576 691 296 -742 5 -321 300 -249 546 285 867 37 -4 108 1831 972 848 352 -214 -469 265 -212 -22 -163 1332 47 ]
[-545 -282 -84 455 795 -691 54 -333 276 126 -337 -67 -518 316 -115 -1347 -263 -466 -820 498 433 41 -114 -731 -361 -9 -536 247 69 157 -718 543 -584 -319 -539 -982 -170 857 -425 -247 -91 -729 106 -212 218 -78 191 123 -178 26 809 -1201 152 -887 44 -741 -138 447 -203 -55 314 1297 933 -481 27 77 242 -1550 252 -490 -214 -1079 -673 1340 89 1064 362 389 -912 -14 909 -195 228 -367 692 164 1148 340 1151 -305 -1166 -516 682 98 434 -134 21 1587 394 -478 327 235 -759 -504 323 158 -789 242 365 315 -472 319 -402 1058 199 -281 130 -416 -569 -944 320 -360 572 -170 165 -405 474 854 -459 23 1298 -1485 -113 -378 87 ]
[192 264 753 1042 -662 104 -37 935 -237 -979 1176 55 182 -1308 -24 823 386 -555 430 680 -857 -149 462 1053 -171 685 -172 67 345 215 -420 605 28 274 896 833 554 -443 179 -867 -299 -91 -128 572 -447 37 -36 123 368 633 -163 -947 -707 -213 -5 -524 791 -1380 -906 -589 -562 -1184 -50 1028 -26 -394 -861 -425 85 71 322 42 -769 1216 -416 -218 997 -1154 89 979 -1214 -57 -32 636 -512 617 145 -141 -1278 505 179 -726 -50 342 -293 1504 117 1754 -108 -894 -645 695 -993 -35 956 656 150 -296 -712 608 -646 -902 515 -373 -423 363 -168 -42 919 135 1241 -287 415 -1026 -354 -434 1167 -278 -39 1012 -828 222 -847 263 614 ]
[783 568 283 296 855 205 -28 46 998 -868 -179 -406 386 174 581 -381 -791 482 -556 -554 -271 252 -528 105 -287 401 -405 780 -403 1450 20 1724 -7 1279 -1048 -41 32 144 -366 -538 414 376 -255 1070 120 -113 326 119 294 -1141 -178 -108 -102 587 -1219 23 1155 108 388 828 1048 -1142 -443 202 -397 -669 -263 -343 1498 604 -1233 -1177 -130 -125 -1268 -425 77 272 550 -201 904 -396 -173 -356 501 -796 -254 -725 264 -170 -246 847 -248 208 99 -311 533 -220 729 464 178 -930 -355 -720 522 -332 982 322 208 -4 432 -1218 446 -416 -1304 648 21 -787 -582 20 -618 675 396 228 -161 -14 185 -479 1075 -897 7 -160 -122 -1461 1469 ]
[-643 278 910 291 329 817 -790 396 1765 -715 -1201 -1197 82 -339 -221 164 55 -201 -731 759 48 -897 -290 -226 -243 173 -518 -848 -364 868 -1076 759 -202 323 -280 -465 -247 -717 -129 -1247 -462 -443 -184 34 -549 628 -312 -398 756 452 621 -496 154 334 123 107 127 -263 86 -1216 -104 -309 76 -69 -720 472 -610 -1661 -88 116 9 -508 -570 750 -2 661 231 346 -330 411 319 72 -486 -273 678 -529 -589 168 567 874 -636 60 -499 -26 675 -490 736 -6 249 262 66 -288 -475 -584 627 -170 -40 646 -155 156 -492 544 -786 -283 -482 -993 -1343 211 220 -967 1135 -190 792 -300 -279 -1243 -420 -418 -264 228 -704 -325 231 -798 394 ]
[-543 -1005 -1152 -636 570 585 1315 800 -299 185 159 440 -418 -187 -222 250 -356 -110 -143 -1133 630 799 -72 -551 633 -948 401 655 -653 271 10 -54 -866 -117 -1244 -1204 137 605 653 375 -1129 -584 438 1160 554 -970 -129 706 570 -947 -36 1067 203 185 -6 308 38 868 1351 537 530 -92 1127 -30 839 601 1876 176 -177 912 476 -120 1134 -704 313 94 -482 1008 356 -448 -4 -102 409 -557 -285 -46 601 -290 -20 16 -223 -316 1183 -979 -577 -4 52 -705 -8 1341 -137 -789 -50 115 299 -741 -276 -911 1056 252 894 115 191 789 393 464 -46 608 613 546 -654 445 -445 1309 511 1258 -187 736 -93 -322 -134 -1027 610 -215 291 ]
[-268 -179 722 -1782 -643 -563 -1138 -664 -343 804 120 978 -200 1159 349 -461 463 812 -144 801 394 399 -2 127 -208 58 -17 1345 -483 -303 535 -1465 284 295 -222 180 -923 -911 167 229 436 317 419 -314 682 541 -725 104 -865 1108 -358 -1055 706 460 564 675 -1376 337 371 -412 -556 -76 -787 692 911 787 786 833 384 589 -1047 773 -621 354 254 -537 -103 384 67 -359 -424 388 -554 -458 -801 -550 -176 1354 323 -524 -857 248 -911 -242 463 107 261 -1511 -62 49 -1108 560 367 -80 -974 -620 -477 -739 106 -816 42 697 125 177 -727 -1608 -129 681 -157 -144 -346 162 36 -232 158 731 -703 -275 -1088 -550 44 -196 -416 1142 -572 ]
[865 5 683 291 -758 -257 737 221 57 359 -433 1061 -714 -123 427 68 -20 -802 -417 -550 389 -152 64 -761 106 43 430 1066 1093 -456 -310 -168 -954 627 -273 1059 -63 258 -230 59 -434 -672 92 1483 58 219 -58 369 -1695 -724 -276 -421 -9 -362 14 -795 -125 -1204 -1113 602 -217 -441 -14 304 1086 371 402 -41 244 -76 237 -33 358 795 -710 352 -126 -51 329 468 582 -35 154 97 -826 685 1750 -703 13 -84 175 113 256 121 -537 720 183 199 -800 -874 927 504 275 -226 563 -214 -459 -623 -1037 125 900 -16 1137 63 736 59 1152 258 -471 72 -422 399 82 -947 -705 386 -333 -584 -335 704 411 -24 -1035 357 -96 ]
[62 1295 163 274 157 -822 -787 553 -91 528 -488 728 807 58 490 -349 471 -932 -159 -82 483 500 -330 -136 348 15 -853 920 -418 484 -300 -642 -685 -578 -126 712 210 560 397 -248 568 675 -161 -15 697 -927 95 907 -224 1023 -333 220 75 285 -260 1405 618 -270 -434 -374 -519 -1528 -390 698 972 -652 585 198 348 -161 279 353 878 -399 110 910 782 387 -840 -52 -607 1031 -923 -135 -1472 -1023 237 1047 -531 -206 -382 -719 -569 562 111 -606 323 -698 678 1042 -532 421 326 -646 -203 131 32 -881 250 -9 791 521 -1268 -915 -743 -692 -727 1009 -502 237 1060 -421 553 347 68 -375 -635 637 -946 693 84 -888 975 544 -55 ]
[-301 -58 -984 374 -182 829 -624 -770 106 533 -938 -487 -502 -836 -268 1489 484 -298 651 126 -80 -369 -475 395 589 218 501 -700 231 520 -680 -329 -1082 193 -125 782 997 -385 1309 -469 -425 -899 151 0 360 -29 -264 233 -415 461 748 212 39 -308 -218 407 681 -30 675 -1107 430 -645 636 -290 -204 834 -21 283 -367 50 1790 -76 55 -279 269 758 -196 -442 -30 342 44 -395 -124 247 -169 -443 -109 57 466 1314 312 -175 392 -365 -481 -196 -686 -400 601 185 -97 23 867 33 813 157 -763 -251 -242 608 687 312 34 -84 253 226 -888 688 1652 325 1109 84 -152 -325 780 -536 -177 -894 -119 937 -708 398 371 -42 -732 ]
[571 625 715 796 -391 110 260 1648 -566 73 312 -692 180 -435 297 -675 -681 80 442 180 -372 866 -334 -46 -303 -243 136 -933 -1229 -131 758 511 1095 -390 -664 -597 -240 381 -859 1 -694 -264 -790 -499 399 631 -230 85 170 -1305 -430 212 -714 507 214 345 -718 31 -146 -279 -89 -109 -415 -30 -197 -813 -1134 -203 566 468 83 -393 399 152 22 232 490 685 -352 177 -90 -700 -336 524 -78 -754 -606 -685 -627 -277 302 1715 -67 -610 303 -566 1003 -712 -947 1394 140 263 705 -230 806 -1023 489 1021 -1019 746 -130 101 -791 -727 171 379 11 -632 -1052 -24 -208 -280 -468 547 500 347 1228 -63 116 -542 -614 752 690 18 299 ]
[761 -50 309 877 782 -281 -597 -700 -611 322 1051 431 -269 -303 -162 233 1423 -901 521 398 616 44 706 941 212 1011 -76 -203 10 -144 401 423 492 1274 -19 1395 -137 -632 961 -174 116 475 -922 -368 307 -257 -345 413 -605 -8 -460 225 -1241 -452 774 -274 743 -309 310 151 -459 -443 -516 -1026 38 260 -601 832 271 -11 -71 235 146 -98 -244 231 535 -992 438 -807 -78 177 68 -259 -1086 1007 208 202 -366 489 1174 -457 -302 -420 -450 -516 395 476 683 -195 694 103 85 -486 -718 -399 63 -362 -733 1093 -859 -833 -320 -652 69 33 -488 489 736 242 195 -626 -829 -546 116 -207 115 -90 345 188 -739 540 592 981 361 ]
[-128 -1040 116 1303 -481 216 251 567 -265 -815 -919 1131 36 -633 -280 -59 -22 674 -438 -1558 -283 124 -60 4 275 628 118 -49 -696 -573 470 -295 -320 436 127 13 3 -1 229 -741 -807 218 -514 -240 -562 301 -536 258 -885 -1737 4 1192 427 -265 406 940 750 -402 -1357 -1492 268 -178 -648 -64 -525 293 -175 159 -1016 499 1231 -783 670 -731 198 -131 -1237 -407 375 -300 -614 -1113 890 1254 279 1448 73 -1470 -290 170 -682 103 601 430 -210 -361 -114 282 -569 712 -586 441 140 -785 549 331 217 206 -176 1451 715 277 -493 285 1099 -126 607 521 -929 673 122 -209 -542 100 244 -158 -92 -1025 -299 191 -361 -534 -238 -1388 76 ]
[1146 43 877 -156 1256 -758 -441 -989 -419 -594 818 1372 574 1306 249 -1093 -644 -3 367 642 564 46 -950 204 -146 492 -213 147 -267 -390 -454 104 7 831 -913 962 357 208 -8 20 289 -277 -247 -256 683 187 346 1249 -1204 226 329 -318 -6 498 804 -350 -225 599 133 397 737 60 -610 -20 367 203 870 119 569 500 -719 -760 -228 -748 574 -1289 218 612 -526 -325 430 166 -152 -186 -473 88 40 100 752 -399 -665 -596 -361 342 60 720 -869 -186 1111 -86 -248 65 1148 54 -393 -250 253 430 -279 410 -342 298 793 1252 -831 -1305 190 460 -827 -745 36 -448 156 -588 1197 296 150 278 -271 196 478 532 -264 24 -223 ]
[-267 723 -445 742 261 420 271 610 729 82 -272 795 1386 -1155 -163 -1605 -120 19 -1158 -691 133 -1503 1066 593 188 1252 48 465 -292 -742 -31 410 405 -762 203 -1053 287 481 -90 -876 133 -758 -643 727 466 -289 -268 795 601 1142 122 647 -258 1194 -379 699 744 -341 -2 384 -197 -244 398 1015 -359 -662 -177 -1192 -83 512 261 -282 454 355 -650 -302 880 144 256 658 -676 -4 663 755 749 1041 121 378 -743 738 -1222 -540 -511 1568 485 248 -750 -281 -1 -580 -637 354 -396 -617 -626 -9 241 44 279 2 -742 832 -46 726 -631 111 472 322 1 -535 285 243 59 -166 -598 -292 -12 573 476 -591 -94 -378 -888 -363 574 ]
[-769 -714 1284 1069 324 296 -625 23 -626 -95 -40 -660 -815 -706 -336 -1139 105 -100 633 -720 16 979 -411 333 -237 72 377 -343 -567 -667 546 -68 185 659 -46 178 -121 -797 508 -1374 490 829 -1389 -589 -1578 -135 597 1005 -885 63 241 -1212 -586 -634 -994 364 125 1997 -555 -970 -771 -269 519 -314 569 406 1063 -81 -287 296 1048 -438 -22 227 -521 -127 1119 475 -977 -401 -425 -1675 944 41 433 687 -774 -682 15 67 251 -1852 535 -749 872 -807 -590 1299 375 -797 -239 279 332 -161 68 825 -169 154 -451 1256 -9 -477 -787 163 -397 -312 -409 -92 -597 -232 743 -1218 398 855 -37 -37 254 -631 552 663 397 -345 773 -1055 324 ]
[-609 -324 -39 201 -898 443 1238 884 -389 -379 685 455 -248 -569 -401 196 -717 -80 -189 -235 -441 -113 -552 160 -506 -58 480 -357 477 -1090 -971 -749 -494 -309 -208 108 1133 -460 -281 -353 -774 -1251 535 -394 966 -298 200 162 183 -120 421 -689 -240 -575 822 -1093 457 -852 -81 -332 1704 68 72 139 -898 1074 -163 -714 -57 1183 742 -821 325 621 755 -142 778 -657 -472 493 621 -461 810 -100 437 54 492 -846 -852 688 -877 867 633 -91 -927 1642 462 439 -719 -283 -627 -675 140 109 -780 -653 -112 -416 -93 1471 -311 196 627 1013 -177 -292 811 34 -561 108 662 427 142 76 198 633 734 -58 125 -102 135 593 -392 1085 324 ]
[744 -1107 39 -370 -198 -888 -329 -715 625 1254 218 409 -263 51 11 -492 268 -146 66 -450 1582 791 173 135 53 660 504 121 486 -360 1173 -7 427 824 -251 275 -877 74 -283 863 -799 -917 108 721 327 570 -1016 627 -828 -188 -154 -329 85 363 -382 125 -964 896 822 -498 -58 294 109 -721 635 -131 232 728 34 -81 -241 129 138 -267 -665 818 -1383 619 543 330 -119 -877 328 1019 -643 172 1976 327 1129 -671 326 857 202 -942 243 -407 -289 -826 -114 489 425 -713 387 -671 853 300 -839 489 182 -451 831 1 -50 304 1835 213 -467 -617 -1123 -1119 -517 27 -528 -358 1231 864 240 -297 -670 3 -270 -502 -370 -522 -1013 ]
[-463 1075 -168 -91 1840 -62 532 -939 406 -806 -201 828 1260 975 232 -600 196 63 -348 1091 -1662 -673 -46 -769 -349 -285 -854 -514 -473 37 -395 511 -541 -1104 692 12 685 51 -1115 -201 609 -675 -119 -278 -74 1204 711 -795 3 277 -411 783 979 271 556 173 -1360 890 -834 301 -915 1327 301 -805 263 -636 -471 -103 609 -408 344 434 352 62 1025 -309 -189 -82 457 -847 -1341 859 -262 187 -78 -519 -1399 66 734 -65 2 -626 -355 1310 325 966 -728 -31 -49 15 1205 1023 221 577 648 -1164 181 -215 -334 -1156 -337 915 1005 695 -131 106 906 185 722 -529 -140 449 313 -1171 -600 -823 448 -308 -624 396 648 199 -423 -429 -353 ]
[-1084 -665 -486 -844 986 -441 534 -857 386 581 1167 918 -554 -1011 -530 -452 74 439 -423 -598 237 9 936 -55 -225 -234 412 460 337 -1013 324 -247 -458 299 371 -829 210 492 -1163 516 372 388 110 648 -565 17 -1417 310 710 371 80 1300 -423 -200 -96 391 37 1779 468 1103 267 1173 559 178 15 -527 2315 -45 35 937 34 -110 510 -407 -437 -80 -477 287 255 -452 -421 -644 1556 -88 440 654 605 -64 -106 551 451 -587 731 -490 -432 491 -542 754 660 -444 -567 -1006 -566 754 -301 631 -95 -221 606 -1051 -757 43 991 1278 265 284 -260 188 715 -234 -559 376 302 552 270 706 251 1105 416 -911 -81 -150 -522 -805 103 ]
[280 481 -309 226 94 574 394 273 167 -123 -272 23 429 -288 473 -78 -427 -1086 505 -672 -824 100 336 263 183 -471 -60 -1353 572 1039 -587 631 786 -1214 640 -414 1348 922 -74 410 70 28 18 667 711 61 447 -73 240 1104 136 827 507 -184 -1031 -327 -200 851 660 833 -275 741 306 -1321 157 -1134 445 -224 -65 -387 767 -391 584 -670 -541 -26 -507 -627 230 821 1134 701 -1088 905 -37 -899 719 -547 39 470 -394 -590 -59 727 -971 -829 -1119 -1737 776 -8 124 160 -686 -279 57 139 202 1030 -750 -210 420 565 1504 -662 193 253 361 -610 -78 -1214 -414 114 -557 -571 -608 -494 3 669 1622 -470 594 1184 360 -448 -187 ]
[708 -406 -245 554 628 365 -580 -38 470 -937 -94 -1105 -671 -29 446 141 561 884 314 1208 -400 -374 -322 562 -290 1002 735 -556 103 937 -727 804 -531 449 666 10 -202 308 45 -184 361 355 15 -901 -801 -258 227 -53 347 -884 1308 159 -281 -569 548 -982 1067 -1404 310 905 81 330 123 96 -529 247 -1217 -1029 -26 -1172 -512 -97 -1172 694 180 402 0 -95 -1024 -252 177 686 -26 -188 326 669 23 446 890 415 -122 -430 -441 1265 842 97 -429 1541 823 -742 575 957 127 -194 567 900 -429 788 739 377 -971 56 -1156 -66 -576 -171 -7 -212 1246 -129 773 -167 187 491 -37 -99 30 761 -216 535 -183 -626 -161 411 28 ]
[23 -734 343 159 151 882 -528 366 -868 313 -323 752 460 -1135 -411 -258 -947 531 -217 17 232 -212 519 301 -26 134 -8 489 -1121 51 415 -132 759 169 -474 -471 -770 -90 440 -173 509 515 -633 706 57 -745 -647 -797 231 917 -185 -250 -253 241 -14 -495 182 -996 592 -168 495 -363 -481 559 42 -366 46 6 191 655 -592 -359 -471 -428 -804 -44 603 361 986 1103 170 124 164 -195 663 69 -194 -131 -1153 -174 -969 282 -760 394 409 -439 1799 -948 138 32 -920 165 -788 -317 -174 -1272 -710 -588 130 169 -1057 -31 405 87 -461 515 -352 -122 387 187 -193 -34 -29 -1161 306 411 -778 -795 354 -1179 -396 588 -295 92 770 ]
[-945 -882 453 -637 -789 -1186 -606 -1100 -331 422 -739 366 -1268 316 871 -167 -665 -263 -453 605 1164 158 -745 -773 177 -532 -370 1004 495 192 -373 -1298 297 202 -404 -224 -608 228 -231 219 340 -91 666 47 726 516 -568 391 -381 334 625 -942 555 -491 173 223 -748 1064 228 -724 570 683 234 -126 811 636 2036 -236 121 213 -264 -647 -349 1201 -58 74 -978 27 -993 271 1336 -822 -221 -898 244 -1092 985 676 1106 -378 -1030 327 460 -1069 -621 -579 356 546 404 -188 -1185 -212 181 193 84 1166 -507 587 -434 358 1503 511 83 -36 617 -1559 -200 -63 -236 -635 -321 -98 284 -169 954 -4 -280 274 -990 -204 749 -815 3 451 -500 ]
[-1273 406 69 -405 -459 -580 945 -651 597 1428 300 405 -633 218 -119 -129 -79 -224 186 -305 -720 -324 -21 713 -506 -120 340 38 1585 -1014 554 -723 -479 -674 -246 -201 1060 186 -1108 118 -101 -997 -154 44 657 249 -95 731 -481 1259 -75 -213 43 -597 -486 -794 -42 1149 378 957 1155 843 -684 -392 -464 -153 701 -130 -396 -343 392 -1345 848 927 -1502 5 -274 -91 -319 935 390 -1796 936 472 217 604 1295 -681 432 -274 -122 1970 1249 -474 1050 909 -847 -484 741 -973 -676 -822 657 -161 -376 230 19 170 -689 1149 -88 -687 73 1447 25 956 485 524 -639 -1285 -457 987 -193 539 -399 299 560 507 1134 -641 1874 -451 -714 510 -524 ]
[-130 -1233 -193 -431 -1221 -404 -58 945 -176 -99 -74 -93 743 312 80 -612 181 587 474 -1709 -231 1121 953 773 28 120 905 262 368 -30 540 53 236 229 1189 -741 -322 -157 -245 799 -848 -43 593 670 205 99 -248 -230 24 562 -383 249 1031 -58 -835 -335 -1335 1560 266 116 -542 755 327 -570 610 497 1125 425 46 -268 -41 619 210 -1738 -764 185 -872 -13 421 200 237 -13 562 969 -851 1092 710 -25 -68 -864 -252 -366 256 -728 -318 304 -329 -1037 -353 -454 45 -338 0 136 -578 36 -163 438 797 -667 181 136 395 347 653 840 988 -256 -734 -490 -675 484 -685 809 -783 529 -394 -693 231 -156 428 322 423 -879 32 ]
[-1084 1384 -801 -399 -717 676 -60 1043 -47 19 29 -1068 -701 -1078 -153 1035 -919 -93 -659 702 -1376 589 159 -977 -491 -409 -866 409 727 1750 -973 323 -512 -838 -1638 -1153 542 706 -54 129 352 -493 405 71 226 -531 -622 274 566 26 1060 727 1039 -258 -169 1152 488 -816 730 72 511 402 -304 -113 -33 -551 -403 -277 -477 -1059 718 -1261 -471 353 120 224 -1259 41 -435 688 591 243 -299 -23 -630 -1174 -323 245 -312 -130 -645 1541 -196 -416 -164 -428 511 -358 131 734 -1114 -290 -901 -1158 596 545 355 461 -320 661 830 -267 -120 -813 -653 -727 -543 -147 1149 511 337 23 -402 742 304 376 -400 709 790 -438 453 -498 140 156 80 ]
[1067 -570 -90 -973 -924 1162 -237 48 -775 -262 -133 432 -318 1426 -173 769 752 83 1760 109 -216 751 -193 -662 148 -1184 -180 -192 554 -10 -556 -491 -1096 84 263 605 320 -812 690 554 -857 686 300 -524 -741 525 1081 155 -905 -1225 -624 -254 532 140 45 -358 -1189 169 -595 533 -493 -775 -838 418 780 417 542 1525 -213 -678 -434 737 -652 -16 288 107 -384 -331 83 -249 5 -223 -475 458 -1223 392 -512 -763 177 -577 175 -224 962 635 -108 783 -86 48 143 -564 -456 1986 166 -705 676 585 477 89 -254 -509 745 367 1407 -44 -125 -606 -228 69 715 -429 216 608 974 380 -319 -246 884 507 206 1440 390 660 -707 198 -871 ]
[-633 -446 -252 -435 710 -48 -534 -1817 504 -248 -275 1067 -667 338 -512 -459 1095 924 -561 145 524 -461 169 107 324 237 -425 -384 -414 796 883 -585 -564 124 -317 -352 -131 295 767 -1011 -166 782 614 -88 326 662 -312 949 -384 -265 263 1042 -457 -50 -184 920 357 1276 -131 583 227 703 799 -438 -266 770 768 -333 364 665 -635 -1189 -129 910 196 821 -729 -560 -662 -863 -587 -648 594 -322 489 457 300 -141 1698 584 -790 26 1070 -99 272 -398 -809 489 1402 -145 -761 315 417 62 -719 1218 -328 -933 393 295 -49 802 50 621 113 -659 -400 864 682 85 454 20 -110 653 461 -246 327 707 266 -283 -221 -630 -666 -667 -139 ]
[1225 -1363 1066 -394 -70 290 -376 292 331 136 706 926 1560 -144 -109 -1083 -295 155 477 -801 1689 690 -1012 677 -272 -60 325 83 -422 -707 1162 -287 1752 866 -90 817 233 339 -394 530 -662 211 -621 737 304 651 -230 722 330 -748 -267 -240 58 333 816 -318 -283 493 1034 -1120 1365 -694 -1077 66 -815 -600 622 244 1 1251 -771 -679 1005 -302 -729 163 -42 114 452 943 54 -166 653 1020 -970 -317 803 73 -158 654 -471 1056 -50 81 253 -444 7 -1599 932 409 -753 -764 228 -707 87 -109 782 371 63 135 -560 -434 -812 991 463 -808 -639 709 -656 -394 -209 562 95 -592 742 982 -429 39 645 -923 -719 -291 50 27 -1218 ]
[217 -245 -101 -263 545 -368 475 802 284 -13 602 252 -866 19 229 1231 610 -594 -186 599 483 140 622 343 52 -770 139 1274 822 794 -310 50 -826 444 -1366 326 94 43 1981 -13 -886 -978 615 1268 561 -1199 219 1047 543 -210 306 684 -593 -91 -88 354 217 -819 935 599 -384 -1585 666 932 791 510 1074 -392 175 -107 -741 350 248 -416 320 -416 12 933 301 -5 -592 820 -144 -778 -852 714 582 236 -84 292 -333 -1155 1128 -729 -509 487 -468 -154 638 465 -468 -47 -477 -153 797 769 -63 -1027 1561 -532 836 66 -467 -72 -42 238 -805 1113 662 445 243 171 504 1540 -81 547 -92 1747 148 269 -860 -981 -294 -570 43 ]
[421 -1349 634 -710 -1023 822 509 562 515 -21 -958 -61 408 -914 557 -684 -1566 -9 137 -1329 647 645 -1127 268 176 -492 813 687 -1098 626 -172 -202 461 -165 241 100 -923 476 283 412 109 395 -161 1316 -573 332 -522 87 716 395 -403 221 477 95 -798 739 -126 510 653 -406 -728 -519 -368 437 1249 -1121 1757 480 -612 509 -23 -111 376 -99 -84 -636 -1119 1305 350 393 325 365 -543 861 717 -1115 271 -632 497 -410 39 -115 -722 -252 -52 -685 -980 -1812 -71 -72 -315 64 430 885 943 213 -409 -125 70 -1410 1508 75 473 105 114 -175 150 -158 58 -309 -251 161 101 -966 215 395 -625 -41 -811 858 -197 -781 -33 -911 -1929 ]
[787 -132 193 351 -11 -282 -612 -4 -1014 1280 260 147 347 -1329 1294 -948 -576 -53 591 -812 942 152 -33 -313 -842 409 1400 811 383 -1190 805 80 2221 422 1159 -177 539 -130 -440 923 1027 360 -1213 -248 61 93 -553 -108 202 -762 190 -393 -293 325 -102 -433 228 -285 904 -686 191 496 -538 693 57 -560 194 351 -363 73 908 389 -225 492 -1103 -408 219 473 959 544 533 -110 341 305 -264 -389 278 321 -1130 253 -438 888 -1034 867 -734 -861 677 -496 -127 -876 66 -111 -1045 -434 78 -171 558 509 -1081 178 33 -650 -94 373 -70 561 1396 -1659 -203 -318 -279 422 -869 -903 202 1107 -85 -1101 -301 -1408 -406 500 16 1096 -616 ]
[-521 -30 -967 -543 853 552 931 65 782 1084 -86 533 -301 23 -260 -378 -6 864 -767 -625 160 943 531 549 -305 805 58 295 -290 325 1312 285 -570 325 -2265 -879 -590 -103 71 -225 927 -476 -518 724 1204 -613 -1226 1056 393 -263 -295 510 222 -26 153 1521 227 280 1334 517 664 127 313 -18 -694 146 660 834 526 1352 -158 -389 990 -215 248 725 46 237 -13 -521 -307 -543 1103 -156 405 -653 -528 387 -27 613 171 507 -527 -962 -39 -650 2 -657 -127 1654 -1094 -329 -666 -509 -28 -1223 -922 -756 1172 113 -246 611 -167 444 -1 1008 -491 1306 31 1205 -594 -152 -338 1597 382 1768 -249 234 444 -712 677 -1134 -280 -529 -310 ]
[-419 -174 -712 366 -494 524 438 1340 -149 -999 -1057 250 92 -405 1025 44 -233 254 -24 -522 -244 1109 -314 819 -81 763 812 1315 -881 734 -664 156 -835 758 458 -694 -613 314 -252 -359 -300 13 -120 -218 -53 262 -895 1099 -455 -878 -48 999 323 741 -87 652 701 -151 -221 449 -892 -341 79 432 -455 241 -94 -21 97 106 590 342 -933 -378 31 -701 2 332 -479 1 229 -192 -233 774 83 267 -502 168 -324 41 38 607 -1587 -250 -1495 136 -255 128 -983 919 132 29 -109 -753 422 -257 389 762 100 651 1119 833 -532 16 150 -236 448 -758 -78 -126 -305 -710 -410 1261 782 193 330 -354 -1046 456 -794 -160 -91 693 675 ]
[66 713 -834 -87 8 -162 116 156 50 1308 85 275 -1329 1215 643 361 614 -317 120 922 -308 -256 749 1285 128 1370 676 925 551 -35 -29 335 -828 -536 234 423 -588 340 102 1150 -151 -1180 435 -155 1292 -270 -580 -610 38 608 228 -363 -187 -481 -104 -1018 -31 -920 1118 1308 -224 763 343 -549 -350 153 -848 665 321 -1456 -539 428 -517 86 -1369 131 -33 -393 518 437 722 -414 -131 537 -357 747 1029 1627 763 -170 229 1638 184 -58 426 433 544 -710 161 221 155 -103 1029 -129 -316 -1087 -895 111 633 -334 13 -766 -789 -203 116 1786 645 255 -374 -203 -563 926 -254 -653 -335 -299 160 674 -42 -333 -62 -743 -647 1230 -230 ]
[1372 1588 -33 -126 869 546 -392 -411 468 -227 1054 -56 -782 1037 269 -171 579 -793 649 1345 -315 799 897 243 -918 132 578 -665 303 1123 334 457 849 91 210 861 308 -800 623 -187 837 948 335 -281 1345 461 -205 -65 339 319 -616 175 -488 -410 221 601 -344 -881 -35 403 -839 -99 -549 -830 -343 -500 -635 1074 821 -1114 -774 152 -693 537 -657 -307 386 -915 960 -642 718 528 181 214 -455 -966 -660 601 -186 -888 284 745 -1019 -663 -593 6 482 -479 683 774 -353 415 -456 247 -992 -459 854 -458 -502 -148 -309 -528 710 -1231 -816 -171 1245 643 292 -501 -99 -150 161 -280 97 -99 650 573 259 -399 -248 636 144 1255 268 ]
[-1081 259 -533 774 419 190 110 1 -120 -828 -614 578 1262 -1040 -515 -55 -362 -174 -501 333 -522 -528 -1082 -356 68 247 -548 116 -409 -17 -630 84 -897 40 -116 578 655 -32 -219 -1222 587 -455 -6 112 290 -257 438 203 542 488 -371 983 476 -19 465 600 589 309 398 -1748 1204 -1082 -177 -140 -189 588 -39 698 873 1587 1256 -677 1224 -303 800 491 1021 -358 -569 -375 -949 -17 120 -186 -395 -816 -688 -345 -855 1093 -346 -453 -337 508 -111 668 -228 177 177 183 -6 -1096 1164 -429 571 -936 -406 -1253 195 267 520 438 -69 -520 -1291 -378 -907 569 647 632 1127 193 1202 -743 605 16 209 -1155 -6 47 15 198 822 -222 1081 ]
[229 -373 1560 494 1569 -241 -751 93 945 -384 519 458 -1192 -397 -455 -708 -459 336 -740 969 93 -534 577 -1458 -78 -563 -488 -147 -159 538 -517 258 -340 960 17 105 416 514 -193 572 -169 -449 -161 205 -592 376 -151 202 111 -450 165 101 -680 -530 -98 -1577 489 -497 -72 534 -467 -579 161 -651 -420 420 934 -1178 204 462 367 -173 -642 -86 -561 -76 112 -532 -73 843 -211 -845 65 -278 146 114 801 -523 683 698 -268 -7 538 545 -58 -738 352 864 762 436 449 259 -500 -228 391 285 -253 534 -222 26 107 -374 394 4 510 -290 -653 739 -481 -749 579 140 1304 -910 459 -364 166 429 432 -652 -867 246 -802 -1122 -128 ]
[-807 -454 -1020 610 413 313 799 77 -1210 -476 -454 538 243 -294 186 629 555 199 977 -860 -323 670 470 817 392 50 -6 1017 -435 1013 164 691 -520 411 -155 429 -330 91 1243 -357 493 1486 -530 -92 358 197 -167 -488 -65 -98 -951 914 -662 -644 -373 537 225 157 -212 -89 -581 -512 433 -557 -49 -77 1076 1572 -4 -215 433 16 -173 -1432 -155 443 -231 -800 156 -764 318 -476 673 -28 385 346 -953 -217 -642 5 543 -734 391 -1317 -1859 -172 939 697 121 1404 -239 -347 -727 -548 225 -731 -942 -329 544 1139 -79 -68 -390 -97 108 736 217 123 959 1149 93 -337 2 484 206 -978 -185 -622 294 581 -127 -697 996 -322 872 ]
[-333 -700 -732 -440 -237 801 735 478 -57 -128 836 331 -546 139 393 746 1498 974 318 318 84 226 77 1367 74 -31 1474 740 1022 1135 403 579 -570 61 693 764 -156 -865 1081 -150 -797 361 429 -191 308 1036 421 -260 -165 -1379 809 469 -120 -28 748 -108 82 133 579 -82 -139 -519 -22 303 -128 963 640 62 274 -799 -372 528 -645 322 -360 -163 -1197 -99 120 -479 -850 -219 -256 714 -6 1325 -49 713 921 391 -658 422 1136 -502 -513 489 239 110 363 310 -805 609 -488 -343 1412 373 -247 -826 90 -286 155 132 -1066 1188 716 88 596 -162 201 5 70 298 593 67 1166 -65 1038 967 -98 65 -1101 -481 -986 -124 -748 ]
[677 733 -167 103 287 514 -1878 -787 500 1045 -624 -683 292 178 -474 -1267 1500 -529 470 -800 591 -172 -146 -434 244 161 -39 339 -869 446 547 446 89 277 1075 23 -405 -89 1304 -50 692 436 -202 -149 -710 405 -191 -392 -1091 -315 -233 -587 -373 -304 -409 63 682 650 522 -178 -1441 -173 -91 904 -465 34 -492 114 105 214 -689 84 -1140 100 90 848 1795 351 51 -544 819 202 -352 88 -246 159 -342 614 375 664 -190 -237 -848 457 -250 -1900 -127 354 618 -1033 638 1337 -78 268 -581 432 802 -608 15 -2146 -902 -452 -596 -21 -345 1023 -626 -389 318 577 -389 270 132 -494 -980 -1126 -108 -472 163 -162 -755 -19 323 -329 -915 ]
[-302 -951 219 -971 247 -527 -445 -682 -724 901 886 -617 -356 355 410 -3 -304 987 616 285 756 -44 396 1183 -242 679 240 -456 86 -958 1142 -726 1070 -279 84 168 -711 -672 732 593 272 -511 -609 -482 593 123 -1017 836 -262 1258 829 -128 -532 183 373 230 -865 1073 1420 444 174 -166 -10 -131 -561 -376 947 714 -717 376 -81 606 -301 -1262 161 -748 -569 -204 -225 51 728 -1270 469 -65 391 235 -585 622 506 662 606 -56 -300 -1348 -454 -1076 -771 -307 780 -89 -1412 -322 -782 414 -323 407 -559 1247 447 309 -63 624 223 168 1331 -362 -1111 590 -358 433 -315 -513 -958 1142 1197 -40 -153 281 -11 -517 -509 531 447 170 -1296 ]
[-771 59 -516 686 -213 2059 -211 -342 -1405 789 -301 -1402 966 -687 -820 -491 -920 726 -166 835 85 -594 -167 515 958 650 -213 -651 -1623 106 242 695 741 -1674 41 -951 -592 193 -203 -586 405 -527 -226 -692 -249 -812 497 -1212 177 472 749 -961 134 17 -182 -177 49 621 21 59 488 329 708 491 509 -665 -1162 79 838 253 1022 637 237 -131 -252 397 1365 -627 17 -24 -909 911 -1429 -189 647 -347 -1622 381 101 -122 192 -1152 -183 694 1175 -622 -378 480 -763 -1343 270 1456 769 1217 1204 -1385 -468 13 -592 -699 -786 636 -47 -476 -766 962 -762 -1068 1115 478 229 -877 293 -1043 785 -227 -304 -328 579 331 402 367 352 38 310 ]
[-658 46 -478 461 816 957 -439 88 -904 814 345 -716 -751 -1443 -830 -120 -207 -714 -180 613 -258 259 -295 -732 697 -383 -294 26 -1491 503 651 -13 20 -313 -212 -1176 -21 223 -24 -18 303 -84 -551 387 -589 -1093 -37 -115 436 -579 447 -289 116 -172 632 162 743 -729 956 -432 105 -419 210 250 1187 -521 2 644 -189 365 969 264 884 985 -822 456 830 201 491 -191 -1071 137 -635 -784 -495 -1073 -345 555 -290 192 920 -794 -723 -4 915 -1419 -115 690 -7 -235 87 3 205 359 559 -418 -372 -1270 -880 471 -441 -434 -757 -1164 103 -112 -1527 597 1778 851 226 -730 196 -323 479 1099 57 -63 26 -43 354 -332 905 462 445 ]
[-1275 37 -86 -275 -502 -1036 747 16 80 486 -945 28 -268 -628 689 -1329 307 724 -1187 214 -137 215 877 -191 64 -689 -295 1267 -332 401 -115 -408 -474 49 -464 -935 -971 101 -1351 -11 1087 903 -229 277 -37 -321 -603 -388 66 -66 -586 -730 -568 -1235 -394 -201 409 -247 -613 604 -352 -624 230 369 884 112 689 -399 744 369 -535 -117 -147 797 -631 176 725 -63 -541 -555 662 -58 -33 -172 1016 619 -407 8 -157 1143 5 -491 -603 -1231 -100 -957 568 707 -561 -422 330 163 -1104 127 -644 -348 -794 -138 -515 301 -594 -236 101 -222 -830 -645 -677 556 132 276 -793 -105 516 570 -309 -475 -431 682 788 -898 1155 -652 152 232 1362 ]
[451 419 -6 247 937 277 1141 774 843 1160 381 154 215 -257 -589 -591 -142 -1917 -226 -550 781 -603 -519 -1352 -415 -859 -709 -52 -119 -659 -652 708 299 -1114 -349 -605 -8 879 -364 203 -1649 -978 -283 303 85 -2 263 -119 1091 -168 -788 647 -236 291 -88 -1006 431 232 802 46 -986 711 464 -90 35 -1057 -255 -899 -215 131 -247 -150 470 831 -224 323 852 1189 -573 396 -170 512 -446 -508 -756 120 816 -638 40 -434 376 385 730 635 -18 619 17 -344 -807 119 1405 193 266 -466 1074 -395 1095 -333 -575 -1113 -299 130 -30 533 40 792 2 -193 -535 -1291 500 595 -140 -303 -359 -32 700 1475 -304 281 75 -752 541 521 -833 ]
[591 -212 -418 -82 -127 435 -150 -432 500 518 290 -492 -1233 -498 -636 110 1288 189 684 -732 -343 569 792 206 -505 -258 468 -718 781 -156 228 -373 571 -376 550 192 -68 -1103 217 477 406 624 403 55 -444 -687 613 -546 216 -483 -566 -84 13 -446 -177 -548 332 -289 574 1134 -365 338 630 -1012 356 -259 -86 214 704 -395 -809 355 -44 446 -643 427 997 -299 -487 -252 -29 195 723 -746 -398 160 295 -45 -360 -454 926 -133 205 597 119 101 649 112 -552 -373 912 1435 946 269 -1531 938 676 -436 -318 -387 -528 -736 282 -863 18 118 934 -373 666 -126 -600 1020 -371 820 -565 1445 -124 729 624 -9 2 644 257 1248 -504 ]
[846 1013 275 223 735 -163 99 -804 -216 -412 -773 300 -462 1104 -234 575 37 -165 252 928 -603 435 -867 -380 -50 75 153 -342 -544 219 -335 -1221 -1419 -20 -361 778 157 -479 346 -515 888 10 307 -632 -346 324 317 -872 -1183 -50 548 -597 126 -275 525 1493 -667 12 -1247 -739 74 333 491 685 169 33 2 342 -266 -456 -52 -156 -778 104 1593 -457 -31 828 -454 -767 -168 207 479 -309 388 -159 -389 572 146 -1153 -828 -706 354 -595 632 770 488 -346 114 791 -763 -19 1042 248 1492 -422 -271 -353 349 -588 -784 515 -678 390 -418 -1542 -291 1016 410 -72 1075 -300 682 -145 24 -639 -244 -479 -796 1493 -798 -590 461 -407 -233 ]
[-441 319 530 -306 66 306 -83 33 -987 374 414 -633 383 -76 -45 -985 -170 824 540 485 -849 1261 165 574 -302 328 933 609 -902 -299 1585 185 488 -530 13 332 -310 -1052 1410 -757 1010 801 -1307 -711 -303 -29 111 -80 -945 634 -616 -452 -596 334 -685 1138 -1441 978 -583 277 -497 -546 -107 266 -2 -516 544 723 490 -725 -151 1336 143 -934 -118 -281 1656 -30 1024 -432 -648 -969 896 472 49 -538 -1466 434 42 -1594 64 -165 -761 -721 514 -891 867 -401 42 1293 -579 854 -467 575 437 -725 -420 -627 375 360 -24 -531 -1661 -579 31 -11 340 -73 -134 -24 -1220 -1110 394 909 583 -105 737 -928 -368 240 112 304 26 248 -174 ]
[-47 -200 196 -102 877 397 -1176 -876 -395 49 709 -783 555 -332 -716 980 1275 828 1810 203 -24 -469 -341 -387 98 -279 -173 -713 183 790 297 471 661 -538 395 820 396 -1363 1369 -1259 -761 -382 93 -828 -393 1006 859 -153 -1034 -44 780 -577 -340 641 386 370 -721 743 603 -1104 65 -714 -211 713 714 1005 -921 418 37 506 -250 -442 -704 -6 996 -93 256 1228 93 -957 -830 43 106 -1129 -266 71 -724 -302 228 319 -401 -522 638 -189 153 607 -393 -626 397 -715 496 255 1277 -44 807 329 -30 -83 -490 -54 -414 46 731 1011 -1084 -357 -315 -1241 614 27 421 1080 -317 -100 139 -142 84 -1060 322 -397 -1230 832 620 -101 -210 ]
[948 -476 -654 562 -32 140 -5 745 -433 659 1274 -3 -408 39 -494 607 31 456 818 -69 95 68 -259 937 28 937 397 -12 -1319 1332 544 476 -2 -1027 -321 1411 -246 4 927 79 -74 -760 41 353 1574 -137 569 -204 -53 909 409 -739 -169 -869 319 -719 761 -893 1645 -359 289 -75 -47 197 36 248 -161 530 -238 -119 -799 -839 -187 99 -608 744 -90 344 -549 244 297 -712 372 -161 -541 208 910 321 180 -103 -816 1387 666 -677 475 1394 169 -474 234 76 -991 349 458 272 1151 -1275 -1060 -211 1005 982 -1361 512 341 1232 229 1823 -244 -69 78 1172 163 1102 -480 -490 677 -296 148 72 228 -431 -271 -118 512 268 -787 ]
[-57 597 -509 -201 535 78 -688 531 345 521 529 -507 -738 -402 434 -874 -436 -568 -98 15 -309 -23 150 -938 230 -269 321 809 -463 780 -858 8 -416 -164 138 -606 538 270 -641 19 198 622 -75 572 651 35 277 -145 468 859 1226 -1018 231 379 -1022 -500 -163 384 840 230 675 -390 1334 421 542 -16 991 -1083 334 246 82 -579 -656 1340 -1151 101 580 552 6 640 858 -938 154 -868 282 -831 1134 1194 171 -161 -1215 -529 256 376 804 98 704 89 998 -47 -598 -430 -155 -626 327 -213 -537 -74 -419 25 -111 -815 1002 72 -977 -525 -7 -1 446 -761 243 710 894 -932 163 -37 194 -225 61 -1299 295 -240 -212 168 892 ]
[-266 -260 256 -93 -239 -1034 -606 1338 -360 89 264 945 947 -1118 761 -1863 -261 -344 222 -956 -223 89 -17 -1199 276 -32 -288 931 -60 -11 -308 -828 344 -998 2243 113 8 1389 -941 520 991 735 -704 -664 -451 -179 293 551 -405 814 -155 445 -49 -654 -230 -332 -117 -275 -538 532 -1542 -61 -1117 159 905 -1221 307 -123 -318 -694 -95 -319 -438 -131 -332 669 61 82 -232 491 95 -22 720 840 -173 -4 1430 99 -1251 -595 -1110 -772 -619 1622 -367 -320 945 -12 419 -539 -629 272 -791 -510 -114 1066 -415 284 81 -609 749 53 197 -164 -193 161 895 -479 -1351 -1045 262 340 767 -279 -1726 -407 -190 228 -748 -579 760 -221 151 446 144 ]
[621 318 93 -72 -1233 -854 -579 -254 -1135 1093 -44 700 -146 -205 -35 -358 -242 347 149 -13 556 52 -445 -66 53 -210 226 582 -1326 -636 806 -1504 446 -99 206 626 220 700 -15 172 428 741 -610 -630 474 -133 504 -30 -22 609 -1200 -63 -63 274 -210 -447 1045 -1293 -414 -89 -470 -548 -697 54 -1 -535 2 919 -174 -124 779 306 -327 76 -542 260 360 -442 -165 323 -437 -175 -501 37 -747 -369 -292 188 -221 -384 625 640 -10 652 639 -10 1068 -425 -40 306 -284 363 992 516 -132 -114 -71 -538 -807 341 483 48 -661 -203 -191 335 241 581 -1151 305 871 -338 29 -454 298 479 217 -246 -949 649 348 254 -152 1116 -850 ]
[-479 -15 362 184 1001 65 -223 -491 -274 -706 -606 228 -333 -914 301 -679 -1115 164 -262 -137 -324 -238 399 -540 -280 -1255 -650 302 -589 -941 -338 120 497 -130 11 -1527 20 1007 -329 -136 -26 173 -125 -826 -745 163 -355 357 630 -614 -719 459 -890 -326 -1131 -186 422 1062 -1297 874 -701 -46 768 581 -245 -1030 1389 -1434 828 422 447 -292 -374 188 -621 -22 872 489 -48 -73 410 -946 277 94 1159 42 -1314 -1172 -689 -295 219 -526 712 413 -1094 -38 282 1903 484 -153 304 967 -836 513 -417 1160 1152 654 -135 -764 316 -755 -77 -362 -479 429 -33 -474 463 -96 300 -159 460 720 -744 -1134 803 775 -147 -241 -50 276 65 -1606 663 ]
[1015 -752 -193 -841 -1046 -593 -1049 -685 122 120 147 497 -7 717 -866 -308 718 953 -471 484 1166 -115 -22 -661 603 -586 -292 -260 -1875 227 481 -2350 57 -580 -101 361 -734 224 -225 337 870 827 744 -1479 36 -309 577 -433 402 559 -816 -140 -149 -634 360 516 712 -546 -922 -209 -405 353 -518 432 67 -347 -938 504 -706 -271 -662 109 -792 328 1056 74 -290 66 -591 -325 -1397 -4 -377 -273 254 3 -50 351 -238 -1492 -767 -17 362 790 1088 27 345 -74 -488 105 -1038 573 477 549 71 382 233 -238 437 -630 -1042 216 -773 510 -220 -294 -406 612 200 -56 190 -784 693 -264 415 -177 -256 656 -1316 523 337 -911 248 -14 -804 ]
[-100 263 134 633 6 -1280 -408 594 707 -231 -74 -955 -83 683 76 -75 10 -225 76 -108 227 -626 700 -332 426 161 -899 -237 285 760 -336 1136 -188 392 168 -585 -763 304 -1171 702 334 867 -752 -173 -680 -474 132 -855 978 117 261 -62 -131 -126 -360 -748 784 -938 31 397 -40 88 -1262 632 -260 -341 -13 -389 -909 -1490 -1122 242 -487 122 -1075 114 -547 273 -277 -249 1045 3 -248 22 447 923 770 631 -271 -649 -284 485 127 246 1685 62 1285 602 811 -19 -138 -621 -1333 -536 -84 82 -337 1036 1141 -58 -1271 -557 -1014 -486 -561 371 -1130 -213 -931 -831 -164 276 521 421 -1220 -981 -516 1120 121 -734 841 -445 125 -836 1059 ]
[-511 1 175 -144 146 -278 710 399 -154 -77 -369 347 552 -417 631 -381 -194 863 10 -653 -1043 -184 -143 -168 -433 484 508 895 -25 -378 -105 253 -1025 99 954 116 155 668 -669 -307 173 -255 -537 56 -161 901 -1024 -1 -549 -134 399 1112 67 -137 -30 -14 243 74 -323 204 113 -507 -1276 964 -451 298 1041 605 -514 766 451 557 1075 -1103 6 -138 43 -330 -96 179 273 -809 567 272 191 -108 -683 -718 68 977 487 920 -993 98 -1066 160 -950 -711 -433 430 -164 -94 -357 -200 1220 -467 -777 4 209 -203 564 1082 827 202 226 75 1095 148 -1227 786 -890 698 32 244 199 -468 173 -933 -597 -237 -192 941 -143 -711 -728 ]
[265 298 -697 914 605 -291 1366 438 -223 288 259 404 1081 -543 -134 -1864 -857 -956 -718 -864 211 580 -656 551 -170 1059 -314 51 404 -325 -357 1529 -947 -44 -148 627 -360 1116 -1146 1127 879 -202 9 -4 840 -264 -533 705 4 548 153 568 12 -565 -100 -198 25 1565 539 50 653 10 -519 -856 -619 -1625 258 718 886 195 -383 -602 1246 -809 -80 823 372 -431 -917 456 337 -337 253 1609 186 -334 796 80 333 63 473 501 -511 382 -193 -971 -738 560 713 357 228 -158 -581 -828 524 -721 -551 -347 330 -1007 -78 328 -370 204 784 1448 -223 87 -663 -219 -381 -613 506 -707 1527 -841 1243 1057 883 344 1247 -259 501 -944 -915 ]
[39 -454 -527 -401 -1256 -77 -104 547 558 752 -1553 731 -486 -266 483 1537 596 -95 116 -568 -388 -415 227 -497 381 -456 590 277 92 -901 858 -696 -309 1 199 -1086 51 183 228 188 -1289 -112 -376 533 -1336 754 -1150 283 -293 -687 -859 1835 725 922 124 620 571 -136 434 -848 -1642 319 74 388 -332 426 135 -100 -1292 301 854 1015 -436 134 -628 -830 -540 879 755 623 -594 -1395 -132 1325 -291 590 -974 -449 -316 821 492 1218 147 -601 -86 -521 201 -422 -338 -147 -428 -164 329 748 592 294 1712 412 -1320 -446 1219 -231 -301 -8 1154 1310 -14 1148 149 176 -868 -245 -680 641 -639 571 -393 -1077 -618 -528 -759 -535 -485 -514 -138 ]
[-298 -7 218 256 -1030 -110 -628 -309 -691 348 -607 -194 -375 246 93 -425 73 -143 205 -506 212 439 -98 -105 180 -9 -83 -182 239 -813 328 -720 1307 216 251 -601 -427 44 -425 -292 1307 1396 -759 -1016 -394 531 -26 -495 -475 720 -164 -929 -234 -772 -394 304 248 1057 -874 -816 -219 580 -278 -32 -542 -196 -329 201 -628 -58 570 146 -1088 1416 202 -36 718 -905 -861 -554 899 -725 147 148 554 -262 -571 694 -752 237 26 -317 -844 -131 -420 -879 -169 778 -274 -726 -406 -20 -839 50 -957 666 377 1360 -404 63 -65 -117 -162 -494 -503 -502 335 -679 -344 63 -485 -1236 -304 -206 -566 -188 -689 -392 243 -394 1189 -277 346 551 -218 ]
[-268 -980 530 552 -883 492 -728 988 -687 319 -4 733 -673 -484 -437 -429 577 476 346 -1148 616 552 223 378 -370 74 503 -263 -1750 -62 896 -784 1039 1039 -654 -864 -266 -787 1329 -556 -610 1768 -1486 -429 -308 158 -256 576 -293 -1222 -383 76 -617 205 191 443 437 -238 64 -1006 -1141 992 -600 -96 -181 1229 465 -139 -1343 430 -764 -392 -451 312 -148 -312 -296 -33 -251 41 76 -674 881 -587 -322 652 -726 -592 -926 -275 -1202 249 294 -791 274 -490 1644 -633 -648 2 -1540 650 -810 -529 -952 -104 166 -545 245 1783 -1149 961 -551 271 -314 -674 503 61 -1188 59 1067 -359 -657 1463 -715 1144 -869 -850 -422 -992 -900 499 102 -57 102 ]
[443 728 246 150 556 -586 -508 642 -147 851 331 -643 1014 901 1004 41 638 -1014 1280 -375 -394 349 -1101 -119 853 -580 266 -253 -85 -58 -198 574 -196 -1322 2735 194 1178 769 -39 902 -551 406 -387 -656 -238 -278 1161 -15 199 327 368 -366 295 -203 -236 -821 15 1507 -36 605 -883 -359 542 1132 562 -470 902 -365 445 -540 885 1607 527 267 -461 502 1564 -201 -691 423 -771 718 -1131 102 -1390 -811 -480 866 106 -257 905 -1180 -156 1070 -125 179 -1028 1031 1299 -452 599 990 124 1419 1209 257 919 -58 -669 -878 278 -438 -187 -243 -145 1385 182 503 530 -200 -91 -47 25 -324 -273 -177 792 631 -820 1196 900 193 1373 1028 -849 ]
[-33 -415 359 -470 -707 -693 -471 -9 -182 322 -733 -60 856 306 -684 -315 -812 135 -157 -1106 887 -369 -610 -835 1037 -129 -499 -94 -224 -1383 141 -1158 -446 -467 -657 252 -88 -471 813 -787 -1114 -1219 196 -481 241 -655 713 694 -1515 719 100 -705 530 616 64 479 -309 497 -1243 -1000 563 -1268 -299 833 530 -83 69 -8 -39 98 575 -619 526 -1708 661 -209 -272 893 -191 516 -239 -404 -513 325 22 321 276 -940 211 -1568 -822 -1078 394 111 1069 -5 317 -197 -416 182 -692 -137 1313 502 336 423 -277 331 -264 371 1217 249 45 510 491 351 -227 207 -2161 -600 479 -902 156 193 746 -149 -320 -1004 -1080 1174 1373 15 388 -870 -151 ]
[672 95 584 -634 -371 -1 -1171 -77 392 486 -938 -428 -965 -66 558 972 -863 99 438 602 31 -115 -403 350 457 -191 173 -541 -207 210 -48 136 825 -10 -598 -920 231 348 293 129 -1439 92 -120 -269 -32 -146 -782 291 980 17 -462 297 -4 481 -542 -218 603 -1310 530 -133 68 -613 -762 -270 -376 -501 -291 -173 -233 -845 491 -532 -713 171 -1040 374 -247 116 335 869 275 -181 -1287 325 -277 -1330 36 -441 614 168 1151 1928 -877 -66 829 -791 473 -1224 615 1289 76 -317 548 42 -15 217 168 430 -1757 917 1261 -982 -295 -1053 -269 183 -487 720 -154 -169 436 -405 -897 -413 812 185 -66 -170 -865 423 -137 144 622 763 -532 ]
[137 1776 -6 863 688 586 218 -234 601 -545 301 219 415 653 -32 246 48 -686 49 392 689 -314 -303 -2 -676 149 192 -476 -387 1356 931 495 683 -913 -674 291 984 172 183 -408 -26 600 10 -508 776 479 749 -442 816 -416 266 697 521 767 66 653 -252 -154 -210 -372 282 1407 839 38 -1050 -252 -771 -688 46 -236 88 -1393 -190 674 685 -129 178 858 203 -302 -516 749 454 -178 26 -854 150 -18 119 -1126 -1622 1084 590 -160 -112 832 632 -243 187 693 240 -80 251 33 152 -348 484 -1443 -591 405 -1036 -94 -1213 579 -174 -174 647 -264 12 256 601 153 -28 -824 10 -603 493 259 -10 -206 -1089 1 -387 -352 147 ]
[559 757 -554 406 286 -119 579 -56 -410 1266 437 683 -448 -1152 24 -635 57 424 -559 686 -1259 76 34 -128 -60 511 366 448 -769 288 286 -481 -312 -38 -1142 628 -352 511 -520 -316 1387 724 -690 -208 790 -236 -919 -538 -130 31 -269 157 -898 -683 -414 511 532 -1677 -7 259 -251 306 -684 63 154 -924 -772 554 4 -1096 -1226 -540 -247 1085 27 -527 -131 141 360 18 377 -687 891 325 1069 22 -683 261 -25 -298 -4 1859 -1062 -165 1544 -320 86 -1839 -352 1100 -678 -365 711 -522 182 -1160 -1274 -547 217 765 -681 -211 -309 -139 -1045 102 980 365 725 505 -268 542 -487 -1026 119 -228 -227 -230 375 -879 284 -312 -518 666 -387 ]
[-714 924 4 -509 -529 -562 -424 -318 -386 -34 -533 73 271 -402 -15 24 5 335 -788 123 -601 -874 298 -495 709 184 -398 768 581 -321 -762 -502 -930 -697 243 -980 73 -274 686 -28 410 -276 578 816 -675 -427 263 262 -579 202 505 -453 207 1086 -884 545 -72 292 -140 393 -23 -640 74 1672 1219 552 540 186 -180 153 373 171 -82 351 572 207 3 403 -89 396 -960 374 -202 -685 -462 200 201 -86 -90 635 -660 -819 -292 1150 351 478 -792 217 -134 -1145 150 811 -515 -168 627 842 -139 -148 117 -1249 1022 835 1564 -476 -626 -883 -741 -973 245 12 310 672 575 238 104 457 -200 -302 -285 283 325 261 -1078 -476 -17 ]
[-483 -744 49 -861 -181 1823 1183 -92 613 -383 746 9 99 343 -500 1163 -164 -1048 -30 -54 420 541 -317 432 -56 -272 -653 -1791 66 957 10 -156 -110 -55 -1100 76 -352 -662 -939 -467 -846 -475 618 983 672 -668 -285 81 1082 294 363 -642 148 -283 -236 929 -549 -26 260 -779 590 -58 -516 -502 954 78 -1095 349 -364 298 -678 -303 1400 414 428 522 -1337 -522 712 -104 -323 715 362 336 254 -748 484 -800 101 112 158 492 133 -396 534 493 -3 -1155 -89 285 -813 -932 -656 11 -45 -512 -454 -1560 517 665 -159 387 1580 85 278 -186 -664 27 268 -412 -74 395 -767 -479 253 68 -23 354 808 397 424 -413 -343 117 541 ]
[798 -166 221 999 -454 54 210 157 140 447 -746 564 475 -295 -530 -997 611 -702 123 -80 -523 645 -15 450 -331 1106 -258 -171 -170 239 205 883 -767 -105 -746 689 -771 -197 568 -839 -584 -303 -537 -235 36 917 -605 -273 -233 241 -173 270 -250 110 -269 -2 -818 803 -260 -528 193 5 -106 134 -652 -232 -488 -32 397 -288 -1160 -1300 -61 -79 -62 1097 896 451 233 -70 470 -1319 1018 1230 -90 323 -48 -689 388 -101 -416 1001 606 -985 11 621 832 489 724 -91 -318 -46 87 -417 1354 -326 -640 544 571 -75 -233 188 -443 60 392 872 -688 -144 -889 -863 238 -759 486 -172 471 -1145 831 -112 394 891 179 84 -87 -1533 -767 ]
[536 -310 712 -287 -142 1054 102 339 55 55 190 -714 -1203 142 -907 11 81 28 272 190 801 -1112 208 30 -22 -813 655 -1198 -342 -1285 -919 62 990 -516 303 -31 -579 -520 -249 697 -685 332 357 -632 -287 895 637 -1402 225 -179 243 -221 -273 481 784 -1629 -974 -12 -28 863 -455 836 228 680 -762 -137 -92 -417 -720 303 -567 534 -382 472 398 -242 783 920 -93 448 34 950 -786 -468 190 699 601 85 -516 620 -292 -539 500 691 -135 -37 -452 161 -897 -847 823 618 -549 -44 -279 -318 -492 483 356 -1539 -1323 1769 152 372 586 -908 -418 -1370 -234 -477 -444 -263 167 -389 -7 -358 -143 1279 64 -307 -688 1476 325 220 -840 ]
[-1243 492 514 689 -516 309 -495 641 -642 92 -741 -320 86 -935 -606 -1507 -1269 303 -56 -598 51 -1154 102 -342 102 165 664 -68 534 -618 -306 404 1239 -399 173 -1037 -31 763 244 -547 -587 114 -1136 -553 -83 1070 -475 203 -451 80 710 -206 -227 128 -139 -633 -401 -801 -773 -791 -1156 489 -642 489 -772 433 42 -793 -790 -437 1141 -1300 -569 223 -111 174 144 748 -633 1210 183 273 609 793 1357 895 -413 -418 -581 743 -684 -19 -528 -189 -66 710 457 360 -970 354 170 960 -377 -9 -1250 532 -1026 712 -908 353 -825 659 -776 569 -76 -365 576 210 -990 -229 468 -44 -280 529 12 48 -474 183 -268 -371 537 994 -223 220 -251 ]
[-346 -426 -142 413 491 555 1469 596 -1203 -1003 430 -20 134 -187 -546 -1178 -760 1265 66 -331 -175 -520 36 109 645 -203 653 -595 -854 110 -55 239 31 -1523 -418 83 -400 2 1008 -558 -167 -768 232 -469 587 580 1261 -118 2 -976 629 148 -762 490 129 -1172 -685 783 278 813 475 106 1225 210 -374 541 707 -462 -20 226 370 -899 222 -235 1007 -407 720 1295 -700 67 -22 -610 20 -699 1057 1303 -410 -78 647 619 -1230 119 1026 -303 81 390 -11 -351 -341 661 798 -4 1171 128 306 -1118 -774 709 334 177 -332 -26 -1118 1627 244 -318 226 -873 -361 424 -538 631 74 -305 942 93 58 243 710 -618 -370 -10 -120 -426 -527 ]
[1183 67 341 -847 -26 -296 57 -479 -12 552 349 223 6 312 271 665 914 -369 -132 732 1123 -288 -232 -831 -649 296 -387 115 192 -682 -14 -465 -218 461 -207 1550 461 -177 -692 1308 805 575 -192 -902 -291 449 60 -289 -201 -483 193 -103 -199 -539 1481 -726 -269 -165 314 -76 245 -58 -907 274 -38 -471 -128 889 -18 503 -658 645 490 545 390 420 -577 -186 -104 41 -502 509 -711 -288 -1106 -63 429 276 29 606 111 119 73 1036 368 -327 211 -197 169 -480 800 701 -585 -1058 1224 -303 361 1015 -469 -898 -835 391 -88 101 72 -72 -1203 -374 248 -504 -29 496 1024 -550 -314 -645 -123 818 275 68 -526 106 -736 178 -1185 ]
[-93 287 -113 -346 -548 -17 -232 -11 1258 801 -603 -1639 -859 745 9 898 539 98 322 1053 -171 -187 1110 53 -1129 581 450 26 748 1337 288 1010 13 -190 -244 -412 -421 -442 -151 -247 -79 69 557 119 126 26 -590 -929 914 1027 587 681 203 588 -273 97 -366 -621 504 601 508 345 202 15 -883 -89 -711 -265 -139 -1008 -291 487 -841 693 -542 1021 304 419 342 126 1108 -278 -29 -1177 -487 -377 201 1019 365 -1770 126 1511 74 -955 674 31 1128 113 340 -377 353 -673 -497 -180 367 -226 117 1019 318 10 -400 -237 -522 -1149 283 287 -270 7 686 -658 64 -116 73 1106 -156 66 -129 -239 -388 -117 49 -604 24 227 355 ]
[-1357 321 -922 -265 1178 -1080 865 -281 -989 210 -253 158 95 1004 140 851 278 -320 951 -692 -533 1038 501 -685 -205 102 -755 525 597 -598 -88 41 -1241 106 551 -714 549 -281 -114 173 438 1449 -1290 -954 -488 89 -199 470 7 -281 -12 190 403 304 192 -900 29 996 -112 256 597 -31 -352 -130 -1286 967 688 1056 -1094 -368 812 128 165 -815 631 77 844 482 -887 -170 545 -1217 759 -1027 112 516 -594 81 -335 -301 1265 132 -699 -584 -1110 691 288 949 -380 1366 570 -255 -1051 -1328 -140 -585 47 655 270 1245 -19 -829 -150 596 42 234 -528 45 -233 -156 -306 -141 -278 2012 488 -153 401 -829 -335 19 988 -62 177 753 134 ]
[420 301 -279 446 -127 -937 -927 366 -506 758 620 1545 1292 511 551 -1628 717 82 61 -497 74 17 767 -229 329 900 -684 967 -757 59 939 159 291 185 230 95 -545 1191 -802 341 262 519 -1543 -253 343 -97 -416 488 -430 -345 -396 477 -125 604 -212 671 -26 -788 -1030 216 -1266 -247 -1739 268 924 -845 -930 1060 -439 -984 295 172 477 -415 -247 -20 -160 -499 916 -799 -738 -163 46 1151 -615 662 -531 575 -641 -614 428 320 -1620 715 536 218 89 -1081 -497 658 -188 980 64 -510 -270 -685 -313 -93 65 122 300 -175 164 -255 -564 593 1236 446 -840 511 -600 -10 -1122 -689 -32 669 221 -169 -966 -472 525 711 -484 167 -167 ]
[-543 38 167 -1056 506 -1073 -1342 -1387 367 267 -117 -354 -834 -253 291 264 1122 386 -745 1169 -60 -480 -71 -1072 351 -1513 -1487 254 -1233 -527 24 -951 914 59 144 -255 -440 370 -594 540 950 1027 74 -691 -853 335 -777 -922 796 -206 -777 -209 -173 -182 242 888 82 -174 -352 -1383 -1881 390 -835 -565 821 -814 -203 -346 -339 -789 -1123 817 135 516 -279 -262 -876 189 395 -465 -656 624 -757 -93 351 -812 -1019 1015 666 670 474 -316 -119 818 1552 -1985 347 -979 323 1013 47 74 -278 302 -701 1056 345 200 -160 -532 -149 -332 -1628 -602 -437 -997 -473 118 625 22 -96 200 -33 -355 -651 -1113 -662 686 -519 -1010 -263 -863 405 82 -33 ]
[-1216 -1198 -190 334 828 190 613 -122 -174 -749 -706 945 1076 -697 573 -89 -298 1079 -203 -147 295 -1060 125 486 468 519 -442 -227 -334 200 360 397 -85 686 -661 -171 -339 692 1049 -66 -210 -320 -707 138 380 133 -650 504 153 -324 440 1851 -664 -59 157 116 1006 909 779 145 863 468 340 -786 -51 825 1569 -354 -197 859 318 -89 753 -1097 -9 406 -1930 -413 -638 -130 228 -182 757 639 861 863 -859 -297 955 1167 -284 843 597 -545 -371 -493 -55 -711 996 695 -228 -89 -357 38 -516 36 -947 462 945 1541 -176 1096 -348 799 696 -148 -333 408 351 334 314 233 -1146 474 697 -671 -168 381 753 -633 -709 766 -179 -833 282 ]
[343 478 528 -161 -813 166 343 869 -128 -365 -244 728 144 -18 494 791 -45 -411 -628 278 -308 -66 415 174 104 305 301 -21 713 -783 -56 273 111 -489 834 933 -47 192 20 -190 -645 105 465 306 -318 60 -335 287 -791 -638 345 -394 -301 -258 -40 -308 -271 -940 -1422 470 -74 -414 506 347 -382 -628 -1322 -259 879 -158 -331 167 -65 -550 -141 348 456 -1369 156 849 -315 265 -354 642 -344 395 54 -579 -208 602 507 -261 -422 650 -1736 858 870 881 -1149 412 137 576 -991 -126 1148 6 573 404 -321 -286 332 566 1202 -653 1133 501 -117 -311 -774 -1 -257 -287 434 227 128 -433 488 175 641 372 -565 917 -872 420 708 ]
[466 1739 -1055 194 452 306 578 279 -618 607 91 -1121 1035 1307 13 -1061 -406 -503 692 350 -94 -812 -630 -563 134 -64 89 316 603 -197 10 943 -226 -1376 628 -632 32 562 -181 -475 111 825 -214 -208 -114 -356 1270 -487 317 -137 15 -687 189 1058 -681 -643 136 -95 634 893 82 -62 405 1048 -241 140 30 184 9 -835 -691 1293 71 490 -374 -436 2249 398 -679 -504 1036 370 -218 -975 -123 292 -578 902 469 -86 30 -115 -308 715 1138 56 -1088 63 181 -965 643 -158 443 -183 -100 -646 275 -460 533 -443 -710 124 -861 17 -1707 -162 799 64 -468 255 -439 427 674 369 -772 -706 171 347 680 -531 686 -196 592 1073 467 ]
[-161 123 -573 36 324 1456 301 -525 531 1058 -347 -702 -1550 -352 -686 -198 -1349 722 -987 461 273 -500 516 331 -379 522 1318 -355 -518 761 272 530 459 -686 -607 -702 -1223 -257 -105 543 255 -748 65 -426 1150 318 -950 -675 456 929 948 -362 172 217 39 627 -1491 -394 478 309 242 1366 231 -1080 -295 -430 260 -58 -349 -994 307 -265 -83 398 -865 473 -831 -153 859 400 370 -572 1160 -68 1523 -561 -54 788 779 -1140 254 1537 -732 -451 1137 -298 719 -1199 -184 715 -8 24 -870 562 275 -1782 -1362 -525 138 -158 -613 947 215 226 1230 -188 566 -4 90 -48 -517 167 -19 -1097 1377 314 -460 129 -460 -680 -364 602 -200 360 -1018 ]
[-515 411 966 -1075 879 -459 -472 -880 -204 -343 -274 -458 -104 748 814 30 -380 1214 133 450 -409 -75 -785 -657 -716 170 -119 993 739 -850 314 781 -126 620 -365 79 -3 -110 -888 -404 600 1098 -122 -73 -1057 443 -131 306 -10 -641 351 851 373 960 -100 41 -728 1685 72 711 1025 -500 -525 292 303 -142 1799 713 903 476 54 186 544 -1150 -790 -579 103 620 -305 -856 -191 -912 134 -821 -614 -731 -1571 -734 644 184 1240 -95 132 -370 379 -67 -12 1159 855 40 291 -802 389 309 445 187 946 981 -480 -7 507 -172 -399 -275 -463 -579 -802 206 -159 -157 -427 -478 1018 1171 717 -55 -64 -244 563 198 1249 -266 647 -863 667 ]
[238 398 63 -158 -489 267 346 1414 222 405 1455 -622 -214 317 64 -150 483 151 406 239 -651 1064 626 551 -354 -84 203 708 -356 684 -282 543 -21 230 -1033 495 18 -378 -147 269 420 372 -1258 495 333 197 -78 65 581 177 -143 -586 -537 16 -119 613 -1398 13 298 521 -576 -682 -701 66 96 -37 -572 400 -59 160 -820 132 -46 -2 172 -1022 472 -340 410 -440 226 -911 868 -477 88 -569 -1220 108 -1304 5 737 -23 -168 -1222 -301 906 383 -736 -460 799 -808 -157 -376 -516 60 -1057 -121 557 224 718 -714 -748 713 -443 -1125 -470 35 602 206 415 -786 248 695 974 -457 677 19 421 716 -355 -427 114 -48 4 424 ]
[718 -561 291 989 -39 152 604 1075 -403 -419 1034 -324 -878 632 -321 -452 -1516 -565 901 -1191 202 -112 -1608 -1969 -548 -397 -25 -582 -160 -571 171 941 1088 -32 -618 -848 536 553 -1020 326 -632 -325 -481 -437 537 -221 945 158 102 -896 74 514 786 788 522 -768 -322 380 130 95 716 2026 -112 -293 -682 -408 401 -67 -1093 552 499 -497 873 298 21 -804 713 555 -204 41 920 -605 416 -801 -1129 -802 838 -651 -702 -1554 -884 307 674 435 269 602 -446 1020 -567 -834 46 -792 304 -132 -166 -188 910 255 -465 1201 -365 -258 -315 -192 281 150 1987 -429 -1492 223 -728 -537 -481 225 -863 2015 164 -488 -444 -646 1825 194 1036 -782 -25 ]
[1649 -1117 -343 523 -64 -82 522 345 -477 260 1178 1323 619 -10 -262 -745 4 -426 -43 -616 207 986 522 -206 369 -193 -540 11 251 -959 170 279 -66 513 38 743 299 1151 -938 1324 351 -134 -422 -100 23 -863 871 -19 682 -1253 -1078 -161 -646 -339 -434 -610 928 697 -607 699 895 140 -119 172 -286 -961 -67 565 361 274 -451 447 272 -84 -834 -65 264 -1071 990 -2 63 -617 785 1044 -322 759 230 -244 -1338 -484 342 -400 1559 1104 -276 72 -363 1304 310 -794 -468 -840 -922 -387 487 349 868 338 888 -704 -595 -716 318 634 423 1200 -11 -525 -236 -338 -296 -895 758 -1196 -101 270 866 1389 1772 234 1220 -151 25 -1355 173 ]
[740 730 -571 668 -291 -777 -197 970 -322 466 633 112 816 433 302 -474 -399 -487 835 -2 -584 403 -6 1290 319 536 832 341 328 241 -480 852 -394 371 942 154 140 882 -960 1260 255 1210 -1244 -412 -227 -827 143 162 -349 60 -397 335 419 300 -33 -782 241 -811 331 920 -599 595 -1273 -1040 -158 -135 -108 963 -16 -1470 135 499 102 -1136 -1122 -953 91 -1152 -610 415 166 313 -505 582 -648 663 181 525 -221 -826 1259 -183 -1724 329 384 608 641 -567 -39 1048 528 -595 784 68 -794 -666 408 479 -894 390 -815 -737 -776 -699 -1168 -59 179 106 -892 -615 342 -62 257 247 297 1110 -113 -263 14 204 604 1068 372 1639 625 ]
[-523 -756 -492 422 523 256 -725 340 -1036 1052 623 550 -255 101 -76 -1700 499 617 323 31 1133 10 1323 219 597 571 387 594 -691 -254 517 681 503 -421 638 -470 -428 519 -63 -1 -747 -116 -795 -756 724 765 -77 -568 -859 -328 775 -1134 -655 -488 197 -1427 -884 209 23 665 -1131 1054 686 -340 116 715 -200 -702 555 -900 -17 606 -1087 269 -1248 550 1097 -442 228 -63 404 -469 411 723 509 1030 578 1379 357 23 -484 142 349 113 213 377 1213 306 -209 -88 -16 1389 -200 27 -847 -1650 -2022 66 450 478 -1382 207 -778 1472 262 906 1688 -428 47 -479 -684 659 -384 -877 361 -453 436 251 -273 -1215 -100 490 -348 1050 -5 ]
[445 -895 -362 682 1536 224 445 -1259 -151 548 833 587 -607 611 -356 -57 1007 115 304 -531 -261 797 -141 327 -356 939 255 -705 -1395 -812 724 -924 -212 852 506 1530 126 -838 -706 -637 1099 247 -1289 -408 -158 -102 119 -354 -491 -1 -304 70 -6 -304 294 1418 -125 564 -341 -382 -501 566 -410 -1121 122 -1081 -634 1261 -575 186 18 90 850 -981 -55 -525 -277 -509 817 -1874 -132 -938 2221 -313 100 235 -260 -365 -399 -148 283 -1091 839 -166 830 -614 -532 -598 -163 167 -427 -891 1154 -204 -268 -1126 300 -204 896 1094 -1025 557 190 714 613 -514 363 433 -76 307 -249 -85 -355 370 -725 299 -837 -457 929 -47 31 -1214 1031 -373 612 ]
[-1301 332 514 -1495 -187 -104 392 1164 904 -824 15 174 -333 -43 1024 589 -1302 340 -1433 772 -724 -326 -583 802 79 248 60 155 510 59 -133 799 767 248 -109 -1167 -1078 -82 -1160 828 -1099 -402 518 340 379 -113 -1486 1523 1281 -415 -253 1695 611 511 858 579 -229 -7 1599 279 254 -150 -894 -1386 -155 21 57 220 1013 77 -267 -826 -275 -41 -801 -537 -1779 -296 107 661 -553 -658 -700 895 -55 174 -528 -542 438 323 629 1318 -1562 -413 -533 -298 405 -265 -80 1381 -549 -1386 -811 -359 273 347 973 510 -931 174 1780 29 1022 -1259 629 16 -1308 1132 87 -585 -85 -960 -293 631 910 636 575 695 -102 -357 739 221 -62 669 489 ]
[-1101 -1341 174 880 585 36 349 741 -392 98 -344 -307 1212 131 -904 -345 203 -877 930 -141 170 -82 461 -450 287 -580 -900 -896 656 379 -347 255 61 -929 1082 -531 -386 -1011 445 -299 -1676 -710 327 -45 -142 -670 611 -553 -174 1708 77 -337 768 568 170 -997 -2109 314 462 -813 -293 -780 -203 -456 723 738 466 -505 76 -550 -744 1243 616 -913 664 848 1040 595 -244 448 449 369 240 -761 -64 152 792 -561 278 -551 -900 -853 -155 145 368 -78 181 -146 349 -197 655 410 -99 -833 -925 -312 -1418 -724 1164 654 -155 1530 -165 -348 1552 -561 -1050 111 -289 -1118 191 22 369 79 -186 -655 -313 407 124 629 617 60 951 264 348 ]
[-220 -130 -2100 -219 -643 1418 357 288 235 391 1294 -320 -596 -1243 -1119 295 770 -69 22 -50 434 751 1286 475 -398 -83 1033 105 -5 496 889 321 256 25 -595 552 -267 -718 1127 -773 -220 40 130 -5 240 608 -428 436 432 -718 213 -27 51 -28 31 1525 -198 -319 511 -1615 -335 69 1087 -76 -661 -98 -549 1005 -572 -654 189 488 -569 444 -55 587 -68 -453 951 -323 -844 -783 784 1218 -898 225 -110 844 -257 327 -13 -19 5 -876 -168 774 423 -412 -983 523 -964 41 -929 -611 718 485 -741 -984 687 -819 -639 -477 -277 189 809 -150 -293 -612 683 671 538 79 214 -360 646 626 424 -154 258 -577 -1337 168 -1078 -230 -821 ]
[-375 -72 574 -885 -332 -541 -602 918 458 611 156 -513 -159 -508 631 -142 197 969 452 0 -188 -545 1178 193 20 1 624 162 -230 90 -228 657 77 386 699 -1267 137 498 521 995 -433 326 169 -717 -89 -569 -1195 455 718 1200 -760 306 -1090 235 -1259 -1162 698 55 481 1675 -749 -282 -104 728 -881 590 596 -738 -389 77 75 1153 -765 -1412 -351 -38 595 -397 137 1086 334 -624 -570 66 509 85 -289 -509 154 -79 1034 573 -472 -254 -326 -554 279 204 642 376 -259 117 -1667 547 -645 -143 -548 262 606 99 -276 -765 78 -56 -299 2009 133 30 -913 -330 -144 -96 -338 819 -375 -439 1051 -45 -324 -570 -75 903 57 -154 -159 ]
[-113 211 -125 51 439 685 -775 -603 -864 737 335 -198 -137 -835 -359 -408 853 178 140 724 -725 -98 896 832 -183 42 666 371 -368 -288 17 -52 -155 457 1349 1326 -577 -1117 227 -391 732 460 -677 -540 -289 790 -784 415 -376 59 -247 455 -1245 518 222 180 -155 -190 -424 829 -1257 -846 -816 651 -1094 -144 -297 633 353 -796 -134 746 -718 719 -918 414 1069 -339 617 -261 -26 -897 513 -216 -324 1467 -988 171 -212 1046 1388 897 -239 379 -20 -355 347 947 338 -825 49 1075 469 -77 -871 138 326 -437 -287 -492 -728 170 -299 -43 522 127 -427 273 2463 209 309 425 377 -211 -44 -1647 699 -310 288 392 -513 733 -484 1504 -501 ]
[-17 831 -1624 336 -589 -100 1285 1213 -657 -67 1224 -176 417 -1101 595 -411 -107 -386 -858 -432 -273 684 886 108 377 -649 202 1156 -1550 373 109 171 83 -833 -183 -685 336 1 -673 318 180 699 216 192 564 -735 -44 147 1835 -611 -1357 39 287 19 -90 638 898 -1054 248 -62 -218 -875 781 798 123 -797 685 221 102 -365 -171 421 78 982 -45 -1075 675 -239 1063 -644 711 -250 417 124 -181 -161 -1309 664 -1334 -474 345 602 -43 -726 87 276 959 660 -218 901 -639 327 -1098 594 -792 -995 598 -695 -28 646 184 -1202 203 -479 -879 565 591 461 1568 1418 -541 615 -221 0 -109 -517 578 1059 -473 -499 -362 -890 112 1220 671 ]
[436 -550 -665 1855 733 -30 -129 -1229 -1198 474 -1001 -386 -313 -235 -768 -199 -1123 443 -282 -237 1085 -331 -259 513 -59 707 645 -10 -442 117 347 284 692 471 1 -358 -584 175 493 762 1136 464 -348 -1375 272 -275 -913 -665 -380 -753 808 481 58 -778 913 554 879 -877 242 -754 1253 1088 -586 -272 -1119 -203 195 669 -731 -663 103 -517 -442 -287 -113 -123 -34 -528 -211 -397 1072 263 449 -931 1445 829 -510 190 621 -46 81 560 -219 -41 299 -2100 -539 817 531 -316 283 -301 200 151 -632 -596 -51 156 -141 885 -735 530 -1356 452 857 111 621 192 483 1085 -33 -990 -645 -344 1541 -144 -1331 -26 62 -401 283 -370 1050 195 -494 ]
[-383 -1550 -317 -1010 -345 -548 -425 -1092 848 149 635 -662 1307 -279 -609 -448 710 506 556 848 198 -450 117 491 744 -467 -428 -401 348 -213 -174 238 -399 951 -140 220 -85 -1017 -709 -899 -1032 -558 49 -223 -492 424 -650 3 -245 1645 -37 -647 -555 333 -173 597 -891 963 -209 -1436 192 -1804 -1147 827 713 264 574 159 -191 336 -411 1595 181 -1009 -17 -433 -528 -362 1138 -638 -339 -727 -13 1303 188 537 -278 357 1128 519 566 -1911 153 -877 1250 -44 -1694 -140 1035 -301 -457 -857 150 284 743 851 -655 840 75 -365 -665 153 343 534 -110 -1364 -2166 643 744 -1157 104 -596 1292 -139 574 -1414 505 -1 -146 885 416 37 -391 -1623 571 ]
[-904 -557 -443 762 -653 409 474 341 501 -713 1286 -814 -606 -505 -1207 -245 -454 325 52 -1008 448 -479 23 -305 343 -414 203 -732 77 901 624 62 128 30 109 -770 248 -766 -264 -867 -581 400 336 244 -63 497 471 -208 889 -1287 -386 -495 -325 364 -355 -300 1006 -249 -831 -525 197 185 -414 489 -594 348 458 -745 -1314 -118 -233 -560 -185 803 -205 -83 58 -221 75 -142 -230 -1469 629 -415 553 307 404 -738 -209 -904 -756 946 1211 -1058 414 129 591 1417 -948 -109 -630 -101 -690 649 -123 1102 330 -603 -80 807 -429 -895 -872 767 856 371 707 -592 -749 261 195 157 109 638 404 79 331 -611 -655 -252 -148 -347 -415 -1054 -159 ]
[62 -59 -5 690 -1009 644 377 616 -74 1090 820 885 -1598 -1249 -847 79 -274 -758 106 -1412 376 254 -462 154 -271 716 136 501 -53 -1485 326 -241 -679 438 -1576 1429 613 276 496 -625 -483 -588 -789 -323 423 526 -294 1115 -1378 -212 471 -928 -515 -610 -453 372 592 236 -691 -1053 642 -694 574 184 -585 -333 280 58 -181 1320 1208 -1373 -241 1085 -637 -163 62 -487 -331 358 130 -2228 1190 1124 573 -34 506 -4 -657 -96 122 214 1051 -580 -723 1144 301 556 187 127 -1114 -418 -47 -379 705 35 -142 -603 -872 611 215 -755 179 920 0 28 301 555 -1304 600 536 -229 -31 -843 283 519 683 -176 90 -5 -466 -3 -918 -866 -489 ]
[51 -720 -577 -767 -861 695 368 16 389 -603 -10 -1214 -1296 -605 -168 786 883 521 -181 -313 -437 165 976 -931 -131 -1073 15 -114 -65 299 786 596 170 640 -905 -1031 -47 -241 555 -1052 -1088 -238 388 1529 -942 109 -147 -328 -141 -1813 -401 204 -280 47 48 -1011 484 -73 -530 116 -236 -655 420 688 646 412 -711 -494 287 1094 737 208 363 1659 -384 122 256 206 920 -401 -825 -187 -1041 -583 -81 336 -531 -905 -120 843 834 -1068 598 -596 258 45 57 892 -1205 -353 1484 1095 -726 1321 306 809 885 50 -554 -1015 701 -1061 664 -662 -143 1720 352 -306 1012 539 -1226 -95 -153 876 -1384 1400 203 -402 135 -434 -19 -41 -781 -841 827 ]
[677 309 1131 -696 687 -458 -1323 -936 -11 45 350 661 -1379 565 27 -833 353 -471 56 1747 873 545 723 -183 -619 -1094 -434 -862 -657 -613 418 -1265 1336 269 -483 -569 -570 151 -536 874 821 547 582 -846 274 405 33 -97 191 96 -413 -279 -655 199 483 -387 -1292 133 -129 567 -1241 942 795 -575 -50 -886 565 -743 54 -227 -226 121 -1072 1701 -10 844 578 183 -334 309 -453 614 -1033 -357 -135 -144 -103 1404 266 -1084 79 72 250 21 1113 -1250 229 626 866 437 141 1140 -473 -261 -1233 259 -125 272 -322 -616 -590 572 -1153 -266 682 -1024 -255 114 842 -868 661 -1145 -10 -127 518 200 491 1607 -668 95 -323 -172 -23 759 -947 ]
[145 -482 -813 327 116 421 -231 194 -1176 -563 173 -3 494 224 594 88 -802 -584 828 314 -485 760 -531 -284 921 -171 198 728 -960 869 -1308 -1050 -309 289 468 1132 -110 -479 485 -610 272 213 -67 -354 465 -564 243 -29 519 278 555 -208 1440 -338 620 347 -550 -1001 199 -713 -36 41 -293 346 727 690 -61 723 -459 -464 -346 599 -390 -440 1812 -686 -431 750 122 -651 355 1201 241 -692 -251 -791 -266 93 47 -468 -507 -1427 -638 621 246 721 -255 -178 -231 204 -575 906 1359 160 -213 -91 -1035 -638 739 37 184 470 608 306 24 -502 152 698 1661 794 59 97 4 -966 -383 -595 -546 -587 -826 1294 950 -463 42 1130 -180 ]
[280 -208 -491 -367 241 325 632 -579 759 4 -273 232 -737 611 -269 791 606 -730 -69 -732 752 901 -482 -1320 -393 -524 -220 -483 -313 287 150 -113 -924 539 -1143 378 479 -509 607 -410 -1003 264 189 309 364 -5 -278 154 -85 -1167 -804 748 132 -49 436 91 919 984 566 -808 649 223 466 -1405 -395 514 367 476 45 1163 97 -23 450 137 370 590 -564 729 369 -1157 1370 -842 810 -491 -824 -1042 95 -1335 384 -69 -66 1097 831 -745 -717 -405 876 45 354 510 742 -994 -585 -226 370 -708 895 -479 -167 891 66 -405 358 9 758 54 -387 727 115 -153 -190 -467 -144 486 68 -105 -189 -335 -64 -221 -264 -754 717 -685 367 ]
[433 816 267 -426 193 -432 -424 298 1033 273 -724 490 14 739 -77 -631 1228 -320 338 -865 328 1535 -477 -291 -521 -397 64 577 -188 -800 -269 -206 -1536 313 -487 24 -36 -210 54 179 369 670 16 421 -1047 398 -105 645 -1322 -2 -810 -822 -247 70 -26 -359 247 1089 -281 -81 -578 -283 341 50 -437 -533 1068 -98 99 -573 17 -826 -1315 45 -395 678 260 1063 -884 188 693 -1400 305 808 -113 442 -360 343 63 -46 -262 76 -31 -436 -30 -226 825 780 726 607 -222 317 -101 -586 498 113 1066 579 -661 -59 -357 -446 -312 1308 -497 318 -420 641 -949 -516 246 -536 1270 -8 148 -526 538 205 -287 1073 444 -1312 -293 -600 -482 ]
[-368 -895 628 -857 -182 -272 -761 -1501 591 790 -1008 -1249 -154 1238 282 141 41 149 385 232 -5 433 -1143 -181 615 -1933 -449 -94 -472 216 510 -896 -486 528 -1421 -654 213 53 811 70 -508 -1048 377 410 -295 -514 772 -30 -986 -221 -385 -1423 -188 -871 -740 52 -501 1538 126 180 647 -322 297 -566 893 130 344 -566 455 -60 -231 92 -78 -1039 386 573 124 360 -181 -3 363 -333 -1037 -502 288 -1113 -483 -917 1451 -520 676 -346 727 -971 1079 -1379 -898 90 296 -32 -30 442 1225 700 669 264 157 326 -261 220 494 -334 -138 758 707 957 -855 565 679 -224 -670 -707 151 504 527 -131 -352 -738 -152 1275 1261 -1375 877 -888 -372 ]
[1292 -56 -710 841 -495 552 387 -107 -5 558 725 -1016 -552 -540 -428 219 -18 -1618 216 95 -26 462 -34 39 -177 -793 613 -620 -371 -34 -269 322 71 512 -642 -339 842 -333 390 -197 -341 -447 -109 1370 403 -614 140 -1183 1549 182 -629 -524 -264 -121 -462 71 42 250 574 -778 564 587 1031 -673 633 -263 88 -235 265 267 59 -48 153 1080 -548 -709 629 -333 1317 -16 902 -857 1052 -506 8 -1177 -727 -613 -732 -131 629 -231 1041 -1290 -432 -120 121 308 -72 -960 -227 -1236 209 865 105 -386 1263 -740 -1068 647 -1082 -1228 789 -616 -183 336 230 1000 2067 324 247 -287 -79 -957 -316 304 833 -251 839 736 -10 -131 1061 -453 740 ]
[-1360 828 616 -844 1277 417 609 -282 -455 537 525 1501 328 -639 -753 -1578 -439 140 -701 775 -1520 1096 540 49 -591 -1040 -288 672 266 -524 188 -1324 -759 -256 -127 -351 450 313 -405 -212 761 464 -230 340 41 74 -657 688 -1153 1187 -370 267 -696 -953 -291 140 -914 1120 -991 1707 -1310 -245 -198 -453 781 -986 662 -933 1332 -133 400 -605 -194 188 -493 738 656 -61 -269 293 -1574 886 282 507 354 567 -404 -189 174 -166 439 -539 -824 -462 -32 277 -837 -316 187 -232 -274 1382 -37 217 -725 121 -507 -1555 -537 -689 69 338 840 1142 -243 26 733 1225 956 -432 0 -120 359 102 119 63 417 572 924 -65 1113 132 -1004 975 111 ]
[-318 6 -449 -996 -374 -36 396 -3 -146 -59 437 -262 782 -160 714 -821 165 3 -308 650 -77 1146 -664 934 13 1100 -6 481 270 815 -358 415 -1132 301 -607 -47 -675 -93 -1071 518 598 87 -485 -220 53 -277 -721 692 187 -84 606 317 -632 -93 436 -572 282 381 1200 1248 862 -459 -602 -605 522 -625 -106 1043 1117 -299 -62 -108 787 -647 -367 812 121 -908 -981 -31 109 -178 -756 486 -1204 -249 -261 733 546 524 772 119 -1791 -563 -457 -528 1077 17 743 255 -50 -1142 -562 -765 1008 -888 -375 442 -929 357 -195 -561 -398 -981 -601 -533 -1701 230 206 -380 293 -1315 795 354 1289 872 390 180 -390 838 937 -45 570 748 627 ]
[952 290 -1272 -272 13 -38 633 -29 -13 132 493 -591 178 385 -356 1365 -515 908 122 20 82 -1030 -553 526 -267 119 74 -228 384 -485 212 1039 253 -934 -434 -241 1270 1013 1521 384 -386 -64 649 94 -236 -636 451 -515 984 -473 797 611 -342 366 172 -918 1144 -786 786 398 1789 -1018 375 647 -1568 -348 319 -259 -302 77 -120 -690 109 -579 -118 -939 380 -407 -492 1189 471 -147 -331 -427 562 -434 -534 -319 251 722 127 733 739 369 -35 884 -306 -130 762 587 -47 -456 -638 842 442 694 946 662 588 -443 -157 -546 273 9 -428 564 92 -185 -36 1144 481 309 -211 432 1290 336 -224 795 378 -405 -1262 330 51 -62 -683 ]
[256 -608 -155 -992 -504 -602 -20 -154 1017 334 772 792 128 413 -216 -816 212 -405 -856 -759 1092 -219 1483 -1464 252 -568 -375 -253 350 -85 951 -318 794 -48 -327 -502 -1 859 -1069 1392 -28 35 -516 1031 73 1237 41 -59 -582 168 -284 1501 542 -264 60 -517 -1400 629 141 799 -351 1278 -352 -1091 363 -238 558 -83 -710 -390 -206 -852 546 -389 -816 -41 -2145 -31 1300 77 535 -255 339 1226 -171 652 1698 453 94 -385 -726 83 718 -216 -234 -390 -110 -568 70 -323 83 -462 -989 -174 -813 626 311 1350 -511 -638 -83 320 754 212 682 287 -28 39 -1270 -1135 -1682 -232 -39 -372 -575 133 -552 741 822 -1555 804 446 -1214 -1375 221 ]
[609 -109 81 75 486 -619 960 -706 408 -349 673 939 -241 233 -59 -501 309 353 -1029 -473 890 962 -216 647 -346 351 -28 252 -1472 -282 54 -747 -840 910 -1250 1536 482 -32 2 -134 239 -1009 777 -178 1257 296 -408 506 -401 -1089 448 -423 -597 -433 667 1111 803 383 -785 -624 1469 337 769 -234 -714 59 696 -454 46 1027 593 -958 835 -403 430 -69 -1287 3 407 -1230 118 -228 334 -174 248 125 803 236 853 20 -739 521 1521 -991 -99 -52 -576 -265 290 784 -504 -1380 743 -147 134 -1025 -229 -458 311 1141 -400 92 -767 2345 386 -711 845 322 -1459 641 753 15 -256 -551 865 70 399 133 -195 42 -567 -1305 -228 -1444 -938 ]
[-266 243 -20 -74 351 -2034 -879 -854 -225 485 221 1460 1083 238 794 -1229 476 -152 -188 780 679 86 196 -1532 -244 79 -1426 982 -404 -66 620 -249 212 -244 139 629 196 1150 -912 829 1391 549 -1002 34 -221 86 427 -837 -782 -96 -65 -592 224 -242 -351 258 154 -171 -637 -959 -815 675 -293 -483 798 -1322 -356 291 -228 -748 -162 221 408 126 -43 287 -719 -217 -99 -293 -373 243 -524 771 -299 -778 860 676 574 -63 -944 -565 -345 586 795 -654 190 -393 112 -265 147 258 -367 -398 238 363 -1130 -337 -220 -278 -348 -721 -412 -260 272 -813 64 -611 -1466 -476 -100 0 894 -2061 -171 -258 489 86 -317 -846 1061 -313 -892 -865 23 ]
[8 483 -660 -272 -790 150 -1047 621 30 197 -1019 -1487 197 -59 1044 1312 -132 678 179 -327 325 -621 162 -291 714 196 192 -257 -210 754 1373 838 808 -586 -39 -1014 30 604 891 -145 -787 362 -346 -191 -666 -423 510 642 657 -490 399 -81 392 403 -777 762 378 155 785 -339 3 -617 731 366 461 143 -1121 103 -248 -319 356 413 -38 341 -667 511 -95 40 139 78 -279 -991 -1213 -31 -512 -957 -1631 197 160 559 810 203 -884 -167 639 -1300 -542 -328 208 -14 289 -264 -648 -103 1087 467 35 464 35 150 937 -700 -370 -1314 -94 900 -985 -442 924 1434 -378 495 -477 687 -491 -212 -280 -718 295 -586 -289 155 1083 -250 245 ]
[724 -1496 -342 350 -884 -505 702 60 601 132 -558 -589 -133 259 138 -116 626 319 -427 -593 441 54 877 1472 373 470 689 -153 424 151 788 816 -204 1508 -1343 -654 -1025 -447 246 403 -517 -893 -50 780 612 -31 -672 -409 925 -670 -505 547 -642 -835 467 102 528 -855 533 131 972 -64 -512 137 45 397 -850 688 17 261 -463 -809 590 189 -867 403 -1275 -771 -80 -296 -326 -535 -116 198 529 1740 533 -442 204 414 65 -23 507 -993 -362 -1024 -486 728 -533 -412 -161 -1325 -159 -358 81 291 -348 874 249 944 -535 108 -523 328 581 1721 -215 262 356 389 -242 -1153 -503 509 175 392 423 518 749 962 811 -1126 469 -725 986 ]
[-708 -647 460 -666 -857 -779 588 204 508 663 -774 840 -364 849 980 -718 690 -409 -617 -828 -436 884 254 4 -585 -45 187 1082 672 -747 372 -1059 -677 214 869 -475 -362 -597 -553 1023 294 520 -60 147 -208 599 -565 -213 -142 -306 -727 -371 953 -843 9 -409 -1165 493 201 -156 -991 812 100 54 326 830 1122 957 -333 -78 -699 617 -488 329 -224 -1333 -657 -320 -135 -27 413 -758 330 1042 347 576 292 31 267 -510 -355 95 -709 -61 -353 -359 -713 -377 -740 -448 -828 136 -84 -305 -601 -184 -483 -328 -77 -485 745 574 415 252 -48 -135 593 -70 -937 -724 -552 144 378 -64 -984 50 -69 -371 -15 36 590 -948 -920 523 -380 ]
[-62 391 -517 -434 89 -542 -644 -718 92 433 -321 19 -392 1284 556 -11 -313 678 -272 970 44 369 256 122 -172 506 -370 107 166 315 268 -170 538 447 -505 -1384 594 -200 -337 209 833 9 269 -880 789 -180 98 -26 -35 62 724 -1064 596 109 -825 811 -100 977 -131 -437 507 1001 202 -265 -265 244 -178 -85 185 -198 454 282 -445 1218 -518 245 -1085 -1346 219 -416 -526 -434 -607 -63 442 -1356 -629 1135 577 -603 -715 206 -358 -498 -12 4 -418 -106 419 59 -1467 241 -1597 -516 307 512 166 499 242 129 662 -122 153 -554 -251 -822 261 -16 85 -261 -68 -185 -528 491 181 526 846 -89 -529 -623 682 28 -257 -713 145 ]
[-401 269 -85 -56 -219 639 844 97 1129 -575 -154 671 1570 -953 -423 -205 -496 46 -661 -783 414 -1038 -673 -137 -434 621 -613 -672 646 -64 207 1237 1245 -507 -855 133 637 322 -259 -1372 222 -601 421 314 504 -156 643 1077 302 693 -85 721 591 20 216 1090 969 -266 -245 -1084 1363 -150 -635 -281 280 -237 -826 450 -65 508 498 -1266 1462 376 -123 363 -708 -866 58 142 -1360 737 113 511 -505 -1180 49 -750 -575 429 -580 -132 -318 727 -237 591 -856 -161 -312 -326 -95 -631 -583 -502 614 420 248 -846 -739 570 387 817 782 761 -689 137 695 -71 -358 -145 725 -270 -480 -51 71 586 -140 53 445 417 1478 -389 437 -404 -153 ]
[265 -33 64 1116 297 -249 1446 701 -1166 461 726 258 -136 -1032 -193 -68 44 88 168 -414 349 -328 661 614 550 468 -255 -274 -1256 103 189 321 568 -1305 -451 865 -356 1097 894 1 -217 -363 -225 294 806 355 -226 482 -84 72 143 1439 -1537 -269 17 514 -14 -223 39 578 -104 -736 709 -436 -483 -914 434 93 -278 323 102 -534 867 -575 201 381 105 -830 -268 280 283 -1191 1029 -97 444 153 271 -649 -465 980 75 -76 1850 -250 -1303 -1039 211 -269 415 1513 -381 445 -284 322 585 -355 -262 317 48 756 135 615 128 -760 1047 240 -491 888 -10 1119 89 -573 -413 209 669 -1360 27 1036 1252 183 -891 -305 534 -368 -313 ]
]
