[[143 15 325 -151 -631 190 99 -468 202 -289 55 51 3 -161 -318 99 261 -729 -434 489 -57 -837 787 27 310 -534 -696 -423 -456 -275 -846 -266 -223 153 -368 263 22 253 483 177 -498 488 512 477 216 -254 391 64 -528 105 -462 66 272 -303 279 -678 500 934 103 -363 -345 297 587 194 -232 -186 -505 -493 476 -483 -263 -1132 -294 165 633 -298 560 -327 146 809 101 -751 446 743 231 -887 -167 -1540 17 -228 383 187 -552 451 411 -390 -586 495 177 -373 -698 -729 -35 -9 -159 127 -833 394 -170 -427 788 -494 -346 216 -153 24 -433 42 506 211 451 -587 396 -217 206 -259 112 220 501 -878 -1026 -120 769 -452 -197 ]
[68 252 -718 -587 653 388 524 392 939 -381 27 38 654 -567 682 -459 -43 149 6 -76 93 384 155 320 -30 300 -505 693 -487 75 578 -3 -248 -326 -263 6 -82 -275 -329 124 131 717 -257 209 -586 545 612 -53 147 369 -615 -139 -202 493 215 599 269 -431 -266 573 466 -208 77 -103 689 -38 -21 -674 -13 738 1310 737 909 -97 -2 350 -645 289 611 -443 -158 1276 64 281 -315 -347 36 941 961 -655 -308 -965 632 38 51 -1291 194 201 139 -396 946 1202 205 -386 -89 -284 -1 -597 152 35 -140 328 210 629 -280 -86 -343 -93 225 -654 373 995 -703 -6 138 256 135 -403 -122 1226 192 321 -495 -231 618 ]
[-481 -12 51 244 -599 -256 288 1118 252 -549 -113 25 359 -95 447 -39 622 -784 -196 27 283 88 354 189 816 374 -80 -163 94 30 -464 -1392 314 -889 -332 -293 -470 710 514 -64 -4 553 147 1566 -72 -299 98 578 260 -595 -298 -826 -207 -462 -9 566 750 37 176 -477 1072 -814 174 209 649 -1099 -188 182 -88 254 -336 196 469 -407 482 307 779 526 -485 -141 -368 -239 265 926 470 287 -365 -293 168 -954 43 -463 245 -701 581 9 -227 -268 -762 -326 -248 -339 80 246 -427 -184 1219 -763 -55 -195 612 -347 57 35 -55 68 -220 110 636 85 585 -29 -88 -1422 476 -14 -197 -117 -121 -328 188 -31 361 421 842 ]
[-461 282 -913 284 47 -344 281 -670 -23 -81 -260 386 -94 44 393 284 702 83 617 -100 -354 -224 -143 935 237 607 -284 983 453 423 148 -385 464 -389 -60 -40 -3 417 279 822 437 461 -55 -785 -420 -113 10 -365 -117 435 51 -253 37 224 566 -926 793 619 76 462 -387 633 146 168 390 1045 83 -83 273 234 932 -874 -1200 79 248 161 -122 445 388 580 781 563 -84 -248 -402 -1564 18 775 -1062 3 -899 -210 -1103 354 596 86 295 -116 4 -360 -306 385 309 60 -313 46 -1463 -420 590 250 213 375 274 -78 411 97 289 579 188 212 312 -139 -587 233 378 507 1144 178 614 -112 -458 -282 -257 -187 45 ]
[-182 -75 -788 146 68 15 -738 52 470 291 -575 609 -705 73 1390 254 1271 -288 -183 -811 294 -260 -367 1079 -297 1183 24 778 -527 9 -158 -597 391 -533 443 461 14 9 -196 287 530 -471 -377 92 41 -367 268 282 485 416 1024 -125 243 -660 95 52 128 -552 298 487 456 36 -348 525 -5 -517 1156 74 -260 -63 165 73 82 361 443 127 -535 538 -392 -373 518 417 -7 -100 -590 -402 182 372 -558 10 -561 112 -47 -751 -288 916 -396 -1285 -720 330 26 1046 -41 552 -1108 464 -189 -715 59 29 -496 247 -72 196 290 -756 684 114 -96 598 -316 -35 -630 -138 73 -174 798 958 -927 156 -221 59 553 1143 73 ]
[966 -36 65 -583 -659 85 -497 655 -68 822 -38 283 -921 890 107 -177 -299 201 -208 -639 68 507 -827 -35 -774 261 769 -415 -490 193 951 625 612 -256 -327 811 72 270 -479 -289 10 -513 301 -287 800 809 60 211 673 253 1002 55 -376 -551 -472 -225 -869 -627 70 469 -393 656 -900 143 84 -262 1116 315 -602 -503 -480 960 524 -600 662 -311 -105 657 -457 -1338 -250 643 -702 -176 308 -24 277 -282 -601 1222 -373 571 -19 -452 -994 1094 196 -701 733 445 203 213 147 674 -321 -669 -874 -374 29 318 -195 -21 -231 70 345 -664 821 -457 -837 689 -291 -121 -6 -698 -1093 -141 513 457 -978 -447 -588 608 -267 162 -105 ]
[-126 -394 308 -137 -308 339 93 1410 -588 251 247 733 -187 367 25 50 -489 -516 -135 -513 850 775 -702 602 97 743 -310 -1092 244 199 -136 -620 1164 -707 85 348 329 771 -764 56 -90 426 114 1170 161 43 421 31 385 56 592 314 -1265 -177 -910 962 -768 -335 -471 -811 230 -778 114 32 -296 -1215 76 414 -317 -3 183 1340 40 -728 310 -759 263 453 -214 -554 -291 264 -258 86 357 778 99 408 419 743 252 -236 1380 -160 -69 1533 -646 -437 -377 1439 -152 57 -132 -368 333 377 623 519 -437 -37 -390 -369 -394 -416 453 -75 -129 36 -109 500 -276 303 773 -961 -286 -755 -1172 -196 -1282 -159 516 405 -864 -351 -148 ]
[51 -5 -216 424 114 -781 51 1098 115 36 26 481 34 -1033 685 825 -236 -717 -46 -798 754 163 336 -622 -248 -380 804 730 -626 -236 221 260 -441 -124 -452 198 -252 -695 -745 -837 294 105 -599 46 -115 -244 -744 91 378 -334 -165 -937 514 -1 323 661 -478 -878 637 912 676 -403 -703 144 424 -243 547 -498 -826 342 -223 864 997 -921 1228 71 -668 -915 -445 -649 -201 218 -40 691 -143 1092 -449 936 -839 -3 393 375 666 -890 -548 279 49 -417 -532 -199 728 204 -505 422 -283 -8 827 -873 -206 -358 -392 76 354 -438 617 -138 853 -166 -456 -68 -117 684 -1283 -750 -552 -599 141 -670 -332 283 -207 389 513 1178 285 ]
[-201 35 -318 540 -525 -472 -932 335 -622 375 728 110 -381 -282 -16 724 634 299 -687 -271 26 -511 -746 168 -831 667 557 -79 237 -626 -100 673 -455 -588 425 431 -455 -530 1119 -174 41 -227 166 440 344 -487 -1169 622 1016 -467 54 -956 593 -462 108 230 -343 -394 409 442 -219 -17 -273 653 -4 -8 -132 -285 -296 -71 -951 -303 909 643 173 -436 -308 -351 -246 -192 -506 -1214 -78 25 431 1796 -189 328 -681 -133 -898 344 -268 -875 338 367 488 -63 -16 3 398 -148 -1011 718 -604 -1 826 -1309 585 34 -187 -407 -416 -704 750 401 789 475 134 115 -561 -161 -846 -135 -119 -565 -114 377 -433 263 -327 323 867 2102 -336 ]
[485 407 -490 -1207 -413 645 -79 -810 537 -53 536 -474 -479 -297 147 -736 -527 885 -732 931 258 -228 -9 728 -411 -218 -151 -577 -404 -233 280 225 -1264 134 -143 -115 -303 -867 1479 830 110 -43 321 150 955 850 987 -216 -360 191 -649 584 51 -517 -78 -638 -551 1298 -619 -536 -498 303 292 -216 526 459 346 -623 -551 -19 445 69 456 1281 -413 -453 -1144 -408 675 -124 28 284 185 -25 -57 320 353 -435 1410 -199 -288 198 14 -93 70 -69 773 458 1452 -41 808 791 151 437 134 -445 -1321 339 361 -481 -392 -715 557 -50 -1 431 -525 -336 162 652 477 128 483 670 -96 -50 64 234 -704 665 -618 -100 805 174 -156 ]
[238 -351 -631 479 361 -205 135 444 -390 -788 394 117 401 192 -82 -150 -69 531 632 669 -215 168 -227 -650 190 -562 -209 691 765 -427 1773 896 558 -1033 -573 436 -363 -22 -406 -288 279 349 -274 -964 -249 318 -1009 -16 245 730 -475 -540 514 644 789 55 495 -264 -337 1256 -194 560 -184 334 284 1382 -1513 -367 412 668 654 -154 245 -794 509 235 -45 211 1116 -933 119 387 -571 232 -163 -607 -366 1526 -1210 -442 -1195 -402 -680 1530 -207 -907 481 239 457 -189 525 447 190 440 121 -1348 -642 -1340 310 67 700 -10 -408 132 396 939 901 1069 -583 -1159 696 3 -1017 -228 -85 -297 1024 -334 596 147 38 1110 -1294 -1044 886 ]
[736 90 544 -57 -61 -472 181 -625 -324 810 649 -112 -361 -47 -457 761 -333 301 168 327 -242 -158 517 554 -1047 413 1234 -726 422 216 -665 363 -152 637 486 150 319 -183 648 -468 -840 791 -37 100 -266 -436 11 11 -119 -504 -189 -588 -56 561 -69 385 -1128 -295 409 -414 -949 -168 -8 -195 -170 287 -54 -3 333 460 -67 470 48 -402 104 -1061 -1125 -1113 -92 852 -1268 -447 -357 -496 -331 1121 -84 -384 1023 -113 157 118 412 -117 -1121 192 -209 551 326 645 -262 -209 -883 -455 -459 532 864 483 308 409 -654 -134 899 229 -654 -149 27 -665 269 -433 -619 405 -229 633 -318 -806 -957 152 -323 114 -257 -361 -125 729 -1304 ]
[431 276 -457 -140 338 399 244 379 253 98 -188 -730 634 51 471 -781 301 904 414 140 -569 -28 630 296 210 1011 265 148 184 -147 -62 -30 -626 257 772 492 181 508 -178 -72 -628 -749 -340 852 -239 893 218 316 949 65 524 -1008 364 315 -33 1164 672 -1636 300 427 239 -336 275 180 750 96 -256 203 865 931 -164 186 568 115 -232 422 516 508 -501 136 -1412 -199 -202 135 528 164 -25 233 377 -471 -412 -1716 -250 -26 -486 -1210 219 -1129 -689 -11 250 669 516 -192 -1330 -621 1037 -538 306 1018 556 -276 -653 456 -417 -260 117 -1025 45 -578 492 90 -1020 -46 75 496 66 564 43 -882 -158 -50 -450 536 7 ]
[935 -338 571 -770 744 801 -653 65 -431 737 -326 155 947 693 -271 -1087 257 366 527 -707 -237 392 -935 -441 4 356 -113 -407 -23 -141 226 293 -25 1449 257 1136 1254 584 -551 565 -440 -652 -11 -485 -547 1148 623 74 759 731 903 1017 -820 -51 -532 548 -497 -749 -337 625 -784 365 -420 179 -16 -759 447 176 -322 -68 -542 -363 411 609 -833 281 1233 690 -455 -832 343 -250 -124 -822 764 195 8 -129 -367 1536 2 -610 -25 -330 110 757 219 -228 -80 709 448 12 120 -286 297 898 -64 527 717 848 -41 552 -1071 602 444 -387 -658 -947 20 756 -335 124 422 242 -477 829 -205 839 -293 -1296 440 -290 48 -236 -516 ]
[-753 -61 -133 1614 1237 -154 242 134 -392 -182 -715 -242 -337 -161 -471 1134 -659 58 53 -778 12 -549 458 -822 640 -340 -29 729 -260 -338 -244 1163 -169 720 908 -135 81 -715 -1268 -672 318 -1268 -145 -1718 337 527 -1529 -188 144 104 -149 96 814 336 57 -693 1201 77 78 821 -242 -108 -228 -473 -692 1050 -231 92 -95 239 -920 218 -806 115 66 495 364 -89 183 788 489 -428 764 -3 529 135 -49 685 -2417 352 115 844 -1137 611 179 -333 -157 -1005 -424 -477 -569 -28 1258 -173 773 -668 75 758 -275 -459 -274 51 -374 -1136 1024 769 1007 97 -475 -144 264 -484 -1236 559 242 -86 883 -139 1175 -717 583 55 -739 -413 -283 ]
[1666 -189 1275 143 641 1007 -102 -768 -260 -597 177 -313 -395 359 -688 -61 157 442 -37 183 -199 -268 803 -167 -412 -13 1041 -120 -952 -1101 41 803 -1016 996 272 1024 1037 -845 49 213 -308 -432 -270 -409 485 350 223 446 -153 982 288 -80 470 37 283 -307 -472 -78 -356 461 -1076 705 -6 127 -622 -249 -477 -301 135 -76 -838 -356 -212 -153 873 -1117 -337 -324 -12 196 -320 -404 868 185 -71 67 334 -1017 81 218 385 560 -443 -156 -1572 585 -490 -560 -130 494 -301 870 790 211 -970 -263 321 904 157 316 213 -189 72 483 924 -418 411 -1187 116 -92 705 -40 -552 535 -233 -1042 439 1029 -663 -993 -561 251 544 -990 -801 ]
[-732 235 -1289 275 -284 -976 589 -763 -200 500 -944 634 -667 -222 873 -411 -297 -34 531 -232 -34 76 -496 72 -104 -756 -40 77 272 632 195 151 -149 482 -873 214 -292 -564 -784 169 1122 -890 -817 -1083 182 -8 -392 -625 -71 217 635 747 519 -122 231 601 -1523 -324 28 223 31 -97 -311 181 223 555 880 690 -832 -95 207 53 -540 758 360 264 -438 -456 50 -1094 1030 -18 -1019 27 -520 209 58 1389 -847 1290 -93 424 16 448 10 1638 591 19 -267 903 326 206 -239 482 560 243 -1431 -721 221 -720 -1449 -22 163 -335 271 461 -16 85 -717 836 -673 136 150 512 -404 731 -174 -72 -487 -569 -84 -344 406 173 739 ]
[289 -353 -633 -35 971 -592 -11 -749 864 277 -577 299 99 -67 622 386 -114 -71 -752 201 86 -483 524 182 -328 -675 -959 -87 69 -96 192 658 772 479 -254 835 157 -713 -679 -416 268 556 380 -771 379 903 519 593 -219 268 -1142 1065 257 274 15 648 -320 -141 -563 839 -44 -135 -631 -102 -145 -13 209 -845 -449 509 108 530 1486 -312 835 -166 -736 -594 1582 -263 317 24 134 603 -535 -23 -573 320 186 208 13 -76 831 878 121 91 -558 549 -70 -277 232 135 -163 158 652 289 10 187 386 -505 -1284 146 262 1069 -475 70 -425 100 -319 -912 -712 540 -474 139 172 -505 -431 -7 -974 49 419 83 217 -723 -242 ]
[1194 -48 -153 -586 -537 -364 -459 92 209 -2 529 1050 -150 -385 326 210 391 -846 439 221 1265 -332 -139 284 147 -125 249 -132 -879 271 -583 -824 90 442 -482 514 694 724 364 78 500 765 -420 310 -429 -438 811 -572 -558 545 2 280 -435 -357 593 -548 -785 599 795 -904 -256 89 101 283 242 4 431 -632 -436 -92 646 -573 -552 -843 339 -201 -1306 -984 -1049 489 836 78 -736 -449 -536 -415 -294 -741 -297 -20 342 136 73 -84 -1134 652 -448 288 853 506 -136 94 -762 -101 97 -95 -1648 979 -405 516 54 -270 655 15 -738 -1060 898 -509 111 805 -97 131 45 -364 -750 84 877 -303 157 -700 -1182 -278 949 171 -508 ]
[-202 218 1119 554 -13 -569 380 442 -561 -1260 -616 -75 -224 533 -849 -267 -113 -348 382 295 315 671 -482 -1558 384 -908 1352 -77 -142 532 603 682 75 -12 -1191 -353 -1009 -664 -228 -347 1076 -249 -466 -1381 663 319 -1003 282 7 787 -138 153 -327 -212 249 -562 -647 -197 -407 -17 665 -102 -591 -184 383 -322 -247 498 -1674 -369 -141 12 -520 -405 93 -337 262 -458 -366 -1073 1603 542 -437 200 188 934 245 397 -1291 -68 126 1708 -524 -698 196 1311 621 -200 688 -450 -792 -44 289 457 491 -2158 268 -503 224 -348 -472 91 -31 -110 525 363 1383 -169 -451 286 216 -211 -461 -489 -343 814 643 -968 190 -228 773 354 341 -1116 1400 ]
[1 705 -458 -410 -911 707 980 1095 -624 -912 1175 -414 675 -1588 -832 -765 -1143 -130 -53 -656 -59 -41 99 37 -397 -99 -583 -609 -937 256 151 322 -1324 -432 -811 547 -245 -239 28 545 -257 558 624 974 572 877 166 -81 909 14 -555 -467 -307 -81 149 364 121 -696 310 -724 533 428 1223 -242 239 -206 288 -797 -354 -1190 1111 102 152 -630 313 -972 -100 -155 -605 621 -176 551 -46 852 1280 397 413 -569 916 850 1030 -285 307 -348 967 -1068 195 624 811 -1166 638 -302 -1039 -580 -24 -746 -1034 315 -45 197 1234 -213 -635 -1004 -96 -83 111 -671 299 210 284 -201 334 -955 -622 258 -95 -2032 927 166 -1105 510 407 -56 15 ]
[-744 -466 161 -525 1188 1039 -570 173 42 -557 325 467 841 -451 -205 -404 291 -491 -26 -491 -70 139 -216 84 223 186 -1169 -563 -633 869 71 545 835 -593 443 277 -312 323 -342 200 -694 -593 425 -564 -358 -231 620 546 721 532 355 -2 -315 15 -413 -340 1365 -14 244 -516 -54 230 98 -686 -505 6 -16 -377 361 -597 1006 -338 -227 722 -1441 499 627 -44 492 417 1158 836 -128 -318 -15 -724 232 -847 535 -427 -650 -152 735 851 1400 -1397 -751 249 501 -259 -222 68 -617 -821 903 452 -575 585 -388 -441 86 156 -1176 753 -961 73 -76 709 480 -71 23 -1252 130 548 372 88 -52 125 928 1066 380 661 -740 -552 -402 ]
[36 417 -1234 45 -1199 -564 -256 -399 565 379 -1836 -197 -1143 1277 403 -879 593 1168 -146 307 -785 -444 -470 -739 375 -308 227 163 -79 -111 -31 -47 -458 605 357 -302 -699 -12 -565 -28 241 -1560 -645 -589 816 606 -324 -637 -457 484 240 914 603 -692 -216 -69 226 -766 12 -599 348 429 90 234 -409 423 -128 638 175 -65 -107 -261 112 501 -20 1028 -66 700 -556 -609 476 -219 -832 -620 226 -947 627 -14 -317 -78 -219 -132 -860 746 -1655 164 201 -898 153 125 -506 449 514 756 -457 -587 -745 -287 -515 -392 -350 -609 -811 559 -808 -159 928 -396 -645 374 -446 -485 1057 652 -64 806 882 525 -510 -193 -496 97 883 -229 784 ]
[-677 284 -755 -222 -148 19 831 262 -877 54 -926 110 1094 -383 -126 -1010 -234 300 811 299 -219 850 202 345 493 -305 -533 -76 1165 375 -492 -1022 -138 359 871 0 -213 347 -439 781 -667 61 -25 -348 307 -53 724 -496 -447 393 18 291 -760 -13 -1051 1121 720 -501 -635 -589 479 239 314 -52 50 433 101 553 -213 132 803 -619 -62 504 -443 -403 1184 55 -157 205 638 478 -315 -79 746 -175 -179 1834 844 1043 130 -845 473 379 856 258 168 -67 -635 627 -102 -890 -678 186 392 772 -178 87 -556 -145 -49 -147 -543 120 457 828 -830 -466 6 187 334 -781 1366 121 672 117 -946 -209 442 -339 772 -659 346 -358 -62 ]
[129 -104 -210 -1143 -145 943 -354 283 -274 126 915 -786 -1326 851 231 -145 -89 633 -1470 324 -178 316 -701 753 -164 709 310 242 -366 -728 960 268 136 -1702 253 266 220 -147 990 179 1070 -956 796 411 489 1009 170 86 626 234 -501 -410 -382 -112 321 -825 125 1046 -99 304 -42 24 169 355 386 89 320 -257 171 76 -16 658 82 606 -616 381 -786 1274 265 -277 -1172 772 -105 -293 252 291 534 218 381 295 -749 168 -650 -558 5 77 488 -188 1496 -321 496 1062 1189 705 -259 -1462 -458 31 432 565 249 665 227 -716 659 -165 567 357 117 206 913 -109 -523 -293 313 319 617 -172 -782 541 -272 -85 -544 274 161 ]
[-228 -1002 -365 -162 231 50 303 -345 523 179 347 -147 -89 -835 1254 -576 214 -916 392 -585 -256 -1388 1168 192 351 -249 -883 -397 65 -131 -780 -748 -485 232 -607 1237 809 109 177 -199 151 -743 -204 922 -1245 -77 567 431 548 -235 -305 -608 572 252 672 683 -64 -348 1070 -223 211 -672 580 -314 283 -1017 -36 -178 1203 701 378 -884 -70 914 -92 1129 459 -438 -129 505 -771 -603 -127 778 -57 -285 -186 -1474 1253 -172 443 -428 183 501 882 -469 -1054 833 -475 -208 455 46 -7 -404 394 487 11 -480 450 -282 382 227 675 218 -1297 -400 -1250 -510 588 394 414 -299 -160 -151 173 -285 -1011 20 188 -791 -519 -27 493 320 325 ]
[-720 -1436 -418 680 -617 240 -1056 932 -1226 146 413 -96 692 96 -353 -199 919 -177 276 591 55 1 38 1128 126 405 -471 370 1192 -609 29 -1497 692 -1164 1029 -81 -117 667 166 -29 -679 572 -383 1078 -925 -286 -694 -420 -10 -107 -329 -503 -228 160 144 993 815 -22 -309 -290 209 -253 996 993 -1028 -313 -1158 -8 1344 -45 1022 -395 -88 -20 -328 291 597 540 719 66 -435 -878 -200 -682 192 -450 -858 524 -419 -227 -136 -701 135 962 427 19 -323 992 -636 247 -31 -979 -1409 -86 -154 2405 1474 -446 436 -157 428 309 -482 -23 177 773 -324 1522 224 -528 -427 -332 1064 -520 275 -405 -301 -385 -111 -33 170 191 -562 378 345 ]
[-560 -923 670 178 -193 9 -272 459 -538 -749 -317 -1378 237 -270 -50 -1032 472 104 518 -463 -556 -341 -314 -865 373 -207 90 1228 1051 -491 863 -948 -97 -165 -191 -824 -117 194 -284 292 -347 358 -133 -872 -826 -4 -1106 -479 15 200 -494 -81 -258 -234 524 -872 1224 -459 -132 210 1097 618 688 -96 -451 385 -1016 -30 945 -723 1378 -470 -490 50 -510 952 592 978 133 -271 506 886 85 -543 -115 -1308 362 -647 570 -125 455 152 -835 -98 636 -277 653 925 229 -958 558 -54 -339 45 667 738 283 -1469 423 -61 1309 1262 -378 -84 652 743 186 1090 109 -340 180 60 1179 -30 262 290 221 -1001 649 699 1179 1066 -287 -501 1258 ]
[-740 828 -961 -861 -385 -856 133 1215 705 1066 -65 607 -605 -616 25 345 299 -631 -1339 -1402 71 1353 -484 -313 -428 58 113 924 -407 -244 -173 562 -107 -381 -293 -150 -693 -208 -492 -111 -16 -575 6 -69 -804 -145 -734 -631 981 -1235 -292 -859 254 124 -498 345 72 -117 635 1240 786 -2 -332 142 624 574 662 -672 448 245 231 992 546 159 353 1200 -711 -104 -130 -559 -1140 1056 -986 552 102 57 -93 1040 189 288 -683 -826 582 -388 -61 -748 667 240 690 51 344 12 18 439 1381 -12 -791 -1392 -754 -31 -944 334 -421 -182 614 -111 117 232 -332 71 83 645 -221 0 37 225 -556 -259 243 1026 -48 677 109 1300 -57 ]
[295 201 -682 83 -294 52 -59 502 526 -448 -195 592 -794 323 258 -477 1320 -639 -295 -1163 -433 167 -1048 547 122 715 356 690 -76 -963 541 -728 825 -501 -1338 1195 797 516 772 767 1747 -1113 296 -72 145 78 239 576 891 303 71 -449 457 -438 453 329 -233 530 335 1133 691 19 -741 1190 1570 -620 76 12 -132 251 -511 -354 77 501 258 600 -352 1288 -401 -425 158 467 -10 989 -16 -515 -109 102 -331 -25 -753 -498 -216 -1248 582 571 299 17 -416 -179 377 80 834 998 201 -1129 -537 -1570 1012 934 -180 368 693 -234 675 -791 235 -688 -450 477 744 90 -921 -1439 83 585 489 517 -378 -795 369 -107 1021 382 995 ]
[-240 -274 -656 -614 179 -310 -265 -381 -900 134 -602 -396 457 436 604 -551 -89 1168 765 924 -292 103 -267 -218 551 -63 -567 -277 1646 623 493 -142 212 267 632 -316 368 31 -520 432 424 -218 -474 -450 -189 354 295 -968 -638 1213 -66 1054 -833 459 -211 173 -325 -405 -740 -1262 515 602 70 -728 -450 537 -123 447 -708 563 577 -1210 -698 -558 -383 128 -219 467 37 121 542 568 -544 -2044 -493 -489 624 1591 333 1039 419 -686 11 848 -790 1464 31 -1316 -475 79 52 712 -136 -498 -84 260 -193 2101 178 956 -8 113 346 -390 150 -511 289 42 -351 -15 -485 58 562 746 217 200 834 -589 -812 -95 221 -534 -49 -955 -417 ]
[-129 -363 655 314 -630 308 -698 295 466 671 -1757 501 -231 914 316 -596 413 -675 99 -624 -708 -678 -607 -957 682 -252 221 -298 -505 210 -672 62 579 1219 -339 30 155 264 -1293 -281 -147 -214 -42 -231 -12 234 333 584 -300 985 494 1029 -1245 -512 -480 -140 -324 -1010 -336 -164 -253 303 144 712 -262 -1921 400 760 -328 -574 -291 622 884 96 640 415 1479 1066 -1137 -1056 462 -257 132 478 686 -409 173 -1361 -70 376 464 699 239 -450 -637 1028 -589 -42 -500 516 -194 -204 228 207 -109 678 738 -686 -105 -941 147 1138 -1646 787 -349 -366 99 -583 -386 478 -1294 392 1337 -217 -759 739 -705 707 -803 -532 524 145 344 -94 837 ]
[-513 924 -1085 -253 -14 -830 -431 337 77 338 -305 57 761 36 433 -13 -922 812 -5 -648 -139 1119 -991 -529 -304 -249 -654 -7 465 786 567 1750 -611 -2 187 287 -893 121 -629 257 -529 -847 101 173 90 1148 -238 287 822 -388 1162 218 -50 461 -823 39 288 -1789 221 524 -788 808 421 -558 592 889 271 120 261 -295 264 575 236 -53 -50 747 1073 -230 -195 262 -436 395 -618 193 530 -21 76 736 305 354 -867 -760 774 676 884 -1048 387 -173 427 -700 101 -195 430 156 510 -860 -865 -216 -355 273 183 545 -1494 -285 -234 -543 -135 -228 -1278 -122 -289 406 55 671 -434 603 -385 -690 471 443 -33 312 -777 81 -989 ]
[425 -277 53 41 450 -559 -485 36 -787 311 -113 -788 -539 29 -4 278 -937 1254 -797 -29 -264 -895 242 -536 77 -571 305 -719 224 -156 691 467 565 -220 620 557 -267 524 -468 -781 -1033 -1339 598 251 1441 912 -634 909 644 -137 -474 -237 599 -483 -56 -105 584 -785 127 -559 -681 5 509 296 98 872 -567 -380 474 -590 -218 1195 551 -167 -671 344 -128 -823 319 497 -614 -200 -122 -342 131 652 270 -1233 386 -243 234 -138 372 361 -255 -777 -319 306 1442 -762 523 -310 -155 558 -165 -498 315 117 131 -145 -327 -101 -1240 -153 -1518 743 554 242 -1074 -895 -360 -809 -227 108 267 -388 -316 -485 -388 -195 304 716 -532 -350 -452 ]
[212 13 -38 75 494 -425 -395 53 299 -1043 -550 841 1197 -103 1058 -130 426 -811 441 824 1083 -177 -419 -1178 1941 -1136 -945 -380 -609 -160 -503 -1158 -613 714 -722 -155 234 1450 -383 13 -34 -569 -919 1149 -224 -779 607 35 -322 -388 336 1081 31 -719 145 149 179 -197 577 -392 222 -942 326 786 380 -781 -335 -129 -99 -334 -1159 -192 12 315 75 860 916 -579 -1198 396 1440 -1716 543 191 792 -86 -838 -184 -612 -981 239 -910 77 11 21 -126 -322 -336 -965 986 -85 -471 -407 182 -213 754 254 792 -1106 -510 1081 -558 -1414 161 -730 -274 35 229 -101 678 942 -652 480 219 -150 -11 181 -78 470 -1419 314 -514 1086 690 -64 ]
[-11 414 1249 -347 -937 -724 -59 -791 -163 237 -17 28 -49 1124 95 -478 -472 -391 -157 692 -550 419 -447 -341 -510 -683 725 -2248 341 1283 303 305 775 110 -1885 -209 103 385 806 534 -289 386 903 1144 367 450 1040 958 444 -1240 422 -178 -944 -106 -600 -143 -1366 325 -238 -782 -686 48 -812 -680 1259 -1469 620 827 -365 -232 -944 604 -55 250 713 -937 1208 -20 75 -489 -44 -857 -476 925 568 65 -286 -1133 974 -286 -183 536 952 -668 598 751 2 360 -688 3 -295 -983 -430 -99 -550 273 845 -129 357 -254 240 106 554 561 -522 -372 -744 -568 -255 728 99 -155 535 -717 -604 -227 -1191 214 -1266 -504 -320 -454 484 218 357 ]
[-630 -418 128 63 394 -205 -460 512 -1057 321 598 188 -691 626 -60 -317 993 -407 -379 -703 502 881 -1299 -515 -1090 462 -214 -324 -15 74 569 -476 1099 -637 -14 629 652 -62 182 190 72 -238 -24 -391 -1038 -906 -758 -67 1619 -358 161 504 -735 -395 -256 327 -1049 25 -100 32 714 -267 -631 -266 -576 -807 56 86 -441 -116 -242 -48 -513 300 -846 -210 336 675 -142 -1064 -350 -733 -1046 -713 41 987 184 952 98 1049 -674 440 -605 98 -83 1362 -413 -119 629 1153 -272 418 -694 -244 816 -135 -418 -644 -371 110 -262 488 204 -148 176 -306 52 751 477 973 573 -419 370 6 -227 -669 -174 62 -696 -245 925 407 -99 388 613 ]
[58 528 -833 -86 -729 -1060 1129 -266 1077 763 -874 987 -458 257 160 684 -58 285 482 -42 -346 1157 430 266 -396 11 1508 898 -1118 1371 426 -241 -45 455 -429 -516 -926 238 -498 -957 91 346 -883 -1320 933 -398 332 -511 -485 -432 44 -676 115 -36 -62 -70 -658 -346 536 881 386 -313 -1024 329 217 267 1692 311 -1136 33 -198 1307 134 -264 955 -174 -558 117 117 -715 282 884 -60 138 -201 -629 -317 875 -792 367 -218 700 -13 -1127 -689 434 822 208 177 29 -1220 -198 -377 298 -1355 223 -499 -1011 -552 -807 -1099 -454 975 1634 -417 -840 281 -154 -384 956 5 -373 -742 -262 -809 586 705 719 -630 643 -314 -615 199 884 280 ]
[1394 -145 672 321 40 54 1177 878 46 -374 1521 318 -205 -98 -516 1333 -260 -326 -480 80 688 -113 840 -172 263 -653 463 -456 -1101 -487 -336 -153 -357 -859 -634 1196 -36 -11 959 -1583 140 832 102 1731 -400 -803 -520 1074 491 -153 -1615 -1431 -548 309 280 -505 -715 259 301 -72 -969 -756 -649 554 -285 -1208 -344 -395 -24 222 -1309 -23 644 -416 792 -833 -314 -207 -328 -594 -1290 -996 741 1263 1129 1489 -44 -852 423 -224 -410 800 -411 -403 -152 -812 -314 1542 786 3 279 -885 262 557 393 -903 591 -530 -400 292 624 -798 1616 -151 70 118 -318 -342 1301 -982 1601 -604 -812 -1202 85 -1429 -514 -1 811 -528 -503 243 282 -406 -361 ]
[1386 -28 201 -1520 -461 196 -787 68 671 1260 136 -532 180 -586 -321 -1 -127 -472 -452 -227 -61 -758 28 391 -501 306 -516 -56 -939 -176 -430 636 -338 1191 421 615 374 158 -145 -626 -1526 1767 300 184 -667 647 318 -779 -622 345 -181 421 445 241 237 268 -308 -408 295 49 -970 572 174 36 -222 271 -669 -1005 699 -272 454 -415 2032 64 630 156 -343 -782 546 -63 -816 546 -228 -1642 83 -474 -7 -955 442 598 -200 -1074 93 432 -702 -1073 148 794 780 -623 526 537 -842 -1072 -235 950 -692 128 467 511 -134 -562 -1464 629 69 -116 -293 -235 728 82 -884 773 -667 287 -236 74 267 -48 325 -19 -1503 555 109 274 -736 ]
[-70 875 606 -901 517 166 1320 1369 469 -637 11 496 1001 -782 -639 160 -1136 -183 226 -367 482 856 58 -867 304 115 -498 -372 114 -793 171 775 -440 212 -1275 67 120 471 -543 585 -647 317 183 -294 923 983 221 125 387 286 -1179 398 -411 74 -873 338 132 496 -457 905 185 -523 -221 -291 1687 -372 -1034 -1414 -793 818 89 732 429 -695 953 -782 859 -154 488 244 416 1112 597 1012 1070 708 -526 415 87 139 74 -618 835 -696 934 409 510 -31 -35 691 337 281 716 -195 1056 -1376 -16 -122 813 -578 -73 -993 -315 -414 1603 1211 -1008 -314 239 484 987 1330 -329 -716 -777 -352 -1677 -838 -564 -216 739 927 44 -867 45 ]
[-930 -177 160 -38 -446 156 -224 -40 -792 -933 -18 -156 -524 -276 473 -335 1006 -400 -184 -383 -58 -806 -117 1029 376 983 209 238 315 39 -385 -1071 -269 -1047 30 -157 -780 255 288 717 -45 -845 -475 1241 -493 -411 -328 320 -105 148 1149 -1339 596 -418 4 3 685 -497 276 -989 -571 -61 721 79 253 276 -1139 387 1404 -109 1138 -1131 -842 1230 -395 311 393 -719 163 268 -142 -682 -587 111 -987 -631 1008 -707 82 -1209 -467 -309 476 120 1824 31 338 133 -368 -330 -99 159 -8 -339 -652 670 120 -1738 307 -285 -295 -654 -1064 135 716 396 250 683 48 369 -149 -604 -26 -330 676 363 -476 47 -22 59 -599 867 172 448 544 ]
[18 1376 -362 -495 334 -368 1434 128 1337 595 -541 -178 -898 -429 -648 669 -433 -504 -117 -441 -528 -450 -146 -911 -152 -346 323 422 -813 101 772 734 456 541 -1876 -242 -779 -311 -2073 -1318 -7 41 -49 -2153 -132 513 -825 -984 236 -15 -915 1691 227 442 236 -345 -538 -827 169 1499 993 -369 -504 355 20 594 -7 -846 175 -426 742 922 1013 -1051 136 -86 -1208 -364 751 -628 32 924 -943 -21 -184 73 344 24 -222 400 259 -47 -224 457 -525 -1281 268 320 915 -644 -368 137 -190 -76 593 -1085 -1107 -738 -102 -455 -493 77 -691 426 -387 462 1019 -9 -428 -604 -242 545 -551 305 -708 750 -190 -1386 1435 231 693 622 -830 -57 516 ]
[-116 79 -585 1089 159 -203 354 -553 778 -425 -879 849 515 -256 -326 -439 1755 -459 929 -898 145 184 653 1773 -385 1213 -204 330 -319 754 -806 -1599 639 336 647 449 138 61 -173 317 265 653 -500 -130 -451 -941 294 752 -137 1420 1170 578 -986 -453 106 570 397 -585 -2 -635 124 693 114 279 -759 -24 354 151 -394 -168 1597 -1027 -915 -1003 -81 -357 -22 687 -759 883 1413 324 -313 353 -777 -1239 -248 -759 883 434 -161 -387 690 -378 -127 735 -974 178 -610 354 -1048 -209 -277 266 410 198 19 -7 739 405 -682 517 1044 889 -691 -931 -124 -649 545 -351 -512 249 719 193 -144 644 -262 473 -95 -790 366 -13 247 -1785 4 ]
[186 -520 45 1150 112 -270 233 414 -423 -338 491 565 -450 652 -679 1571 39 -91 -531 -642 464 1044 -107 301 463 89 -243 691 392 -520 264 336 835 -1846 417 771 -594 -316 524 -215 1002 -437 154 557 231 -360 -502 828 318 -403 -251 -1274 583 615 26 165 659 247 -9 345 -385 -432 -610 112 -470 -276 -353 352 451 -239 -627 -61 159 -637 527 274 702 -444 439 -722 -428 355 913 994 -97 463 491 800 -2118 205 -854 96 -559 297 418 687 65 113 -54 -750 -378 -192 1387 813 528 -509 235 -594 -243 78 -229 -353 167 -710 492 640 -24 475 466 -897 890 -607 -752 -221 1210 -525 456 -398 -105 92 -976 251 -86 -1398 377 ]
[-1459 -476 -247 1043 542 800 630 384 -88 -839 267 926 635 -959 -450 -470 520 -997 -432 395 200 919 790 1144 1230 -367 -176 -191 -1024 253 -503 -606 -458 -252 -2 162 -897 -1337 1006 1150 588 738 -748 -243 -573 -26 304 160 388 760 -1190 -270 -156 100 351 443 236 1393 -517 -285 -194 -735 766 113 -50 -708 -225 -366 -927 561 838 35 -261 120 142 -256 -104 -720 762 31 480 -408 635 921 746 1462 -627 913 223 -34 -558 738 164 357 1184 903 -489 551 491 2 -769 -83 211 213 972 831 637 663 680 -1613 -449 -26 -472 -207 651 568 53 121 1705 570 1293 -643 193 -24 60 -16 -393 -263 565 -27 266 -978 53 -561 167 ]
[-655 -571 112 656 470 780 -1195 452 -126 226 65 -870 -747 -126 187 -896 792 -654 -285 196 904 236 9 207 -75 320 -268 32 -535 -692 51 -1608 345 -115 536 -450 159 -448 666 -429 958 -1870 -114 222 486 -248 -262 583 599 -1356 79 843 450 -1498 -1035 315 -113 246 -63 -951 1353 -771 -690 -196 -142 -1236 1459 784 -323 89 -853 -41 605 488 -2126 1027 177 512 -297 -824 230 -517 295 -1847 -76 1145 38 -248 -288 -296 53 877 -390 -820 461 516 -544 -491 368 -621 457 24 -38 521 1333 -329 627 36 -94 174 -1202 -243 603 -806 -774 -554 62 -100 -136 798 -591 -581 325 -532 -137 575 -35 -299 -145 46 1601 137 271 1224 1168 ]
[-419 479 -373 -1105 454 181 -506 59 1192 328 -725 542 -193 -191 468 343 134 -383 152 -946 -344 565 551 -308 740 -763 1192 787 -370 479 -18 -206 -6 453 -821 -777 -1704 -277 -484 -53 -103 -1765 -1031 341 177 -771 929 130 -333 -786 -35 -939 408 329 -527 380 -831 107 141 257 1041 -923 -1176 528 950 -1396 1394 21 -389 -67 -47 857 705 143 288 433 -839 -1251 -476 -667 -200 354 -119 798 -151 187 -301 393 282 -942 -81 -109 1213 -235 -1004 632 365 -493 -1018 353 372 -107 -107 115 -134 1226 1535 -250 -570 -591 -1051 -182 470 705 -1060 -945 -540 -256 -1467 153 -41 -340 340 -190 -265 22 -551 198 -559 350 136 -621 1373 1085 136 ]
[85 -706 -536 398 1675 -462 -104 -256 985 -24 215 576 1089 -892 -57 193 -222 216 928 1138 952 -673 1191 257 781 -616 -1162 443 519 349 -431 520 904 732 14 227 500 864 -914 -108 -189 682 -50 -297 -203 1112 594 -83 -121 1181 -920 218 -215 1118 843 -991 775 451 -319 326 -169 -51 556 -35 270 488 -247 -1289 38 731 376 -594 -1088 -518 443 56 203 -884 1073 875 418 -94 -245 910 -702 -1820 -791 -336 -1252 -891 -74 -890 -308 1754 47 -918 -373 12 -405 265 -501 169 271 -789 457 109 -1189 1405 -259 238 214 -650 326 833 -663 140 -385 223 -170 -1019 11 185 -1013 395 -22 409 402 422 708 -798 -40 572 -267 -1458 -438 ]
[181 -186 -39 -895 207 408 -629 -752 409 118 -565 866 699 -9 202 -611 348 -452 783 1083 362 213 637 277 -93 -250 22 -1488 799 261 -422 -462 38 833 -105 567 28 786 394 52 -1244 -631 -651 -82 273 -568 1052 -455 -641 1300 1163 309 -441 388 -228 698 -393 235 -198 -1069 -59 -82 176 430 165 55 -1218 -158 -37 383 268 -1355 -36 683 -1186 22 1165 -625 -183 241 333 -271 -512 -414 -719 -802 40 -681 794 -864 149 -1302 592 808 -1152 304 -578 -404 -322 1218 -678 390 -176 -518 -90 42 -137 1159 195 -448 -389 -949 198 796 -895 63 -703 -1037 -435 92 148 134 60 1439 255 117 -315 974 -765 -669 -76 -299 -6 -448 282 ]
[574 -304 -447 -283 305 857 -713 -215 98 249 -633 887 -1245 1187 274 -538 302 1417 -1198 -682 20 -589 -1002 1328 -269 558 -169 121 -789 -520 582 -536 518 -766 767 259 287 151 -73 1707 804 -688 273 108 806 1506 143 -166 219 608 462 -233 232 -609 -323 -627 901 1328 -570 99 -1585 139 -462 -134 -254 794 497 -352 -211 70 309 300 -814 399 -691 38 -1098 1020 707 -421 945 -8 -365 -660 417 -1212 596 134 -1465 191 -561 -37 -494 545 -251 -372 301 -610 810 266 892 878 1149 122 631 484 -1240 746 492 123 -557 -1030 -18 -117 600 425 690 422 480 -261 -541 -659 551 -569 310 375 1029 1276 -774 444 -1192 444 -480 -959 -286 ]
[434 1118 -9 259 907 -35 -47 284 188 -1059 480 -1 1212 -842 -368 901 257 -345 -706 354 133 783 328 -358 -403 -758 -567 485 -965 -197 204 1388 -581 -406 -524 528 -765 -904 -103 -984 -241 42 135 256 -140 -817 -839 1192 632 186 -126 98 -50 600 -73 63 -438 -1032 -561 1527 582 17 -324 793 -251 -202 -159 -703 -1077 -857 -736 258 889 -1011 700 -529 -17 -424 -34 -272 -354 234 692 815 573 1368 -919 6 661 -340 -649 -343 615 30 -58 -1386 -297 132 -38 -556 -19 41 -588 1116 273 -1116 414 105 -152 538 681 745 -199 5 137 -442 364 312 -58 -1771 60 229 -1386 -365 -206 -683 -106 -789 540 -174 561 825 -28 -211 -1348 ]
[84 266 -150 -113 -95 130 238 297 -606 -928 311 -1154 49 -383 -166 -1059 83 258 1423 1088 -851 251 560 -446 278 -442 952 540 816 -152 1258 -116 206 -719 -1575 68 -60 469 554 -118 103 -773 -33 -655 -391 239 -221 -363 570 740 160 -256 1062 570 1561 -430 -373 359 366 452 521 -143 758 692 1079 877 -666 365 -104 259 808 -541 -933 -284 -290 319 -414 -297 404 -571 -453 1291 -739 388 -1181 30 -2 -585 455 -608 103 -458 -300 574 -927 -519 263 -123 247 -360 492 221 273 1065 -771 -877 -986 -378 930 422 1074 208 477 -317 -386 127 12 -62 -280 -380 705 92 -454 -502 87 768 674 -523 728 -212 -12 348 -531 -1251 421 ]
[685 -777 -346 1229 -627 231 -247 295 929 519 753 824 -1642 1100 -188 212 965 408 -1969 -208 553 -785 -358 1349 -660 983 -1254 -1056 -846 325 616 -822 1873 -853 -99 662 527 592 -593 11 395 -480 193 1558 240 203 -98 633 1369 -254 539 593 -633 -691 -207 720 -60 -188 -1087 119 308 -504 -454 740 -578 -692 107 -38 997 -439 15 1439 -309 5 -234 -650 -135 1275 908 -992 -1209 -1492 -434 986 -62 -878 164 -1257 -50 34 -599 -408 579 461 397 -440 -739 -171 520 380 -789 -109 586 70 180 -172 -566 -678 -270 37 -486 -275 -265 416 -1097 -312 449 723 -477 -412 54 -726 42 -906 -792 -980 -478 562 -1056 -848 -13 1416 -1235 81 750 ]
[607 85 105 -477 -268 -130 416 351 210 373 933 444 -229 -492 -149 667 -16 -359 579 108 76 -400 -323 147 764 198 8 1204 713 -747 578 -442 -549 -327 -792 -200 687 -748 905 269 866 1111 -445 -141 -1757 -84 -347 -865 -649 446 -1566 -89 -300 772 1179 -612 -595 1186 -369 990 129 -8 361 19 97 210 -1227 -1039 5 991 353 -760 39 -760 439 442 -820 -264 652 -290 -830 490 595 -139 -667 -17 40 278 -279 -33 -171 -493 -394 23 152 3 481 883 659 -764 414 878 294 123 310 243 -1037 -979 467 351 892 92 1253 -128 883 634 -73 316 525 138 826 1043 -432 -159 213 -703 638 77 8 238 -752 594 -150 -268 -115 ]
[-567 63 838 1439 -1741 -156 -609 -82 -304 -101 -212 -485 -268 162 285 182 956 -592 162 295 222 -405 -266 -218 39 -532 307 223 380 -374 -570 -889 -1279 -515 -179 -980 -598 -831 1363 1038 681 141 -497 534 -49 -412 -1046 -242 -220 -381 207 225 458 -733 278 -456 402 520 -441 -329 363 -108 312 -96 -455 -1058 77 786 389 -1054 -298 -1367 -836 1042 41 11 937 242 -192 -317 1291 -788 447 430 -15 448 -484 -665 -930 -209 397 1473 -223 -947 854 39 -437 601 -943 -1034 51 -1050 91 1037 483 991 647 -1229 376 -1090 386 574 688 -1126 1165 1229 -674 350 925 278 16 283 1727 70 329 44 39 -152 889 38 -767 -448 1221 682 1180 ]
[77 76 344 -333 -972 -749 -657 -606 586 -57 94 -267 -7 91 -283 -647 99 183 -631 1142 718 -304 60 -547 395 -576 244 -658 456 -179 109 1022 -45 -107 -687 20 -632 59 480 -571 524 75 559 400 483 1073 331 638 312 353 -898 -552 -1253 85 258 -1991 168 -492 -165 -748 191 487 130 -242 -592 -7 271 -558 337 -242 496 -384 -16 313 450 534 -208 -608 530 55 876 -49 -481 1441 -205 -785 -14 -2008 -140 -855 -790 212 242 -394 -33 -394 394 1129 821 -884 -229 -314 -407 806 14 -539 -779 -691 -400 105 -34 -245 -31 669 -255 -347 1250 -179 -728 -730 -551 259 260 414 -89 536 477 39 -856 264 -846 932 920 -504 338 ]
[855 448 132 -885 130 387 1511 154 -259 -212 -218 763 -816 463 -442 -123 213 154 -500 10 -108 -254 557 671 63 117 834 -115 -458 -467 -499 -525 432 -84 -129 332 70 -167 284 1293 -106 -260 554 -895 36 79 332 -18 116 517 -1215 -849 -83 -155 55 228 162 1416 -500 409 -171 -531 -563 -15 187 800 -1272 -746 59 1037 427 19 -68 166 537 -835 -929 -580 650 -143 -260 240 -814 1015 43 178 -839 95 823 -53 -1059 -168 345 1446 -972 477 -398 535 1037 1589 -590 701 472 532 1090 -638 -854 -763 215 -533 -673 -1121 552 706 987 1605 -201 173 771 332 1198 -276 55 -419 371 -628 -968 369 -619 -1337 -609 514 331 -1372 -218 ]
[157 571 1025 118 -171 -1299 647 499 -797 -306 -987 -409 894 -230 409 221 555 -391 508 169 -1396 -395 816 -1726 532 -74 849 -420 619 570 39 -208 -628 825 -1260 -573 -134 666 -284 -675 -804 395 -1520 -50 -478 163 -1693 -272 317 -256 -628 -275 631 -119 387 1341 -171 -1562 533 665 401 -466 490 391 613 152 -966 28 68 38 -580 32 -28 -586 978 163 162 -55 -541 -204 53 2 -330 -727 311 372 44 -632 -765 -39 1284 -967 -629 -524 -961 -470 493 -129 -688 -524 573 -665 -936 -317 -690 111 1050 -659 870 -68 168 194 -565 649 -215 852 235 -106 546 -923 -295 444 -230 -262 -168 265 196 -375 661 -1064 124 765 96 795 368 ]
[-561 -105 321 324 -161 166 60 -291 1153 789 -595 -249 -662 1257 790 -485 -233 1033 59 471 -155 -333 176 557 -993 1501 -185 23 550 239 919 430 358 -217 598 -1053 -636 -39 -237 30 -306 680 -436 225 20 518 152 -222 -273 554 316 -425 -118 415 -40 167 138 -533 -783 267 484 -799 -328 -545 -215 -753 -399 450 502 1747 1045 614 -397 585 148 -488 294 792 624 -303 102 954 -480 385 -976 -867 686 531 56 -904 -854 446 -576 -113 -1072 134 -271 -1787 -929 146 -158 1541 1047 -494 -1751 -1024 543 -869 686 -370 -357 -266 780 86 -160 -328 221 136 53 -26 157 1267 -286 654 -655 -521 111 928 -1257 1430 -458 518 -1223 -135 1435 ]
[-567 -189 20 69 202 287 27 449 658 -625 -207 -347 244 -455 805 -596 191 -560 -927 540 273 806 553 679 980 -310 -958 -9 -1104 711 -458 -1127 915 -282 -413 -762 133 217 -3 -648 658 31 572 1685 -21 137 940 668 -317 414 -274 882 -479 -413 -141 149 384 300 -539 -971 424 -4 -251 -41 154 -860 44 518 -99 111 -816 -205 1051 121 -160 605 971 1127 388 -1429 -897 -222 795 260 -890 -720 252 -695 1830 -349 239 -358 1704 229 659 -290 -289 558 -796 -488 -181 12 1297 45 917 334 653 -71 -732 41 -461 -180 375 776 558 -719 -1042 344 496 -589 -213 448 343 -755 1146 621 -772 48 -558 476 905 370 -178 -1646 780 ]
[-360 -541 713 1097 538 -397 -701 -11 -299 -315 84 -347 498 -435 -365 320 328 -81 4 965 67 -842 715 -194 -197 -428 456 -29 370 -443 -536 413 -590 601 -9 139 -637 114 687 -516 -473 378 336 -553 877 94 -1065 907 44 996 -695 -393 131 -26 306 -117 934 26 -353 327 -513 -561 777 681 128 77 -733 -594 -426 77 -743 -457 229 607 -396 -492 944 -591 16 627 463 -802 529 309 114 1048 -1205 -813 -515 -763 -389 381 -452 -295 414 -691 -271 1007 714 -423 -611 -565 -285 606 655 -964 750 -1026 520 -692 588 399 -161 -139 -188 1006 273 719 312 -776 -77 -158 -117 365 -160 -68 -231 466 713 -759 795 415 123 -131 -98 ]
[-142 -464 43 331 1079 936 -151 -775 929 -624 -123 -949 -528 -418 891 -257 701 610 -211 -245 -777 -825 788 -432 -632 316 -277 948 -267 -646 759 334 -78 905 -166 31 190 -559 -943 475 156 -366 -167 -1833 145 228 -465 -62 744 445 -50 905 1219 -183 454 -859 665 -155 -1121 1064 1436 261 -112 -21 -214 275 16 -318 510 -432 362 24 65 573 -979 -22 -1001 1052 1565 -1172 -122 476 708 10 -1634 -616 778 -610 79 -548 638 1020 -801 769 -125 -373 -284 -791 143 -1243 -179 1180 1441 -334 -465 -126 -493 -326 440 -66 -14 523 -79 828 115 159 -68 357 -410 -455 31 -181 -819 479 66 172 878 743 323 316 1729 189 -935 -41 1395 ]
[-1055 -35 -170 253 -452 114 644 -1150 -567 -471 244 -5 -941 123 -326 961 -421 -181 -466 -28 -933 -529 -337 526 332 21 16 516 -445 -138 -644 475 -206 -178 190 -1138 263 -20 749 846 1223 -589 803 262 37 -748 -6 -706 -984 259 -69 -1256 693 975 1129 -1135 165 1415 660 -461 -948 -467 112 -172 -462 1089 -624 298 338 -292 129 -599 -1457 1676 -260 -63 -580 -399 312 1059 -93 -483 214 763 -686 -243 260 216 -708 -199 -467 389 -187 702 139 -194 181 464 -826 -27 -583 -122 834 -531 -557 1075 -596 1019 -207 133 251 -202 175 -1056 903 333 -270 815 332 107 149 -531 -541 591 903 734 421 -130 307 477 -1450 -1002 391 233 -457 ]
[-830 294 -362 826 -1184 589 682 828 -231 -365 -316 703 1211 -673 -672 -1090 -175 -668 578 420 442 254 654 -436 751 -280 -715 -474 331 492 -248 -298 -408 754 -710 -89 300 -280 -487 733 174 984 -354 449 -1035 93 571 -990 326 141 -447 44 -1037 550 27 881 -112 47 -1048 29 761 -3 973 535 827 -455 -815 345 10 1110 763 -846 37 682 295 -157 1074 635 -246 350 583 -419 347 1184 1266 -680 -483 1444 765 452 480 -739 480 -171 1630 -353 -96 214 -783 -76 29 -1101 -351 -782 -273 -199 280 -97 22 -225 292 -76 -628 -568 931 282 -745 -947 -254 1033 575 166 118 -424 -371 378 -956 -929 753 -567 477 -927 -383 451 1465 ]
[290 -273 416 712 521 -163 741 -672 -256 -253 -499 119 -137 -355 66 -256 -253 -555 687 -65 368 523 245 -417 -1042 -418 418 66 399 179 -169 -487 460 -71 401 -573 190 -583 -816 -620 -841 -398 -908 -1702 -432 -1443 -673 -551 59 -964 1185 546 638 -267 14 1344 -470 -935 818 938 958 148 -691 -967 -1240 1208 783 707 -83 -679 132 1235 -623 -594 -742 -18 -494 -989 -180 -487 160 289 -205 -415 -541 -122 -159 559 -675 337 536 178 -493 613 -1346 330 260 -296 -201 2154 135 439 -1573 364 752 1087 -314 -527 -1108 -654 -81 213 411 550 -1328 1051 633 584 -318 -404 -336 -159 470 1451 -214 -1077 -269 -58 186 -85 673 896 -276 3 -14 ]
[533 -942 521 141 1451 -730 -751 -390 471 717 653 -1410 1423 -860 1438 -537 -1306 1373 1147 1282 1150 -83 1116 -1387 915 -1353 936 1287 934 479 504 82 -511 1510 -99 -1045 263 405 -579 -530 -656 -102 -873 229 264 842 541 -282 69 -492 -307 -378 -137 598 835 -712 -752 -452 110 -13 603 -1197 -191 310 1497 100 425 -451 93 944 -91 517 434 -18 -659 196 -45 -1366 -76 -355 -686 -525 255 50 -930 333 -935 104 761 -569 473 -813 789 -598 -607 -344 1082 508 -581 311 1792 -53 99 -471 -85 562 1607 -201 26 381 204 205 1026 115 -413 -144 -734 -185 -1547 -531 -68 812 -225 673 -433 544 -1061 -692 -493 -314 1161 -571 -197 276 414 ]
[-1045 475 -257 -339 1139 851 -486 -36 -547 -1996 338 -695 337 -604 416 -181 1028 -754 -91 -240 238 799 1085 -344 -136 -118 -345 388 -1864 155 -8 -848 -588 -738 260 -83 -105 288 -564 505 -240 -1422 -468 752 171 -542 348 132 104 239 798 385 681 -364 -78 477 1421 63 125 -225 940 327 464 -240 -96 -38 -179 -430 -25 -611 363 -701 -664 146 -331 -55 581 94 -599 725 1061 -465 -506 -89 186 -625 -478 448 395 -489 263 -487 225 608 192 -545 -872 -1350 -1003 168 -318 666 259 -247 -757 -563 465 763 -1271 105 791 296 -360 204 -45 -530 19 693 102 396 1296 -1313 435 -120 565 -377 1028 197 875 -341 222 -147 526 -304 211 ]
[-138 692 -98 148 640 -634 -201 317 436 274 -363 717 -95 -531 893 814 418 -551 25 -340 884 340 86 1639 74 472 -806 251 801 414 -207 -647 1256 -1309 -98 595 -834 107 -417 -4 -217 652 -230 -673 -547 -1046 -244 301 575 43 1127 528 272 -168 -682 389 581 58 -710 629 209 -492 -198 239 49 701 479 637 -38 -363 63 501 -242 -729 454 -362 150 -428 104 -1165 474 1192 -151 -284 -885 -7 -149 539 -526 80 -782 -43 12 528 465 818 -88 -1095 -223 474 -446 850 20 1259 475 -329 -1035 -1246 -479 -628 -304 380 -374 -286 457 1304 72 1262 350 -479 -16 281 -243 -486 424 -1055 -78 979 673 -369 1176 917 -1239 -610 -400 ]
[-133 370 57 270 -279 1314 1170 663 -39 -1008 229 55 -338 -561 229 694 -260 -612 -864 -356 63 -898 -565 530 802 176 -1138 -948 -242 -302 583 -525 641 -976 -1448 -228 -198 -218 262 196 918 561 1123 766 1080 350 314 887 -300 -653 -433 835 176 -843 262 493 135 1332 -954 64 -25 -775 19 -137 -528 -689 -51 242 -449 -444 -729 582 1251 -340 802 -901 -92 708 1313 -598 489 -260 1405 1532 -39 1272 402 -605 -56 -165 477 621 1037 -91 1174 249 -272 331 -861 -477 1002 -502 606 527 846 934 32 -273 779 -1168 178 -890 339 -640 1549 794 -804 656 993 193 160 482 454 -1326 795 -800 -568 24 -483 443 -136 -109 -232 -867 246 ]
[-713 167 -132 685 311 235 -425 27 441 507 -353 -500 -1171 885 478 -215 215 929 459 268 -535 -1141 4 -133 378 787 24 -64 635 162 429 62 -648 -98 211 -1490 -546 -483 -169 928 476 -598 48 -247 -2 646 -718 -673 132 274 640 514 876 -132 199 -195 637 496 -226 -508 -54 -203 694 -805 450 724 -72 487 71 1085 286 -305 -750 764 -1388 51 -492 829 -148 66 61 -492 -1053 -661 -712 120 493 784 -259 -494 -387 42 -962 506 -468 -452 -225 -2111 327 -7 86 1295 1201 -607 -53 -1640 -268 12 72 -346 215 -438 -335 -814 -536 497 13 434 -324 504 -93 -101 432 936 -96 632 537 683 772 154 303 389 -905 472 665 ]
[-1628 233 -80 387 1602 1160 531 -324 -221 -106 400 374 715 -1479 -654 -72 -1141 176 246 -1357 -366 -616 282 -304 958 -210 -1069 -547 464 429 -54 847 -146 1223 -93 -269 -238 -780 67 855 -612 -206 -166 -356 345 -374 216 45 931 493 -321 583 -160 485 -41 -449 -394 883 -782 608 -560 -426 583 -303 -461 133 392 -936 -1225 229 38 201 -745 698 -49 -1047 -29 -1274 1055 1155 203 -894 1281 1183 1058 1412 89 99 293 435 284 -105 301 395 1119 -85 263 -326 200 619 332 -344 383 -889 1114 1083 -220 917 432 -978 -122 -1112 -1069 -714 27 543 -1261 -87 146 156 364 -554 193 1022 173 -645 -856 373 525 142 513 373 -320 -589 -1175 ]
[141 809 -517 95 -122 948 950 243 -98 759 562 328 -759 701 -69 188 -155 534 -759 -1675 -761 51 -521 161 -248 1319 -461 -33 -134 -429 337 1039 -71 -1119 557 883 -192 -332 65 57 775 -1591 366 -183 1126 536 -393 571 1313 -529 731 -419 507 -630 -525 749 482 -183 253 469 246 519 -584 -330 -233 314 1007 164 373 384 -567 23 488 -856 -533 289 -254 1286 -948 45 -248 200 181 -211 1045 820 568 849 -589 756 -602 100 -495 -1155 39 296 111 -1443 1030 -879 -30 354 1123 556 184 -1608 -149 -471 1069 387 -696 -33 -57 -610 -235 -402 356 -665 -119 590 40 -520 -206 151 129 365 107 105 -322 170 -922 15 -667 -142 295 ]
[-139 358 263 -353 -73 1503 551 -91 -186 -263 687 311 994 32 -1340 -775 -1178 252 698 195 -261 591 391 -118 -184 321 496 109 -316 -225 -683 957 -833 571 1049 -472 417 170 -1161 -630 -314 16 -438 851 -258 -249 459 -466 -814 -79 360 -686 -628 1460 -944 1548 139 -613 -14 -584 -200 -740 906 48 -67 -126 335 139 923 787 852 856 -172 -144 -1291 188 67 105 -516 633 -770 130 417 -348 627 501 -190 1075 -66 -586 706 -860 1287 44 -138 -1784 145 827 -477 628 -121 393 453 -1579 247 -126 1303 796 -947 630 -379 366 -667 116 -896 -292 72 -658 -58 -1134 -1566 959 -341 205 79 1328 -1419 -523 631 977 272 -720 -1709 -404 -149 ]
[360 541 244 -404 1539 1340 1567 432 130 -259 -647 -645 550 114 -996 -1268 -1066 470 1360 -1216 -884 179 502 -242 -468 326 987 834 -22 -204 554 160 -683 15 -57 624 515 -269 -783 168 -926 -852 718 -1967 2 2227 329 4 73 608 6 60 -150 502 -539 250 1233 -960 4 1529 200 1031 -375 -914 375 36 203 208 -238 616 208 -108 543 -965 -938 757 1471 651 -433 -151 -443 611 261 -60 1072 -345 581 631 -288 184 1373 13 -774 -634 889 -988 383 -535 442 -1052 467 738 1078 -224 -150 -502 808 71 860 -292 -38 656 354 826 414 4 -455 -1819 -151 -270 29 254 -435 -154 233 1256 -203 -594 672 591 538 61 -741 -775 414 ]
[-1532 263 -475 -1550 -289 -240 97 -503 -159 733 -193 -395 -252 445 215 -535 854 -396 -186 470 -790 568 -442 761 264 357 -323 822 -351 1051 -88 -1053 480 -389 115 -1453 -781 -130 56 1337 -679 1070 -315 46 -775 60 611 -809 -856 -304 -724 -306 -826 464 399 -207 -97 873 -404 -625 835 -436 733 -754 265 -1053 882 -276 -654 269 1663 127 -1290 243 -269 483 158 731 784 342 -164 591 -1028 -870 -490 -863 406 935 397 -438 236 -87 143 -211 485 36 -229 103 291 -746 -809 1249 -293 -1442 -651 1382 -310 488 86 -125 -414 567 -391 1007 -337 -288 -498 911 934 904 -239 340 791 67 794 867 238 -159 -1093 1636 -254 -334 -324 384 373 ]
[-908 -67 354 -205 568 817 470 -62 -142 -1110 7 -480 -283 1026 -783 -488 388 -477 -795 358 191 280 162 625 -437 59 -204 -1497 -114 194 -285 -242 921 -1335 152 46 -1063 -458 704 54 -712 986 968 153 -258 -1194 116 887 -52 -18 183 537 -48 -150 174 464 482 829 -674 -1045 -515 -20 3 -1128 -1547 -279 -545 714 -689 -22 -825 -123 501 14 -570 -385 147 182 688 9 -315 -800 -325 282 -240 1160 253 52 1358 -585 -1080 852 305 1407 -15 124 -947 -17 436 956 -865 -252 234 -101 -272 -128 884 745 -337 -851 -112 -1088 318 706 -14 244 -364 744 1434 -12 866 -1364 943 388 799 -1024 -316 621 230 720 504 -574 -541 -1325 -66 ]
[311 -1089 -687 -175 -456 -290 52 -16 268 342 76 1251 880 -438 1288 -477 -213 37 85 1042 905 -67 -548 275 52 -445 -407 0 7 142 822 -330 728 -28 -1047 432 301 478 -376 814 727 642 -380 -11 81 1409 766 -1103 -317 1674 -671 129 -566 -6 1223 -127 -730 295 -14 136 126 149 140 365 404 399 77 -887 -113 -27 1129 -332 -669 -87 1029 -488 -401 -413 1366 -1132 816 560 -666 508 -1330 -1140 -329 401 -444 474 -149 -321 408 1210 -426 910 264 681 184 570 28 247 -237 -34 -138 860 -2056 387 404 -226 -175 261 391 384 819 343 269 533 -409 276 449 1249 -81 -119 -436 766 940 -383 -994 -115 -680 -103 352 -598 877 ]
[549 384 773 -1079 819 75 -1254 426 1320 -36 -594 237 695 -1261 771 786 567 -941 282 -568 799 -24 1182 859 -86 421 1396 592 -1269 -36 -1242 228 -166 1152 41 342 -252 426 298 -106 -1317 815 -693 -442 -1263 705 599 181 -49 560 -374 -586 302 -4 362 -1427 605 114 905 1525 -800 3 123 -14 1697 106 35 -1117 -47 312 295 53 -226 -172 1231 517 -635 -1384 308 610 -933 -91 -157 704 -270 -138 -929 -2123 -396 -1126 50 680 -447 529 -251 -548 346 263 840 -786 -492 -92 893 -534 -809 -142 -520 -135 642 289 384 36 -363 624 306 -387 538 -587 544 164 291 668 -1353 -940 -881 434 590 779 497 -1411 -611 -611 415 731 -1375 ]
[-343 488 -622 1591 874 -44 -676 218 1346 -856 -931 -1070 -479 106 1510 -73 630 211 -307 -224 47 -214 -332 -456 158 715 -727 735 33 -835 522 -424 -293 -463 1185 -770 307 -795 229 -466 853 -802 -38 205 1 446 304 1124 712 -1077 -581 1046 507 -938 -329 213 1055 -639 277 1 1085 -715 -490 -869 32 -22 791 383 42 777 -611 1434 1320 -224 -168 689 -746 1104 -660 313 361 -640 471 1004 295 424 43 437 348 -1265 -333 -70 -283 -5 -316 -1410 -441 -1148 -1088 -365 1129 443 446 394 -262 -931 1215 -981 -945 -437 274 280 310 152 -1110 -91 527 -423 161 -796 295 -54 413 -226 -81 -659 38 107 82 423 1552 518 73 755 508 ]
[-44 811 -192 -867 -175 642 792 400 1077 -109 123 -138 -44 -511 -1092 -276 -333 636 -585 737 38 680 477 564 -124 -135 508 -665 -1152 710 980 -363 343 -854 -333 -233 -1034 352 829 -1034 38 -1343 490 401 1428 184 250 477 385 -29 -660 -813 -452 -127 -860 -680 452 614 -337 -129 1118 -165 -1234 367 885 -325 -267 7 23 -815 -640 159 -132 971 -954 107 490 903 78 -608 -617 305 413 788 461 -740 463 -986 274 -586 -364 17 -617 -1003 734 -924 900 313 229 -1042 -128 -403 222 63 289 -1656 -377 -414 -163 43 -146 -793 1273 64 269 -57 -397 -247 -249 -344 1240 -438 -1425 -610 88 550 722 472 -14 -272 -160 -365 207 177 1248 ]
[-540 71 -834 -27 -351 52 645 56 -1113 -1013 233 -484 -60 -538 -97 -164 807 -1161 44 -9 -325 -263 -50 1013 -413 895 587 -647 416 -14 -1334 -344 -288 408 734 805 546 -489 1173 279 167 645 154 -635 -162 -734 -512 359 23 242 -219 -1305 -787 -159 426 447 -315 235 768 -1310 222 484 161 -455 374 508 -385 32 -64 296 1161 92 -736 922 -126 -1072 -852 214 -334 1360 -257 338 -377 93 156 678 239 918 775 -494 -719 633 22 -500 442 706 17 478 44 263 -743 151 -657 -565 412 -722 -43 210 416 173 -838 702 842 -113 965 403 892 -950 248 750 613 84 -1280 -42 380 -226 -107 -711 -262 -147 835 -250 277 1042 472 ]
[-149 -584 -99 916 542 -670 361 141 -1298 -1237 -393 404 614 -824 -570 -322 -194 487 1599 -813 -117 -522 576 71 878 -395 801 630 894 -163 317 -74 -708 1135 -643 602 -533 125 -457 733 562 285 -686 -740 -196 372 -1029 612 469 459 156 -1105 -25 322 1201 1 934 -727 -474 473 -890 136 783 73 654 719 -389 -57 -512 161 753 -147 -1059 -506 110 629 674 -908 660 250 418 64 562 757 -160 -84 -601 227 -1123 -85 199 345 58 81 834 750 370 701 -49 -1099 -250 -76 715 183 117 577 299 -541 1392 34 139 327 -550 -218 631 -53 602 -32 -755 41 -198 121 -1071 -544 82 714 -240 -766 259 -1005 640 363 -258 -1215 102 ]
[194 -26 1244 29 347 -1103 -635 423 -545 -47 864 -168 23 -582 -790 414 -266 -166 410 766 24 415 253 -11 167 -320 1289 -387 569 244 884 19 321 301 -951 -845 166 572 436 148 143 -653 29 418 -211 -376 -516 420 81 -635 224 -1331 276 -56 -1 -223 -772 993 12 -75 108 -69 -722 -69 1359 -205 -495 -179 -264 315 -825 -258 -577 -645 413 -1006 -21 -1308 45 -116 -443 -355 -262 197 -985 629 -283 -656 -1248 -28 -286 -13 332 -590 -287 1120 983 -499 -670 -240 382 -475 197 131 256 360 215 123 857 694 -303 -669 737 -637 915 -230 679 26 -1096 -305 463 -91 -1121 -309 -1346 -541 318 -21 -397 -1218 -253 375 96 377 229 ]
[114 -762 217 771 -476 1032 -30 825 -918 -638 1725 649 132 294 -1139 15 -1134 186 -408 -439 -605 276 -462 291 354 609 -414 -103 766 -582 922 892 988 -1112 -301 712 829 214 3 592 1424 561 245 87 268 676 112 -121 863 34 196 -466 -495 919 79 -138 523 246 74 114 -48 669 175 557 -362 446 -412 -49 839 21 1203 267 -656 -753 92 -721 -669 671 311 584 -214 411 239 697 1443 -655 382 484 -1072 706 264 -93 -192 324 712 -78 637 -146 398 -630 273 -368 222 -549 441 -1022 -146 701 250 1011 1347 -15 -1126 -1470 299 -279 797 42 -675 -541 -6 -583 -28 -1358 -457 247 -130 -1188 618 328 134 767 -1286 -399 -112 ]
[615 105 1688 -681 590 1342 -361 -186 -892 207 271 -417 276 -111 -1935 636 -1136 -76 740 -380 -255 -159 112 -448 268 -51 1059 -530 -311 -728 109 1115 133 1465 -99 -166 971 181 -572 230 -1465 112 466 -757 88 406 558 -12 -338 142 51 -53 -474 926 -103 -495 -250 1054 178 41 -2366 -259 -6 -359 -85 7 -415 -532 189 72 -422 193 411 -80 -235 -1013 927 -967 283 876 -33 -355 958 94 812 583 302 -938 -1109 876 118 -81 587 99 -205 -274 141 887 -434 409 570 -404 477 -770 730 1715 339 1670 608 -484 402 -750 -1149 -543 1398 1135 -613 -401 530 364 -99 616 179 660 -640 123 -1612 -157 -51 -459 -379 -385 -1085 -1059 -1173 ]
[88 1207 -224 -372 86 -736 37 -380 732 165 75 462 9 -427 495 910 381 -929 312 -210 300 -441 -354 285 162 467 405 839 248 22 -369 -32 -407 34 -943 -991 83 648 143 -952 215 -68 -106 -535 -767 -291 -437 -179 -647 -473 263 840 390 -52 560 -677 265 752 1198 1048 -362 130 -655 169 499 1026 207 -805 159 471 244 133 -109 -91 42 474 -1185 -629 -52 973 366 173 76 -400 -463 -188 -838 -710 -919 -652 -450 -173 499 -629 -23 -383 844 416 461 388 84 -416 -75 473 579 28 -762 -544 1105 -577 -654 395 733 -220 12 -383 246 522 -761 193 -1101 1441 -740 330 -261 501 71 -598 459 20 72 233 -268 872 -758 ]
[-582 88 -577 757 344 333 643 -756 64 -1349 -198 -888 275 -1106 304 -952 140 -883 580 256 20 -199 1114 -18 393 -465 -1577 427 115 -1017 185 -820 -603 170 -1517 466 1316 -773 160 469 840 -312 63 111 -78 -555 1156 -461 -170 51 -88 1456 2218 146 1695 1174 -48 -74 258 -65 1432 8 725 132 -181 244 -818 -46 376 8 -118 -1552 252 -1052 281 39 261 -505 -124 311 314 -943 690 733 -1072 -252 -66 337 67 -281 1355 -856 -274 784 41 197 -618 -897 -1483 -1045 -198 563 12 -257 -1343 -71 -372 208 181 282 815 -584 316 -513 -14 -549 -645 -734 -294 -16 531 412 -296 -125 642 -113 1179 -893 -139 -714 -819 -835 867 -521 987 ]
[-427 631 722 237 -335 -597 566 128 250 708 -470 -130 -136 551 -257 -585 -718 -283 951 -326 -771 840 -331 438 -118 -43 804 -311 412 516 -434 -331 734 78 -39 -362 174 1061 -586 -43 -675 -478 453 713 784 -98 -70 552 263 -1050 1363 -986 -239 -370 -1382 -333 169 65 497 -418 -192 197 -437 -24 1747 -704 513 915 704 -446 -532 370 -937 12 -417 -556 1540 695 -907 175 158 760 -130 19 879 -1011 -590 -153 62 215 -639 -206 -613 -1244 850 -387 551 -392 -578 -61 -678 -1118 493 253 160 -824 42 -1035 -277 494 353 -150 -28 58 -442 172 -426 -1006 -1089 278 863 -987 -56 -597 -575 355 -808 629 347 -948 375 -42 -576 -291 1042 ]
[-1137 989 -502 83 -81 -178 601 -275 1318 596 -1342 -22 -71 573 602 122 838 -220 -981 -85 -464 -99 -597 280 -175 619 482 1006 -489 -486 -886 -337 1171 -693 -711 -643 -504 389 90 -488 1134 52 236 -319 565 91 570 -238 -419 -209 9 -110 -20 181 -232 -415 133 -218 454 906 1341 -1416 -945 198 521 -1224 1147 427 -408 240 -352 -26 210 75 -482 725 -35 338 -101 169 15 251 -125 814 -119 557 129 588 -575 -826 -383 -393 -594 -1568 -399 -880 410 -275 -1127 -567 -432 -68 137 809 -1086 -283 696 -244 -193 68 -324 249 783 498 -1000 -1104 700 -279 590 -503 -386 386 -708 -636 535 1740 73 -199 -184 799 -38 -1733 1233 1199 462 ]
[860 137 105 -568 -668 -362 933 627 606 805 147 110 -408 383 104 167 -1493 649 -663 -580 377 217 -266 -1381 -1044 -1027 451 1156 42 -821 898 840 -956 -1388 -588 -382 -196 -966 -745 -707 658 232 173 312 194 -97 -659 -332 -1076 26 -397 -342 471 459 624 490 -806 9 509 1246 -138 273 -190 334 66 287 -624 -320 -717 313 -332 192 1635 -980 295 741 183 -200 -796 -1163 -391 1344 15 173 592 685 270 1367 641 788 367 443 145 -495 -491 -270 317 675 962 336 2032 123 115 1129 -254 -1368 614 -647 7 -285 595 305 1154 -527 -333 281 -788 297 -2 -450 -361 692 74 -597 -432 -18 -1068 -1372 -347 1985 -883 524 507 -515 906 ]
[602 -108 97 -621 -55 1320 529 -142 -293 -806 -487 -1480 76 -319 1296 -967 -255 590 582 55 -42 -337 38 -144 -639 702 -22 -424 44 -417 -208 60 -759 479 1009 350 217 -374 -340 180 -288 36 -250 352 536 -497 723 -220 -230 755 875 364 200 -180 199 1844 -494 -1770 -371 -563 656 -970 1496 126 -18 -12 17 1027 610 -41 609 272 555 1427 -828 -623 -235 -251 -39 -101 -39 1450 313 -481 -723 1069 602 699 2488 -124 981 -252 666 385 -343 -1547 -738 -106 -496 556 820 944 -15 -251 -1065 -1005 463 -280 -469 719 677 350 -563 153 -439 715 -758 -661 333 -311 294 737 175 330 820 -109 -1244 146 309 700 1244 -598 -268 -75 232 ]
[467 -287 -344 -182 -451 -534 -874 891 -95 23 310 463 563 -428 24 -371 192 -191 178 738 1295 140 -17 439 -688 477 137 -557 516 -640 -672 -150 441 856 855 -71 677 327 1049 -23 -489 1787 602 331 606 -14 216 141 -154 247 -365 68 -1474 -588 -375 64 -735 1353 -708 -849 459 -606 -14 525 592 518 -1163 -885 -692 1321 25 -64 810 197 353 -601 -360 118 -97 318 176 -95 108 -234 139 417 -1103 660 1353 -646 -885 -519 1002 84 -516 556 -278 554 -9 1080 58 -33 -932 -82 903 -540 417 638 568 -129 -767 -983 1416 248 1137 437 -422 -58 148 537 -243 1294 -505 -703 -119 -537 -1277 243 -1570 129 1088 463 -32 -87 270 ]
[-710 255 -615 249 404 132 -685 -141 -1014 184 735 -38 842 -1089 -369 -165 -299 -32 882 -525 -303 -429 -147 1259 -1475 1288 -46 544 766 222 -1110 252 289 298 1287 222 488 26 919 735 -803 -31 833 398 295 -622 19 732 -24 0 646 -980 -61 -130 0 352 27 440 357 82 -329 814 -1 -96 652 243 -294 -466 53 -200 69 -1112 -1152 189 -41 -1411 370 -352 -214 1965 -143 -451 -26 364 -260 231 -737 454 137 430 -109 -43 503 -184 1291 -395 91 217 -731 660 25 -760 -808 -748 29 150 645 -321 533 920 -236 300 728 -173 220 -573 -236 -222 -1095 -488 -266 49 -560 -440 -132 -315 -1084 160 -223 -455 43 -224 286 102 -617 ]
[187 -354 -329 177 756 -193 -589 -969 -52 578 35 -396 452 -215 10 -241 443 -552 -537 -806 -316 -1207 -101 440 -130 -74 -1911 -885 308 421 -10 862 -212 2228 79 975 414 -360 -319 -198 -772 621 429 175 49 1070 -41 793 495 -193 356 1571 -76 -395 96 423 -456 -855 -661 347 248 645 1271 273 -804 -535 308 -1089 253 -1191 -311 239 716 971 311 -8 676 55 300 158 -236 -1151 283 427 100 -203 -215 -1371 476 686 -122 -211 -522 727 425 531 -537 281 -57 -472 -631 539 -614 -333 245 1111 -858 393 759 48 -291 779 -1367 1003 -1005 -572 -1094 -335 -719 606 -672 319 -323 1056 281 -154 -116 556 -655 -1779 549 276 212 433 -512 ]
[268 -263 143 -243 12 579 -216 -158 24 25 -87 -863 -378 545 294 471 -930 152 685 -128 184 195 0 -381 -364 -84 85 318 252 719 1711 -411 59 -916 -175 -318 -781 -500 -202 -414 -100 -702 172 -204 640 752 891 47 -37 -562 146 943 -151 -381 -612 -714 -667 -463 29 -17 21 -238 -64 -782 221 -409 1544 307 -682 -651 253 1088 357 -434 -219 -401 -180 -225 -158 -305 167 894 1135 -319 99 -452 607 -421 739 360 744 274 162 -453 722 345 -175 -224 951 -930 128 69 -434 47 -745 -357 -88 217 -602 -401 322 456 -97 72 -1392 -45 -889 278 -1005 760 -110 -537 1085 183 -493 77 4 -913 -432 562 462 574 -552 103 -715 ]
[531 -1421 297 1668 709 704 -381 736 -822 -459 1067 1353 -84 -1240 35 -200 437 -9 580 -400 695 -1071 -694 392 239 784 449 -464 -320 -497 410 -668 126 -196 375 884 584 86 -636 689 280 20 169 -21 515 187 -19 834 338 826 652 -249 -163 -889 -550 210 504 44 -560 -1042 -499 663 403 303 279 -642 -104 -24 100 -387 523 647 -105 292 -203 -254 -295 -47 -7 -488 1031 -308 154 357 -773 308 -56 -91 -335 -772 -303 288 1042 -841 780 954 -388 -251 38 940 831 820 -981 237 360 601 15 -608 179 -1008 -352 114 -595 -370 694 951 819 230 -411 966 -316 -360 -23 21 -250 -599 -342 707 -341 -70 711 1189 44 693 440 ]
[221 65 355 191 -5 -346 -1013 277 -277 -429 -393 -565 -863 1141 -470 -473 1062 1206 635 -52 -318 1128 -459 718 760 851 1016 841 1231 153 858 -1160 691 -967 690 -496 -1 988 1343 811 198 -1573 -623 295 638 -237 157 269 196 -513 893 -667 677 -226 -47 -277 351 -96 316 -568 151 192 -812 449 391 131 257 1259 447 61 -308 -42 -1023 -179 -437 158 -391 368 -701 440 636 1005 -218 -1477 196 -260 388 445 -390 -688 -1208 -372 411 -822 -458 833 503 -1044 -1290 76 -235 227 118 1052 -761 1031 1010 487 562 1033 -1114 -500 783 -123 197 -414 119 -340 -72 149 72 -876 144 -491 401 -289 272 52 -285 644 429 -49 200 523 -335 ]
[-431 31 -858 129 -1048 -745 -447 -397 114 1029 -587 224 -1114 -457 -152 358 301 -211 -786 -962 68 -144 -899 876 -580 -179 -497 376 -272 392 -942 -579 563 909 344 26 162 -178 196 -40 518 -383 71 142 516 494 -366 -761 -116 196 -71 1340 145 -297 613 -21 -437 -237 417 -223 297 -74 434 872 -867 204 524 -474 353 -1215 572 -577 -191 714 -352 38 115 -281 78 271 -323 -536 -892 145 -191 -411 -31 -854 774 1163 424 73 603 509 128 348 -330 1382 -489 -179 -972 -1127 -325 331 1351 1098 -1068 116 53 98 -730 164 -21 -189 83 -217 -525 67 273 573 -906 189 1254 3 776 706 -1202 -473 114 -77 -301 -162 1336 -90 -658 ]
[-687 815 11 646 251 -1261 1522 -149 -616 769 -121 -422 773 497 -53 64 454 735 82 344 -448 314 240 222 -51 670 746 -677 1304 235 -287 -787 673 71 618 16 -715 1342 237 621 -1257 846 178 -369 338 125 -532 749 446 -1391 433 -870 -288 -122 -900 338 535 -873 -41 555 -890 -311 -493 -225 378 680 -88 661 549 845 -273 201 -708 -960 455 -1229 1318 -584 -181 302 -1206 -928 -1034 860 109 1272 -305 787 -846 -169 -725 -347 -1081 -47 -152 940 381 -431 -381 966 -775 -870 468 720 -262 -105 -9 -815 442 38 -436 -463 -439 200 1421 438 35 -110 324 -213 95 254 182 -229 220 25 -747 437 444 -1245 177 -662 -718 425 -810 ]
[-386 3 86 150 33 -1576 1440 -407 -347 696 215 224 -150 -414 461 1061 -162 6 452 -276 3 -721 630 -370 54 624 618 -506 889 682 -925 513 1170 565 447 -56 -322 614 -1070 -657 -86 866 -271 -1364 411 228 -757 -5 327 -617 -195 -652 77 -71 -32 -170 113 -157 341 118 913 -718 110 -861 -401 916 400 -367 -112 974 257 491 -888 -1050 1004 235 -674 -947 359 505 628 964 -744 70 -454 342 -392 124 -715 -111 114 42 -425 518 -411 1301 -345 -510 231 533 -901 2 -436 -322 156 -405 -183 411 554 -395 -828 -730 300 709 -34 694 576 494 521 756 -799 -239 -802 100 78 317 31 123 -304 -776 46 350 -747 -526 -371 ]
[-423 -949 -34 -494 -359 408 -1049 1372 -112 703 -572 -348 -972 630 268 134 -491 -1005 -1815 -563 58 15 -763 -1223 -24 -789 -702 -746 208 -521 620 1443 1281 -782 -262 1208 -1037 -300 -1164 -2024 -340 -1348 794 -421 -13 -298 -578 30 1124 184 602 283 517 -157 -609 -24 -487 -796 103 1018 139 113 -762 7 -340 -323 241 691 -167 -147 -1143 1241 1281 501 367 888 -117 709 -103 -1456 -463 894 -12 674 210 677 450 -436 305 346 -470 611 743 -116 -121 -85 -42 -1010 463 373 433 -438 18 1159 595 -504 58 -273 -414 -319 -779 649 -1542 -317 181 -291 956 212 -1297 -607 -518 -205 -86 -84 -410 -933 363 209 156 553 910 932 -854 511 -431 ]
[131 -540 1205 160 -152 -355 -1534 52 -254 335 175 -382 -158 515 -53 796 -429 -648 -179 730 973 85 -532 -342 -1360 -416 127 147 117 453 -430 1346 825 -91 97 179 192 183 -220 -1512 -157 495 70 -555 -68 -256 -545 -515 -461 1427 442 710 -720 485 -295 -906 -1287 -1048 40 155 -415 -214 -345 224 -448 -12 -799 -30 -543 -1390 395 277 -70 -279 27 -928 -252 -1169 -323 -353 -1212 258 -562 -572 -964 565 -421 -1162 264 627 600 934 12 394 -835 343 9 429 662 387 -403 -829 -1089 -433 -368 -877 -369 317 -749 244 498 1387 293 -80 -262 -939 570 372 -748 -546 -1307 224 298 -127 -868 23 -48 -532 -554 -2 -174 70 -86 169 -855 ]
[-619 210 -101 -522 228 526 489 423 498 563 -118 182 1134 -1224 -347 -200 -706 -329 900 247 -12 -262 574 -1259 105 -1055 -777 3 737 385 -821 1445 -1178 707 -34 -326 -363 -742 -1392 -565 -306 73 36 -586 -948 163 514 -475 -213 -293 -418 -24 -686 1119 -715 -145 159 -960 -274 1134 241 379 -278 -858 641 -123 540 93 308 401 -37 -517 -46 945 445 304 706 -974 -108 186 -1020 -6 -243 1500 390 -790 27 716 -851 413 954 -114 -453 521 1287 -1762 896 -165 -381 76 503 -932 -274 -970 101 -391 -582 -308 -998 -519 192 174 -405 -171 -341 -67 -1051 -494 -853 -123 -491 138 -137 526 -455 315 209 -356 1433 -30 -842 -171 524 912 289 ]
[-528 -221 -365 -83 172 -396 -1103 781 39 18 -577 211 1304 -200 -365 -945 208 1082 547 -777 617 581 -206 -836 -606 -546 364 -213 840 196 946 -176 -287 876 731 232 -382 -66 -244 -99 -1846 -761 -723 -589 -574 -133 -707 -5 961 -104 590 -282 283 -289 -765 459 687 -1014 90 931 231 280 -1560 -224 419 563 -945 -588 -237 548 806 -694 185 891 -1391 596 1094 -1106 126 74 184 -511 -174 -302 915 216 -407 1159 -340 -320 -543 -539 610 280 815 -1093 718 -113 -463 28 283 -1377 -718 72 686 593 1319 -220 428 -17 -424 -1004 -229 227 118 100 336 -329 -1373 -133 421 -617 -424 339 -506 -962 -36 -381 364 153 362 51 -100 783 -126 ]
[-1508 933 -62 -182 -369 298 -549 289 511 -678 -110 -374 -402 -606 453 485 1433 -1035 -1966 385 437 -531 -473 700 513 894 -733 29 -1018 869 -858 -24 266 -295 -152 -1110 -1100 -1105 889 -160 745 983 194 661 -585 50 -122 400 502 141 -1508 578 -767 -908 330 -845 476 869 -367 -555 452 -730 1155 -12 679 -632 187 -629 -449 -671 -163 237 124 1059 341 75 -848 640 70 152 -413 -473 200 685 -360 719 111 -748 743 -1239 -817 544 -367 -331 892 -838 267 -87 531 -1116 -406 527 -103 -563 -237 -827 -468 -1022 -514 -819 226 407 -636 218 118 -266 642 810 1907 399 418 -117 -222 -222 421 878 404 94 147 321 83 -113 740 671 610 ]
[-448 -458 -1383 -448 -525 -112 -1406 139 -438 49 -1614 172 -704 771 648 -597 984 1482 40 712 -268 330 -73 -333 444 403 -514 1406 827 -449 249 -991 410 -60 1692 -404 -62 568 -988 -704 235 -2854 -427 -664 818 -413 380 -866 -408 21 363 145 275 -284 -1339 570 674 -649 -330 183 1571 -318 -663 1158 307 293 289 655 312 671 216 -831 21 1219 -691 1096 -14 894 -204 -328 -288 -211 92 -1261 6 -1242 22 1946 -1198 194 -147 -1028 -151 434 -422 355 782 -1437 -721 205 -94 63 -110 466 -764 41 -362 -54 -1157 479 -231 -526 -621 -128 56 -937 293 490 -1919 97 -1062 -1132 400 -447 153 340 513 263 -1564 -318 325 -248 679 1004 86 ]
[193 -850 27 -52 -412 672 197 209 -719 -1260 488 -162 213 -11 -271 -354 328 -781 611 -9 -683 -194 -245 1029 -116 275 -59 9 785 511 581 948 -249 -136 -732 553 -711 -112 811 -247 -290 1750 -239 -585 -506 64 -522 -5 -291 1473 904 -1170 -666 913 566 -258 -679 -674 -389 911 -916 428 1070 663 -526 682 -201 485 394 -519 1135 -391 -652 591 1179 -899 -251 884 513 -400 -108 161 -231 444 352 -476 117 -76 31 293 -813 732 -847 880 772 -388 384 1696 652 197 -509 -360 -981 -445 -37 123 -1007 -842 767 -184 837 607 -430 702 802 337 -209 452 206 -885 49 -460 -245 -550 -527 -330 927 192 792 -616 -96 725 -1062 420 -369 ]
[-356 223 96 241 107 -328 -384 286 -415 -895 -428 -373 379 -31 -16 183 -78 -563 110 -481 61 -438 262 255 315 -434 661 221 -858 1050 542 -706 1210 -817 -92 45 -425 1211 -265 -645 -711 343 42 223 520 438 -479 492 201 1125 -562 -471 -543 -88 7 -1623 1247 -333 637 -595 -303 628 288 -211 390 -237 -43 -481 -116 -1223 670 337 -1228 -1012 1043 197 210 698 -780 1443 441 154 261 -175 1017 -2088 -595 -1575 -460 -343 7 135 -531 -179 -125 -625 -39 613 626 -1047 -470 -133 -542 -674 -163 -1255 -207 118 23 -592 889 896 -375 -122 -250 -328 561 846 -89 -371 315 -314 -420 -994 -70 328 1714 -887 642 -860 -376 327 -629 -1030 216 ]
[197 507 227 683 -1435 129 59 506 -99 474 -235 289 -781 -80 -373 -853 -631 5 -596 -75 285 454 -435 389 128 89 790 -357 -334 469 -418 26 -171 12 969 218 140 194 213 692 -13 -393 -315 1727 1461 19 628 356 169 482 549 -1308 -634 -323 -932 137 -1026 -450 -454 -1865 111 148 -125 663 1181 -982 -218 303 -562 -510 -262 816 -330 -219 1029 -875 743 -444 -1513 264 -705 446 433 1212 690 -452 667 -60 210 27 -115 -490 867 -1809 -81 749 369 -806 -384 13 81 -572 247 -84 -926 -494 148 -350 -492 433 -677 -443 -511 -789 79 -388 675 -1872 -1030 244 17 -179 -111 -288 -1102 -106 -273 -307 -858 -238 -1643 71 857 191 966 ]
[19 -44 -768 -1243 -1456 1352 467 1190 355 376 -57 41 425 -157 -8 -508 -503 -432 -49 173 -162 582 1683 1090 219 550 157 -1115 -225 443 -325 -1543 22 367 724 1 131 1123 1080 -420 -1348 544 536 975 596 885 1449 -593 -583 561 -651 -146 -1494 -156 -1249 360 858 904 -119 -566 1 536 403 -241 563 68 8 -611 120 721 1201 1093 333 -1148 223 210 111 884 233 813 -1581 931 -204 -105 1019 -700 -1157 -761 1969 351 576 -610 760 -104 -599 -358 -657 381 1248 612 -369 -723 283 98 513 -380 159 910 212 -822 83 -61 821 755 -471 -595 -884 -1205 310 720 571 234 696 -954 -428 -96 -515 -261 -602 -840 -300 -443 -862 302 -550 ]
[-304 251 -425 -440 -565 530 -52 194 914 651 -267 -613 -563 101 267 234 -47 -361 -405 -373 465 168 -107 1014 848 472 -800 -959 -842 60 413 -24 307 789 -823 -574 -1042 500 -139 -287 -440 -1162 -7 -312 787 301 281 -742 31 612 775 469 119 -676 -512 -558 -614 1056 -346 -225 8 -753 -473 33 1089 407 239 223 -422 -40 -323 677 -602 1083 -528 455 494 940 34 -744 298 228 47 -133 85 -146 440 -709 -555 224 -664 401 -399 -24 674 456 594 -774 633 -520 -517 378 1111 -172 461 -437 -1308 250 1105 -57 -123 -794 -115 -1297 386 371 -255 196 -516 1421 891 264 -568 -464 -1123 1072 887 205 -311 -1805 77 -216 -817 -231 27 ]
[-1478 -148 41 1162 -666 -982 -67 481 19 379 78 1262 -505 -125 -446 1310 776 -255 115 -381 607 -561 62 1143 419 822 -112 125 529 273 -236 -976 1345 -1433 -59 -666 -537 -90 605 -13 362 488 -789 613 -335 -1449 -504 -337 664 -855 -1018 -785 116 109 97 -65 907 495 404 -24 93 -1299 -216 -36 -806 14 -1495 -752 765 1108 1257 -688 -1238 -715 180 -329 -78 -1005 1036 1007 739 -943 -269 -157 78 23 -828 471 -822 -483 -791 405 281 -192 836 274 -796 794 -442 146 -1001 -681 -1120 -261 -129 732 1369 -945 235 -883 -752 -1210 -178 128 -94 8 732 1557 532 52 -605 -369 -294 -569 -36 -912 -1155 -867 -909 928 -633 543 -259 366 231 ]
[-853 -66 467 854 -295 -60 350 -257 -164 -44 -586 209 298 276 1033 323 -32 -623 430 -113 465 -388 -111 456 360 818 306 -942 53 1267 -838 -457 223 337 -16 -1110 -123 -455 -65 261 713 741 -344 -190 -586 -110 -79 -800 -281 -180 75 960 -1176 -262 -162 529 -523 176 144 -1474 354 -811 777 -885 -340 -729 1121 989 -635 88 446 185 -1025 137 -326 -201 -902 709 -1142 149 1385 195 -192 -985 -700 647 359 90 -191 295 954 1046 396 -599 -223 1459 -184 -531 -435 546 -83 637 -446 -860 573 432 828 1073 506 -721 -728 1090 1084 -610 95 322 393 150 1341 820 -1036 1133 858 844 -161 1187 -349 -692 -69 520 682 -1497 -189 133 787 ]
[937 216 1038 -297 659 413 56 -153 328 1057 -622 73 -90 1364 -634 888 -57 -781 690 131 568 300 80 741 -522 425 511 -826 358 214 -517 -708 778 184 264 26 -7 683 -1046 -530 -1877 42 750 -197 -661 -401 467 88 -4 71 1086 933 -1122 346 -696 -66 -123 -494 -406 572 -1323 54 -810 58 -412 -692 1724 935 -91 -529 -380 1373 -553 209 -1243 -494 322 336 -403 86 -382 62 326 -353 -234 -202 54 -162 -862 -574 435 589 392 -171 -301 -904 -1071 -494 710 618 -826 -743 101 -259 -605 918 413 1336 -309 84 -590 1035 184 390 -839 369 -792 -289 -772 -657 -165 253 431 598 84 -307 134 552 840 -205 1261 -156 -1637 512 -989 ]
[576 42 1077 -1326 -566 704 693 436 -1158 -210 1335 95 1 833 -85 -1301 -588 -510 -12 931 474 170 -426 -64 9 -440 -410 -1147 661 478 649 -754 -178 -1040 -755 398 1014 506 1159 603 57 -471 1078 1393 -207 87 799 11 -405 166 407 -55 -621 -430 -477 -30 -687 685 191 -1216 -357 119 -261 -864 290 -99 -407 531 -240 109 -415 -1102 -659 -715 -554 -385 856 9 -724 185 -822 -630 -646 -339 -104 756 496 -628 1715 325 349 8 259 108 631 771 -398 -584 523 389 218 -1119 281 -135 -79 -93 -1086 1488 228 634 705 -22 1157 -170 250 -1297 -517 -1108 201 1028 681 -698 619 -1166 -117 -418 -208 -641 -180 -501 -1065 -874 4 15 -282 ]
[152 -155 246 -62 -348 244 18 -509 -69 30 1213 -444 725 -505 253 -211 1049 47 -889 -685 265 4 783 411 -408 624 224 534 -1150 608 124 -567 224 -117 342 559 508 600 99 -1137 -125 456 155 1095 -370 -791 -214 665 472 187 194 -1574 -561 -261 311 -341 -353 -1057 522 191 731 382 -529 733 -794 -409 568 -168 153 -1029 -881 -101 184 -521 459 497 194 686 -931 -4 -754 -857 357 498 280 -177 -270 -1435 374 388 -172 -462 -111 -1308 391 -216 359 646 -420 -301 -15 11 -774 -11 -806 958 881 -1109 -302 1109 361 865 445 955 -483 -1370 161 660 753 -474 -479 -609 -466 -1071 -65 891 430 926 -367 -934 -414 -29 251 498 -121 ]
[-172 155 -90 635 -849 -714 1 -142 1378 345 -259 698 -449 -58 523 768 352 -156 -870 -473 -378 -1132 634 493 -34 404 227 371 -52 -295 -1082 190 238 643 32 -314 -465 -517 423 1015 -376 836 -183 515 -57 354 58 541 781 -772 -808 -1402 870 -175 290 -202 646 445 322 1261 202 -360 -38 68 903 -520 80 -1037 621 1229 -40 145 458 47 2024 -408 249 -410 685 1208 -829 -904 684 1748 726 -698 -972 -244 -314 -1329 -1068 -3 -643 101 -103 52 -163 -452 -1112 -321 -644 333 692 111 -579 347 807 -1312 747 -391 325 -851 -95 121 343 261 250 10 -70 377 422 860 -893 -74 -247 -996 129 649 -451 -414 -1139 198 841 804 394 ]
[-900 -1249 739 -775 704 660 -1586 707 38 638 -352 432 -682 268 623 -174 -108 -903 -538 -360 1420 182 -123 134 -717 -74 -469 -463 -8 291 21 1131 -107 -249 752 -2 -363 -587 -573 -44 204 -679 50 58 -187 146 170 -206 -187 373 852 -176 -382 -573 -854 -690 -593 499 -200 -27 -12 103 -149 -785 651 -630 1063 -28 -640 -221 403 311 -1174 711 -144 5 -421 -218 -176 117 482 1248 -235 -955 -361 260 -218 74 8 726 -169 1377 348 -337 756 1151 -738 -901 860 625 -224 762 0 -388 935 -501 -291 1218 -147 -104 -946 867 132 -837 196 -866 362 552 -1351 965 -443 42 -148 -29 -825 -417 -122 433 -932 265 10 -237 -409 879 -735 ]
[-296 -414 1044 -1732 -584 1029 19 -404 58 109 507 562 355 261 692 867 779 -860 -752 -80 -699 -595 -336 304 930 952 -810 -143 -617 134 -572 -55 1938 -1637 -581 -364 43 879 -607 510 -177 456 1080 161 227 -1016 1478 368 23 94 556 -587 -562 -285 280 -876 898 1297 574 635 -518 111 -411 -331 766 -329 476 -305 257 -153 1051 -748 -701 -458 -697 214 409 853 636 721 597 551 -151 284 -673 -1339 48 -1071 -835 -184 185 130 453 -1241 2025 -786 -759 -64 876 -442 -391 -233 -222 -430 -729 53 -302 -56 701 14 693 471 -1328 959 -727 -405 -59 1295 782 -4 -184 36 -133 -459 344 1107 279 27 -209 728 -1360 -304 -664 -341 -21 ]
[259 972 -815 121 274 407 931 -344 -342 87 282 82 -781 -293 -283 835 239 1028 -614 -1333 -88 -440 -834 -901 -39 83 270 406 -616 -482 -686 499 -1007 393 1024 110 -61 -917 -1004 210 350 -1602 12 -340 -59 -664 -453 -867 372 -538 789 240 135 -174 -1129 -944 -573 -536 -77 -348 98 298 -468 -215 -818 331 393 -133 169 37 -201 -978 -30 704 -896 3 -744 -711 -184 22 72 237 452 -698 230 569 1095 1006 -66 635 -314 -558 287 -13 350 -542 139 -692 -8 240 208 575 144 291 681 161 -963 770 -1224 642 -937 -914 -446 -686 329 -238 514 -316 -374 474 -705 -727 -316 682 652 -20 107 -243 747 271 -490 124 724 228 -1372 ]
[28 577 32 151 48 -368 874 -199 490 -129 346 79 600 -218 -566 -505 117 -111 1263 -488 198 71 493 -338 120 -338 -664 380 386 140 20 -248 157 209 -961 220 -80 559 -148 1266 -274 1147 -479 -271 -1005 -701 319 -865 67 276 -82 -13 163 438 233 -1109 294 492 162 -284 -138 774 -671 -972 608 -189 231 -214 353 -29 671 -1993 -1738 -1088 684 -261 -357 -841 65 315 959 474 -288 -156 185 -1453 -152 229 -379 641 -319 -223 -258 198 409 -238 -304 -172 107 -592 51 -91 30 -410 559 -74 -1747 249 -448 753 1208 -518 403 -760 -365 -177 -780 -111 507 145 1249 -294 721 -304 -340 -425 130 -425 1595 -610 -787 -48 410 -1089 -299 ]
[337 -826 625 -1302 -273 1104 -1152 357 713 436 351 176 -1111 437 262 -326 -769 -112 -345 951 530 173 -951 199 476 217 436 -790 4 295 406 613 -9 -62 18 440 -28 444 -15 -121 508 -977 -494 -231 1168 443 1489 -497 -466 1428 675 699 -370 223 -864 -291 -340 251 -516 -494 -193 -699 -12 34 261 -110 351 44 -131 -50 -83 1159 384 929 -705 113 -136 -849 115 -323 247 947 -159 -649 -132 55 476 -462 131 98 -442 -32 524 -227 400 948 563 -479 1367 958 58 344 761 -264 -55 -722 -882 335 -773 -590 -500 -889 -818 -64 237 -428 1335 -714 -910 886 -150 -1055 -261 617 -1147 -472 301 571 -893 576 -20 317 -1024 819 50 ]
[1458 -1092 106 -1069 41 245 29 550 127 -162 158 650 874 1110 836 -80 174 -39 -331 1471 648 884 -26 -464 164 -662 -463 -709 -553 166 754 -516 -138 -264 82 751 161 621 -816 -115 -331 103 -792 970 -537 1090 658 -429 -288 1150 -436 -114 -1029 792 -49 904 -642 -799 -609 -119 312 -598 544 286 -644 -1098 -1040 -805 994 149 868 630 865 -684 -133 -126 -211 117 347 -584 -272 57 -365 -769 -135 -532 -736 10 563 -616 430 -841 1070 1322 -1886 127 -1247 464 620 768 -621 687 -368 -474 -66 732 692 964 -227 102 239 45 81 1446 -851 -456 -205 4 -168 -587 631 479 195 605 -239 -641 482 -669 -1176 -454 -471 132 -495 -978 143 ]
[-1227 1003 -341 -460 324 -151 314 -795 240 950 -1264 451 11 -187 798 900 595 -343 127 -749 -426 -792 185 372 -1098 -269 -264 699 -247 702 -93 -1173 845 -503 -27 -200 -639 8 -979 -365 -50 751 78 -75 -454 -401 -65 -21 -465 119 534 123 76 251 154 -238 338 84 19 714 -309 -293 687 297 -104 -391 903 -27 191 -869 1108 -290 -687 -179 -597 -516 760 67 299 579 -187 -642 -871 725 -873 -702 257 232 -404 176 1119 923 -805 164 525 -722 -321 -113 -377 -335 -238 -536 -706 -408 -1424 250 -373 -769 18 -707 273 1028 -53 869 -1455 51 -1531 471 20 -237 -920 263 -10 -414 564 921 -429 643 617 317 76 -1336 -320 613 799 ]
[314 -8 335 62 79 -1510 -390 -1065 39 -890 306 853 309 -124 845 592 920 33 -536 405 651 268 -71 -95 -587 -196 43 887 -100 -121 -288 -155 -1344 -107 -929 -312 429 -543 1129 1002 946 1411 -546 552 -282 -278 248 380 -1126 -846 -173 -264 394 -51 972 428 -218 693 451 228 -566 -307 465 174 250 321 -80 -748 -389 134 673 -925 -333 52 615 -800 -599 -988 102 4 1229 -117 -24 631 -1374 370 -117 110 -576 -398 340 434 584 -470 137 299 336 1206 -469 -670 63 520 -332 310 -89 336 -398 -347 -47 -281 -373 632 1140 943 398 -533 -413 585 734 -222 -180 1283 10 -288 584 190 83 -174 -1313 938 -736 -320 1489 103 -152 ]
[1067 -618 939 510 88 670 -918 -33 1133 -630 -256 -455 -172 192 -201 -233 813 -369 -706 162 1159 -308 568 664 17 119 -730 -399 -100 -969 -550 -541 716 549 -166 663 653 367 -284 -479 -282 213 -320 651 221 -489 135 -44 -287 490 808 1294 253 -287 46 110 -423 -378 -1147 -641 1336 76 17 539 -820 -1309 -508 -120 601 -722 22 -262 -463 179 -653 -566 -92 262 1160 -499 405 549 1208 -343 -1045 -866 720 -1562 329 -836 164 236 712 -550 -153 32 -575 -369 -184 -806 -1298 440 908 107 376 -120 -121 350 -325 1011 -219 -169 223 437 -336 -786 194 -246 -911 -123 206 76 -947 -104 166 -506 383 324 -519 -369 1051 696 -35 -1390 920 ]
[734 -890 -264 182 -262 -74 -153 1079 -737 -773 -975 555 -185 1799 980 41 71 -67 814 -32 599 -264 -892 -195 767 204 253 76 924 -178 -87 -977 420 -660 -234 940 518 1001 386 -228 634 -511 -289 -927 135 607 -144 -99 33 870 -317 614 -208 -497 272 31 527 -94 678 -2 105 -908 -74 255 106 -276 -175 784 -1074 448 -745 -381 185 -109 -302 1041 560 893 -1131 -485 1857 921 123 -861 1007 -106 -188 237 -1081 231 454 70 -754 -220 -519 889 -191 -164 807 509 92 47 180 900 623 -789 -218 139 28 -390 564 -233 98 -20 -632 947 514 -230 467 760 724 -773 614 -430 211 59 667 -651 -92 -286 515 -36 159 -363 98 ]
[-397 293 -846 -1 -869 865 1135 356 51 -325 676 170 -753 704 -606 81 -590 -46 -139 -26 -650 -669 -305 46 464 376 -122 419 -639 417 -351 952 -266 -691 -654 -85 -475 53 623 507 428 -67 751 97 370 1501 -211 -563 -145 557 -1346 -766 -33 585 110 -914 69 761 93 -63 -207 76 -204 -244 518 110 -1181 -478 -19 877 684 -147 -164 34 133 -53 -179 560 22 11 -985 -488 -364 1249 948 -270 210 518 -950 -114 -996 -287 -1023 1285 666 -187 436 413 1002 160 -413 253 756 -1192 578 -1568 -961 -290 488 -215 -366 -387 81 63 -35 10 552 95 -455 322 -252 -276 -695 -651 -659 1099 799 -1020 627 -665 -1311 -154 -512 261 515 ]
[105 -454 -1396 85 -1058 95 342 727 -132 -262 -87 760 190 245 1317 -78 769 -1846 1367 70 593 212 824 1178 463 -109 -445 152 -915 433 -498 -1465 364 -911 -86 893 -469 1236 -447 -508 -1389 1420 -111 440 99 -359 319 -380 -958 767 350 49 150 -724 14 523 446 -430 679 -769 123 587 187 553 -78 -1228 83 36 -270 -128 967 -274 894 -1594 1678 484 1246 637 -714 -642 -160 153 -649 426 -221 -992 -754 0 -922 -59 67 278 33 1403 -715 986 -1745 46 -783 665 -520 178 -446 504 -752 902 -803 251 241 -1051 167 -360 290 583 -51 -155 -309 -109 1050 1083 -300 -175 673 -1378 -285 329 593 -449 -21 -1197 -1868 -398 337 -113 585 ]
[731 -667 785 -772 478 449 -477 -51 328 -349 -277 -1278 409 -304 1778 -330 -117 -1033 432 491 60 -609 549 -360 -408 -541 -735 1057 53 -797 116 2 -693 -111 149 299 -122 -304 -472 -1120 -735 766 482 -598 485 -456 253 -151 -1260 1103 1218 -112 1585 -79 666 -224 -366 -1041 743 473 1164 -145 -235 -725 -953 -975 -100 -164 137 -365 -135 -930 611 112 427 -774 192 3 205 108 72 697 337 287 -1469 -172 96 -724 1448 -695 852 968 297 22 -500 -521 -956 -905 -717 -582 -750 591 -389 -160 -1138 -598 2 -282 -699 75 1376 201 236 1042 55 -1038 -533 264 59 59 75 102 -217 -338 258 -858 339 938 53 233 142 834 277 -360 -403 ]
[288 1090 -232 -14 -35 -298 -367 -1052 264 -123 134 -431 639 73 -92 -979 484 864 -678 698 -336 771 117 331 -1536 478 -65 200 82 112 187 2059 -1330 1006 295 -113 -356 -1283 1217 611 564 381 -585 -651 654 266 -465 293 -3 625 1326 834 271 -229 306 575 -1478 -1022 -574 1088 139 1062 212 66 -452 293 1035 338 -893 -109 -957 -783 100 853 679 -1455 -999 84 -196 243 417 -220 52 -388 -240 467 -317 704 822 1311 -689 348 231 -994 -241 1121 673 -362 -261 567 -124 182 -671 509 -530 -856 -521 -200 769 734 -986 581 127 -47 1434 -1090 -596 -5 -705 321 -986 1131 -24 1050 -628 -148 -216 891 -391 -778 647 -411 827 1090 -1394 ]
[-606 -429 649 47 771 -1164 -15 615 523 -1128 -387 587 -89 -150 142 1005 -88 -418 -1281 380 871 -235 317 -404 1888 -399 -636 601 -978 -586 -644 -1163 143 -208 -320 -1253 -267 457 -286 251 1417 869 -500 622 70 249 -262 -186 -992 -71 -2028 382 -583 -181 744 -766 1144 1802 -328 -230 1170 -1749 500 575 -312 -813 -1272 -1651 -386 180 542 66 -60 -39 485 -257 -676 -544 731 -114 1998 -181 412 443 469 138 -719 20 -1019 -957 544 255 530 -553 648 579 89 341 -580 -626 -591 206 693 21 455 446 1133 618 -148 -809 216 -868 -40 244 1516 778 715 1437 917 -402 644 -156 52 -850 1006 -449 -602 -756 -1037 815 522 310 945 -688 801 ]
[403 850 -827 -146 -983 -567 1056 756 -356 -125 534 828 -166 -417 -782 720 651 38 574 -1189 -220 226 -565 1031 -704 1003 607 -70 396 960 -421 51 -145 -350 -1205 709 -782 864 -44 834 -437 870 497 -61 -449 -918 -318 -382 609 -192 1034 -1841 216 274 111 405 -490 -735 381 306 -86 165 83 294 464 916 -145 -117 238 289 1076 -218 -826 -539 873 -1328 65 -848 -110 7 -526 763 -351 245 -495 110 748 710 6 8 -383 -583 32 -206 169 245 282 34 43 72 -803 328 -547 -319 -554 19 -997 -1102 245 768 -297 -956 -55 -208 706 -900 1025 288 -246 293 -490 205 -1054 -630 83 -504 7 -373 -145 843 -1165 917 -574 299 -1026 ]
[-136 1117 -1363 -1589 -670 -764 -49 -991 683 604 -1817 72 -401 326 1095 669 70 360 373 1022 -492 888 140 61 -360 -296 628 328 743 -683 -623 306 -970 933 859 -122 -894 -875 -459 -422 417 -1724 -1173 -1177 366 217 617 -814 -419 1133 60 575 438 314 199 109 -1210 -383 457 568 506 -39 -44 36 456 1078 892 -191 -864 892 30 -725 -237 470 -801 199 -1157 -343 -626 798 -397 499 -960 335 -957 -36 638 985 465 43 151 154 214 128 -1562 381 -234 -1328 -152 360 -1312 534 217 1012 -1185 -1254 -407 1304 60 390 -426 -491 1047 415 -936 -418 350 -1386 -1098 239 350 493 37 1615 68 1106 175 478 -761 -172 -484 -1288 1192 -158 -945 ]
]
