[[411 -771 455 -161 852 -422 -232 405 -72 -138 755 -190 229 82 -418 -532 -705 -180 -653 -66 -70 142 -203 -498 -487 -244 682 385 225 -759 819 253 86 -137 636 72 302 -256 325 -813 139 -476 -715 -716 212 1289 863 140 173 -76 305 -660 -320 178 425 -301 380 956 -390 -60 174 -82 -284 -364 -109 732 -727 -1231 1073 406 -209 274 457 -252 192 574 316 -237 -113 954 304 -34 174 -68 219 -329 -178 670 -622 640 117 -255 -310 144 288 -105 -11 392 -73 -761 414 -806 -357 -176 189 251 -1113 720 -877 782 340 9 -636 202 -422 578 -239 -301 -70 -65 -460 589 482 -250 -439 -63 136 594 369 -274 57 372 -301 332 -752 ]
[723 370 318 266 -136 59 -541 541 191 -288 -440 -251 176 -89 -458 -341 18 -49 -804 786 -13 340 66 -382 123 -78 -227 -295 -72 -16 372 -61 217 -63 729 -359 611 -564 521 -572 328 -618 654 -410 801 168 73 -1798 161 -102 -221 504 640 -50 -56 -187 -52 3 232 -975 76 -768 -133 -706 -248 399 387 184 190 394 -960 401 -34 -15 796 -836 228 -422 -548 1052 -520 101 30 -726 -162 697 642 263 -1051 366 17 174 181 -114 -383 -1024 -599 1148 114 -66 -452 15 -372 165 370 716 -125 383 -442 -155 -1004 -247 1395 -147 -438 144 -219 39 223 14 315 -314 613 -169 -300 -23 374 -14 464 54 -728 -508 289 698 517 ]
[-412 158 -332 -32 -275 438 323 -330 1239 4 -1037 -45 -134 298 -327 -444 -52 -378 -558 235 397 157 750 274 -379 1075 411 -260 222 138 -1081 47 -734 197 579 632 219 -190 -292 -218 -398 -517 -690 -493 -253 -1566 -162 1139 -859 -249 -95 -62 -97 432 606 231 181 -94 455 34 -71 168 257 959 302 -992 -759 -137 674 -351 73 -452 374 10 59 -220 -173 1054 83 -770 -56 -673 -485 442 -62 -289 -110 -858 1563 -240 493 123 999 359 -528 381 -48 -293 509 540 -463 206 225 -9 16 -695 -480 -209 146 -39 636 173 58 482 457 -690 216 -147 445 -501 417 72 402 485 338 -303 206 -758 -78 -114 -706 -820 1098 -389 558 ]
[417 -1160 683 493 885 -414 -589 589 -212 -375 1350 -595 319 -191 -175 685 359 250 171 -249 -770 388 -563 -603 560 -923 -241 113 -60 -708 1068 -483 546 -368 -57 -666 73 -126 -230 -207 -355 -126 525 -1294 -253 94 633 -1128 801 -139 259 269 -244 -1043 -137 139 98 125 -881 -912 790 -155 193 -1015 -655 554 440 1053 -137 342 -519 400 -563 -1012 333 -88 752 -402 241 1060 -1452 744 -267 345 -101 1394 521 -237 -1286 207 -281 -463 -213 231 398 -1202 -269 1037 240 -194 156 -522 -159 48 -35 1127 -1066 -110 -698 -71 -531 -647 433 413 447 513 139 105 472 136 -648 154 -179 -427 111 -311 -442 452 277 -858 164 664 -43 210 -287 ]
[158 1443 235 344 -375 654 -243 -219 -366 -2 -449 95 -563 -224 -208 190 -431 -275 241 1015 280 -261 -423 -56 80 -755 -828 -8 267 -91 -872 295 274 -592 94 252 326 280 979 61 1263 210 -174 484 618 373 -226 -284 649 481 475 512 484 902 -336 241 -302 329 375 569 -1139 -630 -870 -76 453 -479 120 -978 497 452 -257 233 43 512 342 413 -212 974 243 884 -165 -132 638 -162 300 236 -210 381 -34 -898 -746 -4 -450 383 -298 39 -359 366 301 235 176 79 237 -62 -49 -301 -612 347 451 -311 -806 -50 -933 -599 -1369 -461 -188 224 584 714 139 -761 -632 -42 -575 57 218 434 1196 235 -318 -541 425 434 655 ]
[-218 -694 179 503 -99 128 -880 348 -61 432 400 202 849 -232 549 176 593 521 -411 -958 215 -420 155 135 -806 -34 116 121 311 411 802 5 -790 829 308 -648 253 9 -331 37 -417 53 -24 492 -163 -461 -395 53 -432 -91 -283 -29 -226 200 -415 -28 -550 369 795 -531 -600 -86 -707 -361 548 57 51 225 -949 795 136 -1031 -82 690 -477 -207 364 -514 35 -296 1132 438 -474 -311 -156 -1175 -448 523 312 -22 1121 -189 -483 -822 722 249 601 -124 -653 -498 359 -191 -58 -831 259 -232 333 97 -80 521 -496 126 480 321 747 400 -561 -357 -623 87 1070 880 103 -471 563 -35 -69 233 -305 305 876 887 -1550 -358 -823 ]
[-61 -1455 -616 390 18 106 -123 209 381 809 -57 136 636 720 -260 163 -328 -361 -40 -650 255 -345 916 73 -536 324 1216 798 92 515 456 624 -1520 -12 1005 182 -1003 -66 -222 -407 -801 -617 -1266 -337 -690 -514 400 988 -637 -690 195 -81 46 59 542 253 516 240 321 -514 192 278 -137 1311 -24 -780 -249 -410 -357 -511 997 -781 523 161 137 202 -337 44 713 -167 64 647 -631 234 -180 -877 -549 774 291 -355 1633 -215 -156 -383 112 133 249 -587 711 -441 490 -120 469 -745 15 601 -58 -1111 -849 -184 438 384 -451 1132 969 -249 -51 -350 -615 -461 621 552 352 134 -207 -395 -373 -212 -619 243 365 668 -664 -315 -1469 ]
[208 -663 52 537 45 66 205 814 -60 637 47 -559 750 515 -339 1123 594 1092 -95 -578 689 427 -238 325 350 -58 378 98 -547 994 -672 -326 136 499 -41 -948 -601 256 31 594 -920 4 569 631 -420 -1732 -643 -253 140 -307 -616 1137 473 -820 -471 479 455 -588 -200 -406 597 -329 57 50 -1482 -244 555 1298 -845 -320 520 -188 -378 -26 24 -589 110 386 870 -97 -692 407 -798 198 -1075 -317 -354 -384 -155 -273 505 351 587 -497 1206 -134 309 433 887 -92 27 -62 581 -459 -722 524 349 -1350 -946 -1196 -204 -247 134 113 44 -326 -668 -560 184 212 390 310 -410 365 590 -645 -360 57 -182 -679 627 756 -103 444 168 ]
[843 -699 -435 120 643 -139 286 571 697 95 217 -175 756 71 -1617 -484 -95 -28 -865 -67 214 89 610 -500 132 347 2047 -266 -87 -43 221 -102 375 -450 1781 -25 73 182 -415 -737 46 -609 -39 -752 192 280 1143 -248 18 -613 -690 469 -341 -320 360 629 794 1 -282 -1472 935 -406 606 541 -1335 307 -165 -887 11 -356 -563 384 817 -137 742 338 231 -412 1693 709 250 779 -543 587 -84 10 201 164 -55 -561 207 -486 922 151 129 -250 -352 -161 864 146 226 286 -451 189 -700 66 -1103 -52 -1576 -169 -144 225 -53 1148 -228 -177 -740 -667 456 -478 97 -239 434 96 163 -999 169 -1113 354 -682 -763 94 364 474 -617 ]
[-230 -1074 1297 546 240 281 -535 404 61 -348 1201 -9 -633 558 567 316 112 741 -167 -180 -669 -555 -185 -1167 -274 -330 181 159 119 -54 1027 -342 -153 -99 -40 -920 -788 -210 -365 55 240 369 144 173 42 -53 -241 -817 619 114 -28 317 -38 98 200 -560 -338 90 381 79 84 -114 -970 -1407 -710 628 -279 480 -71 -694 482 -709 -926 335 -51 597 848 923 -527 -490 358 384 347 141 94 132 -589 214 -715 834 321 -410 -624 -569 973 524 -695 436 -474 -227 -362 -494 500 -196 654 867 139 573 371 1102 -341 -790 229 -192 323 1021 -601 553 -722 603 -241 406 229 -852 365 364 -462 347 71 -210 1052 246 -1010 -619 -183 ]
[-650 -249 -447 799 -8 687 -415 293 844 -221 324 214 -115 216 34 169 -194 287 -546 508 -640 -198 65 123 337 691 -157 -410 568 302 516 -448 68 723 791 -474 -389 -346 -1261 573 522 -146 -222 -332 -128 12 680 160 -461 7 -319 29 -540 856 113 117 9 0 908 30 -630 -473 -389 -297 -541 237 -194 -148 48 -44 -574 -936 -93 61 -121 541 -177 970 -200 -1022 124 310 -9 994 463 -354 297 -821 1374 -877 820 -247 1025 708 451 256 -606 -742 -110 280 -2 284 -1 -332 410 -358 -720 128 -451 73 -75 732 726 706 1263 -101 -635 331 -363 -50 -285 187 100 -282 1168 -408 -76 -550 1247 623 -225 -402 -326 -848 551 ]
[127 -524 -593 -1074 113 -988 118 -664 32 -438 873 -260 723 247 204 29 742 -420 1315 -429 282 69 -108 220 -335 300 -31 925 -220 -144 169 -134 -328 7 -1304 -101 -88 -329 -628 -438 -736 508 -16 -373 -1100 -157 -256 301 593 -162 -240 -281 -445 -571 -125 -184 439 -316 -45 -331 1029 519 1087 1104 453 201 730 329 -945 120 353 654 99 -915 79 -268 -362 -1182 375 -638 -847 -28 -307 241 -314 528 -181 -464 -411 -266 -477 -749 -884 -867 -115 -862 743 243 283 542 223 529 -216 -188 -351 -316 -138 -443 117 -830 514 -581 -211 740 228 425 -428 -694 256 -1256 -1008 841 36 403 221 66 -450 -968 -1692 615 408 1058 86 -642 -1088 ]
[63 -929 386 -18 9 -242 -517 316 -522 -76 680 -59 143 263 366 608 431 52 1191 -704 -674 -656 167 -337 -670 -765 -1322 729 -444 -19 588 573 -1433 145 -1345 521 -828 -566 -495 -84 -60 -99 124 196 -747 35 175 493 655 -739 139 -47 -788 425 -96 -455 -130 -45 577 -295 -444 495 93 642 1755 -1074 754 -209 -842 711 668 -104 -220 -528 78 -209 -277 -950 220 -856 -188 526 -670 -1122 375 -174 -57 1383 -683 7 1134 -1158 -547 -390 41 -679 975 -315 229 -391 191 1035 225 -581 -227 584 514 -341 129 -658 202 -288 -201 778 930 -544 -363 -334 -160 -557 203 472 -508 -465 -310 809 -506 69 -1015 1050 709 459 -231 -104 -786 ]
[-763 184 -411 439 397 -702 -477 -1402 -39 140 1278 -116 115 216 1096 126 211 -1361 800 -1297 -175 -390 -1072 435 -530 -1582 -760 414 -48 -1140 1065 -53 -730 -374 -1284 114 1294 136 -93 -356 -448 46 -80 -730 -1074 -66 -676 514 278 -232 200 -312 81 646 -47 234 -181 676 -386 218 -818 -46 210 -684 1525 -546 -230 262 391 2111 119 -450 -520 -576 -75 801 255 -11 210 1069 -1737 304 138 -205 1 -282 -350 104 -348 -325 -112 -618 -1458 -205 221 -604 292 647 -539 202 1015 -611 44 -564 203 -558 -2085 201 -343 -24 215 -765 -996 153 -61 696 392 -602 499 668 -247 1009 -951 -587 -96 -32 275 430 -41 526 1105 766 216 -143 -252 ]
[-391 -1217 -68 990 -1062 465 -677 191 456 -408 -699 296 507 480 -93 1134 268 107 173 327 -575 345 -89 -29 9 126 -1508 -603 196 12 -1361 -276 841 307 -63 -149 -92 491 -395 87 -515 133 -362 -752 -411 -2120 -984 220 -93 1221 1146 654 584 -402 -487 -281 -642 -340 206 84 -745 101 -1016 -628 -439 -841 -163 1114 296 -396 709 -1159 -41 -52 -938 -916 565 823 -343 -446 -129 201 -431 852 -94 654 -249 -482 912 354 246 -143 113 793 714 -295 -657 -227 295 -664 -404 -394 331 -127 472 435 243 50 1210 336 -442 -343 1002 47 1129 -446 1076 955 121 -187 774 340 -469 -75 951 -18 -580 532 905 -756 82 -809 97 138 62 ]
[-808 903 -431 -646 199 821 601 -701 -801 464 -653 984 83 -764 1397 723 229 90 -306 -401 -31 480 462 941 593 853 545 -440 153 541 -142 -427 -395 469 -96 296 -620 -1028 -609 994 -311 1017 -14 1494 6 249 36 843 -785 151 -708 -856 249 680 -791 532 95 195 397 614 -22 339 784 -100 52 813 416 1036 -942 27 133 -219 504 50 -122 -324 -845 237 -900 -557 8 204 515 247 -393 -884 430 -1363 909 -755 245 131 191 -671 -104 716 400 -1338 -1047 256 244 -51 148 -174 -138 -153 601 -606 -482 -62 922 751 403 -786 251 275 354 248 -587 465 -887 85 166 392 -190 -437 -520 -196 -1052 1071 87 -166 -943 -1002 -11 ]
[786 1270 -988 -372 -226 101 160 -5 -427 1026 -629 54 520 -673 262 -608 -20 -600 826 206 908 169 189 411 1045 -757 820 0 266 470 520 1030 330 -442 -67 116 -5 695 630 720 479 -257 485 633 832 1021 89 -1405 286 -902 -340 -315 574 -646 459 -101 346 -820 604 -220 493 9 231 546 372 220 923 850 -898 -978 -606 1151 -926 109 -356 -574 -89 -1018 240 -99 981 -380 -88 -120 91 499 784 908 234 -595 -1014 534 153 378 -1266 167 570 792 -24 -92 249 92 -203 579 -203 5 814 -1284 106 -69 -456 692 261 -516 -162 -264 -212 586 -958 -251 920 -1317 126 154 -599 -23 693 340 -245 -133 -335 90 406 554 121 ]
[-35 143 146 -455 903 622 -217 -623 -388 -298 137 392 -298 -525 409 274 14 331 870 136 -23 -1238 631 550 -761 -18 -704 504 451 -112 -284 647 -1672 228 -543 330 -904 -212 534 490 570 330 -1259 1089 271 593 295 776 116 -184 519 -219 -720 295 -601 640 239 876 -280 304 -928 154 -208 778 1495 -466 -25 -277 -467 -88 624 309 396 -325 129 -75 -906 394 -73 168 -857 160 358 586 33 355 247 780 -76 -317 582 632 -1747 -128 -529 -435 916 -1012 665 673 583 84 415 -1037 191 -529 403 -322 466 -75 288 937 -1350 -443 -506 -1383 33 -118 126 -85 -1184 -286 -41 -21 -587 45 -1087 -51 -590 1122 -6 924 -1050 -737 -1060 ]
[-374 400 -203 -603 -213 -246 452 388 337 698 53 -457 -1160 -361 -47 -455 825 -726 497 202 531 46 711 -550 30 100 432 398 -454 145 59 572 -933 -199 154 539 183 265 41 138 47 -174 138 316 -549 -121 226 282 -198 -368 5 -455 -409 48 1707 -828 -499 -611 -325 -178 300 806 371 2211 370 -914 0 -626 -575 -47 -879 312 -51 1080 591 219 -40 -64 87 -489 1082 -494 -303 -864 97 -658 106 -137 302 -485 -149 47 233 -1126 -926 1070 -151 25 -242 229 -679 1330 532 -74 -235 -430 1096 53 662 -711 374 280 -181 304 178 -172 11 -555 345 -468 -60 -315 211 945 -670 1150 799 -1339 -1313 749 -730 -607 1019 -424 270 ]
[373 -1211 -41 -275 175 -825 -644 279 93 -543 960 -276 283 66 -655 -203 -628 1381 -95 -119 -553 -752 -17 -674 -727 195 -374 767 -172 222 600 23 429 104 446 -541 -645 -29 -1370 -1334 -312 196 349 -467 174 1193 1006 326 -318 -213 -250 -289 -1396 -183 -835 -192 520 182 -432 -244 1171 -181 121 -100 325 1390 526 -1924 -916 -318 109 -169 1125 -369 335 639 -116 -1365 -98 -461 1261 -384 -370 -88 1335 -545 -859 738 -571 327 1039 -961 636 194 313 -490 399 -615 324 -2 -596 659 -849 678 -36 -156 578 1060 -51 55 138 289 -335 1068 456 211 -696 -63 60 -440 798 615 546 105 891 919 -361 87 383 -60 -81 746 -929 -754 -783 ]
[898 422 -162 -880 1247 408 257 -121 367 -845 421 -262 -161 -344 528 -553 398 1014 -785 -190 106 -754 782 -214 -574 427 1133 -435 -114 506 143 430 -710 226 -264 377 -500 -684 -620 -539 -3 -152 -120 1960 770 399 455 269 305 -250 -1240 -489 -428 733 -794 94 946 187 873 -648 429 -448 384 437 1446 -67 231 -714 -626 -591 613 11 697 50 -60 -72 -438 -684 -116 -830 1340 -220 -129 -618 604 -220 315 406 440 388 366 -453 66 -349 396 344 1104 -227 452 250 112 1535 -1133 -551 -93 -966 118 581 -312 708 642 349 -253 -19 54 -65 -1488 -603 -180 -940 608 -374 828 -342 155 82 -605 -465 -1337 862 -525 389 140 -738 -994 ]
[46 -881 813 448 124 1398 116 409 432 -227 -584 1531 1048 -211 -492 -431 -175 1281 -1063 -899 -374 121 485 -105 -450 2017 54 -1454 -18 222 -345 -524 215 1501 194 -76 -756 -592 -305 387 -144 405 -655 -12 13 -864 21 1719 -763 529 -59 244 -889 -141 -475 200 82 500 707 191 -353 1039 -153 -1152 -641 -583 25 778 596 -6 233 -928 -487 -410 -1330 -324 306 327 -409 -1835 51 253 -42 1204 -643 -68 -301 -786 428 808 1314 -296 420 330 738 326 1129 -1160 -582 108 145 -957 -45 213 211 4 419 609 293 1217 16 611 417 -283 490 -925 61 49 -430 -38 -235 852 98 -516 1136 -1074 -470 -54 230 -202 474 20 -1409 -205 -79 ]
[-888 -612 780 1151 -89 -751 -1002 292 1329 928 902 -378 144 -47 -142 -1252 235 -944 -372 168 -519 -436 201 -385 360 113 458 -419 582 -621 850 36 -365 491 166 -609 1102 -383 -132 935 69 -736 13 -1575 216 -914 358 -625 -641 -1179 456 64 -1017 -182 1199 -346 -994 -118 784 -126 -533 -313 -506 -907 -49 142 -1945 76 1318 977 -793 -299 -1325 14 68 372 1257 908 847 -488 -304 77 -454 789 678 -183 -72 -27 1040 483 265 -473 245 311 -15 599 -834 640 -532 459 -305 -39 111 -613 -216 -267 -1910 530 -296 677 196 -849 880 960 770 694 1 -89 -186 306 -287 1179 -423 -1241 436 -289 841 -318 791 -287 413 -628 464 112 576 ]
[1236 132 917 -300 154 628 -85 1461 217 296 -462 -17 -180 -558 -1672 -1016 -537 135 -918 896 556 214 1300 -1327 -229 1090 1255 79 -21 634 -150 737 -559 38 1401 807 304 -702 1392 -882 503 -197 -148 -724 849 -393 864 -460 -240 487 236 322 -1016 96 200 -141 4 464 885 -507 860 637 -462 919 -468 -354 93 -2064 576 87 -689 959 -90 326 923 475 853 78 1068 757 -30 -238 -37 116 -673 205 42 334 -1000 -686 -45 92 48 -742 -949 395 -290 308 462 839 -403 539 -89 -276 -745 183 -967 552 -262 34 -557 -909 -30 200 -1501 -213 -1824 -1653 306 -804 0 102 604 309 -1179 -252 199 -1117 -452 72 -751 -415 216 588 -53 ]
[-459 507 627 -9 639 -180 553 -232 -158 1174 1176 79 117 -459 178 -305 1061 -808 638 -289 -405 -68 -57 -643 1053 -981 1148 -243 692 -855 78 370 672 -1225 -24 350 -481 753 -369 789 614 1422 -40 671 -127 -51 198 622 1019 -650 144 -146 -243 -677 20 334 -701 -203 -71 -211 -172 -349 379 -915 40 211 -596 902 -24 -352 269 212 -260 656 -113 329 746 577 1867 450 1175 1091 223 381 252 -341 184 -431 324 -218 -1277 -1113 -601 -581 692 1319 -247 -620 -995 -345 543 -200 646 -193 -1147 198 -1400 623 -634 810 -331 -940 -1797 -427 -196 879 950 540 254 496 -896 -424 -1071 -524 -438 -430 -375 -95 -458 -856 1004 178 -172 -621 -1437 ]
[9 820 -301 459 260 491 186 -403 408 681 -191 -22 116 556 -522 -378 -96 173 -1284 123 -88 -619 -277 322 286 -840 1062 124 74 172 -884 541 -663 -436 651 541 -458 -460 31 -582 854 -615 236 1650 516 512 786 1123 486 -1658 -1246 254 -331 653 185 97 548 103 908 285 -9 -1842 -362 441 563 234 -1409 -1085 116 -662 425 121 642 199 4 954 -665 1438 768 124 1288 -839 -111 -21 600 -1067 -752 561 1038 -219 819 -424 1537 357 351 912 -23 -347 644 -400 200 295 -16 -410 -919 -718 -684 -187 -1734 -160 101 914 -1821 90 -356 -463 -691 227 -226 473 885 -542 -88 79 -47 -614 93 31 1091 -395 -234 -436 450 26 568 ]
[-387 -265 -14 972 1269 -377 -72 83 80 434 267 -1018 -407 -114 -1070 -270 -926 257 -216 92 155 -653 -428 244 521 -43 -187 406 292 -5 509 -337 547 -99 1083 -850 -321 1145 -102 699 187 -177 -224 -241 47 761 386 -1032 -328 -246 -56 1098 -490 -362 -783 719 559 -313 -907 49 -357 -981 303 -1821 -1299 854 -802 -404 864 679 -261 -30 -312 261 889 564 845 206 1642 1517 -729 1334 -9 474 153 -638 755 1040 -505 -251 881 1078 159 716 362 239 -1018 -587 432 661 529 -739 -82 -8 -434 -427 -740 438 -1048 -287 -162 -171 -163 -218 -523 263 -344 -347 -177 936 -873 -875 -579 -820 465 -398 150 -47 1557 -326 602 671 -456 350 1121 ]
[328 -361 545 -162 -108 12 907 590 -549 190 -63 1422 -195 -269 -563 -356 140 193 -325 -1275 -577 -122 532 -782 291 633 776 -873 -1281 -176 -184 337 -30 410 354 877 -63 -726 181 1091 241 -606 1261 -204 639 387 890 531 -871 -255 -187 -374 -777 257 1239 -114 97 434 -973 539 127 1357 320 534 -807 -33 -439 -517 492 544 -672 1133 13 -832 -415 596 285 -589 -112 -528 363 214 -74 -170 -603 -351 864 -158 -129 675 176 -243 676 -175 -484 70 104 -1400 -224 1 -465 640 -313 -71 -855 177 237 519 -555 171 1426 1050 181 2 -831 -260 345 -878 -227 498 -1097 515 -493 380 -444 -140 50 -667 -657 290 -658 -1246 15 679 14 ]
[1147 -881 1586 409 -899 59 -203 -233 74 97 -1234 -293 -91 -387 -547 -680 -351 190 -79 364 -164 124 109 -648 -18 949 -1075 -378 120 -140 -1090 -377 1088 -771 720 332 -54 -51 -571 -138 -182 -155 -409 -1734 414 -1083 -70 290 -258 -183 913 273 528 -1218 -105 89 -38 -402 -36 -455 387 500 349 -948 98 -734 -233 506 1046 20 -465 220 -672 -689 443 -822 1161 -551 298 -374 -59 -382 -146 -306 369 891 232 27 -288 914 56 -1155 940 1071 -492 -299 71 777 488 313 -985 -303 178 1560 -368 948 124 603 898 -277 -258 -706 349 459 -204 -17 1581 530 485 -48 197 -226 -86 -535 437 552 515 937 47 -1567 -386 -400 1148 134 830 ]
[150 301 1420 448 -26 -87 -1405 88 -736 548 -84 373 729 -1259 -126 -325 924 303 87 -623 -369 742 113 -697 208 72 -225 619 -231 114 527 509 -261 387 182 -477 210 -741 675 -138 -1025 -541 551 -497 -22 -18 292 -397 -597 -829 473 376 -594 -871 137 -296 -491 181 66 -539 111 851 189 -742 1251 -98 840 669 -562 1448 -681 507 -760 318 -86 -749 586 -2014 -261 719 575 899 -36 -1205 596 367 586 563 -634 180 795 -557 219 -1027 -1279 -813 1507 1379 -1255 -97 13 62 -993 331 -67 845 1047 942 1005 687 -579 9 1095 -44 329 1029 1195 642 -358 366 1082 509 174 -959 -571 214 169 819 -694 -630 -19 361 -1596 457 -695 ]
[-346 -390 414 268 458 506 -245 150 253 386 -405 -66 -306 -885 134 1172 180 -330 320 55 -653 -1086 1660 -663 -108 -870 487 -411 463 -600 -378 494 -1428 -596 879 332 -643 -167 181 532 294 229 -73 242 807 -1126 474 -731 525 -980 473 560 -1159 -192 -175 553 -796 -667 153 -510 948 200 -326 65 238 -368 -1032 372 -498 -785 305 26 -106 573 839 -417 592 1198 1309 -63 -818 410 -1215 981 383 648 -37 1287 172 -1021 366 -221 -315 -108 -1175 771 -904 -1267 939 1169 -593 169 639 -146 -673 11 -99 -806 967 400 74 -1278 466 242 -273 -1383 -166 -283 754 877 440 -508 -394 -33 -563 -373 -384 -1132 -314 -335 -720 -1090 680 -284 866 ]
[297 -417 1292 658 -425 322 -613 776 -1391 1138 -840 279 624 -1531 -117 164 1292 264 -1062 -13 79 664 327 112 702 212 743 -82 334 158 -74 -411 -774 277 1227 -248 -8 -468 373 454 -168 368 349 233 501 145 940 38 -45 -400 -1 361 -585 -1729 -393 524 -1141 -430 278 -802 502 -115 117 122 -57 -219 197 183 -381 1104 -916 242 320 1150 459 -1159 486 -1575 1243 832 411 940 -129 -393 -231 316 -449 824 -539 -580 331 -443 770 -1546 -502 3 932 -239 -1121 -803 417 355 -355 -234 -1235 388 1453 -405 -72 -150 -1116 202 551 670 -18 175 664 -356 -35 521 523 167 190 163 -912 -223 303 169 -718 -1382 -251 634 -995 420 -487 ]
[342 346 621 569 225 409 -963 426 775 -602 1351 -161 -1131 -293 -279 626 976 328 504 862 -727 -1183 520 -249 -299 -853 -624 288 1089 605 162 -412 -1053 -343 -195 432 458 -2 -330 -207 805 307 303 -58 496 -664 565 -303 454 -132 35 257 -1654 -120 -20 27 -1049 536 696 -811 -482 -713 -1057 1150 1247 -442 -105 -1298 -1359 -847 -242 -75 -121 143 289 1453 -13 1342 314 78 491 -327 -145 888 83 709 231 -693 641 -1095 151 421 -213 791 -523 -182 -579 -193 952 1039 168 1299 413 -878 -26 -522 -919 470 214 -386 -675 -41 169 774 311 -600 -1103 -26 17 -521 -273 -571 -244 -445 -321 128 -722 -1407 329 712 -719 147 -110 -1325 -299 ]
[-360 846 -55 79 -55 -860 264 778 152 827 234 -909 -134 367 -47 -801 -998 1003 -242 -257 380 -112 -436 636 822 542 -365 679 -814 1295 1293 719 92 992 -597 -550 -402 -222 1405 1005 -511 -246 382 121 -203 -28 -246 126 -1771 -411 -352 368 592 -207 -739 163 268 -214 103 410 -656 -272 153 -491 -132 433 414 530 -3 523 1069 -297 -1220 479 -537 348 -145 -442 -319 -159 -55 105 -53 -1114 329 -1236 718 146 -594 862 514 1284 80 -112 1084 131 318 611 -240 -155 -181 106 117 -130 145 730 950 -1375 -1192 -521 -672 -209 -147 -316 666 495 -22 60 -855 248 497 -12 -769 -697 -276 32 103 1221 125 -98 1209 773 -744 1161 74 ]
[153 -685 -677 758 6 129 -45 37 215 219 -369 -70 667 793 -564 846 11 153 981 -898 490 899 70 241 219 -828 108 -954 -819 557 -396 -593 479 -172 -443 275 -133 942 -2316 305 -811 580 934 -330 -449 -910 -979 -132 -46 -603 -1240 747 -102 -97 -333 -46 905 -887 626 -496 521 606 390 -188 -933 -659 1388 1035 -792 -162 -348 -328 -192 -922 400 -422 412 -739 759 -524 -981 232 -369 474 -435 -499 -806 -25 534 -711 1028 -518 1865 453 319 253 784 -27 139 -383 78 327 402 567 -725 421 -232 -853 -772 -849 594 131 704 416 231 -773 -862 -654 -274 -5 478 460 46 479 1156 186 846 -426 233 -137 227 53 457 453 402 ]
[-723 -42 -249 247 332 -269 451 -50 -43 1082 44 -957 -81 -267 -293 978 -858 103 53 -162 862 -202 -684 1255 -375 177 -220 757 -309 356 -926 -726 -75 -607 -297 -158 524 581 130 28 -1347 -629 -843 -493 -969 -851 27 1009 -660 -47 628 -26 53 14 -68 440 459 -114 -745 608 104 -777 499 255 146 -798 48 -786 480 300 458 -800 972 -525 412 627 -812 1152 870 -403 78 -436 -1214 216 484 -1371 -840 -216 1390 -1042 671 -47 982 1847 362 456 148 212 1434 408 -29 -469 534 241 -59 -798 -991 -760 -80 -1445 878 -147 -891 675 878 -449 524 422 936 920 698 -304 -1359 -239 355 -45 -216 933 811 369 297 424 954 57 1366 ]
[392 -307 447 -451 79 855 736 312 -357 1343 -219 664 -430 195 788 -24 528 214 -559 -716 -173 -328 644 -328 -241 140 1295 -690 -480 907 -938 450 356 100 -596 554 -343 -408 966 516 -581 -463 -637 1662 526 -628 -711 475 -312 974 861 -439 1033 -119 276 -740 477 243 -712 464 221 866 -854 35 -1235 -1190 -373 -592 702 -822 975 -136 -491 -7 -276 254 -227 914 -29 -222 706 368 533 254 -1304 -473 16 138 -423 706 -4 60 -860 -913 908 1496 -278 -15 -350 -365 -253 55 596 -633 68 49 612 217 443 89 1061 -313 -1015 -1213 -889 110 -81 -897 -85 725 -311 367 -465 -475 -611 218 -510 323 -1456 636 641 68 -10 221 -694 ]
[-152 -987 -1795 -478 814 -507 380 152 37 366 681 -625 940 120 -672 759 -651 -469 664 65 816 -2 -370 953 474 -53 128 385 -133 153 -340 693 536 1156 -1025 -513 -42 630 408 937 -693 30 -920 323 -414 -287 -134 669 -325 876 157 344 248 41 -230 -453 1170 -272 -326 786 -1109 43 374 159 -363 29 73 318 367 554 1073 -164 37 147 -654 -175 443 -66 583 417 -812 564 -918 1321 52 -800 -116 999 620 -201 290 395 -758 719 1317 -105 518 -304 1169 258 1276 88 224 -1135 -316 -990 -667 -886 -692 -1273 1087 344 -253 99 736 -1043 -568 -21 -663 -549 -622 1029 -597 -218 148 107 -96 262 135 744 643 335 274 1160 -186 ]
[156 215 567 -559 -765 358 65 -137 -351 -180 -307 -434 -39 -558 892 143 484 -348 -264 1071 -589 447 216 -225 562 734 377 -465 593 -174 -687 -681 -78 -634 -745 103 220 -1381 -247 344 320 -296 -618 -956 -83 -511 692 115 939 -208 543 -757 -216 384 126 1098 -405 -655 880 -9 199 329 384 651 281 -683 32 -291 1182 323 -608 584 -221 -1295 872 -177 -548 511 1307 -1318 -1186 224 231 405 750 2150 36 -695 700 -1630 -1862 -1887 875 281 -618 -592 -54 1194 -182 934 -164 851 -467 203 -792 48 -1146 -368 1123 38 85 -575 -183 782 -10 457 218 -117 1013 -522 -19 -558 -495 -401 110 -226 -388 322 -457 -694 -865 -495 1678 -931 553 ]
[-146 196 781 324 875 863 916 -478 -946 -171 -25 749 -1518 -132 1053 848 -650 656 539 -819 -318 -429 -234 -232 -105 -621 -871 -713 -587 -421 -204 604 381 -746 3 575 -750 209 23 478 -148 776 695 795 605 -161 119 165 272 710 -215 -325 -269 -776 -28 -181 217 627 -1199 1101 1302 392 -63 -1489 -54 108 -279 1012 326 -635 219 -173 -161 -538 -359 511 367 581 -1206 301 -686 -1209 1152 130 -1116 29 97 -143 -418 687 275 1013 -91 276 -118 861 -257 -869 -278 160 -575 -964 528 93 311 382 -28 443 259 648 766 34 -552 -1905 -1336 322 583 -401 -60 1722 -1257 340 -578 324 -217 145 -745 531 -589 -87 -189 -72 -9 -1221 159 ]
[760 -33 268 514 -150 118 -91 928 -549 204 669 543 241 -166 268 584 753 518 -87 -799 -1133 408 -359 27 -892 -1029 -317 -1490 -1406 -846 495 -315 -217 257 -613 30 703 237 590 -523 438 -873 469 507 -742 282 -324 -26 1244 -281 412 109 914 -34 544 -622 -673 489 -597 -674 -217 62 -295 -186 145 -1179 -19 790 -106 407 -769 449 -1186 189 -396 260 -328 -405 -62 -100 -373 42 61 -922 -496 -207 538 545 -1026 277 -390 168 -571 41 783 213 811 521 -880 -569 474 55 646 98 207 859 522 731 869 438 -723 -614 248 -818 -553 -879 264 -156 267 59 477 -106 -179 -443 322 217 698 268 200 7 -171 143 152 1714 365 ]
[-17 -660 1298 250 1371 296 61 948 191 21 88 -296 -750 -339 -488 -630 -499 588 -1256 42 850 377 1166 -378 -1104 385 575 -749 -1266 89 146 321 -1416 267 705 -66 -594 -607 620 -266 -437 -557 -665 457 -79 -486 412 701 -871 -226 -754 384 -52 108 -4 16 663 1095 -649 -574 362 56 514 -6 46 -533 -371 -562 1114 860 41 -265 549 251 1012 -75 8 -325 -114 611 -470 -353 195 -494 -374 -607 -417 354 -145 780 973 492 -45 -879 478 385 1049 579 134 -673 -342 1156 367 -893 -191 739 507 -185 -865 769 677 264 14 -622 -949 -105 -367 -551 161 189 -509 905 1105 96 -1063 29 -34 -167 -1173 32 36 156 422 973 -1009 ]
[-149 -318 -264 -630 -470 -894 324 14 79 -1584 430 -449 348 619 -300 -328 763 147 -67 616 -839 3 -605 320 -289 95 -790 -757 -230 -717 -511 -263 1014 408 -1260 -655 -278 -4 -170 -851 604 -11 699 -122 -326 -505 966 445 1435 338 -365 621 -642 164 345 -225 -647 -371 -202 -298 21 -195 885 -368 606 -67 -471 243 -13 202 423 -281 479 2 -208 -263 -431 -644 299 -586 -278 -123 -164 -121 671 1135 -729 -259 -220 303 -732 -1068 -129 53 564 -148 588 214 -31 579 133 879 -297 136 -696 -735 712 642 1015 -222 -31 -297 262 66 816 -112 49 479 420 -824 316 379 196 -475 543 -270 -245 -630 -70 -1046 -378 -259 474 20 241 ]
[-125 886 -831 -24 -225 665 1232 -112 -36 -867 370 39 -1150 930 -228 -370 -277 -197 -140 413 -544 -719 -219 -636 327 534 -682 -371 317 782 590 -659 567 -131 -231 53 -374 517 -576 88 1005 601 1236 837 222 281 -351 -1114 294 339 -1242 883 348 1914 -840 342 -644 -298 632 408 -1415 -391 207 -767 -62 -82 427 -221 -213 -310 39 -313 213 327 168 813 186 382 2 -245 621 1065 -185 -1111 -44 -93 1250 -1123 -681 -79 -320 176 409 220 -169 -66 -1199 -1120 650 1298 77 765 123 259 -357 -62 -159 1456 -375 -364 -700 -79 633 -464 8 518 -385 41 -19 274 -369 -1211 -510 -358 429 -68 -133 -988 737 1259 226 -1478 -135 -792 1568 ]
[-529 713 393 -87 630 1008 -505 -627 826 -476 -304 52 411 -724 154 203 161 504 531 -582 -131 243 801 -379 -335 285 158 -509 21 -456 -1406 -308 590 -501 423 290 438 305 -737 -1026 -339 639 -773 109 -875 -884 -844 946 -236 335 154 -312 304 745 -1723 1249 -89 427 141 -656 -301 61 -440 724 613 -515 65 54 -492 -76 557 -668 1128 337 101 -496 30 557 1067 -394 1299 250 -898 472 1358 619 -187 -1689 1232 -614 -733 -1197 646 27 59 -94 197 -6 -63 -89 -530 688 -342 423 330 -684 28 -141 1104 830 -409 -481 -471 256 7 -150 1247 932 1942 12 1133 -822 -531 98 794 -408 -398 233 479 -1248 -423 -502 451 6 -350 ]
[-613 665 95 456 659 1514 -580 33 467 500 145 -578 -468 18 156 287 21 -396 -210 1665 -834 776 640 -466 1257 -50 886 -19 196 87 300 137 -781 37 1028 7 -1179 -1320 -894 -493 -304 -310 -821 560 -256 136 510 -242 520 -373 -192 -259 516 105 518 -482 356 -47 905 -74 301 -729 -819 816 -547 -211 496 1376 -319 -901 -366 -420 292 995 632 -630 -504 1461 -616 415 -833 -176 35 685 735 656 -194 -1039 125 -1056 707 -404 1368 -453 -168 378 -463 706 -232 -125 -787 -121 541 -483 612 860 -127 -636 -85 -461 -1380 46 218 304 897 54 442 1224 480 849 -38 -14 467 438 2 131 210 246 111 732 -1120 -971 13 -828 287 ]
[208 -27 708 -196 245 1146 218 397 -1024 116 -160 513 -758 -782 288 -1242 145 27 -529 -396 -237 -580 272 -381 210 418 968 -1573 -853 -46 526 -45 -476 -89 250 831 -282 -342 1073 -359 278 -803 512 1377 -1 276 698 -902 -183 695 -17 74 370 -127 589 -338 -564 336 -492 -375 -72 764 10 -155 -208 -684 -113 346 -478 -12 -389 178 14 177 -46 122 130 -771 -188 141 551 674 458 -713 -642 595 535 67 -1286 225 -35 87 -838 -430 -468 1005 -134 198 -436 -8 -549 107 23 34 -27 -184 1535 10 285 320 -639 287 483 -1064 -320 291 310 118 -38 577 -60 -1258 121 -239 -773 -45 -85 2 -1357 508 260 -256 -418 225 216 ]
[-704 -830 -555 -850 313 -417 -45 269 641 -869 762 -562 -186 223 233 682 123 -175 322 -835 -476 -457 958 -546 -1244 -586 1219 567 598 -1035 1880 -463 -1131 -243 616 128 277 -86 -1228 -494 -476 -213 412 -1104 -615 -108 255 -344 399 -31 -1035 -5 425 539 490 98 -119 217 -248 -924 570 -212 528 658 -277 742 8 -104 -638 -134 97 -751 -4 800 225 525 104 254 400 239 248 593 -711 108 -233 -443 215 -112 176 -217 458 -515 -361 -1306 657 335 -493 -439 -456 679 -311 -102 352 152 350 355 -724 -493 -302 325 -180 -1304 303 1468 1228 694 -1252 -629 7 865 252 800 420 -257 139 83 -173 -1208 -1098 -186 -346 -127 378 -652 -638 ]
[565 -1730 238 235 328 238 -354 370 -780 -543 852 -170 149 -710 56 55 -387 50 287 -378 313 245 -408 -1212 613 -131 569 -489 -558 -512 1442 -261 803 -210 807 -344 -145 -232 -1405 -286 384 -230 575 -250 -774 1215 1038 -1825 712 497 -1053 -328 260 0 407 -335 751 -30 -402 -1026 222 258 802 -398 -1276 1076 -110 378 -95 980 -965 -4 131 -841 -43 -110 1110 -1459 227 463 543 387 -320 -270 28 431 676 878 -612 738 -63 -984 -110 234 495 -277 -897 688 50 -921 -34 -32 -792 -453 140 533 254 -164 -1524 -14 -76 962 1474 780 344 1213 -765 147 -588 -377 -523 40 17 -360 155 328 196 254 -111 290 18 -512 328 532 -1 ]
[-370 -496 1050 -421 -1124 -510 703 -436 -705 -693 -88 1298 736 184 409 173 -478 345 -273 -259 -193 26 -411 272 -688 1228 -97 380 -198 -923 -141 218 537 257 288 48 -234 -629 1077 156 618 146 -917 -784 -923 -142 519 1324 -668 588 1601 -649 -380 -102 821 278 -442 546 -859 618 -249 949 -85 -132 -150 -40 -918 -180 884 296 591 -402 1180 -832 -959 -305 -1463 -452 -849 -949 331 -220 165 162 -504 -505 -452 -22 -157 496 -691 -170 -1171 513 -114 -475 276 -900 -217 -269 -259 -1322 78 -300 811 248 800 -105 643 819 477 725 -291 -391 77 287 1590 283 426 -342 -994 894 -232 -26 -83 -1004 -1291 694 -71 -36 751 287 -1360 220 -1055 ]
[513 730 745 -1385 580 -3 -380 -551 532 -271 -502 152 541 180 -715 -753 83 28 -347 50 -21 459 190 -46 377 63 -65 -621 -633 -415 -689 1060 51 831 -245 980 -199 -2116 63 -358 551 -404 -253 881 653 756 564 1130 -54 -710 -838 -816 97 1158 1403 -1220 1057 1180 337 103 -609 576 240 613 945 718 -382 654 -154 482 -648 1431 -442 -599 254 -532 -249 397 -1633 18 -586 -1500 1303 -723 -75 -335 131 -775 -4 291 254 -1075 677 -368 235 148 953 1559 -809 150 -516 197 539 306 -298 -395 350 -83 -731 -847 930 849 -256 -1124 -1010 -730 -495 -193 213 -255 -1511 318 470 231 26 155 773 -23 -237 368 -1179 -845 941 748 569 ]
[171 536 -165 2 852 1044 -36 766 482 772 1019 -1112 105 -437 62 646 354 314 1266 -123 390 198 -17 -134 -17 -1462 223 385 1284 952 578 457 -952 -282 -705 1148 558 755 -416 171 -265 645 -304 -710 -647 -625 448 903 717 -359 -490 -212 -1336 -431 -647 1206 31 -353 1065 -766 163 -211 -176 1535 824 -1283 1115 -869 -434 -282 644 -553 -276 -536 -379 760 562 933 2206 -251 312 -157 -1046 646 163 802 -19 290 575 -1703 -392 206 1148 670 -113 -637 856 108 326 160 742 404 256 -416 -425 -361 -1070 -1631 -346 -373 -1128 -383 -1596 1316 664 -793 -1016 -664 492 -818 1188 -523 -1638 -469 -501 -212 -271 -110 126 -826 -275 871 492 -333 -366 ]
[-236 -250 218 -848 -259 -805 348 901 387 816 -203 -120 72 479 -322 170 857 -855 -977 -218 679 444 760 -512 -290 336 1868 1281 501 -2 696 742 -1033 -363 663 38 844 9 769 -116 -219 79 -387 -790 483 -347 -401 -313 -809 107 282 -640 445 137 791 497 -431 71 -678 -122 -487 171 69 299 -461 474 370 -596 723 40 -444 134 295 1051 534 -436 318 280 449 642 829 860 112 -746 -835 -1161 -166 -143 129 -626 -363 401 44 -1592 406 136 -562 169 -1045 -570 265 -738 292 -213 168 492 -613 169 -568 896 -134 -652 -426 120 110 814 255 -481 24 -54 410 38 689 508 -792 449 -152 -264 -406 -1044 264 570 -328 -107 -1537 ]
[258 -117 955 -298 -167 475 264 -21 -996 -229 443 547 -1164 -783 127 219 251 677 751 385 -34 -87 -4 -854 -118 1214 1028 174 -826 -399 -223 11 117 -650 719 882 170 230 46 409 1403 929 -224 -61 -234 -230 580 -1001 -341 824 701 296 -321 452 -193 418 -359 269 -582 100 -393 803 296 219 -756 796 -48 -607 -437 -194 -774 588 363 -281 130 778 189 580 760 596 677 883 990 327 -31 -954 737 -991 -280 -864 -843 292 -1240 -559 -135 1401 -785 -1151 24 1451 -851 -401 363 55 -286 -269 -266 753 -17 698 474 -217 -550 -304 -833 732 -17 -254 438 354 -1970 -236 -83 88 -446 82 -842 -472 -14 579 46 280 -1443 -63 -428 ]
[-490 422 503 894 -357 -218 -993 -660 -188 826 512 -486 -117 -515 723 1492 1639 -189 1011 -241 -190 621 -580 495 -571 -1748 -1031 1391 722 -406 144 -654 -1525 -874 279 28 1041 494 -480 -1133 -690 379 -80 -692 -1151 -697 -674 342 618 -817 377 329 178 -1274 564 -410 -713 73 -505 -656 984 -1078 55 379 1193 -755 -23 576 -825 1206 -685 -18 -341 -216 1027 -18 -393 313 138 1858 -991 -296 443 -835 -654 -76 -317 -130 -615 -1268 529 53 203 -1360 -921 -609 433 1404 -851 722 481 -332 817 -158 177 428 -460 -10 454 -1253 -1128 -1110 -741 197 -43 325 633 -870 1168 627 -10 322 -317 187 87 147 103 -43 327 -356 -195 1334 128 -202 212 ]
[71 67 -1129 -470 152 363 421 73 429 -17 155 -1020 -225 99 -900 -324 -295 -381 -475 645 330 -206 -334 -525 239 -560 653 23 293 -33 689 1086 471 -1410 1846 62 -7 699 -255 -904 236 -364 -667 -953 -347 1216 1501 -414 105 207 -199 -482 358 746 1436 -427 281 108 -100 -537 85 -302 -95 386 363 38 -141 -454 -75 -893 -660 -101 1354 71 418 613 172 -295 159 868 1620 -448 -62 -741 1245 484 786 494 650 -441 -704 -263 529 853 -286 643 -639 715 253 -783 -369 -84 52 -126 218 -211 -517 666 -207 529 -554 1361 -998 -99 813 449 333 536 278 -574 414 -1363 -151 260 -95 412 145 143 382 -553 -1638 -720 27 -27 152 ]
[423 -1332 -434 23 344 -236 -570 -645 480 -358 119 824 1250 -855 -779 273 612 93 -232 -738 420 310 -416 -1201 -682 151 -114 845 -519 -736 -485 320 155 274 157 3 1206 -658 -151 -929 -727 146 -341 -873 -962 94 1 952 723 -64 97 -101 -1388 -311 632 -838 47 -206 222 -605 1013 -3 236 429 761 369 57 -714 -598 639 -575 467 778 -288 -845 -502 802 -374 107 -774 1640 -1246 -871 -41 349 -315 -624 355 1150 65 -4 -1096 112 -506 -90 -778 970 78 712 -556 -407 553 -930 475 -115 -527 -290 1238 503 578 458 205 -159 1107 160 -458 -645 -192 1421 -1239 162 1046 -149 725 189 -283 -156 -762 4 -80 -453 -813 800 572 188 ]
[217 524 -377 -120 1517 189 43 -802 279 -142 74 51 688 -685 554 55 182 -1006 247 -295 101 2059 219 -374 470 215 1229 -1180 -282 -1568 -811 -189 1043 -70 -604 549 1599 -378 493 -553 -1112 -566 -460 -533 -266 -327 -387 93 507 -78 814 -835 1177 -100 383 -428 303 170 -259 -370 506 1104 204 289 -6 -785 33 784 739 14 -1260 633 -70 -367 117 -1117 -187 -341 -997 270 -987 433 -401 88 201 1004 752 -1432 364 676 -1046 -753 144 247 -1253 -834 629 1765 61 37 94 -237 -432 1131 430 370 -1112 492 675 174 1173 -851 1060 31 -278 -70 1199 165 1656 34 -344 -17 382 482 194 -447 1004 495 -557 542 -797 -1060 2337 231 298 ]
[821 994 115 491 466 48 799 40 -550 388 -645 -352 -225 -886 683 -1212 -1586 854 -492 -351 118 892 -173 -294 716 48 570 -787 -1008 -350 22 108 874 309 -214 346 473 -82 95 -353 -414 -166 254 -551 847 496 390 316 -396 51 -18 -1120 883 967 -934 617 933 724 -1005 910 627 -19 684 -454 -9 124 -84 -634 1334 852 -148 700 -44 -544 256 15 238 -411 129 902 -374 -1125 -38 -1042 813 -413 237 -979 -535 859 -691 -58 544 468 236 812 1319 101 111 262 -281 -33 -923 308 -1271 445 -1197 591 -1153 358 1171 -210 -1035 -492 -1201 394 29 -849 720 818 565 250 17 645 -486 102 784 2055 355 -637 -531 -933 1416 929 483 ]
[335 165 -162 897 1315 310 205 -864 137 72 877 115 -27 -1 1209 404 1251 122 392 -1515 623 431 -1433 -546 -36 -1218 371 -166 -295 -456 283 60 501 -128 196 -651 146 1395 -1214 78 -486 619 -38 48 -537 -271 -111 752 890 40 -139 -360 916 776 423 734 974 427 -1012 11 26 62 545 -1197 -139 -555 542 900 202 696 -295 -302 -837 19 -560 609 1168 1361 -3 1164 312 15 236 261 -125 -203 681 -740 1159 -809 -457 -1114 -455 -620 1035 659 958 598 79 -417 845 -266 310 -74 -401 -482 -1375 541 -275 845 768 472 -1901 -494 -550 272 79 -256 658 61 219 -100 -84 489 467 154 39 689 -79 -1010 536 354 603 -62 -335 ]
[335 2054 -42 -169 -197 -312 148 -573 180 826 263 -250 150 -324 731 -908 1203 -183 -248 -410 336 54 4 196 471 455 510 -699 -722 573 740 -334 -135 296 -541 72 1417 -30 -147 830 -747 972 1140 762 106 -861 -1126 -401 -509 -452 -390 -163 -21 -667 -781 218 -670 -1042 780 -912 -104 198 -32 56 516 -760 1436 701 -450 691 -913 -499 -65 1023 172 -640 -377 -1228 331 255 174 15 -827 -589 -164 -618 572 -881 -783 254 -190 29 30 -1156 -107 96 776 506 -915 609 -650 1082 -94 184 -182 -467 357 699 135 -166 -725 -227 623 -395 -589 421 470 -1177 616 664 149 458 -207 155 -181 308 698 -298 -1742 1369 -38 414 -169 -125 -96 ]
[615 -103 557 -423 -110 870 -329 -706 227 669 -535 260 808 -377 676 -1482 488 247 -829 -778 745 -481 -273 363 -31 429 804 -912 873 -48 -291 98 319 87 460 -665 695 -561 266 -322 -367 -268 432 117 623 -745 41 -632 -305 -361 -524 -477 618 -871 301 334 162 613 -164 -543 948 -432 452 -1110 487 797 -400 1198 -510 -135 -1078 -189 161 -537 -328 -1435 665 -347 -840 -321 338 -946 -594 -61 -593 370 -139 -823 -215 1759 236 21 -362 -202 -965 -573 560 758 -42 321 -871 -1274 68 329 416 -741 -66 215 -197 -130 8 536 653 -329 180 341 512 552 140 -133 245 578 647 200 280 -362 283 375 -636 -943 -8 108 -633 -482 902 ]
[-611 -616 58 -322 1336 39 848 142 -48 -766 1032 -568 -607 -88 -454 839 188 512 353 210 136 461 -318 -383 -306 733 -63 -2 -171 -812 -189 -89 49 -187 -370 131 256 320 492 185 -1060 262 336 426 -1323 -587 45 275 1010 738 324 873 77 -562 14 -188 -429 54 84 151 852 -332 250 394 167 -779 -65 470 -44 -773 174 -299 229 -73 -668 160 -32 994 -790 -527 -654 -52 214 268 -452 776 38 -548 66 700 -132 505 -549 -231 365 -5 -90 135 649 269 54 180 159 120 592 172 -660 437 693 -149 -187 -788 -25 97 339 76 -217 -135 795 -27 -958 -92 -494 -180 322 3 -593 -571 -869 834 23 4 606 -892 16 ]
[-379 1272 -10 280 -105 -334 117 634 1326 -261 273 -482 -605 1069 -841 338 764 -295 -96 1327 166 -16 170 -89 413 308 -498 -244 -292 90 -1296 -446 -378 -676 -265 401 -343 -417 -465 -395 739 456 689 -82 561 -464 -220 -285 332 -111 -775 546 753 369 -310 258 0 -104 -203 -308 -928 -1145 -518 987 -848 -466 134 -501 568 -335 -477 540 738 -66 797 204 -732 1104 52 -237 -833 393 -168 -414 -172 260 327 -1749 110 409 -270 -261 678 54 271 -731 -701 -25 180 -150 -235 593 719 -578 -772 434 433 186 -669 -1299 -877 -242 -200 713 -525 -83 -54 -54 769 423 -1009 -838 -1054 301 292 356 -376 -1197 641 530 -1037 -1314 1151 -427 -162 ]
[313 1132 539 -1030 -1079 722 331 -578 -42 325 -1503 512 441 -221 -577 -1126 258 173 -904 829 371 122 195 539 -2 907 459 801 1895 179 -971 59 248 389 248 845 762 -618 -475 348 902 133 119 -198 231 223 -510 683 -667 298 -492 -629 -668 116 -263 651 290 -1 1021 581 -683 -369 244 406 327 703 40 -932 669 41 -442 763 666 -512 -877 -375 -391 109 651 -334 1076 -800 535 732 -1208 -323 -133 -463 1117 -830 -688 25 537 363 -986 -568 581 -1344 -573 493 -48 -343 -555 -499 -393 -1503 -1002 439 -553 140 -151 752 -425 -87 -827 -32 -647 -397 -705 -809 -567 361 392 421 0 50 -717 -501 -365 38 162 -86 -606 -625 -261 ]
[117 539 -187 -73 -69 -860 -428 468 150 -650 348 73 -225 1017 330 -19 -474 1070 853 17 -25 -875 560 388 -1045 -62 -1733 331 -542 473 444 878 97 -193 -1488 -823 -779 543 12 571 765 -49 371 185 516 359 -880 -159 -410 -516 -17 202 345 138 -393 -545 490 -250 213 477 -981 -434 -340 -586 1262 624 1249 -332 -182 327 710 -120 -945 -152 -566 509 -675 -374 -1307 -1077 670 104 781 -617 918 -1105 -92 1266 -67 864 1141 -58 -417 -35 488 -651 653 221 102 61 -251 356 -300 82 682 1079 654 587 727 523 -33 163 -5 -970 -211 278 156 419 -1390 -402 727 299 152 -553 603 616 -562 406 -53 729 128 1032 -978 -235 -1225 ]
[-185 -197 679 247 -468 727 98 132 -319 -237 -42 -75 -1031 -613 1176 -625 186 697 407 -399 229 -78 -376 -501 -394 -24 -1073 -137 -50 -489 480 -106 335 -401 293 -102 -628 544 -1152 29 669 52 390 -1168 -83 -377 771 87 -263 -125 -59 -466 -224 -58 -37 363 -563 50 -434 -16 81 1005 -75 597 615 -1081 309 822 -369 -121 -1052 -295 -344 -972 696 -322 -75 -947 -453 -1433 422 -485 -229 -385 510 1070 -67 -979 -384 -585 -673 -743 405 134 -744 250 459 636 -397 120 -1270 -2 239 628 257 -102 1519 -504 883 -319 -265 875 -579 347 1019 -25 1074 129 1332 629 223 -625 197 947 1066 600 291 380 -101 -741 -337 116 445 -2243 0 ]
[-209 -1098 1179 1258 777 409 85 872 -346 107 180 -190 -225 -705 416 1255 -488 377 -915 -877 365 16 380 -271 204 -643 980 264 -61 -482 707 -621 -950 -421 672 -1075 341 -36 271 143 -490 -368 1237 -456 -9 -409 -52 -1499 -76 145 -484 428 568 -101 -34 411 285 42 -369 -157 653 -1211 -336 -997 -566 738 -115 673 -148 -120 -320 -379 -413 -493 529 -134 1221 823 -33 160 -269 -8 -1066 351 -336 648 -601 -276 -928 610 737 -77 424 403 -12 -402 -661 263 -101 19 170 -714 93 -336 77 860 -128 -416 -753 319 461 26 1292 -307 478 805 -61 955 -1349 1200 877 -522 390 -520 4 317 -599 841 115 -776 783 420 -95 121 670 ]
[-282 1140 20 339 225 781 153 -604 514 318 808 -338 -864 -339 532 88 -9 -647 -921 104 -798 355 -134 -902 1232 -1121 29 -748 315 127 1160 550 -166 -802 1177 820 199 -61 -1148 739 496 723 859 -1003 289 -393 712 437 -589 56 -178 -753 318 555 407 25 7 124 171 305 27 66 -66 -584 1147 -595 380 1219 439 -60 -656 -493 -635 -317 85 985 250 689 -863 1378 -1158 -1386 150 131 868 382 519 -1470 718 -297 -1060 -914 963 866 -314 584 -631 381 -628 275 -554 516 193 -334 42 270 -2320 382 -490 481 -72 529 -1313 -348 930 300 643 270 304 378 803 -649 -162 387 51 245 583 793 600 159 -733 -413 982 -437 895 ]
[905 -903 -316 1368 -567 216 -530 -899 -51 26 -584 -258 -69 -451 -150 150 163 -223 -1191 -96 453 445 -165 -92 -569 -345 183 597 117 -24 -338 -528 -665 -384 793 -238 1836 355 118 -2281 -887 -643 -998 -900 311 -237 -376 -240 -703 113 214 -133 274 118 -265 433 -83 548 -740 -492 -289 -18 -133 -17 700 -898 -641 -1039 177 862 -482 202 742 356 420 388 1076 -737 -69 2171 -463 -235 316 -646 113 -20 -128 600 -60 -384 238 1135 529 385 -601 -778 358 784 848 -45 924 -444 -958 -224 -166 -262 -821 1343 -129 541 -627 162 398 695 -1093 325 389 -589 452 163 1694 584 641 99 -54 394 954 696 810 -804 -1016 -286 101 228 225 ]
[-175 -2 -82 -77 220 1 64 689 -282 522 222 -873 -314 1406 224 474 -1128 382 1098 -49 857 476 -673 577 -297 -1132 -40 703 293 -35 -46 585 16 -347 -907 -303 -825 377 675 710 1490 -27 -1111 260 -188 1684 681 441 875 -130 -52 -555 339 855 946 -999 624 33 1026 1157 -317 -98 -832 1015 -458 665 151 -2112 14 -1219 870 70 -456 357 66 1161 -495 1167 -516 -1088 639 -152 1151 -185 969 -605 -991 1017 -45 -68 -309 53 306 444 798 354 110 789 43 -1140 89 -46 1227 810 93 310 878 -1461 -355 -613 1015 -331 -1058 132 -361 33 -1324 360 -511 -65 -316 -340 -217 347 -215 -42 312 650 581 -27 349 1059 501 383 110 ]
[206 259 620 -503 136 82 267 -499 -483 -1466 702 27 -1135 -580 918 348 736 -837 174 827 -494 26 -449 -208 -163 -862 -421 -459 222 -664 1417 -876 758 -726 -812 275 1090 -360 -94 -358 685 436 45 -58 -17 1582 602 -628 1000 762 -23 -278 190 -280 326 -594 -602 -647 -207 -246 475 457 787 -640 283 346 982 -840 180 551 -744 249 -695 247 85 684 236 -795 -371 128 553 -297 1431 -82 -166 1550 42 103 -407 -1145 -2168 -1078 -200 -163 79 -149 -305 784 -522 328 573 577 -553 897 273 -71 -88 340 596 567 -343 -422 367 -430 -672 858 -50 -123 83 -523 -1382 -192 271 -511 -845 485 152 -476 -697 -303 -13 599 1163 191 77 ]
[553 -405 952 306 -29 -119 -178 510 -1767 -656 1252 64 -279 -835 1253 1148 -541 1076 583 -626 -459 30 -832 -499 -177 -187 -317 -143 -78 -696 1463 -263 -771 -15 -445 71 -809 -817 -228 -471 -293 346 -837 -756 -33 292 1041 284 813 917 273 -968 -985 255 -80 176 -184 1294 618 609 419 821 34 -371 1738 -694 1186 -426 302 1432 -395 67 -206 -1345 -738 600 -77 -859 -90 -443 -905 -112 322 -915 442 384 234 323 -787 -1150 -642 -1394 -926 361 -336 -442 1446 863 -117 286 589 60 -410 -181 -301 601 -1195 49 -17 448 -18 -607 23 506 -5 647 -931 -1123 772 436 36 774 -598 -144 -325 -152 -1086 1362 -527 727 -47 627 -113 -731 -908 ]
[209 371 255 685 383 -182 -78 -510 13 513 413 -18 311 375 -122 -331 410 2 -268 -212 -666 -173 -292 435 -135 -747 119 207 -691 -887 317 413 -704 35 -305 -274 539 100 965 -672 -11 -1349 164 -395 -271 -38 681 437 322 -1428 164 -73 -260 49 1076 -575 550 669 -631 45 454 -307 234 547 1056 -389 412 293 -99 335 -428 616 -527 -332 -199 463 -460 -40 -48 708 -766 -584 -407 -228 710 -92 -241 -180 -829 -462 269 -251 178 194 -693 -148 1431 677 792 820 -48 -246 -273 24 -741 -143 -596 596 -121 -270 -44 516 -735 -210 8 -506 750 -93 595 455 276 979 427 305 -147 -307 6 478 217 -183 -661 653 -132 444 -219 ]
[110 -709 -420 502 -61 -228 -280 533 551 157 346 -148 91 1042 -235 482 571 78 -951 -330 14 -953 143 -811 -148 -792 498 -201 593 778 -282 141 48 600 222 -807 -56 -164 -144 705 100 -980 224 1667 1660 112 -731 -1382 328 -156 -863 1183 234 214 535 -887 -206 -290 1059 288 -742 -1100 -1686 99 -807 355 -950 -836 -108 -329 258 40 231 735 -34 -44 308 140 -415 -20 1762 342 -652 -756 -24 -342 -208 1069 93 903 758 -11 577 -434 887 -434 -318 768 563 -520 103 1453 -705 -835 150 429 442 488 -1185 -304 272 604 738 -73 -197 228 -1492 -264 -202 544 625 477 798 -655 540 -173 62 -392 239 545 122 -270 252 328 -718 ]
[-707 525 -555 491 -792 299 67 -619 307 264 -194 341 207 667 283 -287 -204 64 425 -1260 180 -51 -11 41 576 -354 -74 69 -203 1059 686 386 229 261 -488 -933 -756 -139 -138 -192 -1519 542 876 150 -602 -961 -813 704 -1223 981 -283 -108 406 -277 204 264 28 -407 -452 834 820 96 102 -957 -120 322 1219 -91 -184 308 1085 -1444 15 476 -529 801 31 615 -667 359 91 -383 481 372 -571 -111 -834 -726 -139 -169 597 -80 -43 -986 554 -250 -637 -162 -658 45 -357 118 -44 -237 246 -35 -67 -235 198 609 -74 -24 -130 -1160 -378 1488 949 153 -1287 518 1416 356 -955 364 -329 -108 -485 92 -589 -353 860 -97 -602 -602 -27 ]
[1611 543 846 646 -257 450 -423 -659 -16 120 -348 -385 -392 641 -455 246 392 306 394 117 -95 -518 -625 168 1035 -429 188 134 -733 272 -1022 149 10 -1138 61 487 -245 -180 60 -329 1305 42 565 838 404 156 -309 -864 557 -1067 -277 961 1274 409 -496 -646 569 -210 504 -433 -539 -1186 19 -11 73 -47 -671 -188 103 -790 586 983 -118 -6 333 379 43 273 275 602 607 559 145 -902 993 -61 344 612 -62 -45 205 -1184 608 1034 -251 316 -368 1128 1236 229 3 580 -63 151 -720 -27 601 -516 -585 -852 -18 -101 507 -97 -940 53 84 1092 -337 222 -51 -1793 -622 -599 122 274 73 611 1226 -256 -205 -207 537 1370 572 ]
[149 -710 36 -484 -416 -373 -810 -566 51 -1314 571 -273 115 608 514 1412 -475 277 -308 1727 -191 90 -595 -611 -179 -222 -351 291 1352 -34 -354 141 374 176 372 -71 -292 -393 -216 -335 -503 1060 -884 202 396 -241 49 175 211 892 1079 392 415 560 -1734 188 -28 5 834 939 -44 -866 -831 -435 893 548 -248 -1291 713 -912 1006 -253 942 52 278 -214 -301 558 -1117 454 -639 -170 552 350 827 209 -661 629 71 -613 -931 -322 -677 -146 756 -828 -301 91 615 -281 1 173 -259 -399 166 419 -1032 340 409 610 -155 -1351 -449 160 -13 205 -328 125 459 -881 -70 594 610 -72 15 798 -714 854 688 -489 101 -255 -51 -177 -898 ]
[-209 -567 696 1526 12 444 -308 -85 44 -160 742 843 -1105 -754 -656 -47 -667 199 404 583 203 360 -9 -512 -1047 379 -560 352 -770 -349 -586 597 134 -324 390 -415 -10 -267 460 -672 132 -126 -993 -1228 -309 496 309 1103 -708 474 649 423 -7 -258 756 -1004 -440 1353 14 386 -48 355 -1218 411 112 -327 -1124 -979 540 621 -190 -299 321 -112 45 1331 223 106 -507 -233 630 -676 1172 413 693 -203 -926 33 675 491 30 -43 -809 412 -50 593 4 832 -205 -371 -118 56 453 -502 762 591 186 886 586 362 236 654 -555 334 -331 562 697 853 65 15 -932 822 -239 -263 133 213 242 318 1187 339 319 173 -447 97 -1258 ]
[628 -320 251 -301 -817 438 -74 -325 -44 -167 -213 -341 -145 325 1523 502 592 598 71 795 1010 -332 -614 287 676 772 -297 -59 1675 826 -786 -928 931 560 -1063 -1465 -670 163 -697 1552 131 684 -1134 1372 420 -724 -1334 -1014 675 292 -142 -203 368 -598 -465 -616 244 -1130 577 1035 -201 -407 -378 -1051 -489 322 -601 731 1198 -1180 272 267 -829 41 -268 -1470 -319 191 -675 -1776 333 40 -126 329 -513 709 -218 -341 783 597 -858 102 -182 293 367 293 -360 841 1034 239 430 -322 -368 -419 81 -606 180 375 542 -218 558 -263 621 -438 -131 268 -425 -243 276 -387 -1252 -378 126 520 1038 -6 -745 461 -67 -66 428 441 953 -1137 955 ]
[641 -588 636 -251 -208 176 603 522 -967 196 -40 601 634 1220 120 928 -579 394 557 208 -296 140 -319 -283 294 -348 -344 1300 464 -72 -1499 628 76 -181 -724 -1 -1132 -682 1618 1433 1447 567 411 -299 1236 193 -134 -498 1745 243 1140 287 682 15 -472 -438 -57 35 1128 1350 195 -1074 -1351 114 -994 838 -134 -369 712 -1596 2029 1486 -165 -586 25 -476 327 1190 596 -575 -541 131 -286 1228 -848 898 -963 778 -1025 913 -1402 -747 -829 -135 192 -1322 -152 -979 669 -855 240 6 1011 -846 -650 791 -350 -1276 -14 -831 1165 -1144 -291 214 -930 -93 -925 399 -717 -28 -1770 922 -466 267 -961 -705 -674 349 19 -210 747 -164 334 1027 -666 ]
[440 -430 -597 -665 128 -584 12 390 157 -621 -59 -853 938 458 -892 2047 943 37 -206 -587 1241 319 214 109 -1024 -37 752 863 30 139 -1027 73 -114 -83 317 -1301 650 141 364 -582 -619 -162 -448 -130 -767 -1785 -430 -421 611 -275 -1213 906 574 -182 125 550 380 -42 -360 -1068 -393 -101 733 1005 -218 -319 -138 608 -625 563 320 -861 743 524 143 -381 -229 463 291 590 -134 768 -1145 21 -249 155 279 84 877 -398 536 -27 -136 -492 529 -436 71 1189 1243 554 523 129 258 -641 -80 -294 -32 -346 313 -531 489 -194 1062 668 597 -359 166 111 400 -377 793 852 188 -120 149 -619 -421 -914 -849 -469 -903 -416 -262 73 -31 ]
[-281 397 -672 133 105 -1044 557 -38 84 -572 270 -563 195 361 555 90 -832 -492 739 75 -482 -573 -401 776 8 -1097 -1318 1250 830 -957 645 400 -253 -700 -337 -99 -339 947 1485 352 459 -559 -836 -452 -552 13 -361 437 -47 -623 1542 76 668 -958 -102 881 -203 -230 -910 173 -945 -556 -543 1289 529 -744 -710 893 124 -70 540 -163 40 85 -661 -178 -842 633 -130 464 -795 526 -682 -374 595 815 1094 376 -320 501 -602 568 -646 699 -20 -793 27 -185 1477 113 98 -552 314 -376 338 825 26 -1489 170 -78 -607 75 -1099 64 871 -557 1622 453 336 -99 483 -666 -399 27 98 -535 -666 1206 557 -360 304 132 -232 348 -650 ]
[840 236 -3 -361 -1559 475 -356 -941 -323 -870 -1295 608 579 361 -866 408 246 -126 678 -399 -393 -348 -145 -451 59 534 -83 1393 -51 -28 -1251 -138 359 -277 120 763 115 -604 489 -551 809 713 377 241 -611 46 -1207 285 971 279 69 467 47 26 -262 -200 -799 -821 1565 -236 -179 522 -769 1356 -502 -212 132 -899 -1039 -992 594 410 128 685 -306 758 -324 -384 1180 -772 1404 417 130 -37 -436 384 170 241 -104 -1733 -601 -626 -380 -327 -207 -276 -1112 -509 319 175 134 242 -466 426 -33 -539 604 -16 1068 17 -825 -408 124 390 -1168 412 -456 -280 -439 -446 -87 -680 -733 492 296 -604 169 -921 -464 195 473 -39 -424 -625 187 ]
[947 774 -736 -746 774 143 496 -685 1133 -970 -425 44 -1008 -199 -690 -954 -145 -937 -716 -148 -210 -161 427 -502 86 -919 540 -933 -381 -1082 323 906 144 -1184 567 1763 1422 421 -239 -711 1228 -508 199 -1014 766 475 -34 116 -395 957 -298 -681 175 965 58 -119 813 622 -177 -1037 -763 -35 679 397 975 -646 174 -129 693 417 -714 687 565 -780 -155 125 894 -396 -117 1643 -560 -162 564 -170 207 90 892 -141 -2 109 -1319 5 -787 664 -833 -119 -808 -638 364 -149 -325 305 -466 -190 454 -965 -2343 594 -603 384 65 -76 -1022 222 333 -1054 75 -486 903 -1222 -69 -1136 -17 478 -600 -332 191 -1141 787 427 -1466 -759 1523 746 -303 ]
[540 -734 -132 538 1437 -543 221 54 -63 -105 1861 415 -103 -108 642 138 -88 -298 882 -1360 -147 -56 456 -1004 38 -183 1552 192 -402 -675 2113 624 -268 -246 709 -129 6 241 -588 554 -61 1028 -160 -1584 -48 697 547 -321 -289 -1068 190 -23 -1269 -206 1091 670 -71 -230 260 -489 727 877 -681 130 223 -201 203 225 -532 241 -456 204 -416 -227 468 1066 538 63 140 179 -764 761 -302 383 339 -381 46 230 -915 -357 -188 -397 -738 -541 -609 -473 204 -293 -104 776 610 -175 472 -116 216 786 -1101 -433 -277 765 531 -397 -347 846 40 294 201 -813 252 325 -904 838 -292 -834 -627 -716 763 -618 -439 435 50 448 -848 7 -359 ]
[-539 -379 -1028 881 -974 -664 126 -313 -562 -67 309 -657 -477 661 251 168 864 -1223 -276 -220 133 -237 -349 621 344 -558 176 740 -768 591 467 -527 -486 -631 91 -556 1088 1081 87 -611 -690 -1329 928 -1173 -1177 -1021 -469 -650 -146 1140 252 -289 105 7 426 529 -267 -281 -757 -315 561 -136 -230 866 -991 -133 -155 278 -633 899 -288 -621 586 254 -205 313 401 -418 1439 1555 -351 14 -768 -258 -661 245 -60 -272 -320 -739 -667 1195 -451 -666 -283 -699 -1411 -126 200 -680 -533 262 -330 -830 204 24 -814 -568 -96 -537 -1250 -213 -48 874 847 1133 486 -682 389 5 1050 -222 -506 1104 42 -510 -235 -481 -330 -11 483 438 180 -30 225 ]
[-290 -377 -56 453 -654 -859 -562 600 109 597 186 -357 1276 -542 -1098 -458 1234 -219 223 -878 -600 181 33 -64 745 -1230 711 -960 -921 -338 313 -83 714 -54 -1025 560 2472 394 -126 439 -615 -243 1963 -839 -1008 -698 -614 -1099 -472 -909 407 665 -1024 -1340 265 -2 -1515 -1325 38 -1044 365 57 -439 -278 -693 349 -185 854 -1375 563 -846 245 -129 -224 -254 -648 565 -1950 1668 406 816 417 -748 -37 -212 -629 -582 493 -72 136 209 428 744 -139 219 248 -14 55 -900 -394 -549 -228 -860 231 -418 669 -398 -141 -520 -32 -1078 -481 678 316 967 127 142 -231 333 -757 1495 -202 -373 -201 83 43 361 -270 -25 -1010 810 377 -957 1340 -90 ]
[1603 437 249 -239 797 -7 -318 -289 -1800 107 163 298 -337 -688 1051 410 -706 -817 202 978 35 234 194 -245 778 -644 -156 38 511 669 754 655 244 -893 197 710 -296 -925 600 50 -162 -73 56 247 1857 1874 1170 -1410 892 685 853 -1228 303 283 -692 730 79 869 153 245 1198 580 -1000 768 733 156 1308 -608 -345 150 89 1286 725 -1224 328 -76 86 -1163 -601 1037 -686 -504 721 -719 -235 1730 -110 -104 -1252 -842 -1102 -516 -423 80 -1258 -767 509 769 443 -906 113 279 -808 368 -259 1064 83 -296 228 53 37 421 325 -415 -1336 1312 552 -607 325 379 -220 -604 -218 -61 -1830 -240 -597 700 -584 3 -1081 31 116 -578 -740 ]
[438 646 433 264 -97 66 -237 -85 -727 -83 886 -434 794 -624 611 1292 1815 566 622 -930 830 983 -1195 636 238 -864 351 424 776 50 -501 -642 370 -199 87 -161 315 745 -54 1324 842 737 -342 -336 -199 -559 245 1169 630 -252 -38 23 -635 -563 -387 851 -347 365 102 427 131 142 -430 730 402 -232 20 536 -105 -140 -829 967 -842 -752 -1004 946 38 134 935 54 532 -255 -69 951 -157 701 788 -1217 1287 -2020 -1644 -169 635 174 -285 48 1603 894 -15 -15 1069 -323 -41 -393 -1259 -461 -93 -1082 141 483 -258 494 -1592 142 -529 186 -71 -267 509 471 -108 -406 -933 267 664 -1065 -178 555 205 -1899 73 1093 -708 -53 -462 ]
[141 -603 -119 -8 333 1125 -484 -838 311 -593 -618 487 -179 737 -554 -296 -892 -137 -2 265 446 225 270 -859 -1115 425 -666 79 -393 60 -1363 703 -247 25 -189 775 -200 447 397 -1279 390 -636 -1354 -360 -103 -616 -543 150 663 314 685 178 6 1064 148 -6 1008 546 322 1438 -492 627 -292 -562 620 -728 34 -596 1169 -20 451 617 -290 -542 -832 -286 1507 525 -185 -41 213 -806 -584 1034 -103 575 -473 869 251 210 -266 627 148 836 -1157 -860 1164 476 816 71 258 -671 -316 289 442 -673 168 623 1644 1482 213 64 166 -616 -999 -405 -348 834 -304 -955 484 334 728 178 -54 49 209 452 783 -1084 -232 -1255 761 887 997 ]
[-338 -482 -536 -551 421 -141 440 -909 -331 -1229 -873 -15 -379 -124 837 450 732 -796 -513 -133 -245 -221 521 185 -839 -747 330 -1322 -895 -714 -882 -692 56 -955 318 789 257 521 -1165 312 -161 -565 686 1292 725 -595 -1069 -391 6 84 -1137 998 783 -168 67 -473 318 -981 -383 -971 403 -37 644 -679 -60 222 -367 1996 -257 132 353 -521 1160 275 601 -1526 387 -1120 -122 16 215 1051 -174 -929 245 34 239 1424 601 789 136 -298 698 -385 34 406 -179 -517 -116 -97 -934 1009 -639 994 600 -430 1660 -253 1052 750 643 -182 1451 -351 284 -437 619 253 792 908 200 -435 894 -403 262 280 260 -837 -873 -4 -332 -952 1151 656 320 ]
[894 486 347 -649 914 696 16 544 246 748 777 63 1062 -747 -141 -316 112 -133 -114 160 438 -536 675 -1369 141 174 706 110 267 176 134 1401 -425 -726 714 -659 -838 -637 1251 -839 -291 88 -574 1120 1188 208 960 -655 733 -864 499 -212 349 -325 229 -230 501 202 -48 -271 509 -558 -319 -21 1597 -40 919 92 -531 -770 97 959 195 419 908 -687 -418 -751 -425 -175 1141 -234 -720 -932 489 468 445 292 -1203 532 -147 -841 -282 7 -518 -1044 1172 1485 968 701 274 130 -252 -50 -35 1034 -669 1059 -126 135 -281 -45 -584 -1060 -703 162 379 294 605 -10 290 -480 148 -464 -830 -204 -534 683 -653 526 -780 255 471 -888 -1059 ]
[152 721 -383 -558 234 567 -1160 189 -473 117 -673 -75 -712 -1013 -228 404 -671 565 208 726 -364 101 144 -428 364 522 -439 119 325 663 -445 216 269 -194 1798 1004 131 61 -699 784 583 560 -220 836 225 686 581 -801 -1082 301 887 31 212 905 -1553 948 177 226 239 -235 -1092 -212 326 444 817 33 451 -1728 24 361 -356 703 972 -573 709 375 124 173 352 1670 492 700 502 -122 1128 -720 1818 391 1076 -1214 -62 -232 260 404 -323 43 -906 -739 200 -426 149 1249 -698 -430 277 -604 -453 454 -468 117 587 1350 -38 4 -477 -142 275 -18 12 -724 107 -1462 -117 -16 -563 603 -142 160 1001 598 -1346 -170 -326 199 -339 ]
[-101 238 -1490 -634 761 -21 1040 133 -599 378 292 302 -1022 -449 1047 1918 502 -600 -246 -603 -869 -347 1255 1215 -232 -1130 242 -530 -788 362 369 145 -711 -227 -990 1239 275 -131 -841 770 427 -371 281 1344 421 715 517 94 -691 -515 -763 -1022 -711 954 -789 15 -105 30 -230 -628 -450 588 542 1133 902 -639 50 120 -1244 -348 -403 24 903 -714 51 552 -973 -527 -192 -397 195 125 -516 408 72 -659 1743 -7 568 -823 -52 1135 743 985 -474 726 136 -1417 -259 -60 645 1391 200 -574 20 -300 1106 -795 -806 33 1223 1319 865 -530 959 -954 54 -267 -375 41 -400 -403 51 -509 -345 330 -458 -982 -715 1541 -576 -108 24 3 -270 ]
[414 -691 -742 801 180 -234 327 -935 470 262 236 467 694 518 -1089 -125 -112 -628 -671 -535 551 450 -849 401 72 1088 549 579 -15 114 -599 -982 1083 564 903 -988 1307 -142 -490 -1033 -641 -267 -334 -1184 -917 538 270 917 -840 -97 -342 -107 -359 -500 1128 -667 773 330 -973 300 652 341 271 866 -973 -29 -782 -221 81 599 -1015 -77 91 -404 -13 1001 -137 38 -648 1070 -570 -742 115 572 -403 -567 -732 -768 338 791 730 152 496 236 -493 -1115 -168 -161 848 -1 586 -1163 -215 -233 313 -150 -1124 744 -926 -1362 648 1002 142 919 -83 -301 399 -992 241 -719 -1069 1620 211 693 331 -754 1151 -568 1012 399 -401 182 -257 471 1127 ]
[1210 -1467 181 -69 451 -269 -223 284 -292 -1003 277 44 737 886 -890 -123 -992 -204 -63 354 1125 611 -442 445 -832 465 532 328 29 -60 -974 -707 744 84 340 81 256 201 -418 -785 -306 -487 -1891 -1346 -315 -111 -97 1265 -104 -720 -759 -392 -133 9 233 902 564 705 478 -606 -706 364 -488 605 -782 306 -714 178 741 -542 901 475 1648 -547 116 247 -118 -200 959 -186 395 -214 -241 813 546 73 -701 118 1293 -810 -761 -553 812 1582 491 -863 688 572 1635 -1029 329 -216 3 396 -226 -242 -1095 -827 -344 274 298 775 -533 1484 -567 -667 572 310 443 -699 -670 697 62 356 570 -579 8 871 563 -1319 105 535 172 446 -682 ]
[802 -482 335 876 -942 -247 -683 820 9 -472 12 67 440 -493 -1313 73 68 -603 -713 770 133 28 357 -26 -860 476 -124 1029 341 235 -31 -251 -765 -453 1167 282 189 -263 754 -1086 877 38 -564 -993 -151 -47 732 69 -259 -172 467 1540 -689 -362 -165 -391 -1255 -273 1641 -875 529 -85 -559 795 732 -642 -520 -1704 -189 135 662 -371 937 897 122 453 -208 -934 654 -359 1413 520 -653 -838 516 -107 -676 923 372 -308 539 -665 285 275 -558 228 431 -382 720 -597 269 618 -284 441 -168 632 950 59 365 576 -1033 -1046 736 1355 1000 242 -308 287 -214 -395 835 -6 -22 -887 -929 -936 -65 -1087 204 -319 237 13 -842 1031 14 ]
[-354 -120 -1212 -195 1045 -575 71 -377 -122 314 1087 -1397 395 456 560 -823 628 -519 812 -119 445 856 -1012 780 1706 208 105 -290 -498 -873 -228 289 333 549 -1797 -296 659 704 125 462 -732 -520 -61 1065 -1134 -431 -1034 -990 764 253 166 -403 -3 -1108 -132 -436 606 -720 -514 859 -192 -654 191 739 -281 -108 332 1161 774 211 -922 1060 -529 -889 -519 -750 -92 -403 803 196 -1146 93 351 718 -154 821 391 -635 -103 233 -1011 1060 243 -633 660 -655 155 1841 -146 80 56 161 -528 -726 -554 -1538 -868 -535 -140 -280 130 155 -251 -597 -212 829 -303 -687 226 -72 -789 389 -374 341 744 200 648 775 -433 315 282 722 1038 284 194 ]
[739 -625 333 -167 1255 257 -13 414 -262 134 -121 -429 -499 -1026 -205 99 279 -367 -545 -621 -309 -98 992 -488 -463 -680 1456 461 185 -12 278 332 -563 -805 1033 568 -732 453 -568 -245 -792 -1213 -432 -909 306 465 853 125 -480 62 245 -314 293 -915 89 -147 1157 228 -966 -370 1741 570 597 785 91 -354 617 637 58 -732 454 627 -578 -428 -28 393 281 -662 656 983 -222 286 493 565 -279 954 592 220 524 -972 233 -774 357 51 -635 594 589 -45 374 -70 28 -29 -590 58 -312 232 -829 -672 515 971 585 -633 -997 -141 678 25 -53 -136 -544 -253 769 -755 946 534 -71 -161 -470 315 -1142 -531 -424 841 367 10 -1446 ]
[-479 -1256 1594 -603 551 -301 70 -215 -1366 -363 172 -248 39 -1388 164 148 434 276 895 -1022 314 -833 120 -296 -596 473 -552 252 1027 -1132 -739 -943 -652 -184 -460 -428 356 805 41 1072 284 541 -122 503 -179 726 -258 -175 585 618 354 -448 -1323 -254 -295 605 -1068 743 -1013 148 -1223 526 23 101 557 -68 -1067 -754 991 1822 -85 328 868 -697 -129 120 -76 -588 1020 -273 825 1197 -464 -187 -144 332 288 922 33 954 -215 -853 -1171 -251 -676 -747 445 -696 -375 208 323 90 -133 -718 -657 -984 572 1169 1472 395 35 84 -249 149 -700 178 160 -707 978 874 -1198 92 -950 -819 452 149 -785 703 -499 515 924 440 -298 -124 -673 ]
[19 -621 937 -657 182 469 -1 -1204 -906 -117 48 -483 -871 163 1113 -348 1120 -672 1148 -1082 -423 -26 -341 131 -545 -328 581 1031 550 -697 101 -459 -1664 -784 -581 658 -255 -256 -899 -38 95 -770 -84 -167 -1092 -317 157 141 1258 371 -249 -780 -15 446 1645 -629 86 164 682 266 386 -228 178 135 985 -442 -77 808 21 -144 321 -23 -566 -204 -49 622 302 592 265 -175 540 -94 475 321 -650 924 -229 -334 688 -325 -60 -527 144 -828 -611 714 406 740 -599 423 -148 256 692 -137 104 -1145 -280 -500 1288 180 697 -828 -677 341 1097 1547 -472 252 -784 488 -632 11 270 -790 -219 -47 133 -24 -1615 -285 440 735 801 -647 567 ]
[119 15 604 858 -259 232 -455 1145 -273 719 12 476 -344 -790 -480 405 -234 1003 267 -773 122 -1041 -106 -1361 -139 -1314 88 -39 -733 -211 276 983 -227 -631 422 -378 164 573 1180 -449 405 53 1310 221 613 110 407 -1365 364 295 128 639 -344 220 736 -312 -879 -219 -491 -725 -260 95 -744 -923 -278 866 383 -1379 -1373 -12 -582 -159 -363 1405 407 721 722 60 240 -64 1931 572 -122 -1337 337 -1099 -147 1676 -826 327 735 599 -910 -223 -351 131 -575 -474 -311 246 -733 -88 393 579 -292 402 958 1191 812 607 -155 -328 426 -707 -869 33 -1100 146 -670 1040 1160 -377 -686 -282 -561 425 36 -135 456 -164 -73 -574 -298 215 508 ]
[643 776 61 368 -672 -135 -533 708 -329 -1031 189 -192 145 -438 -750 399 -34 683 -8 1844 -409 97 846 264 562 1104 212 -26 165 639 -213 -540 -309 276 876 -751 -149 -145 478 301 128 -301 -58 -193 575 -370 502 -586 304 206 848 795 202 -700 -47 353 -78 -454 400 -43 46 -332 -848 1317 -257 -133 -149 -246 -860 -157 -547 523 -525 801 589 326 -385 -248 691 831 -1353 192 531 333 168 1008 567 -375 -948 -138 -59 1199 -130 -385 176 -337 -73 428 150 1410 234 483 -442 -259 -242 832 -676 257 468 -727 -515 -379 555 280 -696 42 -424 -853 -59 -318 -144 -379 764 27 112 -722 282 -174 152 186 -1746 461 -541 296 42 ]
[-529 -136 -104 -580 -464 -518 705 -146 243 -1236 598 227 -652 1882 599 -533 -185 684 418 48 -527 -22 -1301 -244 -476 412 -691 757 -699 -330 2 -303 377 911 -981 -14 -1168 -439 -434 -35 881 307 -397 -142 -1009 621 -471 390 219 -5 144 128 -292 859 478 -398 613 -750 -156 820 -858 785 -661 -369 -1137 -126 -251 -656 987 -312 609 285 292 -528 441 -222 -437 -342 -992 -1617 -753 955 226 -260 -4 131 122 161 -1558 916 -180 174 338 -551 709 -803 -24 -651 -502 -571 -508 72 336 212 610 -333 2291 516 258 285 882 320 -265 -273 -407 158 -237 10 -219 -457 -2031 370 252 155 567 727 -361 -381 -339 180 156 -251 -675 79 70 ]
[-422 -476 1204 -304 87 472 -1138 -91 441 -310 447 -1084 -117 -412 900 839 1745 -36 -1117 1123 -423 -620 354 -18 962 -698 -279 -533 815 -257 -290 -150 -1683 345 -684 -176 799 -1302 371 589 227 42 -22 765 520 -1586 -184 -1349 62 -80 744 -45 -614 347 290 -623 -939 -351 1187 -188 -308 -119 -846 -627 632 -126 -1129 1913 -142 -477 -394 158 -597 -274 -8 -1143 437 1295 -1361 75 -1472 -260 -69 813 -227 1566 480 -353 1281 -185 -101 109 -228 -39 -604 498 -502 1071 106 417 -644 273 167 -1339 677 -352 -767 -116 976 950 -492 -435 1196 -823 1100 -341 -1009 9 347 -443 -334 -322 682 -543 289 -221 -965 -242 -665 387 -75 -492 63 -368 984 ]
[-591 -27 -1322 -366 133 1090 57 -275 -49 245 -1101 -316 344 29 173 395 -623 -144 -773 387 222 712 372 322 -190 774 1917 602 1191 996 -302 -167 -324 501 1085 188 635 472 -62 -460 -399 -609 -846 365 287 527 -491 -525 -336 812 -675 -301 711 663 259 -423 171 -863 1969 -25 592 -217 -603 916 -714 344 505 -351 -666 -1314 237 -1149 1126 885 -537 -639 -380 -537 437 -882 1472 351 -439 -440 603 -385 -470 211 1558 -1446 -5 51 1303 105 -1193 388 334 -461 145 32 -78 435 -884 325 464 -947 588 -952 635 72 385 -248 1317 901 1758 207 -1322 79 -644 -733 1545 -517 1260 454 786 -338 228 15 9 355 -30 232 204 -17 429 ]
[812 451 -1212 929 32 -523 54 -778 -25 209 -224 -6 359 -648 -467 -181 1367 184 -305 307 351 -537 -685 605 635 407 -379 413 -290 1081 301 -178 58 780 235 -1509 296 61 142 453 -106 -542 186 847 -159 579 64 -845 408 -565 -111 1290 -23 -1019 13 1093 -109 -765 -982 -626 -201 -1079 238 922 -603 140 985 398 -1822 696 -1311 788 -744 334 -157 -240 -480 83 770 578 -111 -328 666 -125 -707 77 524 -496 -383 -1178 293 1243 -540 -1055 334 -900 174 38 808 890 891 192 -678 214 -540 -264 1104 200 -508 -1575 -1101 1391 -162 85 -354 -486 -11 -306 607 -676 31 -685 -266 418 -81 -586 438 -1109 815 384 -485 1122 -716 -96 563 ]
[-975 -760 350 370 -71 -62 -583 -2125 575 223 371 1246 1351 41 923 505 83 -761 927 -1009 364 -1458 699 -510 -793 -249 2156 -427 722 -544 174 -319 -691 -692 1019 -821 -254 687 -1158 1052 -866 656 -444 592 12 -415 -660 -615 -214 -1083 -237 765 368 105 351 1252 494 -302 198 -526 762 15 451 -1053 -412 -56 -529 372 -390 -483 1137 -556 386 -411 107 -24 266 106 1174 -578 35 1018 -207 1183 235 141 -1008 1158 1097 -322 375 -1491 -1064 -829 310 -7 -163 -525 527 706 461 -211 -510 -234 246 -123 -1234 -259 -112 1300 554 -374 -730 534 -837 725 149 -319 402 873 452 705 -154 -683 528 -912 -754 -352 -903 -273 1034 925 -774 -333 -1709 ]
[-154 -638 127 -356 852 86 426 -653 29 -507 -33 -315 -668 317 221 -32 -808 724 -353 120 -440 217 175 11 -217 -105 1388 -96 -686 441 -21 145 -606 -51 -1446 1540 790 -682 -373 -382 -1308 -562 -297 616 603 -393 -127 560 -697 -645 -364 -873 -452 467 271 -175 555 299 -125 1340 -305 372 -72 -315 186 554 -1322 -465 786 -1286 1125 -98 200 -1150 -328 546 -265 1110 -846 -345 978 -1329 773 -246 270 -632 -191 223 1456 800 297 1412 1632 1398 596 1504 51 216 653 153 -271 -578 -522 366 207 254 -1019 708 -592 1568 1706 176 -218 -597 358 95 -74 -51 -641 -63 109 443 332 -828 -372 498 -367 1019 -101 167 -270 -990 519 -161 461 ]
[3 938 260 -179 492 182 661 -1228 -428 870 107 679 -661 -183 620 -391 155 -419 -209 -431 159 -794 -300 -817 129 -716 647 282 469 5 -409 388 541 -513 162 412 102 62 928 1509 757 451 -88 979 1180 566 257 280 899 -665 -10 91 -4 956 -116 657 406 535 -160 530 -434 279 49 -908 -220 652 -376 -295 43 14 798 293 -623 1004 537 722 918 829 1077 801 659 666 1052 -366 231 -1239 31 898 326 28 -953 317 -1126 -1155 803 842 11 -649 -507 227 91 -416 27 355 -648 -249 -1022 567 -243 581 780 -272 -1798 -253 -1449 261 -782 -418 269 1011 -665 571 -325 -497 -1047 -788 263 278 -98 -485 515 -131 -415 -742 -958 ]
[-234 -202 -678 195 122 -754 1049 -522 -260 -681 -111 -133 -62 702 -701 572 -578 1016 674 -1463 -675 31 -897 615 783 40 -1216 349 -1244 -296 -276 -1197 957 88 -1615 -710 224 65 -518 -111 -316 413 1225 392 -1652 1337 -1152 537 802 -127 -826 -365 -254 65 -528 -204 240 -843 -556 636 2 336 544 466 -809 -124 283 859 -914 586 25 101 -32 -1398 -383 194 -365 -304 -291 -898 -1720 -396 130 -283 -28 289 -674 -731 -1173 961 352 -154 634 524 463 -518 243 -730 223 -16 387 222 5 444 -440 -124 573 129 -329 -1646 624 871 -97 -31 193 -488 -226 -325 -114 -679 -1010 -897 -961 665 1532 615 -145 180 848 645 643 -35 140 33 1948 ]
[-1137 56 530 -185 -919 -1105 -92 595 -1016 244 -411 116 -158 -462 -503 667 -141 -15 -242 264 -145 -345 1041 47 342 -257 -229 301 -148 69 776 -685 -1074 242 -925 -1187 -422 -954 -397 250 -523 -186 789 20 178 963 20 -877 -795 -444 -758 -45 -503 222 601 -364 -932 -150 -165 252 28 -78 786 668 696 1106 889 17 -897 1148 -697 165 613 72 650 -221 -1176 -610 -860 -280 -621 -335 242 -982 325 -118 -1449 -129 -112 130 740 -764 13 -833 -759 -499 315 -311 -748 265 -396 749 -229 -496 -424 1077 436 179 -407 -746 429 844 787 -128 369 253 122 266 -1078 810 120 933 264 260 -386 740 -196 -368 -716 1557 -350 -93 -915 -406 -416 ]
[58 -394 -396 523 -130 -80 -498 546 587 -619 384 -250 -212 949 -960 -596 -238 -807 -429 1350 320 -4 227 -540 -988 493 -990 840 -561 116 -245 373 -81 -168 106 -242 261 326 1247 -2231 420 -897 -1357 -1098 -269 141 388 -103 337 -47 956 80 45 924 176 -291 -712 903 -116 -661 -738 -80 -931 805 227 -230 -44 -1769 359 340 122 -286 975 231 352 376 -914 421 -833 621 392 88 -225 -206 893 387 -188 256 -804 197 382 -117 -581 51 -648 -899 -1004 1190 1460 -698 -145 -140 -504 -75 797 342 -444 742 312 153 -1615 394 -299 575 45 -353 748 634 1086 -656 506 -257 57 545 -420 68 184 48 1271 870 -475 -28 -91 182 -638 ]
[-577 140 302 -218 -1056 -157 -390 -1405 360 -438 -859 657 -12 -325 660 -272 703 -313 -819 -266 61 -1039 558 1542 -1285 438 -856 212 1546 586 -168 -1369 -810 704 127 -116 1136 63 -967 -438 -549 51 -817 164 26 581 -1139 1055 -1028 129 22 -858 -939 -468 -167 343 -842 167 15 186 -1035 -481 -667 616 1008 21 -919 -538 -112 254 917 -814 1278 513 -245 -352 -516 -113 -789 -71 1090 -804 160 736 86 357 -1456 747 467 301 97 440 -171 276 -507 -390 -391 -924 -694 -246 438 -713 -575 -517 952 -1870 1306 74 1205 431 -694 1101 230 579 247 -838 1301 412 -413 131 723 139 -162 -568 -214 352 100 57 -13 -186 -129 411 -1221 -677 67 ]
[27 -8 312 -379 270 -166 -1226 -473 544 377 -156 313 1458 -1232 -553 -862 831 -141 -557 -788 -864 174 1013 -347 -309 -81 1519 -554 0 -923 -60 252 512 -101 1049 180 944 -198 20 -991 115 273 -98 -462 849 1038 462 186 -175 182 118 -706 -214 -316 -523 -743 -663 1088 58 -694 -672 721 -661 81 212 921 -1223 -411 -712 248 -124 195 395 439 -665 -283 725 -1276 170 728 1794 397 -161 571 802 159 58 -211 280 602 333 -574 -934 -471 -177 1071 231 -145 -1577 -437 354 -729 -382 -49 -161 -116 1100 1267 329 1700 -524 191 253 -135 50 484 1158 900 -434 420 483 69 254 -677 29 174 69 -322 -764 -823 -941 -254 -1598 -158 -1379 ]
[25 1777 -465 1044 -294 -90 -509 -629 752 626 -179 92 407 559 976 -520 732 211 255 -348 2 -1010 -471 682 307 -829 286 -627 -555 446 280 473 -168 324 14 -899 513 -322 605 1026 254 -265 397 1677 323 -334 -974 -602 -47 -226 -529 768 747 -174 65 105 -153 -532 910 -679 -472 -1804 -477 -199 -198 -468 16 999 -760 349 778 -533 -228 1125 233 -94 -742 -333 363 273 -471 248 1138 -451 -52 -275 -65 699 169 -253 567 569 -752 -1035 576 -233 745 323 -311 22 -409 1419 -556 -1268 635 -223 576 -410 78 34 -774 22 236 -936 -1010 389 -364 -905 -154 631 462 418 -202 -489 191 -340 -193 -430 -934 666 -292 466 -393 -131 -1174 ]
[-935 -724 1561 -443 785 -163 -369 713 -857 -146 362 -707 -122 -783 318 2086 -368 80 423 -87 -236 331 2 534 -39 -725 -1081 839 -377 -730 244 -761 -790 -854 -916 -16 -96 -716 927 480 -151 -313 -311 114 -1598 535 953 378 324 -94 557 -627 -1341 93 350 -362 -310 188 -541 -318 269 903 125 1158 343 -208 511 -344 -840 1027 -128 -146 294 -462 947 -6 -1210 -167 213 -528 -708 215 -868 -652 -207 -579 -641 -453 -41 -1242 144 -547 -392 546 -39 8 -151 -20 582 -674 156 -212 615 -150 -28 653 -199 -1631 -619 -1222 722 10 193 200 834 -268 298 -141 1041 286 -1318 -14 -539 -45 -1067 -399 -1174 103 -555 433 464 945 451 -51 162 ]
[816 -68 843 332 -1129 568 -330 21 -391 -541 22 -402 162 934 119 974 667 364 380 431 -123 -27 -377 61 16 -526 -369 291 184 44 -815 -54 -755 -1323 -352 102 -470 194 291 35 958 983 697 357 -210 -1516 -1524 -778 1268 -11 475 1210 1178 5 -537 737 -824 -562 1408 143 -559 -753 -1786 199 337 -404 691 1435 -406 -1034 320 -354 -47 -184 81 -375 -595 1160 317 -174 -267 181 -340 -269 -447 994 -1377 -38 -706 -95 -153 -684 -601 -201 388 -95 -373 462 933 -102 -81 -643 995 -678 -34 778 -539 -862 428 101 -1303 -787 -686 -540 -107 200 359 465 -588 113 237 -536 -150 527 253 83 -716 576 96 -836 908 744 -644 -521 -142 ]
[407 1612 -243 -159 606 -332 582 -919 -338 -557 -162 150 -1416 422 725 -1988 -208 -141 88 348 -1314 -502 -662 687 27 -93 -956 -185 -288 -1255 -185 438 911 116 -1066 629 228 -160 61 -103 1048 -222 384 609 702 1431 37 871 280 -608 -172 -585 200 108 -856 -253 626 -170 -298 663 -617 -1029 -254 -894 1879 -462 -326 -434 1042 -194 190 304 -207 -338 -618 91 -768 -511 -911 223 202 -603 878 -407 1618 457 1169 788 -457 1438 -307 266 -193 354 -630 -283 102 -673 65 126 -443 588 -842 382 411 -1076 -202 1072 495 182 223 85 -1462 -371 -248 -854 1127 384 188 429 4 -245 -405 -250 -199 718 485 1138 505 14 65 217 523 132 724 ]
[-277 -30 -1376 -128 -1127 38 146 -450 -953 696 -738 851 193 899 809 318 -536 -609 727 -576 159 -21 -448 699 738 -877 -1270 388 -1189 913 -492 -393 896 37 -1311 724 32 525 -780 170 284 861 1022 354 -209 105 -1956 477 -217 422 -356 -994 433 -232 -781 -548 395 -538 -177 829 336 246 79 594 -718 266 952 1341 -450 234 456 -64 -225 -705 -884 -205 -76 483 -121 -77 -495 -1444 216 682 -855 -1008 -1196 -122 392 -546 90 -171 835 -269 600 160 -493 -1150 -153 -1129 -468 -631 423 -18 125 320 170 -2101 -353 -648 -413 436 -948 -316 -138 -545 11 -44 -596 181 425 517 -622 1132 373 529 420 875 209 -113 1256 -400 -9 396 813 ]
[297 308 -1125 -694 -737 -836 410 -1200 -305 -879 -658 -278 -20 482 776 -289 -999 -822 -6 752 -364 203 -523 1038 28 -359 -927 565 148 -415 680 -233 585 0 -579 711 -71 -222 -489 -1067 -506 166 -804 -141 304 1902 -16 629 -474 752 65 -1005 524 99 -623 -384 1158 29 -292 875 530 -47 463 -301 -146 1091 83 -841 647 545 603 106 1315 -425 -180 -193 -634 -917 -1640 1188 -542 -365 887 -610 601 -472 8 128 -1179 628 -4 -123 -164 44 434 -146 -346 -861 -222 -491 -204 -1076 -940 699 578 224 -372 408 -804 440 -26 80 -762 -43 342 782 840 138 -275 -209 -33 640 769 406 -86 850 -315 1142 -85 253 142 295 -560 86 -344 ]
[-551 251 836 -495 -268 1042 -251 -468 -232 -223 -263 650 -397 -689 -22 -329 -1168 309 202 850 558 503 1292 -663 113 551 829 -281 483 576 -771 -679 84 -1013 212 477 -934 -239 -135 -609 -214 1259 69 350 443 -298 -113 516 -403 959 222 -17 -198 363 -1337 364 -234 184 -16 506 464 991 -515 43 -336 607 452 -1321 -535 -867 799 -277 821 561 784 708 -99 1 358 -353 -180 -449 395 710 363 198 -2383 -1131 -205 -41 -748 -593 37 -245 -550 1314 -619 -505 -6 28 -295 -251 -162 293 -615 279 83 848 274 221 142 -649 -504 57 -1228 654 284 442 328 591 823 -39 201 398 -387 252 32 -270 -169 -112 149 -275 -755 -1478 -655 ]
[-317 -211 7 522 603 -155 87 456 -15 -1056 1228 -406 -889 42 288 591 -669 493 1454 -486 -1233 499 -149 -1018 -185 -349 -983 589 -831 -664 638 447 390 -70 -414 -294 -882 76 -181 380 49 -148 343 -516 -1311 330 -396 97 300 -248 -300 548 -148 114 326 -957 -47 -100 -212 -88 157 223 113 -65 -15 -730 -86 892 709 628 332 -123 -475 290 -627 431 207 -341 97 -757 554 398 -163 -1046 1061 -346 1033 -451 199 428 169 -466 456 248 95 358 -156 -131 -26 -263 -413 1202 22 76 396 1357 -43 9 466 590 299 -669 518 135 322 973 796 628 311 513 -467 803 -9 -276 599 -108 -713 499 263 -174 352 -486 114 664 -524 ]
[-469 544 -1337 -597 -680 -704 1157 -834 -125 67 421 379 -65 720 585 -288 129 -947 1551 -484 318 42 -997 1454 -1138 149 -966 -459 -1159 -584 343 88 236 104 -1150 19 767 1393 583 -299 -231 1297 44 -885 -212 884 -57 1183 -73 425 238 -556 752 -795 677 -1291 -706 -71 -1078 193 435 666 870 476 73 -122 648 188 58 -126 -36 -572 17 862 -634 239 -464 -1254 -717 -850 -446 -876 258 -516 -145 -977 -406 217 -901 709 -377 646 -541 -373 -338 204 190 -904 -960 168 -44 -839 938 1158 370 -590 1613 39 1397 -791 294 192 -215 -451 -252 -287 1599 -367 -196 -86 -1159 1063 -942 613 603 968 1502 -770 -280 987 -329 939 -406 216 -146 ]
[-337 281 -729 458 856 342 -186 228 488 750 20 225 1560 -254 -1447 1036 645 -555 477 -508 1550 1504 -75 20 -96 -665 874 387 560 -706 -648 -3 -437 -658 1373 910 780 542 -316 -358 -355 278 -654 -796 -918 -532 23 671 -10 -536 -504 388 330 -126 953 611 -30 311 780 -704 -1151 -376 275 205 147 -21 -134 976 -400 699 -559 316 863 -42 23 56 728 592 1390 1868 715 728 -376 337 -919 -1152 316 -371 1486 -1047 168 -96 632 -227 -542 -409 576 448 100 -376 1293 -1368 551 -506 -291 187 -1122 371 -1624 32 -7 734 -414 455 -372 -419 183 137 -320 160 73 -528 -846 73 -216 -776 -166 -422 511 -669 -313 -295 -346 616 -54 ]
[-305 655 392 -382 -304 -7 -340 330 -1189 566 76 64 -604 -1960 -369 -444 622 802 -473 1349 24 -63 718 88 215 1103 381 -409 -461 631 -765 -946 -469 88 -254 -61 24 -22 -170 -500 241 876 884 235 918 325 614 -133 -323 232 -239 18 -458 -859 -1371 334 -952 139 20 60 823 530 819 798 786 -7 957 -200 -1440 531 -810 1048 225 163 -32 -188 -80 -1068 183 -49 -201 -809 -10 -140 863 365 -692 -826 -256 314 -637 -396 -374 -694 -982 616 823 -808 -583 700 -284 604 -495 238 -972 -579 649 365 676 -277 -1184 -222 -662 851 253 -563 -101 7 323 -106 433 -14 -19 383 -325 488 464 -66 -274 405 -495 247 -333 131 -75 ]
[759 621 -614 -1104 582 -652 351 556 -717 -34 504 129 1003 -197 394 -910 574 -551 508 -504 -76 74 637 746 -655 -685 717 -1161 304 -475 844 -475 -294 482 -829 603 640 463 -335 120 604 -374 804 551 1260 1165 -341 -1224 182 -400 -545 -664 265 647 -169 -725 -205 122 310 -1046 -713 -985 585 -799 186 771 683 33 -801 -497 -516 950 1301 -733 785 -1103 -241 -1395 -105 719 1211 787 -532 -619 114 -389 1253 369 -914 290 -373 -68 -252 -69 -935 -918 276 -198 -168 -341 -405 417 370 -13 -182 -82 298 293 -626 -334 64 -218 783 -673 -154 -498 49 378 186 -62 97 -1028 309 48 16 -7 152 -124 -795 1815 -73 -98 -478 516 -508 ]
[903 1199 1052 -12 89 491 49 1617 -342 237 324 -697 -277 611 -867 232 -552 111 959 642 910 737 191 -407 -160 -12 384 893 377 1008 -210 563 -967 12 -326 182 -10 66 1222 -423 -198 -316 216 -590 182 -1401 -351 -1249 766 119 -111 754 936 784 888 -558 142 359 911 -73 -950 -343 -658 595 426 -1171 877 -347 436 -125 113 523 -879 207 1077 75 379 995 815 748 -443 22 -255 -1478 -744 182 -52 -521 -802 -426 378 152 987 -481 122 156 236 2395 693 771 241 -3 1006 -856 -471 1068 -1452 5 -670 -1326 -177 -986 -242 -657 -784 312 -920 -1121 -275 28 313 -828 -373 -64 -702 203 280 443 -184 34 -666 78 688 539 751 ]
[-599 858 509 -653 -617 481 482 -123 -1270 145 -166 439 -1550 -890 1297 -261 -909 92 222 1047 -477 -415 -240 -168 73 953 -686 -420 107 308 228 -153 214 30 -544 265 -814 -421 982 -88 144 1072 -901 72 222 543 636 591 -257 1619 1198 -193 670 -137 -839 -531 -325 159 311 1582 -200 935 -258 -822 139 -619 224 -873 551 294 473 132 -666 513 216 731 -216 -533 -670 -473 -671 -323 580 -282 757 223 182 -292 -1260 7 -1032 -475 -1647 -161 -29 1718 367 -170 -845 654 -146 -2 625 296 -422 106 786 447 1407 -463 -344 -1272 -1085 -218 -229 361 451 216 223 659 -1011 591 -338 -414 -535 851 46 991 -994 635 638 131 -371 -38 -26 ]
[-370 -42 393 -629 -438 284 -134 -11 -103 200 1140 1130 -503 -162 923 882 712 -70 -130 46 -519 257 7 -1097 -616 -352 418 423 734 -630 229 154 -1052 -409 -477 -34 -325 -384 -22 -375 748 1667 -532 532 -736 134 -420 1454 852 -235 450 -908 -921 -278 791 -569 -747 360 -224 161 632 567 -197 -109 452 1032 682 -174 -833 -872 -926 -339 -380 439 -309 561 -398 927 -681 -932 686 4 930 1129 -143 -249 -1274 -885 -422 -692 -346 -557 -935 -1482 -90 157 106 140 -1382 202 -52 -884 1135 1116 651 404 110 907 1255 1062 -352 -213 -1002 -513 -32 38 50 568 185 -335 -297 460 1173 1168 -290 473 -604 -493 -450 -8 717 1098 -659 -1483 -922 ]
[-968 -634 946 796 723 -1201 -103 -601 -815 -340 494 127 389 -527 560 582 357 595 43 -785 69 20 231 493 223 26 -585 202 -495 349 162 -1118 -389 410 -400 -1122 -556 -669 -381 525 -1457 64 1082 -340 424 -469 181 -363 18 64 48 276 -1103 -346 -959 14 -216 314 -434 232 661 -194 0 -1153 -123 827 -226 922 -1211 1554 608 -525 542 -576 -130 -755 -219 -453 -534 60 -970 -238 -405 333 178 -362 -1114 -660 -163 474 1434 -801 -74 -573 -269 -151 670 -229 581 69 -194 -286 -422 -787 -832 401 498 -193 47 -850 239 -104 878 527 919 970 -281 -245 237 1147 387 1250 152 158 565 -1074 -741 515 -989 460 552 569 -888 -233 144 ]
[-318 156 13 428 338 -615 62 211 14 778 1205 -534 388 -207 -83 295 1003 417 -185 -1536 217 969 -1026 -391 399 -651 785 967 -1231 74 1252 -664 106 29 -351 -1080 587 -109 98 -147 -360 -803 -119 -868 -1069 909 343 -279 -214 -583 2 -57 -120 -192 1200 -548 996 -395 -675 -246 256 16 206 -32 -549 -116 653 79 -636 871 -627 339 -1124 -489 162 573 25 -190 -260 410 251 481 118 -613 724 -325 740 314 -649 109 80 -313 453 -106 369 -421 481 1752 -908 -444 -208 -180 233 551 893 402 229 -530 -507 -63 120 203 -474 800 1242 450 -530 123 165 821 564 -497 -695 -697 399 202 490 454 318 154 289 555 132 1180 920 ]
[430 -576 -72 -892 778 323 101 14 -734 274 262 57 576 333 -60 346 -52 806 111 421 -250 5 -558 153 -84 184 -489 923 486 93 -869 536 1023 469 24 -219 -1711 -600 -691 -658 -227 450 -809 689 -489 996 504 835 1228 -2 -330 -235 212 412 -703 -402 1445 308 -53 251 59 -88 247 -836 -494 989 -438 -157 -138 -373 1010 842 -254 -387 54 358 -90 438 339 280 246 152 241 116 306 -68 573 581 -601 -119 -52 -1039 -288 -218 1234 -131 396 291 -473 -151 695 -308 20 -183 -981 -170 -125 577 -1116 -884 582 -114 -1464 -335 -536 97 -961 451 -87 -480 -1380 862 256 -542 256 222 -562 648 -408 -114 496 880 -433 -295 -707 ]
[-331 750 -153 -77 353 -7 -290 -307 -615 1807 872 861 276 -1085 -892 -765 382 -908 725 -652 -30 113 -95 -393 754 -687 1078 805 875 264 984 523 -194 -776 -106 83 -111 676 308 688 -152 -4 508 -492 -125 841 194 167 61 -321 333 -145 -1229 -1266 663 -235 -359 -119 -687 579 -881 189 563 -943 53 125 199 -335 641 288 -426 671 -1219 51 -797 1446 164 -359 1635 606 956 674 200 915 -96 101 385 662 -106 -321 -392 160 -431 -272 -730 518 -324 326 -1989 -47 1048 -787 -297 172 -493 -773 -784 1556 560 887 -275 -398 -1158 -25 -230 1087 1010 743 -852 1423 26 -160 -1466 -969 -381 -183 420 -238 232 370 396 722 -1119 -620 -810 ]
]
