[[-1192 -118 -397 -767 163 -770 807 -1219 679 140 925 -182 382 -223 274 250 -488 463 -72 483 356 -785 80 -656 2 -487 -56 515 -319 -351 136 758 521 624 -120 -740 -425 -641 260 -31 -60 787 289 -25 177 245 349 305 -338 -416 -694 -712 -95 -420 492 257 -24 338 -673 382 56 103 -47 -388 576 571 587 -548 -169 -55 531 91 356 177 470 85 329 -771 30 427 103 632 -572 -53 339 874 -236 583 -148 137 -690 638 302 716 -518 886 -926 175 -312 624 -15 332 -587 657 -213 24 186 -421 625 658 -601 652 -428 5 625 710 204 172 547 -193 365 -72 -339 652 179 44 175 147 520 -111 202 500 317 5 629 ]
[885 -341 1241 316 -164 23 -252 -48 -268 -432 404 -293 -99 375 -578 226 -1098 949 605 -190 -813 305 -642 256 -435 233 -176 -267 654 -53 182 -463 261 17 1060 257 -8 -417 479 850 -609 -444 318 -481 391 -37 353 -350 316 298 614 -74 213 242 -528 202 152 -438 -18 -34 -1153 -184 65 -661 -177 -834 646 194 226 38 -107 -363 294 510 179 816 477 -454 473 -261 -750 130 48 42 -235 -441 -476 -347 257 294 -791 -343 348 -637 280 -408 -115 524 502 -185 -235 -259 -484 -258 196 -102 -470 -181 -321 -260 379 333 155 -562 -139 -292 317 183 -993 290 -687 -823 -71 433 -185 28 1369 222 158 -405 316 -462 -911 -1078 660 ]
[528 -498 13 -379 -592 -20 -92 -659 -630 582 866 -285 1039 382 -1023 223 -218 1403 84 -877 -213 -138 -241 578 -95 -123 -246 -135 431 -560 286 -630 -54 73 262 580 459 179 -49 37 555 -312 -263 -404 -119 -461 121 -519 -275 398 628 530 359 112 -1022 284 -254 -536 238 -116 -528 -562 -384 307 104 -135 -840 253 -71 -22 235 -686 338 489 -104 974 -109 21 -125 127 -750 383 -851 -1098 1361 -147 147 78 573 222 -804 329 -214 -1016 485 -256 -309 100 411 -281 1 -539 238 -412 -55 -533 -513 -422 -62 885 353 448 -39 -337 -264 819 -251 573 -416 476 -1179 -318 -2 939 -901 319 236 737 -727 -506 592 -657 -2 -490 408 ]
[327 -4 -891 226 -326 249 -231 -140 624 -280 269 -346 252 -3 -360 425 -507 434 -350 -1294 284 -291 -205 -234 227 -608 199 752 -115 -492 537 72 823 117 -204 527 -644 -642 748 -232 -13 -285 -536 391 74 -671 -678 357 -1291 470 -678 518 1016 -191 214 13 -4 -95 -576 -66 725 72 -509 169 -169 73 -790 -92 132 -907 345 -190 969 -358 -28 -221 127 407 -52 -976 105 -855 94 -161 917 422 61 426 -913 -424 -556 274 -507 -247 958 54 -162 -818 -121 150 200 -75 312 -311 -193 -1088 -31 5 757 -317 460 -614 137 788 -522 416 -186 -114 269 -347 321 -183 -312 586 -270 603 -747 -316 -249 -43 1037 430 -38 505 379 ]
[-330 -118 412 896 -399 -499 -15 498 259 230 -627 47 -826 -44 -314 -267 -79 258 -113 -148 1213 -697 -292 -528 200 -433 561 595 131 312 926 423 220 75 -306 -3 119 214 -540 663 816 -269 -337 221 -359 -115 -273 374 -500 -692 -519 -556 385 -304 206 356 280 365 106 184 789 -521 447 249 -1263 321 -742 -51 162 1 -573 1116 358 390 -628 -166 -787 -276 -525 -246 1046 43 76 415 289 -120 851 -870 -140 -674 -34 509 -48 -422 1069 -1041 -76 -85 630 386 -130 -314 486 -377 -416 -833 685 113 -388 600 572 346 289 548 347 42 -6 -446 644 199 -107 637 -90 -450 29 341 -436 -830 21 531 532 -417 287 406 -88 ]
[420 -370 371 -224 1023 -384 -122 -928 97 474 -420 -2 905 559 -417 -255 -1183 1722 -412 72 745 -1049 85 680 1037 -1052 55 -37 560 -843 948 -215 284 387 397 -132 554 -253 -208 650 46 404 -153 14 569 397 -297 -354 -753 -524 251 -156 423 -212 89 1079 144 115 183 16 -322 -54 -126 266 -404 -879 -471 -394 -281 -444 -665 -821 146 356 416 -27 -591 -920 788 557 447 1061 -489 276 1106 646 -517 -426 -399 -422 -908 525 -390 -1032 895 -730 -857 120 175 272 826 -431 784 -145 324 187 -9 250 121 1266 225 717 588 448 326 297 56 70 497 10 -1243 -262 529 918 -190 -205 5 468 242 -367 913 -3 36 98 617 ]
[135 -26 49 567 -647 273 -709 1 688 -709 460 -29 -226 -410 -526 224 -881 -137 -349 -769 -470 57 604 -84 -801 392 239 239 612 848 212 100 597 -242 8 568 -1362 346 927 -682 -196 -362 -200 -505 265 -548 -200 719 -419 210 1012 -372 432 -326 -497 -249 254 -534 -193 221 704 50 460 -400 -1136 325 -256 -1084 -558 227 -632 280 246 129 -349 -475 281 -543 -194 -1232 -729 -815 584 -191 248 565 1390 321 -764 -310 -460 -34 -592 -852 571 -463 233 -609 534 -52 24 241 224 -139 -509 -500 -171 -24 403 -231 714 215 -1170 317 -440 -299 -52 -502 456 566 -284 442 -256 34 -94 901 590 -870 -338 59 135 -461 337 147 -517 ]
[331 110 -506 -326 173 400 201 812 -642 394 45 -101 108 504 138 -329 125 1184 -209 694 -219 -127 -148 837 828 -922 -112 -247 261 -838 191 -1 -33 157 -524 935 624 618 -481 295 667 -76 -377 237 93 28 143 448 -55 -578 -542 854 478 150 321 476 -177 -867 991 97 -580 666 -537 118 77 259 -571 1061 873 -54 -176 556 547 -210 -156 -490 -1020 -831 -556 255 413 208 -481 263 337 -150 -723 -1350 222 -618 112 -377 230 -840 1099 -1100 -369 463 -198 -416 269 -383 -153 -275 348 -9 285 91 -399 -603 -79 503 1349 67 207 569 304 506 -166 159 -525 405 141 -627 437 -440 -481 83 -253 -100 219 42 413 193 519 ]
[713 -120 -443 -3 878 894 337 868 471 -1123 -372 -236 -505 -438 34 -382 -451 -362 -313 -13 139 -378 651 1079 -529 -153 -301 -39 -791 52 -571 -213 -284 -1014 337 659 -706 247 526 -617 -481 383 -954 74 69 82 -318 935 -434 971 116 -334 109 121 965 70 570 -1544 150 172 -347 603 -64 -567 306 -782 -828 -94 -379 -358 -275 -230 625 -1286 -111 -957 615 -805 -416 -788 13 -1399 610 689 -414 323 404 720 -1363 -689 1370 -736 -646 -418 -168 -312 488 -749 -864 -67 442 993 364 -178 299 533 648 292 1053 -1660 -136 -11 -209 500 342 -228 127 -86 232 -179 978 568 457 -498 669 -183 -85 -1262 300 559 -311 828 594 339 -269 ]
[-339 -512 1226 64 -451 -411 511 -614 221 -583 171 -42 -245 63 -744 194 -907 787 21 -638 -13 -738 -123 813 -495 344 -100 -407 188 -962 337 -437 -869 -755 403 148 341 528 -253 116 321 -187 -204 -429 538 345 927 -570 20 -62 420 -796 -405 -544 48 375 -371 -591 -705 -337 -168 -300 280 133 -107 -1172 -448 -255 79 -143 -111 -839 -731 -243 110 -230 350 -1528 240 -342 -776 55 294 -483 88 112 893 341 -73 -271 100 378 -704 17 412 145 194 -306 -734 371 315 1136 767 -2 674 -425 -108 924 783 843 205 95 -435 220 67 662 -400 643 -882 391 -425 -741 234 1057 149 -270 961 153 -405 -229 392 239 601 -897 57 ]
[303 -429 -1 -315 -39 735 -292 -117 452 -613 -722 -651 331 267 -88 -470 -547 -370 -470 -49 200 -483 -123 525 -215 -463 125 -134 339 -1405 565 -83 -569 -294 -247 51 150 230 -600 -569 388 34 205 95 106 -308 -716 -33 -466 92 -117 254 276 -758 245 371 277 -698 -237 -442 559 163 521 105 -337 -748 -1457 230 -53 -261 89 -386 7 -1031 303 -678 850 -772 -377 -60 767 -344 445 1072 -61 -91 -19 -302 -558 -357 -327 185 -370 17 311 394 449 -518 -1064 459 -752 1252 791 -690 -40 -732 410 808 1044 402 389 -974 784 352 376 197 -295 -420 376 -516 49 -470 195 -219 -169 907 -385 -388 -34 1078 625 754 90 -18 48 ]
[-1169 -381 12 -519 -155 -678 1525 192 -256 -355 781 -651 361 -77 -127 -213 -11 -278 -17 -534 187 -14 -614 -997 466 401 199 225 -1404 -960 -759 -157 425 310 362 -581 -77 -528 -90 158 206 -808 -554 655 -215 579 -338 127 -752 55 -380 -175 -144 128 953 622 223 927 -752 248 -659 -483 -426 278 496 -831 -23 405 97 -869 569 -341 -407 -333 -667 78 -195 512 779 49 316 -428 299 -751 463 229 -203 884 -39 146 -262 405 -393 1252 64 1074 56 -219 -378 721 -117 456 -701 495 447 -179 -93 121 561 259 631 -732 421 525 -207 625 261 -78 -543 426 794 -879 -601 1114 -5 -869 -651 316 565 -497 525 461 24 1147 689 ]
[514 -232 -2010 -382 -124 1169 -711 -171 464 768 1052 211 1438 -125 116 947 387 658 -956 -1094 -393 192 434 1085 185 -544 -860 408 400 209 404 -205 301 486 -370 635 -348 -383 1110 -661 -408 757 -12 -327 338 -880 -395 279 -34 -93 -826 476 800 214 -412 -1020 -1048 -775 -33 -302 1002 511 -208 -100 107 291 -270 -759 -167 -619 603 -656 1077 -165 670 -415 1 348 394 -47 -1049 -69 63 -130 108 605 -810 322 -277 -354 -577 170 -243 -854 178 -687 -530 101 -1299 -7 515 -140 662 -416 720 -1 -811 432 163 -271 -153 147 196 572 -146 -451 175 616 128 -302 -203 298 -230 281 -802 157 -815 156 -58 -908 407 153 -614 148 10 ]
[465 -517 591 -115 -355 285 271 787 -1018 314 568 -356 1128 -39 -630 384 1133 139 -252 -1218 484 332 -373 425 -183 496 -421 281 -648 403 -380 -797 722 -291 341 94 -75 -731 6 -18 -123 -185 -455 364 -50 681 -61 272 -224 301 -711 1008 -533 -318 -676 56 -653 579 172 -249 -660 -791 -239 619 262 -707 570 374 32 -1965 904 -192 151 -456 -824 625 -168 1128 1169 119 -581 -1132 28 -1243 235 -688 -587 953 703 335 549 -59 -262 242 -444 -584 363 -88 125 -54 -617 -432 -1 -503 315 -35 -1373 -685 -466 -37 747 -541 56 -59 -444 -329 227 373 -535 837 -135 -322 -1255 834 -914 -643 -697 -16 -169 -568 271 -356 -971 514 -275 ]
[-1156 -80 591 438 -424 -1017 -170 -466 -363 338 -24 250 -63 591 -482 1604 -626 978 401 221 -176 -652 -310 -699 -642 765 -205 953 165 744 397 1420 162 393 134 -592 12 -119 -95 -76 314 145 400 137 -309 881 482 221 97 -672 -483 -773 -70 -366 -854 -519 -769 757 58 125 -645 -503 -107 47 -134 705 2380 -580 638 -237 258 528 121 798 474 194 -532 -212 -257 230 -1113 -12 -425 -1006 -239 -440 434 -585 770 199 -933 656 206 244 -192 -116 141 795 370 -162 150 68 -709 279 -827 -279 -232 -533 -1112 630 -224 742 -551 -278 309 535 -192 1041 -475 557 -620 372 -890 377 332 362 624 -453 96 -167 487 -1104 -493 -595 -359 ]
[137 -32 -1232 130 15 -251 11 -378 -62 -368 93 -253 815 -112 -796 339 -472 -742 79 -1103 -544 152 106 -327 361 735 -51 -168 -365 313 400 12 385 -750 -90 335 -913 627 -51 -929 -110 -876 -261 335 -494 -1010 -857 212 -1158 1432 1147 696 552 -89 -174 241 552 -332 391 195 -144 -872 -769 -529 -137 1122 -73 502 -486 238 -574 549 -177 -229 -329 497 545 1167 -532 -838 161 -939 60 -616 971 80 391 -352 82 689 -407 -485 -896 -312 -163 521 860 37 736 -329 -803 -167 723 -511 -647 84 -458 -638 1066 -565 238 96 -705 -882 -287 959 102 -724 547 247 -41 298 -492 502 -533 960 -104 -353 -576 176 422 -205 -219 749 -226 ]
[196 -122 -1722 -194 688 -496 760 219 662 -936 -266 92 326 -420 143 -391 -925 -1139 113 -504 379 -561 827 -95 307 346 -591 11 -1407 304 -605 348 -174 -706 1054 -341 -947 -791 1004 -463 -906 -286 -312 270 -768 -185 -1173 178 -729 1214 -188 -306 528 812 1250 -27 418 -121 -384 267 -715 -77 -325 -558 216 -726 300 181 -691 117 522 -536 131 94 470 -547 475 1283 617 -346 345 -792 1249 206 -434 890 -271 -216 -692 78 528 -25 -296 479 -1065 1077 357 389 -564 -347 1328 980 540 -106 -255 1379 388 33 1185 -819 -136 -468 -76 439 268 -29 329 -1087 1012 -260 1388 329 -287 331 -6 -82 -1557 -1177 560 -183 12 681 74 886 -295 ]
[1210 -346 -683 549 897 378 -271 186 238 809 -934 815 252 30 -402 -94 -100 422 -553 -535 887 -1036 -360 1280 -444 -836 -557 -60 -112 259 895 -708 -112 -958 331 342 410 188 -56 725 -225 595 -17 -460 -866 -598 -1036 37 -281 709 -936 -231 463 -252 162 415 -414 -23 142 -392 394 -767 -623 -99 -747 -645 -983 -460 -552 -305 -283 -348 1008 -228 1055 1026 -58 574 232 501 1074 873 -200 812 404 -437 -143 -938 -319 -184 277 -997 -266 -820 463 -730 -327 -247 -871 -109 337 -75 1499 -176 -647 64 -112 -240 -424 1191 -92 575 -33 -48 756 -6 283 -245 817 -358 -446 1104 624 162 -1043 174 -1328 -80 807 -76 965 -885 -735 -250 227 ]
[256 -164 945 -557 -413 -396 785 -261 -224 222 -196 -984 -620 333 48 -523 -30 -349 1037 1320 378 173 -44 -820 467 -183 187 -167 1090 -454 -148 -211 -8 627 391 114 -235 -1233 -557 800 379 -257 844 387 -12 549 129 -429 620 -1027 531 -96 -14 461 -696 388 943 865 636 533 -251 540 1332 -204 -512 -31 77 1209 143 220 -425 801 -246 567 -435 470 -64 -407 -7 200 1010 619 -197 29 -36 -193 -420 -1136 1449 433 -688 463 1530 -97 -494 387 -1127 668 1684 -159 -1187 -310 -736 -737 273 89 470 -456 -139 379 937 -147 296 -693 -145 -410 -4 -1658 -498 580 553 -1121 -868 -1188 5 251 590 272 313 1236 357 23 88 243 380 ]
[70 -725 1297 -441 -455 766 1265 419 -333 392 829 -322 -194 543 -307 -312 -4 192 -137 501 524 56 -812 -125 -315 -388 121 1113 302 -1169 -164 -905 259 500 104 168 255 -601 -215 1177 243 -92 137 -430 -89 554 -630 -97 102 -813 -617 -168 185 381 201 -205 310 406 -432 857 -123 248 418 -636 -691 -953 -849 120 408 82 1196 -25 416 -192 54 939 751 -747 452 202 426 414 37 130 -39 -794 -800 -319 382 108 -720 -702 502 -446 632 734 -480 -76 -541 457 -676 -101 -1125 -29 -179 -909 213 -99 453 755 1750 -208 1205 413 707 -245 297 -866 -27 68 788 -789 298 164 -1132 197 175 313 837 119 1236 -165 -721 -331 634 ]
[-187 -184 -165 742 -1243 330 -606 217 97 519 -205 -610 332 935 469 469 130 591 41 -342 -923 278 -1693 265 -226 412 23 -622 842 273 511 80 -596 -224 -621 219 471 1413 -901 325 832 -727 158 -427 -131 -855 527 -221 1002 331 -210 625 280 -879 -497 421 -852 -217 621 -952 69 -1004 -142 94 93 817 -296 468 308 313 -225 1101 307 744 -135 331 -423 175 -1099 442 2 990 248 569 -998 -1036 -167 -1170 374 -76 649 -224 93 -23 1071 -902 420 756 -25 426 -1284 -525 89 -594 140 -671 -259 250 -1860 -533 -55 345 97 -763 -208 161 -117 1277 -418 -104 -1475 672 -194 -323 -102 535 202 -71 -226 -20 -430 -1186 -505 -648 -602 ]
[-706 -83 555 1346 -636 -474 -55 503 -42 -1097 -818 -156 -832 -311 -114 56 121 -785 -100 -989 -70 591 -204 -824 -214 1381 156 85 -1224 1267 -176 1285 13 -875 960 -996 -314 1018 -671 151 132 -1405 -381 125 -805 -5 -281 596 186 975 762 -786 -637 -956 756 -321 391 435 -276 -621 -349 -1163 -663 -135 -444 -273 440 -721 -378 527 -933 260 -194 379 -562 466 599 260 -313 -424 -97 -1409 996 227 -956 -513 1720 5 -326 -674 923 -30 -1064 1147 35 -486 975 -643 214 308 -874 155 130 309 645 168 -475 422 -175 -966 330 -5 -1185 -34 386 -431 141 236 -260 835 485 -130 -440 742 700 -46 408 -1128 131 399 -172 -604 360 385 -978 ]
[252 -102 -688 165 585 1058 -366 106 -208 173 -246 427 122 578 334 -295 678 295 -1274 -36 17 892 101 433 609 -525 305 891 -334 403 -887 -228 137 -80 -398 258 -145 -146 120 677 188 1292 -1123 398 43 396 -592 801 -345 213 91 50 -95 61 777 171 -140 148 633 165 295 423 -794 -368 547 715 -810 -1607 -760 319 -202 -575 244 -364 127 -625 -100 113 455 297 266 -611 70 703 -294 587 -264 652 -1282 -1400 744 -1217 -806 -388 352 -292 -231 -16 -570 570 762 -1063 -981 623 119 786 225 518 328 -642 -1 442 -548 955 626 -816 453 438 889 -391 509 596 1120 490 230 177 -111 -206 396 -570 -508 735 240 203 -656 ]
[228 286 -790 269 947 -90 106 -768 267 210 267 1206 -576 -144 -46 -40 -683 189 -403 1020 -46 -326 1073 199 3 -1030 31 568 217 749 154 -444 154 231 -310 81 -287 481 507 563 -408 1864 503 77 389 -3 -288 300 -337 -697 -322 -1548 -133 605 -492 -220 512 -604 399 625 999 1068 41 -897 -564 1164 253 -623 -234 724 -369 649 -94 -124 1500 -462 -838 -336 -410 -157 422 867 -747 571 293 644 -299 -659 -28 -48 -378 -826 415 -257 139 42 -157 435 -859 129 282 -534 -561 927 -554 410 221 -713 532 -294 -32 1226 -390 -90 698 48 -63 -449 724 -637 -296 822 1288 -230 208 -137 136 311 850 -451 -932 89 87 -286 322 ]
[207 -445 -470 -272 43 -244 -212 -594 -140 -171 -556 -407 753 -34 190 118 -98 -991 76 -177 704 -538 1207 -90 -310 349 307 341 72 387 -352 -36 -25 -341 41 -546 -1101 386 -591 -831 142 138 -341 651 -607 -64 -770 208 -349 1018 908 -175 -158 197 -1228 219 1472 -65 348 869 263 13 958 387 -131 -339 -131 558 -1019 -18 215 293 286 -559 -171 -342 -60 438 -1444 -316 -436 -678 687 -560 -542 -805 831 879 39 -292 1049 702 -173 370 -504 437 373 -1441 971 94 -927 235 499 -628 -632 195 514 -561 397 -468 807 119 -589 -353 -16 -332 -1150 -410 167 410 196 947 -365 -789 -643 1119 -420 -659 100 1301 -380 -735 45 1084 -1967 ]
[413 -673 1078 562 -58 -229 64 -659 293 922 -914 186 -22 212 -28 -261 618 191 72 -342 1529 -435 -641 488 322 -723 1290 204 -51 -102 704 426 -131 -664 -567 -28 541 268 -1148 755 450 568 -565 -89 -209 23 38 -280 87 227 -129 332 118 -443 -58 243 420 354 -733 115 147 -163 295 -112 787 417 -768 -733 -267 701 27 630 513 242 -376 1051 929 -312 -128 759 337 329 -506 549 -471 -659 -381 636 -181 -1400 1269 286 -850 288 383 -7 -395 -958 691 783 -849 -772 475 -561 350 -875 -139 -59 359 1080 536 163 357 -407 731 -270 -94 8 422 -845 556 549 691 126 -1055 1152 86 17 166 700 406 256 -37 -424 -575 ]
[436 -195 4 -284 -265 -327 -1232 179 -323 -18 769 680 41 -756 1015 224 418 198 -449 148 -994 804 1095 -106 -576 -41 -846 -1039 580 143 -317 315 863 385 488 -885 401 -171 1439 -112 -1197 -367 1129 -1664 82 -376 957 69 651 307 592 257 -719 349 -556 -822 -899 -384 -204 -191 -300 -204 -586 -154 -376 -390 1795 -499 -485 799 327 -1582 -444 1059 386 406 597 79 165 734 -1531 945 787 155 -767 80 246 371 474 479 -220 -40 586 -702 -632 -376 -245 -458 93 -840 487 216 357 740 -967 878 -488 154 -904 332 -917 444 -81 -870 46 -1288 646 415 -85 426 -681 440 -110 114 -556 -278 619 625 -175 -1217 -779 -380 -480 -1026 279 ]
[740 -804 -342 -365 -22 6 837 308 -218 -554 -455 -215 -587 -876 501 -578 -326 -305 165 1172 96 -30 1244 1008 -578 -1121 229 -1071 256 100 -148 118 62 -207 711 572 -652 -882 474 1116 -258 938 228 -414 255 537 19 575 751 240 40 -1185 62 256 -548 -116 968 -509 193 268 -394 1159 1023 -257 -233 -199 -3 -222 -1318 835 -201 -685 -54 117 334 -799 -286 -1011 -296 366 70 222 -99 426 -751 705 360 -237 -304 -1266 621 484 325 594 7 -562 -860 -126 -136 -13 428 1104 -711 -218 204 878 491 -5 663 -249 1 448 193 -122 714 -1274 358 -1288 27 221 456 228 -437 -766 307 261 180 -444 1186 379 -642 -48 412 -160 -585 ]
[591 119 -272 409 269 1437 -1247 1375 156 -637 -461 768 -223 -997 1093 -14 298 -698 -330 -119 -883 925 91 211 74 37 -51 -612 -48 536 157 -114 1318 338 -110 759 -414 -176 778 -656 -1330 85 191 -328 135 -479 -185 630 230 1133 92 554 326 -34 40 -583 -253 -399 -153 -442 -267 1216 -161 -250 -45 -783 745 -528 -847 185 -1063 -522 -74 -289 -140 -929 -329 -162 342 56 -1046 -476 -473 306 -473 383 -218 615 -1268 -221 -260 -508 -775 216 60 -696 700 -946 -370 -177 520 584 -234 291 -352 234 -161 -39 -756 -977 -516 -397 393 208 -251 -1505 1066 72 -502 182 146 221 -6 -361 -93 -64 -105 -234 783 -456 -752 -170 -806 758 -218 ]
[869 -194 813 657 -779 -480 -583 252 -559 10 59 591 -398 -48 -419 -632 -407 128 916 237 157 24 -81 -246 173 14 -78 590 207 -744 -727 -750 -1071 -392 -219 130 795 346 -222 612 -511 -277 -157 -588 -1192 -684 236 -1470 308 621 -519 304 -112 1237 -801 -533 -627 -996 -414 54 -382 167 -29 -60 193 -1920 -70 1830 914 653 1548 -255 295 767 546 438 618 152 -535 394 -1118 306 253 20 -1034 -845 -498 -203 434 95 808 -382 624 -458 -141 644 886 -580 -214 -679 454 133 470 200 -542 -344 578 -47 -459 -112 133 -269 1260 -748 -131 198 -555 165 -863 -531 83 20 1526 -200 -712 243 508 4 -383 -261 -880 201 -742 -1488 258 ]
[-985 478 -415 102 -409 611 -713 -586 31 97 -1008 741 192 1050 932 483 365 -183 -413 544 -64 -189 -326 -997 765 -58 321 1241 74 -669 183 1099 240 -232 -1041 -320 -332 618 -1595 -92 266 693 657 661 -784 474 52 942 114 -26 254 888 -1151 -1050 597 107 -713 523 573 744 237 484 -971 26 490 837 1018 -105 395 544 478 700 33 -912 1248 -460 576 -1094 -618 478 335 103 -190 913 -966 -279 -217 -88 -469 -25 -212 -1033 516 776 -391 1016 -542 -255 -31 453 -475 83 -841 1192 -958 -308 654 -64 -260 310 -984 -194 40 -355 978 373 80 543 881 -27 382 225 -161 -178 384 1343 -23 251 -86 716 661 607 163 65 -969 ]
[-83 -639 1399 598 -323 -1515 258 -634 200 -891 -394 -536 -520 341 -337 -957 -896 -98 -102 -274 -730 16 -273 -340 528 -64 1286 -1476 -356 -411 -890 48 -293 -899 707 -752 -88 685 124 1279 -145 -250 604 181 105 597 806 193 47 223 1608 -576 -633 368 114 929 542 206 -62 639 -389 -889 478 -344 512 -547 1231 208 -64 251 -836 834 -1136 918 -43 400 675 41 844 -17 667 50 1635 1021 -1135 222 -402 66 410 -485 1069 -259 136 585 144 610 -556 233 1087 1185 -943 422 -4 535 749 930 -434 52 378 151 585 -117 -763 -1212 -410 -39 120 -341 -705 1039 -303 -315 40 392 -42 -391 1108 430 23 -138 -300 923 53 -207 96 ]
[727 -629 -617 591 -402 -162 -992 291 762 -244 -191 -588 -324 -468 -527 364 698 -1018 97 -495 965 -380 30 317 -1459 452 -751 -375 -25 1440 462 530 -309 -541 393 -355 751 -135 879 -1208 539 481 29 -97 249 -437 -65 -424 -500 259 -51 -175 680 -39 -706 -138 270 -471 -45 -195 211 -1403 1121 -186 -354 1348 -97 -79 -894 215 -132 -100 -222 -99 -721 227 503 1743 -699 -168 263 -984 582 948 -287 -147 393 -153 347 390 272 821 -203 -405 -1476 -743 1941 819 -58 -307 -507 69 901 -1882 -1509 -429 -185 -267 597 464 -595 -177 524 -347 566 -719 125 -92 685 -1236 13 803 183 -249 -309 711 146 -1588 -413 839 -465 120 -596 -947 -130 ]
[130 207 1047 685 98 453 -1224 -257 338 692 -1645 -502 226 909 -687 667 -592 563 844 47 -47 -329 -800 168 601 948 -286 610 1329 513 785 -147 -574 -650 146 824 294 -203 -1379 205 504 110 -660 723 414 822 256 -601 981 -693 1200 -232 -123 -1194 -1039 540 -584 1125 1511 -333 -733 126 377 -37 -375 -1053 522 -148 -383 -529 -1594 -137 369 175 -361 -138 -677 -955 177 187 -426 339 -295 326 -135 202 189 -674 478 255 -188 -489 -77 -801 -31 -1237 -110 215 744 -194 134 -729 -86 37 275 -144 91 408 -1525 572 -512 330 -599 -581 202 209 -505 42 -506 294 -1118 -740 233 381 914 814 1574 -407 -12 897 434 -889 -187 -403 -638 ]
[804 -509 -556 462 -980 258 -937 -90 154 -991 400 217 -6 -596 -918 -493 -402 226 -578 235 -314 143 372 241 -507 -631 -257 -94 419 359 204 754 40 -346 478 -422 -605 -798 629 805 -358 958 597 121 -298 -584 -301 499 -17 568 -22 485 463 -107 -111 171 213 -206 353 95 252 -593 408 -212 -1031 524 456 116 -637 490 436 237 109 75 681 -76 1464 -414 -356 -262 3 -1384 153 1216 -804 -180 -118 -739 -240 -348 -517 -230 -109 314 -459 -348 408 503 236 -366 -125 357 -299 -316 -115 204 -294 -387 1177 -664 -361 864 -74 -315 885 -360 333 -835 611 316 517 174 -4 742 7 201 810 -953 8 382 183 344 -852 -1093 -226 ]
[-1881 671 10 847 72 -1042 -153 -167 486 -728 -441 -337 -304 -583 1300 418 148 -879 1 -1387 -68 979 -549 -2407 1626 643 221 528 -527 -498 38 542 787 -29 -1006 -1052 -95 -512 -282 -44 -774 -956 -289 974 -464 -247 473 -500 -828 603 -457 296 -781 -23 1051 -80 -276 1191 -323 337 396 -656 -752 -17 1270 -204 1543 1146 -303 -125 -114 54 -734 537 -927 -363 93 1059 463 -704 -168 -19 1147 102 -1363 492 -327 1006 -75 351 392 113 26 1227 -6 1247 103 -255 697 765 -316 -341 630 1358 219 69 380 459 -38 -694 -1072 -1083 18 -841 -561 -57 -38 117 -343 -4 532 -987 -274 606 363 344 642 674 -514 -722 -908 1618 232 644 -85 ]
[-511 233 443 -783 959 -39 595 1019 339 879 -764 91 -30 -67 1602 55 67 596 118 1804 -362 -80 -278 -346 667 440 -327 -475 853 389 -131 332 340 846 481 -506 -279 -763 24 657 -306 -399 -133 -153 -474 533 -18 108 1493 -1234 -1026 -43 489 312 737 -310 247 1466 965 -166 -1107 1247 198 36 -54 -1054 752 -368 -279 304 -779 -283 1067 1313 -467 233 -463 -601 550 930 -335 1515 -94 -108 -433 -424 -1157 -644 537 -109 53 -380 -12 -458 576 -487 -1580 474 745 -736 932 -1140 -1051 427 1347 537 93 156 -1986 -556 100 711 361 125 506 -723 575 -87 -331 860 323 44 167 -406 487 -653 -323 740 1604 11 92 -1910 -18 517 288 ]
[268 -304 -723 -154 -486 186 620 770 1216 403 -30 -15 -855 -850 111 -297 281 434 -386 194 194 -399 -115 -462 499 -999 -162 202 -521 327 -496 -608 188 -25 374 649 -747 -1189 597 1156 -289 616 -708 81 -768 -90 -293 672 350 -171 -2247 -868 893 272 400 -341 -598 465 371 -1255 75 766 68 -148 -380 -545 -847 -629 -488 -602 -283 96 989 987 -482 11 27 -125 95 438 672 91 -674 -101 479 849 -342 -545 -276 -534 865 -369 -256 507 470 -250 -971 -95 -450 -69 983 -533 -71 693 730 406 522 -163 -910 -1578 326 90 -785 332 312 120 400 -994 512 819 899 519 143 376 404 -138 -1293 -218 946 -13 -523 139 698 648 206 ]
[-345 757 -701 -497 914 953 -276 -530 681 314 1256 1068 221 -298 -130 243 -201 575 -245 -236 -581 99 81 662 -216 546 -808 -613 1344 652 640 -1010 632 594 -188 321 333 -897 754 5 -463 590 18 -507 2032 97 837 -589 705 -452 140 69 185 -125 489 818 -641 1160 68 -28 261 -532 -14 -1150 -526 461 879 -1155 -663 210 -994 -548 -493 229 344 -317 -793 -263 1111 233 -536 1463 -258 -343 705 1118 -5 108 -185 491 -1413 -399 -476 -303 -675 -430 175 1028 -401 -454 1789 14 -311 66 -139 798 -523 140 -590 999 -1035 1702 -909 479 -246 -589 1058 142 220 -304 -390 -229 107 1253 -185 -1432 850 518 169 -1445 -257 -531 -829 -318 410 ]
[832 587 329 292 267 412 -1388 392 -272 -379 -1697 689 -221 -261 -7 -914 688 -399 815 1123 22 -170 549 160 -553 400 339 -924 624 850 381 1100 -203 -257 329 -191 9 -139 -362 324 229 69 -152 114 -706 210 -207 -61 1139 6 424 462 -234 -189 -982 111 415 734 791 -451 -699 -74 421 716 -702 -1018 257 141 -500 424 -368 -430 634 -221 323 -76 410 344 -284 227 365 -77 -27 588 -260 -555 476 -719 155 -708 282 258 -4 -260 -706 -1350 12 -442 947 -1083 606 -581 -256 -103 -727 -225 357 -288 -800 513 -954 -28 461 -73 796 -761 -269 -231 390 -229 217 588 699 -271 406 852 -310 -182 -34 1656 10 -1682 -239 -707 -891 ]
[129 715 -1388 460 -689 381 318 187 1164 -662 475 63 -423 -697 802 910 231 -30 461 -446 -300 99 307 27 454 438 -974 -235 622 823 -493 48 -2 28 132 948 -654 -120 623 -338 -59 -676 1 643 -210 -571 380 -806 198 295 -629 526 562 378 26 -304 -255 161 -356 -684 -501 690 137 -282 426 -65 329 725 149 102 -415 166 -167 550 -248 -449 -349 490 230 -681 -594 293 -184 -1076 -1026 241 -750 -594 -127 -415 691 542 271 235 -66 -72 -306 462 -146 -811 814 -858 361 -491 1149 -99 -556 -108 336 -1769 -307 -247 456 -398 -637 -226 189 415 -397 -228 871 -448 100 426 234 -544 -395 169 -767 -155 -696 -83 622 322 -723 ]
[-467 618 -955 745 613 79 -850 844 -31 166 -140 1094 83 -98 424 22 1438 442 -1074 -10 822 -446 -23 82 785 -573 -347 664 -867 1172 206 -261 609 84 -1151 -405 210 807 5 289 -487 1512 732 1204 -348 119 396 358 -544 -950 -1527 517 -348 265 -226 353 -200 59 590 1005 1132 -406 -462 464 -30 1034 775 1014 238 -760 351 1611 -365 -1054 587 -586 -1230 994 23 -603 925 -338 383 1132 -428 -603 -1192 -710 148 316 123 -781 547 -284 -489 -873 451 985 130 185 -237 -1345 386 501 -635 374 -17 -729 -193 -659 -540 390 748 437 102 -383 33 991 -120 339 -514 1167 379 -728 -173 -351 -1225 388 436 -71 -260 -123 -859 819 -415 ]
[1217 420 9 927 63 1357 -752 410 699 -1192 -227 154 -736 124 100 296 -1031 -1269 -156 -1032 -220 263 313 -411 -999 495 -740 658 -159 1325 -212 -499 -151 -63 910 543 -697 -629 1371 -1203 -897 47 929 133 -691 -48 -1018 278 -220 1086 617 94 63 591 273 -1448 325 -369 208 22 650 656 341 404 -169 14 351 53 253 -97 -22 356 -18 -121 680 -371 -34 922 -196 -1437 -37 -953 -476 5 -382 -432 -61 480 -392 838 62 -469 908 -180 -270 753 624 -19 29 -511 452 670 185 248 156 -341 -187 -674 -583 -1797 679 -1576 -711 250 -1092 -1009 -848 -712 158 810 350 -97 -369 -1509 264 -248 -584 -753 -254 289 -418 360 524 405 -725 ]
[-372 -57 -996 -244 -928 160 55 -86 858 1081 197 -239 -574 104 1402 -250 1284 -1112 283 -161 676 110 -459 -97 -709 228 206 -338 250 407 -261 152 -483 -324 -165 -141 372 -236 631 325 867 240 288 -922 286 -352 1196 -67 1333 89 -419 -567 -13 250 395 -667 -223 -92 225 440 1420 -400 1359 187 243 989 -289 -199 -769 1271 1005 162 -200 1021 66 -42 -169 1152 -851 906 427 1019 1600 1515 -1560 1022 540 685 169 421 996 463 719 1306 -1102 -34 -309 713 -572 977 195 461 -346 -500 -788 527 770 399 -735 857 -1655 18 -182 -78 102 -1149 18 -682 753 -1347 305 512 -645 -1205 -106 372 -210 -524 161 -360 -1008 741 26 -575 -601 ]
[860 121 -1037 -23 606 1235 -849 -215 764 184 -1170 1085 1264 285 369 686 86 -1313 -719 -556 -565 -528 764 1548 -163 460 -817 -207 1215 716 -43 -223 -779 -1087 -845 594 -535 -740 366 -1352 -693 1343 110 288 315 -177 -1333 -341 131 -607 608 1300 154 342 -910 257 -529 769 824 497 251 617 796 -756 -205 -118 997 -334 -1437 -144 -491 -252 -824 -916 836 -1298 -87 887 1207 -418 -632 280 1485 352 -1541 -101 -1344 -845 98 -361 754 -963 -589 -951 -966 741 502 620 -182 -559 342 -56 526 -245 -519 852 -297 396 358 786 569 -423 -449 -288 141 -840 -733 -464 357 -587 250 1146 385 205 -1340 1187 -793 -703 219 81 421 -416 -1217 235 -1871 ]
[337 -540 31 -1059 724 217 171 1620 -1112 1365 -379 9 1039 -799 298 -699 1133 97 -670 425 86 558 281 359 387 -374 306 -10 -1518 -239 -1718 189 -951 335 450 -985 1444 1058 -214 142 -180 -154 -1252 -867 -1054 84 -1089 210 333 -390 672 295 -605 1301 453 -631 290 -223 108 -26 -681 -300 -476 441 748 -1153 -1246 -1008 -948 624 513 -1581 -389 451 -777 1276 857 541 129 1433 -426 549 35 180 48 -718 -173 1763 -270 -299 1134 -112 -1444 -803 -31 507 36 -978 -169 37 83 -672 123 841 738 860 60 815 -34 535 588 -57 863 -19 435 -285 -130 150 16 14 441 1012 1219 -186 -966 -442 -370 587 578 -948 -185 -109 -316 699 499 ]
[-183 783 -181 5 282 -924 -192 -634 -1081 -165 -72 2 -733 -502 -48 -259 397 -115 1139 1297 -1336 1743 217 -647 -611 1089 5 -1064 521 424 -310 293 -231 504 -164 -594 -485 -849 354 369 -772 -323 527 -338 -125 -575 441 -859 875 211 -200 -156 -146 790 -386 -292 -69 -12 -318 -881 -787 -96 -68 -10 362 720 296 1011 413 1135 621 -428 -241 399 279 309 728 742 363 -158 -453 -141 174 3 -769 -52 61 -1137 821 1097 -1267 -4 872 577 -1215 -275 437 1578 454 -762 132 -404 -142 -404 -216 1246 160 132 -159 -678 -1611 357 90 -250 -46 -476 494 -302 -175 -1017 295 -917 -381 -422 1087 325 869 333 -423 129 -1073 224 296 -1612 515 ]
[-566 -137 -1103 -505 302 469 598 1003 -507 66 881 -516 8 -670 614 -169 1053 -359 -124 638 -423 941 387 -311 1141 -188 -89 189 -112 -363 -698 187 -49 311 -373 261 220 577 256 -684 502 -265 -319 1061 -444 -46 -216 -349 -245 157 -1113 -201 585 1164 530 -1188 226 -415 360 -177 238 595 -5 -183 545 189 -143 503 224 394 -164 396 6 407 -635 -250 -375 863 88 820 -41 -428 -606 -179 -122 682 -701 -291 -193 -683 -378 670 -282 415 -293 162 625 528 -747 -558 111 -262 -406 -659 1073 351 -505 -200 344 -754 -184 -202 1495 -311 -227 11 663 -492 -97 -509 503 -889 618 -300 403 -496 -163 446 -268 -382 -1384 874 118 615 915 ]
[-1120 206 -176 -4 -552 -84 1018 919 391 -1282 -265 -817 -703 418 1115 908 -694 -1038 -263 356 -1269 38 149 -907 -1929 245 396 -524 572 -705 -942 498 379 -46 -5 -247 -675 -375 1040 -671 -136 -873 648 76 -6 683 -474 888 42 283 -1448 -850 30 -90 -755 -788 -385 357 10 -190 249 247 505 -207 -102 -294 1518 460 478 -826 174 55 -5 553 575 -1017 -685 1000 487 -721 312 35 1547 -677 -607 -88 99 -680 -283 120 100 283 885 873 1180 1199 79 381 -897 -205 -454 1441 -1608 -33 -1049 -918 68 -929 -1445 109 857 -1582 -570 -376 -1239 -307 -68 -385 -684 -78 -369 -37 -1208 -337 166 -2 -879 -174 492 -116 -601 -605 -230 173 138 ]
[-827 36 907 409 1502 35 462 -65 673 282 161 90 105 124 39 -583 -1034 610 -171 -184 847 -370 -933 342 164 755 -436 709 -1000 708 -391 -164 -587 642 929 -959 743 -32 229 369 34 338 -111 501 -340 280 150 -802 -38 -323 1356 -990 397 1169 669 716 1182 754 103 463 -518 -370 850 -355 187 -1315 -80 -1104 -910 -38 -1246 527 -964 655 -342 -92 -376 -80 319 91 -262 883 164 116 -661 -236 6 942 -88 271 -586 483 -534 -537 -385 478 -26 533 190 1198 542 -90 -205 621 311 859 468 265 11 -79 883 911 -588 659 287 -255 -323 599 -588 692 500 -54 1152 341 -303 -1366 254 169 1683 -427 86 -457 -688 714 -228 ]
[474 -236 838 -194 769 -346 -144 166 -361 -492 -999 175 427 237 -1062 378 -936 736 372 -369 79 -32 186 775 -810 15 -344 -669 -789 -1491 837 5 -1372 -1434 691 -526 1778 -756 -355 305 -661 -373 8 -389 244 404 509 -1102 594 738 588 -234 -292 38 -94 -503 -503 -656 87 -627 -1136 -1061 -1399 304 149 -897 -542 -590 205 348 866 -2291 -919 244 34 224 1877 32 321 -65 -842 -244 290 -464 1260 -624 650 195 -218 687 -279 -119 -517 -738 -23 554 557 480 -384 -1347 1932 710 363 119 -687 -162 729 650 507 602 -606 -879 283 -251 -46 1015 -664 -200 651 -390 -498 -870 932 1004 526 133 379 804 -916 -210 540 402 -214 -2225 314 ]
[913 697 467 79 402 1031 -15 -607 0 286 -68 -516 510 -564 -873 -672 551 852 86 -734 460 -161 388 1906 -152 -691 195 241 721 -32 371 -886 -253 -764 -411 1056 546 -96 -138 -53 112 631 -644 40 794 70 -356 -1185 -270 635 -908 1364 278 -194 -963 -140 -55 -659 -129 -507 -618 613 546 -461 891 -754 -716 934 113 -585 233 508 891 328 -505 852 413 140 972 -184 273 66 -635 -19 50 78 -1616 -371 -48 51 917 -415 280 -371 214 -277 123 430 -321 -115 227 -909 536 -788 165 160 -1296 -1522 231 -168 528 -136 443 -594 279 646 20 -233 530 -1181 -626 -752 1182 1318 -887 114 17 -80 -1400 499 -352 211 215 -1103 -142 ]
[809 -701 1504 982 950 -946 -265 248 -460 -1262 -407 -983 -432 608 -594 -378 -746 -305 335 294 201 593 -94 -187 125 159 84 -638 -802 -493 -501 35 612 -92 1013 -576 29 206 176 -634 -862 -775 -219 526 922 944 118 -464 -1315 921 455 -51 -22 -142 -937 930 844 -1091 -565 -152 -1031 422 114 225 351 -638 969 998 442 -1192 -612 -834 -332 -897 -558 -257 -75 197 -36 -246 -361 -1808 13 677 245 -353 -141 756 -98 -141 300 352 -400 529 331 -317 1884 -804 774 387 -795 272 220 -617 283 -529 -650 -334 303 -1018 632 -675 1326 104 -717 -597 443 -192 -1990 -340 -448 -488 720 107 995 -742 1029 -18 627 180 -570 688 -893 -64 1151 ]
[763 -505 -396 -582 -1179 263 530 38 -972 -140 1647 222 16 446 -423 58 -427 361 86 46 -1051 789 604 158 -364 137 242 182 719 -738 -127 -659 270 283 -250 648 -507 -1098 941 -362 -129 4 102 -960 779 -317 -234 285 -158 -329 -312 230 585 685 324 -572 -644 -842 -356 -69 295 759 -367 -483 -262 1375 -75 -1090 961 -249 1037 -464 746 -508 85 -756 581 -561 824 -241 -660 -691 172 -387 959 712 95 188 -159 -369 -1673 -242 127 -970 111 728 -343 634 -606 -712 272 667 -1044 -697 489 -772 -586 512 438 290 1087 -177 -277 660 -625 -189 1011 -96 -353 -490 15 -1172 -791 354 -590 293 188 667 216 -859 673 454 -62 -741 1566 ]
[213 -79 -28 650 -703 399 -163 -475 914 -738 71 212 -541 1044 -927 172 -1607 -452 1419 -573 -90 117 -1202 -913 576 686 59 370 547 -167 242 -463 -731 96 1213 173 -169 -814 144 622 47 117 92 246 792 -279 -308 -759 781 -225 -16 -796 814 1468 -371 -184 -380 111 322 -302 -33 43 1402 -1011 -1081 -1013 320 92 375 273 -53 743 -343 532 645 -537 287 212 1272 -902 -40 -536 850 -424 -191 396 -687 -1313 685 411 -1114 223 -253 784 -125 641 784 1457 -658 213 78 381 -729 -1155 610 -453 696 -2 290 -702 896 -926 -10 883 124 -5 -207 -835 -649 -533 754 -830 249 853 -334 -337 -207 -275 552 -105 184 588 -1458 236 176 ]
[252 19 74 905 -1522 890 -992 1149 529 -50 51 525 -486 -1259 -1136 -1103 1088 -91 -140 -1465 424 -87 -835 -362 -877 122 712 -171 -791 663 210 -1328 -341 400 -803 682 1049 -244 -61 371 662 752 -807 203 -733 -1026 -239 2 66 -421 -826 -54 -36 -19 -361 27 -688 214 -674 -946 1327 -1267 584 585 -610 -524 -2404 -114 122 -480 -923 901 600 -219 -1134 294 -391 1283 177 -514 863 -503 5 308 1438 -356 269 578 -387 -548 -121 -174 -32 -327 -105 -907 989 -63 -688 860 -90 -279 849 -35 -415 -1939 171 256 -1210 1481 763 -904 95 691 -623 -307 475 544 -489 177 265 6 420 -96 -915 -325 -1392 -649 -172 185 -410 -73 -28 -37 927 ]
[-781 -628 -317 683 -973 -122 940 415 501 33 755 -695 58 -569 -56 16 266 -1276 233 -136 726 -514 -88 -312 966 1105 277 357 -959 764 254 359 -8 -359 -365 897 -1381 958 1014 -778 312 -371 -443 -300 235 269 203 -239 -169 -110 55 -255 452 426 127 -1665 -874 -93 -737 636 888 -86 301 401 -38 308 708 -132 346 -403 855 1461 434 -218 -585 -480 212 611 918 -683 -301 -1187 924 92 -9 1259 -266 737 30 127 1426 357 -547 -380 -460 -171 766 299 -189 686 -231 505 728 -744 493 -140 -687 -519 854 -487 335 -141 556 905 -240 22 204 -752 478 346 811 334 -602 -409 -210 174 -449 -1122 -107 101 -21 189 58 704 -224 ]
[-1192 -639 967 -515 288 -828 206 -1128 427 352 841 319 973 69 40 -940 -380 151 167 77 894 -392 4 -552 346 727 -178 434 62 -586 197 -679 -785 -658 -344 -627 -520 167 -1117 -388 -24 481 -744 126 -629 -525 733 -957 159 448 212 33 -24 -382 -74 883 -181 -329 -193 423 -298 283 489 3 323 -174 -942 -175 -324 959 669 180 119 -35 -957 -567 758 -1301 58 -71 -1231 -342 -363 -697 305 -312 27 421 221 269 748 100 -468 123 80 1110 222 31 724 -236 451 -245 137 170 -343 102 490 -221 527 297 237 1274 -1029 509 663 1146 -634 420 245 832 -110 818 1082 606 -391 699 452 52 -500 99 -912 -241 783 -598 -615 ]
[605 -698 -216 125 269 911 -190 222 -83 -147 -374 -793 -123 1051 -630 1221 0 1956 -668 -497 -174 253 -1435 842 426 -285 -1044 -197 991 -382 1737 -313 140 77 60 603 255 -1188 -419 885 -18 462 -317 427 679 -74 122 -66 115 862 -1391 819 1065 -553 523 373 -556 103 975 -1064 -468 -943 -760 -218 395 245 -180 460 -229 -658 -671 112 1476 853 -365 730 -476 -360 -586 207 -444 -206 -1204 168 211 -875 -691 -612 320 -130 -382 -970 -615 -297 489 -1808 -42 1425 468 -15 -25 -398 554 -1339 1255 579 -87 -442 -969 -1628 -803 1461 384 -104 320 -159 546 918 -273 690 -337 -382 -881 81 377 -810 539 -536 -215 -82 222 26 -621 -514 -26 ]
[437 -12 365 -112 533 354 387 -516 56 -1549 314 325 -639 598 183 -863 -1598 -124 -678 973 -518 87 552 -652 -419 -683 132 378 772 -788 -560 427 1645 55 566 85 -1061 -198 1169 527 -337 227 245 -550 663 908 -830 1250 -1045 363 1020 -20 -677 -293 780 378 730 -437 -393 417 -621 1192 -671 -1003 -464 -289 167 -169 -172 1673 -125 -709 -36 -349 1822 -521 41 -1706 474 -240 526 151 -138 1293 158 1514 271 -91 -1625 -698 -1685 -975 555 202 257 55 104 -248 -171 261 645 49 -1512 813 -1127 -82 237 -258 610 640 -43 -96 834 416 846 -1099 684 -800 847 -384 -106 -592 359 517 772 810 715 -414 694 -154 184 1183 539 -491 1068 ]
[821 412 -454 -218 417 -268 472 -419 895 91 -797 232 10 -718 897 -27 -89 -238 121 836 988 -577 933 63 -374 -1237 -508 -899 586 238 938 374 1064 209 -90 -185 -263 -880 703 -660 -453 687 1162 -17 557 -286 -202 -214 -601 -115 -817 537 17 -360 -908 188 617 -150 -266 -376 314 1766 204 324 -150 -158 302 147 -1160 -240 -488 -374 444 409 739 208 -739 328 202 347 7 1109 -933 425 956 796 -337 243 -178 763 -610 386 813 729 -404 55 -1117 -168 409 -94 155 -391 -540 -96 -670 -751 -496 -1691 151 607 -339 -563 1298 -609 322 -395 507 -747 668 -894 -46 -606 -46 493 -441 -200 -1042 528 559 520 -32 -319 17 -162 937 ]
[1007 534 -403 228 390 -479 -794 349 -249 180 19 213 316 752 -404 219 -606 452 101 230 523 474 -312 253 1063 -22 -202 1039 72 402 -827 474 311 -171 -175 476 -46 -344 217 414 134 -73 -827 1693 73 -128 126 -461 -409 379 88 1441 752 306 146 816 811 566 -26 54 -755 896 -716 -252 491 122 -89 223 421 685 -160 116 519 59 123 386 -164 574 -453 -543 -892 -1379 332 -537 158 -493 -615 -98 142 -653 133 -240 -453 -137 -325 160 99 -766 976 -615 830 -1373 -401 -524 -495 -5 -86 -109 1215 -936 144 170 318 -68 -233 573 -12 304 -402 308 1387 -331 182 135 449 -113 -317 -536 22 -100 663 385 -645 351 -282 ]
[-852 391 517 43 187 -507 -244 289 738 1514 -224 622 175 -30 -235 1566 1008 43 -384 -801 21 -1400 -921 286 -493 1177 -167 396 -814 656 1296 113 -658 -133 440 -906 1270 316 -607 -508 802 90 -238 74 -210 -283 358 -251 -66 -352 -975 69 233 -268 145 -421 -796 246 86 -1151 112 -1393 448 393 223 745 268 -205 1073 -897 -113 522 -818 647 -1544 973 -290 186 -818 415 342 604 -1325 -681 844 -1347 -223 260 953 1710 -259 297 -839 -265 -80 -54 490 959 -153 577 -308 -538 879 -343 -250 -66 34 26 -1155 172 -964 760 -1257 -491 26 1471 -587 1139 -619 193 -856 1161 -347 -168 -325 -606 -413 168 -561 -465 179 -871 -789 -21 234 ]
[496 -151 580 467 27 716 887 1128 542 -318 -76 577 -1139 -373 -417 -1107 1 -1160 1330 -702 214 453 121 -319 -1260 1268 -215 -636 48 494 -106 -411 -938 -730 308 520 -112 176 -419 -546 144 -807 -71 -84 -455 -241 383 69 1223 0 513 -1097 -410 176 354 -665 550 -560 96 -412 317 701 1422 -177 -811 -597 -1076 -361 396 1035 -1152 931 14 372 -757 -504 -870 -44 -809 -278 -44 25 -304 -90 181 273 1129 176 370 -701 541 -143 382 811 136 -600 245 247 17 -515 524 296 -7 482 1482 -1015 170 332 -1089 378 112 -588 -310 -72 -988 -344 -343 -1462 -745 273 568 -376 388 -1416 458 -449 -542 -363 190 365 -997 -140 1135 294 612 ]
[-407 33 -659 -715 1501 -602 1944 79 523 197 -1043 218 -572 4 617 846 111 105 309 975 560 -953 699 872 -39 -133 -902 -1074 -469 -1076 -83 295 -1359 -891 -771 750 681 -49 -267 -354 -64 -192 -145 -547 -205 342 300 -882 442 -352 -1545 -1003 287 -134 443 -352 -1100 -347 -213 -1150 -567 1021 -1097 -665 1019 -339 -95 72 406 -159 89 -1005 -286 -15 415 -623 120 -384 -137 680 -36 1154 -346 -527 354 852 335 -702 173 -692 1413 110 -903 152 -535 571 -813 -229 -1533 -996 913 1102 339 167 208 941 1184 212 356 -197 -1043 550 -5 -316 -170 738 -100 20 -225 -1005 983 251 -104 -62 135 -531 -1158 288 7 70 -505 69 1339 -8 -407 ]
[1383 225 -197 1059 976 18 -387 -605 525 -322 -1063 241 621 433 219 -787 -398 -1225 1103 173 -110 269 -360 -211 591 380 401 -931 -589 123 -239 63 -791 -623 211 -788 -81 -156 -822 -290 -1248 -500 -110 291 -372 -905 -511 -871 376 1209 1177 361 329 99 725 493 731 83 -304 -78 -237 -898 79 677 616 -808 -354 1254 316 -388 -155 -243 468 -865 267 110 656 1039 -193 60 764 -126 281 1014 -674 -631 -828 667 -1118 -148 779 -178 307 979 -427 153 631 -439 624 -29 -49 -276 1335 -130 1680 -9 310 454 9 -1076 -666 -1088 613 -307 -1421 -440 -1064 -582 -286 -1532 28 -362 1103 -556 484 -579 455 370 384 280 -84 955 -404 133 205 ]
[-734 -84 156 336 772 -869 1120 -549 636 277 -87 1032 -1335 -721 45 718 -887 -802 555 159 313 -820 -76 -98 -837 -70 346 414 115 -116 501 -937 -376 -1112 -399 216 -768 -1109 -337 882 -1364 290 221 -393 329 -591 70 -953 -3 911 -836 -1002 928 -414 1209 204 163 168 -2188 102 464 -143 72 -1063 -586 421 -477 -433 181 698 431 -28 -291 -911 574 -79 952 -1356 566 -909 212 7 240 3 -588 -154 501 -449 -1357 1046 -335 -231 241 1035 -423 1329 259 -330 -814 -42 744 1295 832 -578 -324 667 855 1113 1816 -297 -175 477 -1063 400 531 496 -219 -528 -104 -1224 1311 -55 -252 224 -62 473 978 -750 706 276 1010 522 -546 -464 -309 ]
[-506 -1125 557 -340 -500 -219 1126 -108 -650 1147 904 -917 1219 59 482 360 565 -748 306 77 548 423 -1129 -182 1035 -391 -248 -428 34 -355 489 -219 1128 1265 -750 -395 154 -621 -323 -232 -518 251 983 -569 816 404 855 -257 615 17 -411 325 158 113 179 -430 -739 431 -85 960 243 -201 1132 -83 792 732 1029 445 -145 -750 683 613 -54 205 -431 514 -202 -357 771 1033 -151 460 -1104 -902 232 403 -1109 684 1017 1008 128 967 336 215 -168 332 -604 369 817 770 -1356 708 -448 -754 1070 398 -496 -393 -232 354 -12 121 558 -511 -463 -526 753 75 -385 244 -203 -753 -1327 -192 -745 -699 675 649 434 -338 232 802 -1143 733 170 ]
[-322 -443 601 1093 -93 -506 -294 107 535 -561 -1037 -578 -338 233 -221 36 -1197 630 -218 -289 168 -263 -493 -617 -193 -253 1173 241 -529 4 -320 800 54 12 614 -10 255 759 599 1321 283 -249 -321 534 -329 1300 -1156 191 -361 -101 254 -1209 357 -675 195 -241 -135 1191 -1185 -112 551 -179 -273 1306 -303 -1529 105 -1084 -101 -733 -510 -267 -216 534 571 -2 -141 602 1540 -383 580 -201 762 1316 -547 439 424 81 -800 -697 619 90 -592 589 1635 -939 -720 -1109 -885 962 44 -77 -210 548 841 -603 -979 291 -119 989 803 -778 742 665 8 -515 -215 -55 -659 1 32 -211 391 315 738 -493 182 -328 446 387 917 -657 -13 500 100 ]
[-1078 297 770 -263 -580 -200 1023 -99 -572 -186 923 -89 299 -100 -77 -1222 421 281 -532 46 528 -70 287 99 -416 -1 -104 796 -1296 -326 -789 1292 -345 162 -112 -789 -197 -99 -29 -756 614 306 -1301 473 -881 341 -266 594 -913 -101 -548 518 -430 392 601 125 -260 -38 -371 262 -1287 183 -555 276 1672 -911 65 884 450 -166 1531 -46 1349 43 -34 -72 -211 -468 94 -34 -1031 -1347 36 -725 -371 -269 -30 450 -151 -669 313 370 276 547 -125 747 145 76 358 -232 220 134 -1280 440 -206 -94 462 -455 -194 364 14 -87 -263 702 554 976 -294 1584 -198 466 416 95 -350 934 -76 109 -428 -885 -542 -154 -36 317 927 -620 205 ]
[-172 -1224 1890 -528 1214 -1387 235 -1217 -429 -431 240 -502 671 -476 -728 -1133 -668 270 94 -442 778 -795 -758 -422 -129 -471 -210 -517 750 -823 816 -807 1049 -162 228 -316 -578 -1092 139 889 322 326 134 137 -709 -638 564 -125 -1391 90 -451 -310 -285 -181 77 1661 580 -244 324 426 -139 -920 1287 -25 -258 -975 -462 489 -994 -882 -603 -286 -508 -376 -376 482 375 -246 1167 327 907 260 -489 -416 1017 1063 82 19 -19 -61 -888 1239 502 -847 -154 -349 -703 409 1274 1380 -675 260 932 5 -772 420 81 -326 963 2222 -649 126 -244 -583 938 413 145 -469 382 1486 -896 -92 -213 328 -207 1321 713 278 -225 450 299 273 -843 -85 1183 ]
[245 -1086 -602 103 -1843 276 -123 1519 237 -446 -265 26 -1571 -457 906 -700 1324 -1129 -184 -231 -121 -46 -380 -922 59 -445 -53 -1043 34 125 -419 -506 -332 245 -305 468 552 192 528 516 303 422 947 -80 -309 -192 1004 205 1166 -533 -1156 -662 -366 287 149 -400 -785 -412 -93 180 1364 143 824 498 -538 -197 -1063 1340 322 277 418 285 -392 -792 578 -1483 -923 405 -217 -227 1370 242 612 1272 -586 439 104 -848 238 -189 1101 208 1425 94 79 -480 236 580 -595 160 -9 869 -254 -30 65 -401 923 991 -527 176 -223 -1085 592 892 -126 -867 -318 1 -785 297 355 -268 90 -1342 774 252 -697 -67 87 726 -126 891 412 -123 345 ]
[734 109 417 277 567 195 -449 993 -1111 -14 -512 -150 -787 1045 -1124 555 186 -539 -19 -727 -594 828 -734 -532 -131 709 280 719 -1538 -126 -405 -525 207 -601 191 689 322 -272 356 -218 -142 -665 613 204 -463 349 -329 326 -487 918 1689 -226 137 283 -665 -630 74 307 839 793 -160 -525 -1902 -271 295 3 1088 199 615 -602 -44 417 -102 94 272 428 -365 1806 -641 -286 -98 -905 -452 11 1083 -268 542 619 678 1104 -433 -1428 -410 -793 -714 139 948 -406 409 -259 -338 28 -1131 360 -1099 190 209 -681 -474 -703 68 -151 -646 -271 -1078 251 -392 -430 -582 441 246 -854 -386 -419 -306 44 509 242 -47 190 514 -43 -703 474 156 ]
[-246 61 65 732 -380 -387 241 493 -319 900 -236 347 -706 -645 880 -383 458 -1280 421 1159 728 -109 405 -1686 -146 628 127 521 -69 907 -828 -782 413 132 -495 -114 -603 439 -566 -18 -416 -112 641 -398 -623 -356 -275 114 278 -309 471 -1730 -145 152 -527 -279 338 251 390 567 562 291 1040 412 -1120 -65 116 25 -696 707 -273 886 -346 217 112 83 -1540 373 -204 648 204 650 550 86 -524 656 1195 -529 -253 846 407 -233 507 1180 -351 -711 153 -154 520 385 -206 -582 -10 463 -466 857 750 -733 -1340 340 -117 759 68 -116 -41 -954 151 -1119 274 180 -637 519 -461 -1079 -81 259 98 -460 531 402 -798 -575 252 1248 -699 ]
[36 -270 -1341 -667 -38 -701 -392 -1612 278 -262 -801 228 1450 541 756 860 -431 88 239 -358 577 -260 159 -217 990 138 -624 432 609 -553 132 -91 -356 115 653 -728 -296 -437 -241 85 59 357 -98 -182 -367 -125 -255 -361 198 1736 701 382 -659 -1065 409 -205 -504 -397 -27 -371 251 644 -961 661 746 -479 -421 116 -622 222 477 -2062 155 -114 1235 -511 816 -620 -239 576 -694 463 -661 -516 109 63 -49 1693 -1058 -274 11 373 211 25 -168 217 -904 -1198 -523 23 1058 542 70 -333 356 -296 59 780 345 609 -765 -384 -121 366 466 -368 45 1074 41 -268 236 -286 554 775 125 -384 585 502 102 -2 606 36 -332 -522 -445 ]
[-444 -112 -504 -1322 -233 -817 1332 576 -995 981 623 812 802 -524 580 148 362 418 944 800 767 -656 1371 -708 712 -225 802 467 -1065 -166 47 864 250 1033 585 -808 782 -320 -778 -301 405 -256 -586 534 1 840 44 636 -132 51 168 557 -40 712 828 -612 776 106 213 652 -1709 394 -518 427 297 1056 940 320 385 360 1015 -177 581 571 -639 -109 -495 -160 -55 1339 -768 -178 -1106 -1368 677 -38 -42 246 -14 367 -448 1582 426 1089 -694 266 -52 412 621 -1450 1597 -199 -1261 6 -474 -135 344 -547 -517 104 -136 510 1311 301 1104 495 727 -75 1084 -207 220 -11 -505 958 -78 -804 -802 178 -248 -501 -297 20 721 59 200 ]
[-671 298 -1101 -168 -213 280 -183 -490 1550 -556 1362 -75 534 -1027 373 -373 1319 -1209 -338 -803 1324 127 225 -201 -494 -158 -447 970 -1113 921 1061 372 506 260 -66 -760 -1243 -822 -186 -801 -471 642 147 607 276 -1616 195 353 -237 52 -838 -605 -8 -1111 305 170 654 -607 -965 -172 927 -72 250 -1396 -32 253 -753 -452 -359 71 1043 963 1242 -663 -405 -753 578 112 -86 -713 126 -1000 550 414 -511 84 -192 350 -211 196 49 1073 534 410 -936 -1 -409 309 -1062 -175 -1039 -88 -315 -1174 -529 -372 306 -44 1821 -858 -212 -36 -575 693 1310 -119 395 86 1637 -762 1356 -374 -328 312 -583 1059 -691 -939 -269 461 -631 554 -170 -110 -334 ]
[-65 405 -1322 -417 -416 506 -1039 438 523 1274 710 294 -134 -1344 670 -865 822 116 106 -330 6 202 114 -4 -583 174 -108 -462 818 624 251 607 -6 525 -327 361 293 -390 725 -383 587 -630 -53 -827 -223 -1160 599 -376 1148 -978 -844 1106 550 -273 432 -566 -529 662 -655 -797 931 171 505 158 -295 68 -778 -354 108 1629 414 347 1063 962 -275 838 -633 11 -381 241 -184 1265 129 589 283 327 -426 72 840 -253 -447 804 49 -119 -218 -402 -297 -413 117 -1183 408 28 85 -757 500 -628 -558 248 -823 1126 -330 -360 493 116 -400 -466 -141 -698 148 -697 540 -189 -292 -795 -90 298 -1324 -250 -53 -514 -453 -524 793 334 877 ]
[-195 918 177 -82 1455 149 -1401 -920 279 167 -1414 313 561 285 667 1490 -422 -522 -2 572 127 379 713 -622 -288 920 -65 1263 1245 1314 63 -636 84 510 414 -948 -746 -48 -430 -655 -948 1110 -55 976 745 431 -311 -573 -393 596 -113 -416 -549 -311 -630 -308 271 949 -89 -211 526 1035 333 -225 551 163 1062 -1408 -46 -562 -249 -742 -82 135 292 -199 -273 558 480 -319 -990 -329 -179 -1042 82 -697 -803 910 -168 1201 -252 -786 -68 320 -43 763 -384 -90 767 -538 291 -1038 -444 -491 -937 800 43 -574 -431 -901 1 173 -1640 513 -336 -320 -231 669 -80 -554 -89 318 508 -259 87 227 391 152 -187 302 -729 -1016 -647 259 -1094 ]
[-182 -556 53 -1196 1387 523 -271 -442 550 460 739 -820 1889 -101 820 758 -1110 -1131 -568 -468 -398 -473 401 431 -1229 365 -269 182 -236 -75 42 -76 728 559 500 -444 -910 -778 997 -1406 -405 -423 120 -209 256 277 -1335 865 -663 264 160 -397 929 -844 778 -113 264 1206 -825 509 -549 -151 709 31 -53 -447 1035 -2059 -490 -1531 -49 -877 1299 -1104 -386 314 910 566 919 496 -99 -196 697 -225 175 -28 -390 1005 -722 234 -271 271 -173 36 -328 1025 -389 -1186 -1001 860 -788 1047 369 250 -548 548 -810 172 -33 498 422 -590 -810 137 16 181 50 -240 242 110 -119 603 -1038 -352 -590 432 -780 -264 843 406 1224 -958 -713 1263 -226 ]
[66 230 56 -403 1108 -795 96 -894 340 190 587 -199 1259 -748 -74 -839 -461 1051 371 -530 906 -368 632 660 282 -441 685 94 -590 -108 -242 1015 152 -531 -206 -677 -1010 -728 414 -280 -1254 -273 -121 -383 -232 -656 166 335 133 1023 478 1237 186 22 534 60 133 -523 -502 383 -57 -586 376 -42 311 -200 103 -74 150 73 525 1319 923 437 -632 481 2057 -641 847 92 -337 -340 591 458 -375 454 -93 1199 -1432 -651 716 620 191 -102 -788 -243 -862 -298 1508 19 -145 -495 375 -193 850 793 -157 -1136 383 -191 -383 730 -548 -232 -889 159 -214 -774 733 -1227 421 570 -89 -83 -182 -348 -330 -803 -700 238 -159 844 78 436 -184 ]
[36 226 -411 145 26 -644 -770 118 -311 -233 -378 -91 -1298 -92 112 -1158 466 -1366 -42 766 735 456 805 -868 -361 96 653 372 -436 229 -608 25 -1035 -53 -40 -441 -404 -232 -731 352 646 90 -356 666 -500 -880 348 642 201 437 30 -997 37 -240 -636 -159 1343 -1247 821 -122 1242 701 763 -161 38 841 -948 441 421 946 -141 635 849 -905 -261 -694 822 -118 -1723 123 525 -1258 936 1529 -670 -277 1098 776 363 -303 705 223 659 414 -459 -166 9 -816 338 673 -1106 -62 -45 -27 286 -564 1213 343 171 -356 -583 595 -974 -432 251 -908 -8 -801 -650 -565 753 122 353 -1512 1011 892 285 112 610 1104 -1282 1022 296 -258 226 ]
[165 -375 -1269 226 420 236 -257 -245 -187 695 136 272 210 124 -685 970 -168 813 -464 267 463 -493 212 1045 595 -389 -824 577 266 325 301 961 -57 -199 -16 962 -897 -75 -249 -44 788 548 -1066 1253 -895 71 -362 623 -743 822 242 -629 1359 -199 332 54 79 -321 1259 -1042 354 -669 -193 733 -1241 560 -781 -1341 -253 -745 -1579 268 829 -404 -425 -943 -349 -719 -782 -196 105 -1513 -636 -708 95 483 1116 -726 -263 -646 313 480 -942 -694 470 -1761 -777 -156 -246 -991 547 -317 1239 -602 258 863 306 711 996 -811 -976 1877 -1474 1 472 1062 -191 432 757 638 378 1062 -278 -153 1330 -142 341 -935 -230 814 907 343 -17 418 -1074 ]
[212 -283 -1576 -1359 353 224 95 -389 -165 387 -145 -1141 467 436 741 -62 1117 240 -111 92 -718 1010 306 -614 931 -688 330 -942 235 -639 -1166 825 -16 712 -637 179 558 -501 487 -419 1089 144 -137 809 340 1301 14 417 -187 -141 -57 1555 108 -112 -28 273 -519 967 1134 -802 -253 426 -312 1016 1090 1264 231 81 -144 -564 -59 180 -818 500 -634 -670 -870 474 -44 660 1045 12 -1218 -321 376 1032 -653 114 900 -754 509 82 247 1146 170 1 -918 175 310 -695 -174 -713 -835 355 1029 856 -221 -391 -218 -626 -510 -1226 95 -367 -140 289 -306 -128 -39 -55 161 -94 -98 -33 644 -451 -977 1105 -707 268 -600 800 1266 1098 84 ]
[-1466 -135 357 -775 -1047 261 278 173 40 -85 757 -1445 -184 -583 401 -842 199 -932 180 500 353 400 37 22 303 -25 -463 142 594 488 238 580 -709 -64 -99 577 -406 376 -296 -242 1472 380 640 -188 -922 416 643 295 782 -567 251 -507 -275 -586 -121 -614 -511 172 735 74 728 304 1351 -44 368 577 -482 -433 -205 385 79 1145 -717 891 -995 -870 -22 -1309 -192 179 433 -68 -348 -484 -1209 926 708 -375 1288 208 -180 475 906 267 -371 97 -1788 773 175 144 -665 1211 75 -250 228 386 493 645 299 710 -156 -67 -985 -64 679 239 7 -1 632 1461 292 -8 -1256 -1701 169 804 205 -455 -430 609 -372 20 1190 370 -986 ]
[1125 -153 -142 -130 -310 229 -539 -40 -44 -851 -726 1169 331 489 138 -1523 -489 -695 354 850 -945 337 729 436 -247 380 1616 -1613 -526 844 -353 91 266 -288 -93 861 -658 965 -229 -208 -155 -373 -418 -494 -593 -525 -369 1016 833 1357 832 398 883 -117 299 288 913 -1177 23 85 -683 829 178 358 40 -79 -1103 411 -74 1485 -176 392 258 468 -195 -713 49 -223 -394 40 155 -886 -187 807 -74 456 290 -819 -979 -694 452 -363 -172 207 106 -529 -59 -440 277 -372 913 481 -492 -185 -307 795 685 -389 201 -1380 -178 -148 73 -147 -325 -813 149 -604 521 416 -381 1016 -82 -1374 237 550 -851 -585 -237 754 -1102 -385 1141 519 -1185 ]
[383 365 76 1008 908 753 -784 55 975 -337 219 -91 -175 736 1541 521 63 -168 297 -879 495 674 -493 -571 1027 -28 474 70 484 -839 137 -847 599 67 -406 -222 210 464 178 -350 -1803 -741 -131 381 661 -143 178 -1073 -764 1401 1105 1039 246 1113 807 231 335 -319 -444 743 20 -427 66 -238 429 -152 933 580 -148 -76 -161 -583 -345 -982 122 279 1094 737 882 -908 233 9 1697 728 -1503 -581 -882 919 -1383 462 706 -142 -67 -158 30 265 483 -654 545 22 -7 -949 1109 -410 210 -687 174 320 -98 -970 -152 -604 1608 -317 -737 -1455 901 -142 -430 -1779 444 102 732 30 -600 -243 754 948 -127 -554 -277 1201 -866 646 -457 ]
[1041 -83 233 -508 405 -536 130 -550 636 138 716 715 -762 116 83 -1078 -880 273 535 1292 325 -604 -397 237 250 -924 -335 225 -285 76 -422 -816 317 -331 1434 490 64 -940 846 1772 -754 1243 -82 -177 -146 81 406 -227 908 72 -455 -647 477 845 401 1195 673 152 414 927 -1112 1656 394 -826 98 -297 553 -230 -333 1408 146 252 82 587 641 149 -505 -967 -173 211 -199 443 -589 446 -50 464 -1443 -748 87 291 524 -950 558 481 602 834 -1057 325 513 -597 1846 -824 -1733 703 -351 882 527 -750 -295 -280 -268 1629 -267 -153 1137 -88 500 155 138 263 178 582 1041 132 571 -710 330 53 888 -402 -291 -140 53 -1070 366 ]
[458 -344 115 -540 301 -487 -364 -841 -301 491 -1376 -304 -172 918 -493 204 181 1052 61 602 1247 -834 -179 449 -499 -241 -331 -60 745 -106 710 769 -1246 -185 1182 -1834 1112 358 -680 217 1751 294 -62 61 -423 263 -617 -49 193 123 -82 -1103 -79 -283 54 584 99 524 228 -1141 -275 -1312 -80 392 -53 30 -533 -1160 -357 238 -258 -876 528 489 883 1117 761 559 -572 1712 1279 1061 -867 497 697 -760 603 -462 103 -265 -360 1247 -465 -862 -954 -151 294 347 -206 185 -245 -333 480 -1589 6 -236 50 257 -122 1385 -826 1008 106 199 1329 323 152 680 1469 -882 75 189 332 231 -411 298 -104 25 -660 1270 385 -263 300 -722 533 ]
[-359 -570 689 -596 -213 57 495 -710 638 235 -132 -1440 124 96 236 255 -768 260 -1437 1207 -617 -320 -568 166 -281 -405 -274 203 912 -373 -519 -386 858 207 -541 79 -99 412 165 -565 1139 378 576 -273 578 452 -405 524 -437 -1395 30 -1339 -107 -1694 -745 744 -361 392 703 19 511 583 827 -405 -248 -730 -100 -569 -772 -234 -706 -333 -730 -50 -110 -872 -643 -1392 -95 582 577 983 -663 171 355 1108 252 -165 -439 -344 -170 -629 -336 -53 888 -99 157 -188 -1534 1521 -951 882 -1185 232 -945 156 -209 -613 508 358 513 689 -345 282 281 210 -199 73 640 428 -969 -240 279 605 0 -74 1321 -306 -21 241 -411 -10 820 301 15 ]
[-271 -992 291 571 -1796 167 892 566 -97 888 1305 -691 -673 1206 -1091 -909 1056 451 507 -412 1158 -538 -859 -274 -97 -224 258 517 -880 111 -980 -889 -1553 -978 -280 1344 1029 949 -766 1039 1670 86 -895 -150 -631 835 1038 -788 1371 -842 324 -53 97 399 -785 232 -715 12 628 46 -29 -623 67 280 -104 652 -1320 309 735 581 462 1548 -19 -13 -524 379 -1005 -58 -635 195 1121 7 -102 39 784 329 374 -179 1347 -697 1010 163 457 70 -101 228 185 353 73 25 -325 -723 -882 -7 553 -1350 71 -444 -937 691 1478 -119 -429 -59 -277 415 -691 -177 -714 584 37 -113 -86 203 -673 -322 -1019 -37 173 -7 100 185 1606 470 -376 ]
[-1336 -190 -122 35 602 -1417 867 -478 -357 343 1035 62 50 116 -1093 -97 126 243 34 -365 650 -984 -860 -920 61 1187 -251 408 -857 -3 -232 -534 -768 -50 -398 -176 161 582 175 -221 664 88 -871 235 -924 -282 560 -749 -813 543 -1047 -1153 541 514 1235 -475 -64 -135 -444 272 521 -1163 200 383 722 948 -447 481 1114 554 442 944 644 218 -59 676 -500 1225 -372 -116 337 -799 -305 -580 1039 82 319 -299 414 397 -135 218 67 453 -453 640 888 1053 -216 326 1394 -357 1256 -181 -252 223 537 -232 667 273 -596 970 86 804 221 1444 -371 465 -576 115 190 245 467 -10 274 -410 -315 -89 -1038 -162 -67 421 882 -274 503 ]
[-1030 -503 464 -454 77 438 1043 593 -884 -400 1222 -1730 609 -25 234 -152 -440 786 264 1010 -392 324 -365 379 -672 -501 79 -545 164 -1000 -432 381 -1116 513 -484 518 516 310 85 455 399 -98 369 -1259 672 956 725 -289 945 -319 -70 -201 -350 -468 -268 -318 -1080 -1222 -226 -650 -798 29 -113 -351 921 -18 474 13 972 -503 900 413 -367 -142 -86 -263 691 -1348 956 715 586 814 159 -324 -567 254 -596 -225 56 173 204 603 945 -511 186 77 -895 806 -1582 200 -530 1658 -366 -122 763 -262 101 241 60 138 508 -466 783 -375 346 89 905 413 120 172 -136 -472 -695 -514 -192 -694 645 145 -47 -243 -52 418 24 -530 493 ]
[-1489 -597 111 -760 -35 646 1504 -496 1039 -366 -409 -709 717 452 129 1254 140 -666 -69 -705 880 -1147 -513 172 194 222 -951 -33 -619 -672 396 204 -546 527 -140 -872 586 555 -999 -525 1122 26 -430 632 -40 1305 -166 309 -733 -127 -578 -347 -167 -85 299 -315 154 -56 81 711 -301 -1084 1126 -235 523 -1210 436 828 -7 -638 112 205 -1009 -526 -583 68 370 224 -686 72 156 -271 659 -629 -466 -864 -1450 155 599 111 912 914 -525 906 -315 537 393 1 -1012 1545 -854 194 1149 -542 838 -600 311 813 554 269 879 -597 1525 -288 530 -324 227 692 -352 -106 1117 58 -149 569 -598 -294 -386 -123 -94 298 198 421 -280 1094 -914 ]
[2 671 876 1574 -1085 -999 -861 806 -170 -1169 -532 820 -1387 -640 -949 -339 -1329 -678 2055 -1620 -182 6 -174 -1155 -246 1081 421 -268 582 1011 665 -227 -422 -986 406 905 -1185 237 -316 447 -237 -1458 186 -146 -55 -947 521 -579 493 -711 56 -838 -38 37 -1147 212 18 -943 -794 -509 131 537 840 -776 -1615 -1574 551 -393 394 518 -875 1505 -383 473 -453 -519 -1037 -112 1145 -1485 -401 -104 1456 -175 -374 476 879 -638 847 158 -1150 -78 201 367 25 -304 143 629 728 29 -435 612 298 -93 -12 -726 -309 489 -49 822 597 -1162 -190 -356 -611 55 43 -744 -1478 886 -2 -970 -1025 -479 -553 1107 -93 -357 229 -269 194 -519 -839 439 494 ]
[484 989 745 79 138 738 -1173 1489 -815 -518 128 740 -916 -785 -702 -1405 892 866 -67 -108 -10 705 669 -438 -236 -581 222 30 -122 741 -190 -107 672 366 30 -71 -172 1182 -600 964 -11 -449 -198 68 -634 -469 28 904 -108 11 -625 1306 -276 -252 -128 476 368 -479 702 -425 -371 -305 -571 -174 -1093 -310 116 -232 237 -1025 -345 902 744 -7 -893 900 -40 156 -183 -254 879 -526 -647 -276 1304 -812 225 -140 637 302 330 -1218 37 -437 521 -649 -394 -358 1230 -548 -597 -1485 -397 1042 -401 -127 -859 -1620 -437 -1357 -338 503 -972 -485 534 1024 379 193 454 1642 -163 705 535 468 -545 -452 -351 755 -1135 215 -96 -1072 8 724 418 ]
[1254 191 -308 -970 481 677 -637 323 -410 -244 -1484 -509 -511 68 277 -318 1176 -1440 278 366 208 212 -86 308 -253 -458 -420 -1137 854 -597 -913 -767 406 -242 -116 223 105 -223 -451 -262 808 643 374 600 -126 154 -22 -133 206 1158 -572 918 -287 393 -629 590 558 -205 827 478 454 589 1252 189 45 -777 -825 358 -935 -151 -483 -450 -86 -770 -854 617 -18 327 -745 246 411 0 -214 -359 491 -769 -279 707 933 372 1234 -723 544 219 -415 915 -731 -1345 874 89 -446 -30 376 -520 -1128 150 639 -788 612 402 -640 -805 255 -639 -164 181 89 -372 -112 259 516 -89 929 -651 -569 458 -157 1327 -518 720 -331 247 -451 345 -267 ]
[442 -415 655 -95 537 -316 1262 687 699 -72 -739 233 -176 552 565 -300 -259 56 598 818 530 -528 -51 306 726 608 90 -568 -754 562 -118 253 -972 120 1502 -578 692 -277 174 917 82 -597 -420 265 35 253 423 152 880 -817 1189 -1109 381 1286 817 -75 967 204 463 -74 -1400 306 704 288 -394 -1746 -119 -278 209 348 -899 26 -622 941 -510 -363 -558 122 -189 656 185 469 699 -359 -142 320 -496 -16 348 -391 903 416 -43 152 8 -999 -697 477 -59 492 1122 -801 -589 94 1711 516 1101 795 163 -1424 219 -208 981 147 727 -520 -223 122 256 299 849 -382 586 -59 399 -1388 -1030 -724 875 154 33 -129 680 933 -459 ]
[242 330 828 660 -858 210 -1046 435 643 -17 343 82 734 -743 -602 -701 -323 56 -717 -781 -6 250 412 311 350 -199 779 -1 15 335 -707 -717 281 -602 24 157 -297 727 730 -407 -1050 -617 -466 440 263 25 170 -606 428 -316 811 191 100 -178 -699 -324 -250 1490 -865 123 1195 -113 -60 788 -841 -1397 -31 -606 -280 -774 -429 137 221 386 257 -34 -13 695 1652 -971 -758 -1006 1240 -85 275 -150 -484 537 -451 -364 736 -267 -625 -565 648 45 837 -1385 404 -761 81 -207 160 17 423 -647 -1770 -35 222 86 1675 -742 -479 317 -1920 -216 -760 -312 -366 542 -15 -218 601 1028 -647 -1125 -138 -656 -424 -241 -302 -259 -35 504 -691 ]
[-232 -605 -80 377 891 851 -803 -540 958 -366 160 15 -753 581 -80 345 -318 -187 -169 -42 -222 -1483 30 -304 -973 306 -596 182 -263 270 577 174 -128 -412 276 -650 509 801 58 -1120 -411 1078 730 534 -91 240 47 109 -46 1076 262 -1510 4 -113 -517 -229 -327 -579 386 -125 141 -1108 533 -210 -422 -345 953 -326 -578 -544 -450 652 -754 -576 214 -253 435 -195 -1011 354 -140 404 -755 1245 -725 -157 96 380 374 1628 -470 288 -101 285 -985 398 953 -222 -688 688 -833 676 645 434 -853 335 316 -1367 -548 -434 -814 934 -1076 -876 488 259 -667 -65 701 -267 -652 746 475 -202 -59 -273 655 -225 315 495 -808 323 -175 388 -152 ]
[9 377 1451 392 645 -511 34 -672 248 -17 -763 148 -299 156 193 -326 -750 -276 596 83 1203 -225 -711 -139 -774 236 198 840 -654 161 693 92 -613 -710 188 -489 122 -981 -418 633 -311 706 -532 443 -28 253 653 -141 -18 182 96 -233 -681 -536 888 1412 583 764 -24 391 -954 -760 4 -85 998 313 299 -239 -145 -708 676 380 -451 -887 851 -182 120 -239 222 -30 1005 145 -328 786 -727 -246 -146 769 -402 -151 732 8 1 145 -831 -8 -113 551 312 551 -213 -78 -706 523 -149 43 368 144 319 604 -1341 643 -917 -760 325 62 -430 -78 394 -849 813 137 -354 -226 1071 376 807 -664 551 451 -66 964 -119 -959 287 ]
[-344 -680 -1167 86 72 -95 -1411 -1285 -64 1000 -391 -987 1241 492 -173 1229 98 343 -267 -207 -1295 509 -793 -113 -364 -374 -299 -179 748 196 -527 134 385 238 -267 233 126 109 360 -406 320 396 76 -400 15 -871 -580 -255 -802 1158 715 233 1458 392 -620 -302 -224 -205 514 254 -8 -320 -272 -65 540 499 295 -480 -949 585 -293 -1143 43 965 58 1329 246 841 -684 883 -681 53 -85 159 60 594 66 -340 -444 201 -957 -257 -354 -247 228 -280 -521 -164 52 385 -225 -428 69 -238 -824 1237 393 79 -514 85 -945 358 -821 -1034 -71 94 -202 374 -392 -346 -1327 1017 302 686 -418 1564 1015 -100 -269 -182 318 -813 -985 -123 -295 ]
[-824 1324 -161 78 6 -214 223 359 -765 530 -196 -7 -1025 732 1080 -6 -71 399 699 450 -427 235 -320 -776 441 -285 1096 1029 149 -23 56 908 98 -678 -1535 -198 -298 562 -831 535 404 586 -228 1142 132 842 872 498 442 -115 -1903 429 -1130 -435 323 312 -495 132 339 612 528 79 -1113 -317 669 1300 1515 101 979 125 1825 1506 561 -686 444 -293 -312 188 -889 -51 119 -130 857 887 -1276 -227 -272 -225 392 -145 681 -764 664 1600 9 1290 -171 240 -475 488 -423 -216 -1796 1332 -706 -260 -143 -266 -225 -482 -1079 246 -192 -538 -26 861 -35 -139 564 -1051 469 0 -829 -481 795 730 168 -44 192 -652 -709 505 131 -238 57 ]
[299 -404 -134 482 -311 89 592 -739 527 62 125 -372 -156 270 -667 730 -1124 86 650 -782 212 -885 -597 -485 -872 245 -377 763 268 -276 -558 -210 -348 -583 799 -137 -99 -428 356 680 350 -146 192 -111 -1021 266 -883 -226 614 620 -1128 -556 607 591 134 -820 135 301 -585 1054 -156 -739 357 -216 -174 -1509 -108 939 946 -373 1390 222 1747 -343 957 971 1551 -28 46 -400 259 346 537 535 -927 -992 -475 134 92 220 12 -139 826 211 340 1129 -418 -507 -1348 315 -24 864 -105 -77 362 -1051 -296 -365 299 104 755 -664 443 -128 123 394 -888 -511 -345 9 873 -763 821 514 -725 -60 792 448 181 484 1662 87 -875 -1141 548 ]
[63 -480 -2027 -30 -619 -125 253 -130 97 1480 -418 494 785 236 1215 719 862 -587 -218 -677 530 -410 30 168 -381 -154 -1554 -443 -596 -284 846 1044 -411 -377 178 -470 694 800 -547 -934 205 -290 667 -126 -1643 -1242 -282 234 354 137 401 284 -70 469 220 -375 -616 -607 181 217 66 -274 -692 848 59 633 -478 863 -234 1108 245 -260 10 -266 1318 1295 -314 1015 -1480 680 -132 891 350 186 -482 -1220 560 -1528 989 375 -253 561 714 95 -639 197 -54 -504 -281 -725 -726 611 1260 -356 -588 -1 218 396 -775 1691 -406 244 623 -1136 491 122 -231 -70 151 247 229 1242 -1591 -1438 -207 715 -1717 -358 134 46 1156 -191 23 115 -2 ]
[1243 567 65 -453 -1198 1431 -1014 857 334 -309 25 576 558 161 278 -608 566 -41 -669 -699 -818 422 735 1266 -60 -648 459 -607 1024 -546 145 -682 245 -1003 -200 1270 13 -79 252 312 -512 -410 -254 -385 1194 39 -82 699 461 271 811 1726 -712 -1195 566 241 -754 -90 -23 -1330 -161 257 -664 439 -419 -8 -1624 -861 408 176 55 -928 -908 -400 45 -680 765 -760 654 -360 332 2 464 444 189 490 364 -799 -928 -21 216 -731 -189 -692 199 -841 59 -462 -592 -881 1060 -160 648 221 -535 347 -597 1328 -97 -86 371 -877 -901 171 -376 69 32 -311 1260 14 -456 -139 -597 483 146 392 -514 -385 -1702 -346 647 527 778 -286 -749 ]
[-1242 193 -770 -382 -729 -204 -459 -530 1021 120 392 431 -111 -562 -33 1474 546 -439 189 874 435 -1217 -40 -804 381 405 -227 969 466 -552 296 720 580 699 -1309 327 -1267 -799 503 -603 -48 763 200 -117 -8 161 246 92 -677 -1273 -1289 537 465 -602 -502 -733 -1069 436 -354 -41 1215 594 672 971 -809 77 1236 338 536 -645 784 -28 13 -1363 348 -1113 480 -1355 -714 -263 -642 -1209 82 -845 234 541 219 692 -73 225 -1210 805 -474 1208 -1174 -121 469 -1049 -334 -338 -104 1116 904 -282 -917 -712 486 388 493 69 -585 -250 363 764 322 423 -448 281 -924 -35 780 581 -744 12 12 3 104 -522 486 304 1068 135 -349 727 -792 ]
[-1559 1420 192 -667 1566 815 192 424 410 327 961 1284 -637 -239 856 403 987 93 -1106 237 -905 29 315 195 -23 -452 272 -290 -4 -1272 336 -149 191 452 -983 -105 269 -659 -101 137 -754 181 99 -11 1096 200 909 587 -51 -1341 -59 162 -550 194 778 36 -187 144 -110 665 553 222 -311 231 107 452 1047 16 1090 -387 -74 -146 -442 -897 180 -1207 -683 -1011 384 -268 -67 489 216 -54 -230 -226 -325 699 -385 88 -692 -32 155 806 332 -100 -419 -105 -412 152 1185 78 153 1470 777 78 673 1053 -417 -69 -1536 482 -167 426 -289 132 -69 477 -129 157 -291 362 -201 -365 663 -1274 415 1462 -281 -1374 -85 847 260 106 384 ]
[-453 376 634 -509 627 164 133 -543 -120 775 -387 563 122 544 95 600 -109 516 -420 616 -732 -187 89 657 -341 -317 584 -10 860 -510 508 -880 -521 -149 -598 -387 39 -596 -1380 343 -1023 1287 -271 97 1552 1063 863 356 1126 -229 -310 -25 -1169 -646 -111 757 111 456 510 179 -129 65 678 -410 737 106 391 -65 -336 -277 584 -327 -205 -401 52 149 319 -1509 178 322 -232 1140 -462 205 -990 -345 -440 858 22 780 112 -1052 95 1008 54 360 -605 244 -255 1045 298 -86 -380 1255 761 454 494 173 -103 -202 -1086 920 -851 -635 343 -157 -104 116 463 -838 -120 45 149 740 370 -336 1061 931 -82 17 -438 905 339 -972 -528 ]
[396 -476 585 214 59 368 -326 -657 534 109 -173 172 490 529 55 460 -722 798 -480 266 -367 -71 -780 738 -745 -53 404 -75 1372 -300 945 -546 429 6 -1048 330 -735 -1698 -135 1107 -553 1026 919 139 350 107 192 6 532 -528 -1343 -147 563 -1031 -477 471 -526 1123 -763 -763 160 160 451 -270 55 -559 364 -483 112 -473 146 -250 859 12 623 -182 452 -1096 609 282 -230 732 180 288 -1156 -550 -1129 -638 812 -850 -1089 -910 264 565 29 -210 -857 270 -725 284 -529 576 350 212 122 -484 -155 228 20 851 153 -20 -637 -270 96 -729 192 -171 -716 509 -20 -598 -760 -453 -903 1048 -152 693 1710 157 731 -369 -744 -464 -100 ]
[180 722 -746 -22 -370 -492 -683 814 -650 285 220 -530 -974 -688 -331 531 332 1013 252 114 -825 338 -92 -262 -568 418 -368 132 901 358 -1839 -556 -922 107 -23 391 503 -379 787 86 -35 -181 -144 -120 -164 -763 875 -597 232 -51 893 564 -529 1363 -666 -459 -126 -110 1518 80 -226 -14 -115 -128 820 322 595 1383 70 170 -212 107 -87 1028 -439 572 -208 499 -963 -471 -806 904 442 -274 -633 -246 26 1788 985 850 295 -590 977 -1144 -247 -107 -732 495 1232 -683 344 -833 -728 291 36 139 431 -621 -1236 -1041 -609 285 -535 -1189 -469 377 -200 600 -1425 390 14 -669 636 -75 -48 -434 1215 865 -406 -414 -225 -423 114 -675 795 ]
[428 -1012 -842 -1602 483 -570 451 -1061 459 610 233 -1061 1143 -20 491 236 -549 -73 152 -410 354 -658 532 326 -281 -105 119 -434 392 -1504 -211 287 281 792 143 -509 315 -1392 1790 -912 661 228 -439 480 437 230 70 -229 -964 -88 -29 667 1116 438 428 98 458 1508 -1245 1011 285 934 951 927 1052 -446 675 221 -558 -664 584 -1532 177 -463 -18 -264 -688 864 256 -25 -563 33 634 -409 172 668 -953 752 85 -45 -108 1186 -449 193 283 1641 -635 -1315 -200 -284 1030 1055 199 -16 -38 -463 -99 889 1083 1387 -109 -751 616 691 -526 -106 -608 -265 -353 -599 893 -507 -722 219 -719 -88 -976 -220 -150 -71 699 759 846 298 517 ]
[63 -296 868 750 -1466 -727 -294 259 -38 582 508 453 -801 -470 153 -284 -27 619 38 -86 620 401 -60 -1368 39 -373 611 1047 451 -14 583 -454 312 -197 260 -424 167 -602 -99 1943 685 129 -613 341 247 141 942 -112 56 -439 -1357 -977 -346 -979 -152 -88 -685 591 374 -782 1031 -317 132 573 -555 478 -493 -215 24 228 1156 -553 -405 995 -434 -177 -156 -400 -338 -129 -262 -373 -339 -71 101 216 662 -220 221 -354 -163 438 101 925 952 -437 134 -574 -70 -477 464 -1171 -441 321 -267 -785 291 355 -176 -291 -196 339 -600 434 17 239 -527 -749 212 -89 -556 -555 -78 1004 368 486 898 548 -527 -964 -980 276 378 -1267 460 ]
[529 54 937 -235 -93 874 352 1190 -209 230 -438 415 266 1303 835 -326 1162 -441 247 -55 840 -208 19 -22 417 1149 -706 959 -123 767 -527 101 -380 249 865 -622 986 415 421 -81 681 -80 -199 875 -504 1187 508 -257 207 544 192 317 -1099 841 -438 -1167 -632 5 1115 267 -819 -526 646 508 313 -1405 479 784 1 -377 642 -309 111 839 360 -384 -841 1926 -100 432 57 66 81 -77 -141 -618 -650 511 802 1139 1075 782 1172 -1017 -1261 -69 796 1324 66 91 792 -728 -284 -617 -1487 241 223 -1186 -1255 -166 196 -566 381 661 355 -250 -584 551 492 325 -164 -341 593 -24 -600 -511 -1179 -464 -313 -831 -1336 -384 -166 -329 -563 ]
[305 -58 -726 28 -23 1351 9 289 -442 792 496 -411 604 -411 448 518 777 -1058 462 -187 -35 598 167 -231 -1020 1061 -874 749 219 605 -1139 -154 275 -219 215 438 -565 -619 479 -551 915 -595 -135 -1038 -1086 -310 -1148 515 250 568 1470 445 -50 -955 -169 -499 -325 262 378 567 286 -113 -301 542 -1107 -260 -833 -748 -923 -321 -420 5 523 -195 -1028 899 287 111 -148 88 -135 -543 -154 -296 713 66 733 1196 -192 1204 119 -1009 98 -329 -545 -157 -584 -1106 -240 -264 -1331 -607 -593 207 25 41 -471 -423 -147 326 -64 18 -668 -241 156 -489 6 -428 309 -232 516 -447 -414 -192 -539 -684 468 -471 49 432 734 -578 51 955 -107 ]
[-345 452 249 -369 164 -1274 1101 -1394 -199 699 882 88 72 -145 901 255 -273 986 524 843 384 -139 103 -737 551 36 -268 -18 856 194 -227 25 370 544 -392 345 -310 -430 250 367 80 -619 246 -1341 -577 -678 662 -879 6 -246 462 307 26 899 137 40 94 -480 174 134 -1130 726 -184 -32 545 214 683 841 764 1015 26 892 -155 1761 -319 276 -810 -567 34 659 -535 1961 -900 -1707 143 495 -713 7 13 -175 -462 415 1457 -628 338 -76 -1298 962 1216 64 431 -1482 -143 242 0 417 352 -978 -972 -26 -370 1054 414 -680 -805 118 171 354 277 306 -790 547 -249 -492 -717 -335 616 629 -568 -891 -331 -251 923 57 463 ]
[1039 -160 277 -582 327 -116 863 -6 557 -273 1033 488 916 -279 -326 -306 -1484 825 141 1103 -200 -588 546 786 -450 -1103 -375 -855 426 -239 -63 70 664 195 -105 578 -95 -781 1785 -140 -674 786 781 -963 -166 264 34 282 -490 -764 690 425 772 233 368 371 -242 -300 -268 1037 -399 -135 151 -273 -234 558 360 -810 -345 -415 -182 -71 144 144 54 188 348 -634 597 -171 194 577 -1217 -523 1647 912 -557 75 -731 315 -987 -360 472 -1920 4 295 -1433 284 387 -726 1062 104 9 807 -152 -238 -372 -827 1000 969 -66 669 332 -419 -514 52 696 7 1228 213 79 870 148 122 -720 -889 256 -77 1 -596 518 352 384 -524 1342 ]
[312 1239 -1140 -526 677 492 -697 -810 733 97 -122 -262 830 213 858 -768 -692 -468 -197 -1029 -578 375 -28 204 1187 -89 915 -580 33 220 861 735 1018 187 187 -360 -91 510 735 -397 -733 -781 589 -429 1313 -480 -806 -481 580 885 310 927 532 -238 608 -40 884 121 -627 351 76 101 -287 -613 267 -212 505 274 -333 1541 495 -69 797 583 860 669 295 731 731 -521 805 722 1334 1707 -436 446 -1092 -683 -665 407 -604 -67 -52 275 46 435 -360 394 -157 540 408 356 -72 -150 -322 771 -598 -434 405 -555 -367 -585 420 325 -93 -145 316 -1170 997 -310 -511 -361 -275 201 -709 364 -533 -22 -180 -93 595 -22 -449 640 -586 ]
[-1082 156 -365 -1083 1439 925 741 702 -1361 -34 160 -5 797 461 850 -119 672 -124 -532 1376 -1258 857 148 772 -614 -216 -649 -745 293 -508 -169 -338 -180 696 -718 -1115 497 -350 -279 -367 -390 329 1362 -156 422 461 -114 -91 202 -428 -861 -6 -284 -181 576 -351 -60 -90 536 298 0 -308 -306 -288 535 998 1044 -961 67 -300 337 -372 -571 -819 616 -399 466 758 658 982 322 471 199 303 379 -418 -1125 -274 -51 861 -1415 -429 794 -48 -930 1125 400 1865 -582 242 -204 106 -970 -62 56 788 -435 215 -155 216 22 -16 652 633 414 -453 1024 587 -81 -757 -296 -1164 57 148 -175 -143 4 1312 655 -329 -208 -381 -1238 77 730 ]
[1553 75 1967 -399 1063 1289 -363 1109 -1082 250 -508 405 -713 -330 -255 -515 -346 1126 -347 712 -226 186 407 404 -35 -750 -505 -22 801 245 -148 -973 142 300 884 208 306 -22 -361 260 -308 115 733 194 -232 685 -332 -142 164 -428 662 174 -396 -280 -345 177 1014 -218 781 -663 -1178 994 -339 -229 -759 -736 -569 181 -606 463 -397 -875 -578 174 -62 973 63 -836 -654 610 -388 581 -1658 471 181 -828 -503 -192 361 776 -461 -417 -437 -455 -269 -195 515 -936 780 -970 -379 -1038 -808 580 340 447 -130 -210 -179 -1146 132 516 159 -675 159 -265 -342 -774 704 560 -762 -1033 333 262 -181 78 894 154 -275 375 -620 -264 536 -60 -312 ]
[-145 27 -498 -438 -193 575 -83 751 517 455 928 -526 654 982 750 -209 1365 498 -428 499 18 -87 434 307 985 -694 -81 252 -1530 155 -954 -185 770 230 99 44 303 596 -98 -23 -220 342 -377 535 773 921 1202 815 663 -27 256 731 118 -517 -533 -181 -292 -445 856 603 -750 -342 -385 -422 1462 541 667 294 -160 -897 -195 64 1177 52 -627 422 61 378 -575 -6 -10 -487 -126 259 758 327 -443 761 321 940 1476 -108 7 -486 -745 -169 54 -222 192 326 -442 -1235 -513 48 164 423 -433 -1055 -436 -2563 -69 275 -342 -102 -92 -241 100 995 -349 341 -56 262 95 445 114 -740 -138 226 236 136 -996 532 168 830 -240 ]
[-1439 255 -528 400 -1238 -252 -304 986 -306 -328 1241 69 149 -234 -260 -330 839 -1406 -460 -302 254 -62 59 -598 1311 642 250 882 -440 267 518 -831 285 -451 -1510 1033 549 978 -766 -499 492 -24 -159 486 717 -73 712 66 299 -1324 -347 151 -642 -916 -88 -199 -692 3 668 263 909 166 -450 -357 -571 1063 -96 997 693 86 -140 1548 -1078 -973 -671 -1485 -995 -289 489 -315 537 -161 383 -82 284 1191 -5 -285 555 420 -348 -433 349 -250 -357 -563 1472 773 -1098 266 -280 346 -250 829 -600 -786 -344 119 -161 388 204 -316 960 -42 444 534 391 31 194 627 -617 -137 -70 -30 429 -41 -154 -271 5 245 -426 958 -5 598 115 ]
[-768 -71 -1058 -826 -1126 175 83 1066 -348 -263 541 4 475 -439 379 108 971 36 -78 -326 169 -961 -776 -1035 210 683 399 1151 -802 333 -605 -219 444 1398 776 -518 -364 57 -62 497 169 -399 -991 -278 -1234 -367 -940 881 -46 899 -1303 -371 306 -507 712 -60 718 77 -338 -133 -697 -706 362 882 -476 -469 -422 337 -482 -282 1131 -528 933 79 -372 91 -562 745 -1410 722 628 334 -539 -471 -67 -612 -423 1499 -1130 19 -96 514 -584 1100 -159 -202 410 -412 -705 605 547 61 -1193 394 -307 -54 113 -281 -1038 -726 -131 487 643 625 570 272 659 1057 78 587 271 1061 -552 -271 -429 -507 -820 -1013 709 17 260 -1327 -570 1389 -906 ]
[-127 2 427 125 763 -136 34 -246 -69 -360 -539 13 -398 -5 -218 1296 -854 489 766 -8 -88 984 -920 314 -817 62 85 271 -490 -855 640 781 -567 449 69 -492 614 -912 -47 -835 -1204 -135 658 632 686 -853 148 -1003 -524 977 -251 -53 731 448 483 -405 825 -424 -1058 -186 -453 81 -678 -697 1349 959 384 137 345 597 770 -26 -185 -298 670 803 1109 -128 -670 -579 -1435 -1117 -1229 -512 -254 -1554 -452 148 -699 454 -1285 474 -137 372 -70 1200 1234 660 119 -131 -550 467 -422 -740 704 -899 751 -59 1293 -897 -910 -700 577 -62 113 517 -146 106 -1186 -1132 1134 -765 408 -85 106 731 1026 198 -395 431 344 765 -1275 -1178 1058 ]
[-945 20 1418 -90 841 -636 -32 -250 122 -569 1093 152 82 0 -482 -809 -840 483 51 -340 262 -845 -516 461 -788 411 713 177 -71 322 661 -216 858 263 22 16 -41 27 -93 262 -214 -54 -540 -191 -95 -605 382 218 -816 267 518 -217 439 -2 486 1289 1350 -641 -208 895 -1079 -1039 826 -1851 55 -871 157 136 -556 728 -765 1852 490 1000 -1154 728 -504 -546 466 -79 -192 522 335 -72 -504 183 15 -92 -42 314 -369 -349 -314 -1053 -73 -204 -81 673 632 1072 -1014 -202 -480 -120 -872 677 210 -926 486 801 -266 1740 -943 -774 1086 427 807 253 430 166 -637 303 -80 631 -834 573 669 -1088 119 -320 -1040 -645 -744 324 -114 ]
[1520 747 -660 -594 1155 18 -966 -1456 695 255 87 116 472 -663 408 449 -647 589 432 -609 169 137 410 781 785 -1199 -392 -441 424 -56 1086 -1156 827 761 -53 662 -22 -1463 878 -452 -1407 541 637 -278 1885 -1145 125 -897 -930 639 959 461 1096 423 -278 32 496 -170 -753 -260 309 855 -880 -92 206 836 -703 128 -164 129 -744 -1308 -456 -757 53 160 119 880 -49 -157 -151 829 -183 -304 1785 808 -326 773 -999 453 -882 243 437 -396 -486 121 -678 -802 269 -580 409 -768 818 -429 -942 571 388 398 228 -345 -381 -267 -601 115 -1659 -172 -81 -546 101 -1342 -793 -752 51 -514 -23 210 307 502 326 -488 524 644 -498 17 839 ]
[1367 -1127 -63 -724 -526 1664 1503 1084 -203 446 737 -712 320 -265 -809 -123 705 786 160 66 1064 -1014 -58 709 -694 -426 -743 413 -611 -340 -409 -81 498 484 617 1042 592 -778 479 -371 -34 -288 -206 102 -609 801 -217 943 49 -325 -108 1037 645 1285 -459 -427 271 -880 -23 -61 -1129 -21 17 -112 -248 -1252 -687 711 450 -1075 1118 664 410 -123 -109 790 434 -709 -10 718 40 -374 -967 -536 811 -598 -372 34 378 -88 -628 399 158 -867 -396 -629 -461 194 383 -1212 -42 380 -312 -1212 -124 -510 -167 -1093 -541 139 1455 -87 2250 -409 163 -777 756 -421 96 695 886 -45 -1072 -627 -1157 -279 -924 -425 385 535 1078 503 -242 242 524 ]
[-658 -252 -1194 1333 -891 -1409 95 39 433 -128 -714 -636 -424 126 -167 738 -527 464 492 -492 1406 -593 308 -1034 385 84 443 898 -388 1577 100 823 59 -752 2 308 -1014 1102 -172 -510 157 395 -374 462 -349 458 843 814 -766 453 -133 -151 -376 -1178 -195 458 -592 -226 -74 348 144 352 -722 315 -212 1958 358 -172 -274 124 -631 1269 108 731 14 -1108 -1183 -38 -509 -460 160 -736 -394 138 361 1385 1044 141 -341 -169 1500 558 -551 430 210 -378 293 65 533 -368 -419 -60 -270 -268 -699 -740 -544 -870 -353 -435 -170 90 -1269 44 -304 907 355 -156 594 -58 -68 791 -820 218 882 448 -606 -1798 499 425 -538 1 1331 897 -399 ]
[-947 82 -805 60 -520 -793 1021 -166 1283 91 -113 68 -864 -280 782 692 1324 -419 -29 256 684 -1094 889 -95 115 -198 268 -299 -988 812 -612 392 -378 -131 -207 120 388 691 -237 438 837 436 37 262 -489 704 971 409 777 -957 573 -1443 -559 515 244 -665 131 -72 -488 697 128 -12 149 -217 813 619 217 -128 282 991 -418 529 444 134 -545 421 -200 -484 -747 -52 663 731 587 -13 -242 168 532 -59 -52 -1679 1402 879 642 -153 -763 167 -1280 -49 69 787 544 187 5 139 488 433 542 257 22 -102 -64 506 -394 -309 313 -313 509 391 -193 969 884 318 -325 -700 -90 -280 -151 228 -45 640 -265 -89 1721 114 -1004 ]
[-26 778 219 592 211 -749 -867 -463 -361 -357 122 287 -12 -39 -478 -959 -1144 -835 867 974 -1338 210 -722 -642 -149 184 617 -606 -105 615 -1153 1029 -415 -38 508 -677 809 279 -855 1215 -176 -741 219 -217 79 -664 -594 -714 1285 -591 534 -323 -31 71 238 1156 736 1146 -523 -412 -1315 -1360 -193 -1369 51 -421 941 -815 343 1460 -338 401 -27 833 256 1083 1356 169 586 714 146 765 889 837 -1403 -28 -511 -1351 309 -1156 -436 -173 148 1040 -1047 368 -89 496 122 341 -637 -379 -405 751 17 858 205 294 -212 323 -657 468 -198 -1205 117 189 51 547 -262 -290 146 282 489 250 -113 27 566 -42 670 362 -29 -756 -1589 -454 117 ]
[-1179 -190 775 25 -451 -926 -902 572 373 -1473 321 -780 -185 -1141 -533 451 523 -473 -714 -276 -519 -1 554 -212 -569 118 159 160 -16 -133 -465 -279 524 -438 -803 -217 -948 252 332 -941 -3 63 32 1342 101 -196 467 649 -665 -258 71 -253 -15 -560 33 -199 313 266 -1077 1023 409 698 674 691 652 150 136 256 616 -599 -272 693 6 -902 -1524 -433 231 -789 -903 -825 -1180 -1603 92 -290 130 -369 516 1519 -787 -18 -256 -322 353 206 -50 -248 -5 -1277 919 342 358 484 31 510 274 -481 249 135 556 -557 -438 -571 344 284 -853 465 -60 862 -627 899 385 -285 8 -961 1040 72 610 -305 -1402 1271 -22 450 918 612 -390 ]
[-161 -83 -99 212 -1155 -805 -495 201 -82 -1200 617 37 -952 -1058 -109 231 -1348 265 801 865 -927 -312 37 -594 -1230 -514 142 -64 646 -311 442 636 127 -470 1106 -123 -1503 -225 140 1321 -153 -157 -106 -453 52 -520 399 320 -265 1244 -1359 -754 344 -977 500 415 -472 -851 -1125 -490 62 -636 394 -385 -1150 -1 402 -488 370 778 529 -400 1532 -776 470 453 1122 -1499 -205 -521 332 -1055 65 692 -279 -340 1457 -1087 -844 -852 -560 382 666 1081 383 152 -286 -196 -414 -441 -198 813 16 -630 -550 -351 228 -1 967 -190 -717 969 -168 238 812 553 1106 -671 -734 -94 530 -136 -635 16 914 1426 1113 -594 10 226 242 -346 -104 -1329 1287 ]
[-1426 -305 -725 -627 338 859 599 414 -49 24 1064 120 -583 396 1125 111 783 -163 -952 21 -1302 350 -871 -128 -379 518 -747 -129 -520 -990 -1086 -19 -634 358 -680 59 595 -358 649 -663 -65 334 843 -251 -478 -125 134 73 167 363 -648 144 -16 1111 349 -134 -1115 -914 15 -588 434 -284 -176 -730 373 -148 -277 504 -41 527 396 50 -1460 -180 462 -195 -14 -426 -20 906 563 957 28 712 -768 108 -198 -503 118 510 -1077 -664 369 221 -864 1171 486 1202 -1262 536 -395 1038 -985 593 -629 940 1154 159 -717 225 -594 -218 -630 -210 293 -213 543 505 -707 -168 600 877 351 -864 -124 -722 -640 61 323 -361 -566 892 -688 247 587 ]
[-1146 452 -525 -190 912 56 -173 101 352 341 708 114 622 -156 604 20 325 322 -486 -708 888 673 -336 -613 446 83 -408 1353 -848 661 325 -73 993 1476 -753 -478 281 231 657 -187 -546 -124 38 -28 162 513 -400 -116 -1097 413 -814 -122 359 -1121 71 -546 -87 753 -906 28 805 -542 -585 175 822 -31 420 260 -378 -398 927 -188 -473 474 -222 250 -1054 1568 -516 -316 -20 720 -623 -409 477 158 -19 854 217 1288 -960 -175 -22 504 499 501 527 -1004 -743 390 -16 -783 239 1019 -756 -106 -324 -412 229 -512 18 -942 46 682 -377 -36 -196 372 248 -477 -212 84 293 156 -287 -92 -247 353 207 -1063 -321 -337 -135 922 108 ]
[-763 -584 519 888 -275 -631 110 774 439 194 -1022 243 -745 -475 513 1049 -1251 228 45 -68 496 -275 168 400 853 335 610 95 1198 6 1165 344 -198 -85 -705 183 -875 -151 916 -4 469 244 -430 243 475 419 739 388 -321 97 -728 -289 844 658 591 -996 -386 -51 171 512 472 1077 799 -539 -197 -274 1069 -368 246 -36 -491 1183 -416 1699 -1090 -1441 -665 -1012 168 18 -1458 -293 972 -811 -1494 96 -231 -590 -64 -267 519 -85 -1173 -699 1240 -461 -87 283 334 -47 1107 1058 389 -733 231 317 733 1216 -301 -183 312 565 -168 473 336 -164 780 -314 301 155 904 723 -398 -480 4 -58 333 -1131 -481 -64 3 80 -228 -121 -645 ]
]
