[[175 289 -395 512 146 53 1058 -998 -1582 -414 -512 -1134 -510 -110 -103 -709 -694 904 80 389 -403 157 -37 -111 97 -921 100 141 -147 -153 29 -89 -176 -937 -192 251 396 -628 -113 -432 5 -346 36 -61 -670 -11 930 -357 -473 -34 -816 -150 513 481 118 3 -389 390 550 253 -192 68 528 200 361 -470 626 305 -163 -712 31 -169 439 103 -270 -344 -172 -291 164 772 598 105 -172 -814 -201 521 -745 -111 232 -457 416 622 350 -538 255 -651 63 68 60 -49 381 -178 -209 1056 304 757 139 -162 -635 437 -232 172 107 -79 133 -280 -292 -537 158 -221 804 -983 -220 -135 265 -245 405 -1052 -450 -193 217 -115 242 -171 -30 ]
[-345 -489 494 -692 -435 979 155 -530 20 -417 -188 292 530 -549 793 846 -583 -307 350 8 829 -763 -50 48 -21 711 -339 -339 364 812 -214 -527 176 517 293 143 -458 665 -233 306 29 510 -495 327 443 500 -154 116 -430 115 273 561 -980 -452 517 -379 590 297 -618 45 -60 105 -304 -269 -496 325 118 271 -88 -502 -207 216 -226 -369 -191 -9 303 188 267 251 -376 -45 501 964 -699 47 -858 537 216 295 -901 -242 3 -314 674 351 -53 -496 296 -464 -409 -623 -688 -566 -557 306 563 -393 -541 238 -507 388 -242 -573 -16 -427 -651 324 -1260 270 -683 -75 -457 569 90 -26 646 -379 1180 -30 516 -279 -106 540 -403 ]
[-579 482 -408 124 649 -849 343 827 104 265 -240 -670 -589 304 -324 -259 186 -278 -495 -98 -377 510 525 -38 92 -344 754 172 190 -775 -43 -174 811 -31 -246 -127 417 -117 -118 -1020 -173 560 -623 -776 -1101 45 187 469 -85 730 -1395 596 298 -107 -388 607 133 -345 102 442 625 259 -756 418 388 -753 -406 -282 -127 -223 -503 184 384 712 -997 -162 160 -457 649 69 343 286 -602 -1098 -5 241 -30 -76 -51 4 501 362 -24 763 -291 -1151 815 211 28 454 339 -91 909 566 -307 511 -601 230 133 -1080 3 90 15 68 -875 418 479 -89 948 280 1465 -541 1245 -248 508 113 -552 -669 -65 -299 -456 -473 448 -6 193 ]
[785 658 -225 394 361 -254 185 -52 272 129 47 140 -374 1067 500 306 661 364 -1147 285 -418 -545 -347 -212 84 -401 -360 -187 -40 1160 736 171 108 -950 -79 693 266 -367 998 558 416 916 426 144 -361 197 154 -297 -602 -96 -241 974 932 454 67 307 -413 120 203 147 242 -446 265 -457 240 41 -659 -324 296 -387 54 -726 -396 687 440 -728 385 -638 -376 -270 -286 -436 276 -494 551 -67 758 -553 307 -674 544 -255 62 105 -45 -664 -577 -93 29 644 973 651 1021 702 -187 -265 -128 -326 551 140 597 79 657 68 431 -488 653 -1079 400 -152 516 -454 -779 52 717 958 189 758 -1207 276 -11 561 -236 297 301 ]
[355 130 1289 170 -793 488 -88 -740 -587 -475 511 162 321 41 919 527 -476 -82 479 -7 -776 -441 -1051 -589 290 -381 7 -638 -69 914 -78 452 -156 -219 4 1023 -355 -390 63 470 371 394 468 1256 344 460 276 -198 -520 279 -12 226 -285 -828 708 -900 -298 911 362 -108 -57 -208 41 -117 -16 811 124 439 -456 200 -222 53 -262 147 -383 -1 899 -439 -52 307 -308 32 964 857 -510 -666 418 -7 332 -798 -79 336 14 -579 -380 25 -129 114 609 -169 493 -142 -113 -453 -224 -315 408 -674 -554 932 177 1189 58 -1514 -138 -812 355 -841 282 -1003 -504 -423 -240 -306 1 312 735 927 12 1139 -34 349 286 203 432 ]
[203 619 -921 -281 627 619 709 -377 -649 -254 212 -521 -616 -59 -341 1289 -451 -399 -457 398 835 47 1371 219 -968 833 -439 188 165 235 -618 -267 1065 85 499 -54 -955 1024 -154 -409 -167 -257 -856 -1405 -711 166 308 -380 -746 165 -1467 42 -289 299 -73 208 -92 412 -372 82 -352 986 -505 -57 -1384 -174 -538 64 319 -652 -1338 12 -165 183 -361 11 -63 320 798 374 -47 39 -539 -71 281 1464 -1062 339 273 194 -967 510 -554 -278 1221 -65 1166 -12 -141 67 -379 -707 -378 -65 -669 533 347 144 500 100 -202 96 -937 -382 -7 233 -392 -44 -1031 978 369 563 414 395 391 -574 79 -905 -260 -1000 445 -687 -101 813 -385 ]
[-544 69 383 384 453 1029 310 -294 -146 -805 28 1213 218 475 -492 437 360 173 307 953 806 -428 77 754 -783 18 -101 -7 -234 -274 -634 124 -12 446 610 210 -1358 812 490 1669 -53 -457 -177 -30 673 401 -899 144 500 -694 771 -2 -527 519 -425 -381 619 195 -388 -116 -1107 -167 -667 -830 -920 300 205 -47 238 -539 -228 1055 -315 -518 440 -10 -784 668 -94 -301 -892 116 459 6 495 825 -307 172 -831 -794 -1218 -320 -21 463 360 994 447 -41 681 88 -399 187 -83 -444 100 -380 609 -93 819 404 197 813 905 -747 835 -258 -100 -68 -968 361 -828 1151 -258 871 -432 160 -382 234 -102 -201 -362 73 203 -294 -428 ]
[85 579 -1145 188 340 -624 -160 592 -78 589 -837 19 220 -550 306 1469 603 550 -525 -732 209 -251 473 297 40 826 -349 216 -854 478 78 -54 -278 155 -245 395 -759 636 -201 928 -312 -190 -541 -886 272 -704 476 -695 -781 -241 107 495 -113 450 -324 277 -529 24 -308 -62 -337 1055 -223 484 -656 -94 -1507 -472 208 620 -179 -435 -206 280 468 -10 93 497 -183 121 193 -926 -686 257 752 914 10 -593 570 616 -580 -456 -308 -841 644 -54 -1171 222 -1455 -55 -109 -138 -938 -38 -1513 961 -9 -160 -317 564 90 -129 -1078 735 359 99 -693 293 -1324 297 -515 143 -73 407 -106 22 -526 311 -569 359 576 -147 -578 925 -242 ]
[168 363 662 321 508 595 781 -927 125 -1020 -370 -719 -225 880 -108 -566 -342 67 -560 656 136 -144 498 681 100 -562 -430 147 282 -95 -446 -516 310 469 -62 -405 880 -466 313 81 649 414 -369 801 -30 -495 28 -522 -34 31 -147 369 -546 -247 594 -387 1051 132 349 415 13 -913 -122 -609 110 -376 1344 602 360 -1301 1214 17 452 -5 -189 -224 -108 -1421 384 479 250 837 876 -352 -420 30 -942 439 101 -608 205 500 518 282 49 -386 -586 27 1276 117 -155 181 311 1510 321 -14 16 -264 -465 66 -865 229 31 -291 349 -485 60 1057 -760 132 113 -492 388 260 128 -81 -369 -610 365 -998 486 -308 560 -322 -1019 ]
[-69 -487 -326 -585 -126 1229 -75 915 -678 -509 778 577 -277 -516 -989 -271 -56 -630 397 473 836 525 -194 921 -1290 539 -160 57 886 -706 -597 308 319 105 -369 -875 -91 921 -120 -1020 -174 323 -141 -961 -741 463 122 648 32 -415 -744 -1131 257 96 -554 297 620 -207 -172 -164 118 1045 -441 38 -718 570 -16 96 -680 -396 -1111 -412 -153 -266 -839 34 -392 -128 473 314 -1073 487 -492 -319 29 644 -610 -44 -398 1159 -248 -9 -1211 348 187 577 1710 202 436 -345 -408 -736 233 -392 552 500 -220 -210 1358 -361 -355 319 100 -10 -679 1261 -390 -415 357 465 525 602 1009 26 -498 -706 -289 -211 -100 -391 426 -578 85 -14 623 ]
[-188 128 -398 637 -874 -110 264 -302 -1469 -646 393 -275 -194 -413 126 -166 323 1207 -349 494 1057 175 254 38 -231 328 -890 -113 -82 496 -69 751 109 -792 -433 176 -646 -65 21 571 -283 -379 333 -835 122 135 20 -312 245 -289 -232 77 -530 1068 -579 -289 -288 424 192 -198 -692 626 424 635 -605 -209 -425 -447 -474 -186 -959 -165 -603 -268 339 -417 -789 600 246 -136 47 -690 -396 130 -28 1489 -293 -361 244 -53 -1437 -593 -940 -541 358 599 651 -592 -833 -39 -539 727 -465 -20 -844 552 -417 -642 1165 505 311 -111 347 -227 -452 343 -893 -886 -444 -843 -258 549 -1149 369 -210 -234 -609 -997 -459 14 594 -184 79 258 598 ]
[-42 -448 1361 -974 -422 621 262 959 566 -920 1172 37 -96 -100 -353 -634 -282 -969 -245 -573 351 590 261 -96 -330 755 -179 -79 584 741 -102 -100 732 -170 -1192 -599 1131 698 -1748 -1068 701 773 80 -459 -672 -301 193 -870 131 382 -545 209 -779 -1189 99 -310 1167 610 285 -85 583 36 -481 7 0 571 279 269 -395 -704 522 -677 131 -551 -510 -59 -110 -1339 -114 -83 -603 748 428 1311 -1814 -839 -659 797 494 478 -185 -112 -718 517 206 792 248 -351 884 -522 -410 -183 116 -425 324 196 -892 -390 193 356 -1252 -404 -245 -417 252 11 -518 1309 -78 232 -409 -571 60 -176 -153 -186 137 -925 947 -159 541 44 483 470 -463 ]
[-499 -287 630 239 369 112 263 -736 364 -512 -611 242 290 642 -295 -615 -108 189 -1398 352 305 543 284 283 206 -197 -631 101 299 558 -777 -511 555 131 -655 -394 925 -1108 -785 -471 -178 821 190 363 135 -147 -789 -1391 141 -186 426 -414 -18 -492 635 -102 186 22 467 54 -836 -889 285 203 -707 -495 786 596 -401 -338 1276 134 642 -38 161 -263 -892 -192 35 62 463 4 696 450 -1216 -295 -715 594 635 -164 -161 108 500 -430 -52 317 682 -439 94 -484 178 1338 -710 519 672 -60 -199 26 177 530 -281 -931 200 -84 593 -474 658 833 -106 262 91 -551 -993 -629 210 -220 -806 -1174 816 -982 408 234 -174 -81 -427 ]
[1075 365 960 125 514 153 90 1308 607 -1003 507 275 -224 268 -426 -611 689 -128 -54 18 215 414 28 287 -383 322 -394 -25 196 172 -448 556 -414 419 -277 -527 796 55 182 958 502 -592 91 -143 -16 -1308 -179 -359 306 97 1106 162 -778 -189 -342 -862 444 260 -422 77 127 -138 -302 -724 709 348 -671 -253 265 433 113 -1 -170 -557 294 -192 32 -446 -234 -907 -1012 644 -478 649 383 -241 1241 1 -590 -268 -597 -658 -463 1017 -366 481 -530 495 633 0 -470 365 228 37 -58 -223 67 -4 358 -794 -456 934 522 -129 337 244 -653 1062 -945 -1332 -1201 -168 265 269 -170 77 136 284 -1096 656 49 -357 607 165 -1009 ]
[-231 -891 185 -82 -987 1104 -509 -1262 -5 -750 190 -450 -114 181 -647 -161 -1062 -1051 2011 3 -412 -693 -446 908 -155 367 220 -115 581 -1210 -352 -424 -412 1341 748 -500 -495 185 249 -35 327 -74 498 948 1195 599 -16 788 265 -65 284 210 -635 -804 438 -830 -45 -411 -42 -217 -72 -478 -92 -753 347 378 1448 479 289 -308 160 -476 -54 -733 -322 599 454 -951 232 -87 -33 337 571 -387 252 -716 -182 91 -251 -206 603 609 -156 43 -352 146 -1188 946 460 655 -832 -329 408 121 502 -971 634 445 -1096 622 182 435 -306 -186 -133 -350 -588 572 -93 95 -48 35 922 727 -1378 306 298 639 700 -434 109 279 703 -863 498 ]
[-863 284 794 -1257 -1173 1316 -131 -161 421 323 1034 749 -239 17 611 706 404 -172 -382 695 -232 -636 -621 -538 -474 -12 620 -380 814 492 439 912 407 -1215 159 1036 136 848 567 436 363 795 -476 -772 -979 904 -672 1166 305 -512 -1211 407 178 100 -587 660 799 230 463 -106 899 244 -1046 -771 -558 277 -119 -186 -638 -516 -902 535 -829 28 -574 -60 481 -692 -44 283 -1525 764 234 60 -741 463 -530 113 -355 -515 -516 -83 -459 798 345 610 1014 -630 1529 1093 719 -600 1617 -534 197 674 -637 -736 1674 -508 -440 506 161 -750 -875 45 -281 -1321 460 622 654 944 67 909 671 253 101 6 194 395 -166 526 -88 -315 862 ]
[98 -756 479 -1236 -661 615 -1079 640 773 -6 -969 800 1367 -413 1480 333 198 -56 -511 168 415 -305 -1599 204 -15 862 -36 -545 399 1382 -235 111 -931 -720 -914 129 661 -147 -872 509 -134 328 363 341 261 49 -471 181 -283 -592 1576 -205 0 -534 525 946 -774 -318 -518 143 84 446 430 303 -98 406 -974 178 -591 1225 -182 518 -645 203 -76 63 442 400 360 -455 -246 -380 -463 1141 -522 -636 1128 -263 964 514 -927 -1223 -125 -42 183 -295 812 -209 -627 -304 935 735 -132 -781 -66 888 -24 114 412 -653 -47 -130 -693 274 -373 124 221 -244 -383 -905 -311 -326 -1391 491 370 660 -178 377 496 785 583 265 -1536 465 833 ]
[83 357 -776 311 844 203 199 -150 -315 939 -457 537 -61 81 449 69 -55 659 58 230 -47 -247 307 14 1453 -918 -658 -267 -92 554 224 -627 39 -433 1088 694 -632 -363 1375 295 -440 -15 -393 114 270 579 -32 -799 -585 -524 468 -100 1530 865 463 161 511 83 -99 -481 -324 -1045 940 -450 0 14 217 176 202 -1226 387 69 397 671 1257 44 -175 794 -464 57 179 -764 642 -518 189 738 -171 652 7 -467 -126 74 922 -142 -280 -361 -480 -859 175 -711 59 -504 -653 248 -211 -321 685 -806 -336 871 -257 -453 1440 -92 703 -672 1121 -1033 -346 1027 172 -835 -124 -405 1011 217 126 -64 -30 -881 -335 371 -399 -7 -573 ]
[-749 -855 258 -753 -160 675 -447 359 519 -481 -416 104 644 -244 458 1484 -457 -438 1006 -73 182 -190 -112 900 -901 777 576 163 -412 -88 263 -180 -138 841 -570 -237 -1398 1556 -1126 1067 -137 775 -125 -62 -31 1425 -87 1547 -150 90 -546 1208 -1013 24 -560 295 -646 -94 -177 -266 109 1684 -1126 152 -606 288 -808 -124 41 -174 -891 116 -449 -27 -561 803 613 249 681 456 39 -1120 160 441 167 141 -551 -284 -110 -491 -813 -382 -159 286 540 196 907 -5 -438 974 -16 -188 -73 -1032 -237 797 368 291 -378 566 420 374 -754 -126 -519 -1141 -230 -275 -58 1013 -314 696 -574 972 -476 646 -105 179 707 584 -952 632 100 399 407 ]
[-829 -407 802 -131 -1238 -356 -355 -59 817 987 863 651 711 -387 863 200 655 -267 -594 86 25 -482 -21 -940 47 212 461 -289 608 -327 585 -233 385 -85 519 389 -290 -631 -1066 -848 44 20 43 -65 606 -198 -908 272 474 -347 -21 -519 -3 -642 -177 743 545 -26 224 8 252 -60 -581 413 -77 -210 78 -318 -621 532 342 818 -333 174 -497 93 -474 830 235 -79 -492 751 35 558 332 96 -557 428 214 312 216 345 388 -190 -227 538 606 -439 -525 -119 397 -503 438 -617 -318 -110 -123 -130 349 -195 406 -982 -29 -297 -128 907 884 -233 403 738 177 2085 738 -374 -12 -86 467 581 1436 -109 74 112 -1088 19 228 ]
[194 94 439 -332 -367 40 -398 -1256 -434 1485 -230 -73 -102 -407 983 -392 -586 31 -121 933 -1658 60 -600 -1042 808 -1249 378 -145 733 548 806 7 -417 -733 1884 599 876 -1737 339 -501 -270 41 442 461 -129 579 -377 -319 -668 -429 189 -1224 1531 -335 1036 620 -943 -219 64 -709 402 -1012 576 13 559 -105 554 445 -529 446 1044 65 -175 113 120 -126 452 866 -280 133 -24 361 -397 647 -116 -925 414 602 282 -312 1728 456 456 -416 -306 -303 154 -798 -348 370 1600 -129 -249 625 985 24 1324 41 168 -36 -23 -369 698 -204 7 -62 -126 -1088 1099 188 339 -447 -609 -598 996 -1064 1951 -287 295 388 5 780 -1074 -152 -163 ]
[-484 -238 -1257 32 1282 -412 125 545 -196 369 609 -142 -444 517 -1107 -82 -949 -1142 354 -1271 -646 -2 365 296 -18 -250 719 456 63 -340 12 -913 -46 -463 -529 -380 -272 835 -870 -1969 -248 -455 -139 -469 -483 177 1034 -349 -156 514 -1617 -185 845 -523 654 -36 -817 126 -230 916 192 -240 244 400 -99 328 398 272 411 -163 -227 -277 592 229 -601 -289 -262 -559 -579 42 914 522 -861 -1793 -442 -457 -81 -97 504 433 544 446 1 -50 169 -843 324 734 -546 -63 -116 -635 830 -392 928 -957 -1153 898 -492 699 957 -808 -863 585 -197 277 1069 528 1195 194 1185 -1031 1534 -843 -523 -169 -273 130 147 -616 -381 -57 260 -886 615 ]
[-883 -448 49 -643 129 131 893 566 1383 -568 254 415 -737 -25 -63 1557 596 -160 -820 -175 613 -1510 305 -244 -333 972 -160 -386 342 1032 473 -739 287 109 -301 986 -97 630 -200 821 -261 416 -1035 -1302 -183 -14 -1257 701 -332 333 -308 1665 -265 26 -1003 -141 -334 -252 -761 670 1 344 -1733 -786 -463 -138 -773 -737 634 -197 -852 56 13 -674 101 -844 -685 -185 -453 -1099 -1018 -302 -228 -111 85 84 -515 -187 -519 -38 -1029 -300 224 282 426 769 -24 456 -386 692 -385 -174 1841 -525 -132 80 -985 -189 36 -184 765 224 549 376 533 143 -1063 477 -857 428 442 233 262 871 785 979 450 -135 473 497 -228 753 636 -123 123 ]
[183 237 -164 195 107 -27 589 516 -327 -619 702 -207 -770 -442 3 -568 663 202 -988 788 484 -435 294 438 -1093 -569 -39 585 914 191 755 -11 -263 601 -208 -328 659 -169 353 -118 106 606 -404 -842 -870 -168 -943 531 -582 299 -522 -88 357 -178 -311 292 53 48 -215 -440 580 637 -1137 -870 81 230 -974 -435 -376 -293 -814 -785 -395 -500 -4 -141 -1030 38 -232 -166 -1667 128 -332 77 641 350 -267 489 -680 -20 -29 78 -659 331 204 1053 634 -965 16 388 -24 243 790 741 447 877 -160 -788 872 -368 721 252 607 189 263 427 -1577 -563 484 109 340 410 208 292 705 -506 970 -789 -266 813 174 317 481 486 -272 ]
[-481 135 -537 128 354 -63 685 165 12 -650 -1215 -163 -316 -97 318 461 -489 104 380 247 97 283 451 -168 391 334 741 -491 -1259 -116 174 122 982 -375 -54 1039 -1195 843 -551 1058 -1060 -550 -741 -648 53 724 232 268 11 -189 -572 791 636 567 -1290 504 -374 47 200 -1039 -385 146 -1025 -160 -16 -602 -893 234 405 -758 -916 529 311 568 163 660 -32 488 17 -594 331 -996 353 -437 234 446 -8 399 -441 -844 -966 -2 531 899 491 -926 679 322 -104 758 256 -332 -6 -1070 -140 287 -46 -307 -109 748 -216 338 72 -701 1213 -1320 -157 -863 45 347 891 -712 353 1253 552 1485 -560 -573 607 194 -1251 920 173 439 15 ]
[-299 296 522 -179 -783 207 274 -1346 -898 255 145 -1038 -5 46 -394 -656 -348 -254 688 145 -665 304 -28 -301 399 -358 546 -79 134 -136 -1219 147 69 -387 292 422 201 72 -897 -293 696 137 43 -189 -266 496 -516 -1407 261 270 -196 149 -205 -1621 211 119 -31 221 434 -523 -707 430 -118 -146 -702 -506 393 -449 -526 219 -811 389 313 448 -331 712 -328 231 935 502 852 -395 143 -249 -811 657 155 961 424 -1345 -587 812 -263 -349 -60 123 235 95 -267 959 384 899 100 650 -472 -10 279 309 -880 481 193 229 -713 -910 -734 -750 -136 -283 599 357 534 -936 -577 348 258 599 -339 -1008 -356 -124 -77 785 545 336 933 ]
[-1250 297 89 852 948 -197 980 -645 -237 551 -974 702 -33 -272 -663 799 -284 -301 -289 364 -703 -236 585 -825 -88 -829 1093 -154 -876 -418 113 -852 924 -105 825 1111 -674 1102 -177 359 -817 345 -965 325 -103 1213 -506 -422 347 638 -463 -756 152 -301 -602 -563 517 51 -376 197 -915 -461 -1167 392 -1430 -591 659 356 821 191 274 499 652 366 -560 -342 -757 1211 -546 346 860 -123 341 -756 58 -377 -832 -111 0 -170 658 607 368 -613 679 574 -174 653 -1170 615 903 -41 318 -681 114 -264 -280 241 -11 972 386 1180 346 -227 558 -243 -434 -288 122 1015 442 345 535 156 -2 -649 326 75 858 465 -684 127 747 34 -178 ]
[-1125 581 26 -87 -427 391 2 264 548 455 -893 462 -142 177 -216 147 982 454 -827 -110 480 760 1117 36 -2 11 252 -437 -112 -1068 -829 -158 1228 -1489 -166 569 -280 316 -1057 228 -651 -1156 -179 -1482 -286 -132 -1266 -639 819 -896 511 -419 -111 527 -641 281 845 410 814 -274 -424 -63 -345 608 -385 -1204 -83 488 -264 78 276 1459 -508 314 174 286 -360 1226 773 -484 128 385 -374 145 552 1186 86 218 957 -349 -808 128 137 949 -115 -38 1563 156 -141 121 270 586 -450 -406 -607 841 357 682 1131 -623 -1458 -9 -518 -340 503 386 1128 82 -478 1149 -27 1163 244 658 -674 170 -1003 -569 631 -1876 -106 -501 -1253 -331 13 ]
[-1451 -877 -673 734 359 -323 -679 -58 -688 -48 -272 1440 828 -486 -479 785 -726 -348 -93 443 408 443 509 164 -14 597 255 188 -290 -499 -364 187 532 1750 493 -1128 -1960 366 189 -528 -1109 584 -180 -324 1323 667 51 -415 346 140 -946 -33 -295 -199 468 150 -335 -199 -740 -291 -493 172 -568 588 -1317 171 -677 279 -942 -129 -427 444 -187 -413 -722 -183 -640 1272 142 307 686 -49 -638 -73 -667 463 -1344 828 -124 361 -1050 -216 -1060 273 661 131 771 -1296 -1344 218 -928 -838 -1505 -1212 -714 -584 270 -151 41 848 587 -449 -76 -106 -305 -251 57 28 149 338 -62 203 478 -15 -853 -515 -354 -856 1205 202 45 -407 -118 63 -220 ]
[1242 -622 846 311 -189 331 -314 230 -103 -726 680 181 -424 1087 -887 -607 -253 -59 154 -271 426 802 -279 860 -550 -498 -1567 229 108 104 -759 531 20 621 -1185 -826 528 -1571 -725 -990 -272 -573 1690 497 541 -651 435 11 -520 -256 150 -939 329 -270 648 -976 -1333 598 425 432 -55 -561 749 852 220 432 730 465 -1156 -215 559 -1087 388 -560 -2 -489 35 -1114 -353 394 167 -125 373 -256 368 -489 541 -568 682 46 182 -121 -256 -754 -1299 -513 1571 1801 -85 -417 -174 699 -2 189 1537 -1106 592 322 353 875 607 -219 335 -441 -21 -5 897 -117 934 -1593 -274 -451 -17 -1584 -239 119 -439 782 -376 -574 825 400 360 -1043 596 ]
[-188 272 -173 528 431 1046 413 -742 -524 316 -1034 -297 450 -521 1370 -860 -609 674 404 1050 633 -542 135 761 749 -651 -507 254 -593 232 -12 -339 -610 -409 643 158 -39 695 582 921 -386 -1672 -891 525 719 -15 677 52 503 -566 653 -1073 -124 777 -303 -416 1399 -78 -455 -52 -720 -596 1058 -393 -540 -97 1463 384 506 -1276 1051 629 59 637 689 264 -655 -703 -118 892 829 -222 377 -1294 92 1330 -1002 -214 251 -77 -1455 -222 617 86 900 -650 -868 421 604 335 -469 -432 1156 732 652 755 -575 -417 372 810 -1080 23 -66 674 -328 134 -1493 -427 -1576 -573 -430 682 779 697 699 -574 -1099 -359 994 -637 1166 212 172 -707 -950 ]
[-1531 -391 -12 109 -1263 333 -7 -406 167 158 834 1030 -490 -371 763 94 -794 -72 444 87 505 -1038 -344 -1540 317 322 195 -567 1026 470 484 106 879 409 510 513 -1299 -270 1664 -251 -656 611 -34 -244 601 1554 -520 944 664 1190 -37 1894 -283 -124 252 -715 426 243 -716 181 -369 -1402 327 -733 225 -599 -332 -108 -254 -684 -1175 -40 -899 -703 125 4 627 -496 -160 -611 -204 -64 491 -9 -1671 -120 -862 523 -129 -708 -1038 20 -235 648 -72 -200 208 -790 707 204 -1752 118 1157 -1133 -545 -465 -120 158 210 7 -334 506 997 -570 -913 -844 -56 -917 105 -326 867 -532 -48 321 355 1127 516 -762 980 -478 103 -422 950 -646 614 ]
[641 -160 71 275 -316 -381 137 1382 -126 440 1933 403 346 15 -763 -1147 460 -380 760 -1076 122 -49 204 -13 170 -179 391 -5 515 -97 325 113 -208 -65 -248 -139 -115 -584 -1213 -668 267 -1021 797 -337 324 -519 137 -757 590 -323 338 -60 1100 -1148 -26 303 333 611 -128 -834 264 -504 -143 -198 213 115 -435 -371 -182 -68 -504 -995 667 66 190 56 -955 320 -986 -330 -95 351 59 -774 109 -62 868 976 61 -297 -431 -738 13 -543 38 138 -158 476 -632 -506 -412 -210 334 -520 661 -996 -354 281 -152 1730 869 -1420 413 -81 413 -97 570 -135 516 254 334 -124 959 -878 280 387 474 584 -564 -3 -97 1048 719 -444 486 ]
[-326 1175 -268 756 -222 -867 52 557 -303 104 -342 -177 -881 1163 -228 353 -94 1096 310 241 -1156 895 464 -80 343 -1094 -336 -207 -269 80 37 814 699 142 389 437 -913 -1231 1683 653 -828 976 794 209 456 958 792 261 -216 1069 -202 148 550 630 52 -766 -871 331 142 855 -752 -501 621 695 69 -711 -591 -321 -76 345 -384 -1259 227 840 -29 162 969 -600 -605 -147 562 -1109 415 -71 468 -67 734 -751 733 -1008 364 -306 -644 -616 -1558 -709 -379 369 -1252 690 227 1409 -685 -148 -1070 -263 168 -207 337 1042 241 1058 1457 -650 -1028 -1097 521 -908 614 -1225 217 -475 -29 -358 -90 -118 -1576 354 -931 355 -187 -308 1275 -26 730 ]
[753 415 902 71 -914 192 -403 -479 511 145 817 23 231 176 1024 -157 -2 -753 -708 748 814 -375 423 -63 -521 623 -1108 455 621 765 953 328 483 1105 560 -274 345 593 -36 819 399 224 -432 662 768 705 -264 911 -523 -41 -28 91 -276 -298 -439 220 593 189 -483 -977 176 -363 -506 -216 -730 -424 -512 -743 -282 -968 420 -778 -718 239 721 1146 35 -129 565 181 -752 -765 1075 602 338 708 -159 366 -439 -358 -584 158 -501 710 -241 121 138 -428 -2 1072 -208 455 1723 307 201 82 -55 -741 1603 182 186 -488 -521 -115 -193 63 -953 -499 -115 693 -273 797 287 975 718 256 -515 216 955 -351 -87 637 -570 1138 -493 ]
[195 164 516 108 543 -657 -94 519 238 365 641 1078 530 -324 127 1041 623 -99 1551 -280 -757 831 -288 343 -40 -645 544 -192 -1176 -1333 66 373 -362 1079 575 -596 -1188 1097 86 952 302 -318 118 1213 347 -549 1007 482 1282 -184 -176 -6 -1168 476 -952 -367 550 -88 369 -321 -895 1492 -527 -301 335 664 -22 17 481 900 612 815 215 771 120 305 155 -659 -364 964 -426 374 445 140 781 148 -107 -280 -1534 349 389 -202 396 443 -314 -34 -350 302 1304 3 -611 -1179 -131 -186 18 -349 -200 407 -639 -284 -599 619 -280 -293 -712 77 913 583 659 -70 -1058 1930 1602 -411 -1380 -466 -885 2000 -504 928 -946 -312 561 -675 -571 ]
[-717 -166 -506 282 1658 272 570 69 253 -260 -683 -18 49 319 -391 95 111 -942 -683 70 140 -28 989 736 -422 245 642 1240 127 -207 -1113 -260 476 1469 490 -1089 234 592 546 -581 -602 618 -1473 -758 -210 -488 -404 -797 -401 334 -772 -903 -275 -1027 -243 -532 810 -747 -854 187 -624 485 -1075 -974 -1315 91 -451 173 23 716 -154 159 376 114 -1612 -160 -399 37 -286 371 -705 1080 -535 -760 79 327 -857 557 -482 935 -435 586 340 143 1154 621 13 83 463 348 265 -9 -641 469 310 579 472 504 -35 -337 -210 561 -843 799 -129 -357 -1106 565 -733 -196 -36 -74 728 -290 49 -727 -358 -752 -279 382 923 -420 1406 46 -939 ]
[-1005 -251 -395 -219 880 -161 -667 -666 102 698 -714 -245 -84 618 182 833 345 -454 59 323 522 -425 600 444 300 702 -885 164 -590 155 -691 -86 616 -227 1667 -572 -941 608 950 -86 -445 216 6 -1303 581 263 -955 -539 32 263 -184 -294 -545 586 171 -1082 -265 -1077 -283 -286 -215 -95 284 56 -994 -348 383 -486 140 440 -536 585 -1368 -168 275 -13 37 1386 954 -569 875 -854 -768 382 798 755 59 -159 245 388 -615 521 -506 482 -146 -34 1029 -620 -622 440 -78 602 -666 102 -984 -1128 1145 884 645 -657 376 256 -110 79 -784 -255 -108 -171 231 61 -678 277 -1420 -34 -548 -62 173 -471 -325 -557 141 43 -571 73 388 ]
[-787 -254 -276 425 -51 220 -44 -1232 809 877 -140 1387 -315 171 -911 1297 356 -734 703 -439 129 -498 369 233 -363 -154 187 -356 -31 -1173 -844 -219 193 1030 1111 479 -1855 593 243 -290 -885 -953 321 -65 1151 278 -942 67 1311 109 268 -869 -477 -716 681 -1343 -172 394 455 -568 -479 -729 -297 -282 -1365 205 486 871 146 811 -975 977 -13 -392 48 -184 -655 766 -815 336 -40 346 531 -527 379 508 -336 749 65 -320 -566 40 -146 -642 4 1000 682 376 192 15 -760 -17 -162 -1079 284 -1650 693 1240 -177 181 1516 146 -328 -503 -629 -340 192 114 -184 604 -427 1640 -21 -373 -977 -371 -329 659 706 -629 -67 -205 159 -927 690 ]
[-72 -1009 -323 497 -1289 557 852 -1075 526 215 -212 256 -706 -563 1160 878 675 1323 -468 757 -348 -1300 -60 123 322 -700 -665 -1316 468 14 963 -246 -1537 -516 -373 583 -132 -244 601 1067 -213 770 135 1028 746 292 -814 224 746 -581 927 703 7 -33 -453 -214 -340 -63 619 -492 -124 228 -475 -663 233 380 529 406 93 33 237 -429 -530 -172 -212 -970 -224 59 -88 -180 -425 -149 315 -376 751 90 -707 -359 -163 -313 68 -430 301 125 155 855 -1014 -237 -296 1471 -35 5 824 854 270 -462 -77 -648 -650 421 566 280 -17 369 257 -40 -822 -465 569 -517 -87 910 -752 998 -197 563 623 1098 423 1059 719 750 -598 -1073 623 ]
[764 637 -348 -537 78 -464 -306 -15 274 723 547 552 -507 -722 -289 -364 938 113 -745 -2 364 605 598 81 -742 289 -638 341 -117 518 -377 1175 931 -37 113 45 -118 -336 -50 -1046 130 368 772 -1922 60 -1324 -166 -1981 -50 -517 315 -926 1285 -710 143 871 115 174 671 -495 45 -170 353 -527 -383 -363 -923 -295 -481 -137 276 -1198 110 49 1484 327 -981 -434 -788 27 -180 141 -18 637 106 493 -556 1065 490 586 -501 21 -842 -653 47 780 475 102 -26 -367 -185 388 -456 158 -249 24 88 -213 907 574 -262 -1378 -69 -53 640 23 312 116 -33 576 418 543 193 -775 362 -13 -48 -75 -811 -904 1366 363 -52 774 258 ]
[-262 1660 129 -246 852 319 -534 1694 453 752 -203 -38 884 -76 377 7 264 -142 -1347 -494 99 147 -415 514 543 293 -407 479 209 1487 -701 -79 -149 -564 -431 559 561 120 83 -64 273 1159 -1160 -148 -442 -1131 335 -978 -446 528 63 -635 150 -823 1377 -62 1023 167 -143 661 609 -110 -281 667 -1415 216 -695 -70 -277 194 102 -115 76 615 -519 320 499 -908 -350 602 326 -260 -299 166 -820 278 542 359 1612 -8 -326 -623 -1036 -1345 -207 -289 -306 -143 -798 -494 583 418 -725 458 -1516 924 -1369 -1786 268 337 -440 786 -149 -413 -1329 68 -223 779 -1338 -711 -173 -1196 29 -504 965 -1105 -1238 -464 -158 -121 927 -612 -174 1154 -670 ]
[944 -627 -759 1014 445 741 -724 781 1143 258 427 236 418 -316 -929 -578 548 -247 149 -640 -261 1859 995 1022 403 878 204 -400 -49 -1137 -234 91 -412 -233 -642 -1274 -463 775 -117 304 -110 -1005 -171 -419 -179 -786 -294 -1103 1785 -610 233 -667 27 453 -1165 -434 305 -199 1128 -1429 192 500 217 -177 -256 404 -346 713 552 -141 236 -263 -156 273 69 596 23 313 152 -710 671 12 -741 -1278 991 844 1126 320 -318 -382 -405 -547 110 909 87 495 -612 548 -579 1215 -609 -350 -702 -268 241 -1052 -254 471 -266 565 -490 -588 -715 1235 612 209 525 204 -602 606 -275 870 230 -107 -1139 -434 -280 -137 -708 -1003 -907 419 -306 -126 -1128 ]
[-5 -1560 -502 -588 -25 1493 275 -1450 -607 -1697 633 -381 -372 -877 -400 -633 -979 -388 1221 419 1544 -255 -200 961 -1313 1485 179 689 -396 57 -446 279 -581 -254 -613 -770 -1253 1402 -516 -1024 49 -284 430 -708 49 959 136 1132 211 -391 172 -690 -154 350 -490 66 -767 -116 612 482 -226 1141 258 -458 -65 1442 545 -99 225 -729 -782 212 -435 -1464 -207 572 -727 26 -426 -110 -563 -223 -394 -568 251 522 -696 98 -797 716 -679 138 -146 277 1070 1462 1148 241 430 340 -487 -648 -50 -721 1460 -791 166 -276 -429 267 180 -109 -187 79 1089 82 -790 -38 -480 -185 -314 1117 -1132 692 -859 -147 493 -345 474 -167 426 113 356 314 271 ]
[108 241 600 795 392 312 -335 -1345 -770 -284 -1185 490 1095 1280 -502 338 -64 574 -387 1184 387 -218 -1289 317 -462 -224 39 846 -706 -263 -695 168 -77 996 992 -429 589 -1280 801 961 662 -264 1007 797 677 172 -80 -399 -265 -366 1269 10 94 58 514 380 -650 -250 113 768 -1697 -858 310 22 -753 -877 586 -36 -129 255 1160 244 -109 -724 273 -627 -50 -295 204 136 477 477 487 4 45 -53 215 -597 135 -208 530 297 561 -338 -142 -542 -194 357 76 304 772 1496 416 1718 506 -85 787 856 -200 -115 -274 628 434 209 833 -360 738 608 -861 -88 -74 182 -986 394 -185 34 -593 172 -880 -511 745 -568 90 -614 153 ]
[-1034 383 -64 -239 206 -595 -724 -139 -865 -346 -203 -1375 -607 29 -622 -380 415 325 334 388 -164 551 82 535 -574 -1296 1392 1184 -1343 -1074 853 735 399 -484 -601 175 432 277 192 -103 1189 -536 700 -764 -1342 -314 -561 370 411 1245 -1555 569 -374 -151 19 279 -238 -46 844 630 1435 387 -525 493 264 17 877 417 -228 -892 -373 -102 -761 -630 437 -114 -590 -1085 224 -292 887 245 244 -110 -420 -998 196 -102 263 -494 636 261 -971 582 -409 -181 1135 -166 458 721 136 246 808 877 20 280 -731 348 82 -515 18 501 178 -200 4 -296 -627 -286 1689 -224 322 -141 -38 -274 -110 -726 338 -1078 -144 -193 -119 495 1667 -1444 812 ]
[-415 -819 130 -382 -893 -438 -176 -367 -84 -212 -604 -37 -807 163 -1204 -1212 342 926 -17 515 -432 435 -260 -68 -198 -1576 695 -165 -268 -1955 -261 386 -511 300 -930 203 173 -991 -328 -649 2 339 1155 -74 -254 -366 -702 758 -226 -842 -285 87 -43 543 -366 823 -518 -386 608 656 678 101 -305 -163 1964 181 1003 -135 -959 -255 775 639 194 -776 263 -51 -490 23 -184 506 7 14 -72 -142 668 -680 -979 -1008 -581 -930 1130 559 796 198 -580 669 8 616 412 75 300 275 -431 326 151 69 199 -77 -490 -703 112 -416 1043 -278 944 444 560 -256 1746 -203 219 623 -408 -358 -210 1107 187 -85 -3 -78 -658 672 -190 -1160 450 ]
[1110 496 67 588 24 24 -250 1663 767 122 1863 539 -377 439 -672 -565 338 -415 -91 -578 24 1018 222 491 -361 152 -256 -7 1368 481 -379 104 -109 939 6 -647 -209 -16 -172 174 304 203 451 -581 -301 247 -478 -457 694 443 86 -210 -157 -477 -71 -717 -245 255 -337 -731 -109 672 -291 -324 -742 530 -1085 -502 473 529 -537 -1357 412 -161 124 -617 -28 -626 -943 -301 -642 -769 -407 460 350 -228 999 -116 21 -993 -387 -1147 -1126 -503 -109 1425 -293 -56 -992 890 -513 1230 395 -371 -403 -201 -1022 72 619 653 680 79 1094 449 -1075 359 -630 414 -178 -288 -991 645 -805 -161 -54 -427 -284 -257 -984 -271 -286 374 935 484 -234 ]
[42 -9 -609 333 -275 -602 307 -626 718 102 -231 31 -159 145 191 -972 968 716 -969 371 446 -105 423 -385 -307 174 1277 52 281 -607 501 867 203 -32 204 39 -180 -1009 38 -392 -764 -345 607 -513 437 -830 -473 976 1275 16 -677 794 -294 -102 -178 413 -462 -161 82 489 1103 7 -76 -40 1122 -751 -1399 -302 -33 747 -1570 329 -3 313 -246 -27 -942 936 -778 305 278 314 -1048 -1257 1262 815 672 346 -71 -1057 -988 -1359 58 -38 361 58 769 -116 -671 1381 133 374 12 -267 -236 -251 -219 594 -1 -1269 1811 -1173 433 230 -954 -596 -159 -530 -47 -1034 557 1490 -1005 13 225 345 191 -264 -489 16 -504 23 565 -317 -39 ]
[-430 255 -52 844 600 -1632 -279 1061 493 541 -972 499 463 1479 957 -197 1752 855 -341 -234 387 412 601 367 958 -981 742 -476 -1840 24 -368 921 755 699 -852 -33 -564 337 287 1311 -251 -43 9 46 355 339 -400 -67 762 945 217 1205 -47 -71 -623 578 386 -449 127 -614 -32 -42 -313 220 -61 220 -847 -621 -331 -225 -176 266 131 1216 344 -171 -40 -386 155 83 886 -1230 1501 -452 163 64 850 169 305 -793 -1657 -883 931 1078 -367 -672 140 -758 1078 61 117 1279 22 -404 -954 -257 115 2 123 -110 679 -154 165 220 423 -813 763 -1159 1490 -264 -153 -115 -1607 85 376 1545 -1526 149 42 1017 -568 702 447 70 390 ]
[-956 -454 -251 -426 940 1452 384 1025 -322 -176 -231 -442 -211 -544 -349 -759 -658 88 768 605 75 333 -456 961 -313 -630 368 75 360 -800 -795 -554 -464 -388 214 -587 194 -128 171 -1242 -420 560 -330 -734 -1657 897 -628 419 -307 797 221 -1141 983 -545 -265 -518 310 -1 263 98 -573 423 152 -691 251 -324 854 374 -264 -293 -1146 302 -31 -292 -169 1546 351 394 1016 -566 -21 -89 307 -98 -150 -146 -354 286 -568 -162 -120 987 1034 709 -641 279 2049 544 1099 -386 75 356 -190 389 967 549 -163 187 -536 -38 -1163 700 657 -772 -246 -284 708 -279 865 -75 953 -781 340 -888 1122 -444 340 -967 27 -970 -345 -144 963 -55 28 ]
[-1056 -338 458 338 -29 250 1434 -1528 645 -28 -652 136 -888 794 -420 -440 -702 300 -297 -43 -99 -1432 202 -354 42 -137 40 58 644 -793 473 -877 33 254 233 68 722 -345 -411 -423 -650 463 -2 -458 507 501 -757 439 275 -482 -519 1309 -125 232 -110 -579 128 142 899 -212 61 -1967 -66 -1019 630 -490 1122 358 -20 -879 131 172 583 -499 -241 -556 -569 -204 -567 20 -334 79 117 -312 -527 -46 -1325 37 -161 -669 -77 284 825 559 163 507 -661 -862 922 522 137 671 348 319 1047 -759 -291 579 -334 107 619 -719 887 -220 1205 -1025 -339 563 -109 946 242 86 -1490 977 115 1110 49 -878 969 -378 -486 373 -306 -671 -56 ]
[-203 748 -1217 488 257 367 901 -2080 241 693 -500 226 -926 1052 -1516 -573 205 640 -223 150 -428 -113 59 -206 -3 -501 -107 803 425 -708 -257 -170 -478 -297 906 625 234 -70 610 180 113 -535 -50 462 609 -19 -514 -760 1001 -487 477 -756 759 -338 -197 344 -136 339 432 719 -2043 -1272 1086 -689 -765 -1049 1376 269 397 -113 939 -206 1267 68 674 207 -1089 -392 -946 -199 -69 102 662 -1029 -70 335 -193 204 -462 -603 1050 436 727 -760 -706 1447 -1097 496 295 970 424 1192 284 1530 763 -644 -690 183 294 -140 836 -961 135 196 838 93 100 795 -188 604 440 -351 -985 480 47 0 -1501 127 -461 -1936 177 -15 211 -908 156 ]
[-83 18 -27 -685 -362 364 326 -97 301 -310 446 1212 193 503 -172 -395 261 -987 430 272 169 -489 -1435 -119 -1128 450 230 3 951 -92 -82 302 190 590 282 -262 -454 58 802 -800 -335 1331 137 812 587 -173 152 552 473 502 -387 -841 677 -1201 493 315 345 50 -679 560 270 123 147 -499 -375 -654 -525 -375 -772 679 -791 -703 535 320 -1084 74 91 46 -280 721 -783 597 327 187 -196 -293 35 550 -597 313 1063 66 -1346 -459 -615 -178 612 196 -98 269 147 -518 186 -870 447 -442 588 99 166 -399 1034 634 -159 -322 -907 -293 -177 -523 1010 -169 1020 -766 186 -116 -397 896 29 607 120 211 41 -421 171 768 492 ]
[679 107 -1064 772 -136 24 -191 -528 -1123 -362 225 35 -52 -585 -404 -418 217 390 329 240 -309 -84 -709 439 -90 1013 -73 -126 -150 161 -8 1306 -698 -437 287 16 -901 -381 1793 684 176 598 -95 -155 148 316 973 413 -117 -635 50 1088 1564 815 -502 339 -577 -400 215 -239 475 504 571 23 236 24 -891 -629 -147 -663 -784 -180 -680 345 251 -364 658 906 -69 -118 343 -749 -1156 -1783 888 1131 789 -619 -897 91 312 -967 -837 238 -65 -1361 -1045 930 -1069 806 -225 -1113 -291 426 -685 -903 195 -483 -408 58 56 681 737 556 -381 65 103 -1459 -630 -465 573 -873 -34 424 -232 742 -106 363 -1513 12 -254 64 -26 370 44 ]
[64 418 -606 754 683 -436 356 -851 -73 178 34 -335 95 841 387 385 79 -1428 953 269 506 -353 235 554 -614 960 224 377 566 -1072 -58 -260 191 1063 1228 -618 -1045 1034 39 468 1041 260 137 1001 785 34 717 724 506 600 -71 1184 -1853 -289 -475 -398 101 -270 -475 577 -552 455 -820 -720 -325 -230 -206 -314 626 244 -580 358 -574 487 -724 202 15 -543 772 -598 -744 248 119 -297 685 270 589 -444 -633 -352 -201 175 -267 624 371 -503 286 408 776 803 -551 423 1095 346 -1181 -808 -131 635 27 -629 1114 710 -187 -352 -666 -165 283 743 -159 -574 -139 1061 448 649 -839 85 -919 630 -726 -589 -293 -756 -114 294 77 ]
[831 -192 51 31 -94 -381 894 -337 23 -975 264 45 -554 -143 509 -151 -53 -609 -701 -856 1090 -937 -438 -632 -230 -75 -771 -1113 -78 1038 -79 -738 24 356 -711 230 -35 -241 410 -943 -565 -639 -803 107 -20 -1141 279 -219 -1029 566 -161 -451 484 -194 678 -1034 -162 -43 -594 -75 156 -308 -89 -489 260 328 -560 -139 -160 -83 -413 25 -244 -270 425 -394 -298 -488 -63 -139 -343 663 760 258 166 -44 -658 858 -612 531 -384 610 221 -26 94 -1257 -294 -66 574 -1126 -1024 -299 791 -544 576 -944 766 92 -976 -551 335 556 -594 159 553 699 -625 -260 42 -778 215 -924 849 -509 -191 360 1065 -200 684 453 74 -384 -138 994 -487 ]
[-694 215 1284 1209 174 471 -895 -825 -395 550 145 918 1739 808 433 -578 -684 -808 -389 25 1058 -370 385 -487 977 510 49 -10 -511 285 -457 -535 1403 636 1119 -381 197 189 831 -313 -476 -424 -254 1184 993 329 62 -259 814 308 123 -1040 -1110 -27 -140 -1437 1761 -177 -273 28 -81 -2020 686 506 -1297 250 978 -398 -262 -246 -17 856 62 421 162 416 -421 317 34 422 513 462 971 -197 -659 448 256 386 -23 483 -1165 19 314 -18 457 -330 -493 -1054 161 -485 -309 2 -41 -1299 374 -1698 259 30 595 481 83 -770 659 -607 -298 112 301 -280 -713 20 -796 1146 355 -544 -108 -1160 -351 -212 1332 -194 -190 -367 201 267 -750 ]
[-93 -205 -160 -344 -1103 -747 -777 94 -475 95 -21 632 938 -1225 980 -605 1083 546 -304 -405 1452 -818 -1598 -699 379 878 -37 -117 -73 568 354 520 -1055 -389 -576 -420 1109 -634 973 -150 980 -759 710 412 215 -1150 55 947 204 442 1200 281 -725 575 291 -303 648 -386 65 199 783 407 667 -243 825 684 -384 -97 -693 1275 -627 -150 -1342 -900 1286 -233 -251 -351 -960 16 -1062 -712 65 799 -90 -464 992 -603 755 887 -374 -719 -453 -584 606 -103 -1009 -569 330 -1707 -808 -130 -466 -742 -1041 746 -1190 -503 -479 -742 -1026 797 87 880 175 815 -998 -574 -376 -1364 -1005 499 -1440 -318 226 -170 376 -34 -389 497 1315 -284 -400 96 207 ]
[-115 -1163 -683 258 688 81 159 256 -173 903 55 879 235 -461 435 -608 -903 36 -3 -1310 918 -431 -660 472 464 774 -599 -3 257 581 -222 -819 -632 -517 -589 -1083 199 -319 -246 -1651 -494 -373 55 -763 452 57 -325 -891 -454 1 803 -625 929 -157 383 -156 -733 -326 128 521 7 -135 1108 150 -6 478 252 -271 -106 67 -189 -680 -71 -874 500 -357 -754 445 -187 -128 876 -693 -743 -634 -516 -16 207 -165 1030 873 -735 4 -109 167 -370 36 633 -726 -1110 -1071 -615 239 222 -247 936 -443 -472 948 -534 318 -378 -461 -10 1622 392 570 1071 203 205 497 418 -400 -799 -421 -708 31 214 -357 245 -1104 284 245 -968 134 524 ]
[-320 -459 112 -994 -317 1846 -112 -1555 -413 -723 -284 411 466 211 -57 1059 -55 -191 -875 586 674 -1270 -1082 662 -209 83 -524 -1151 383 652 -664 -291 128 -447 412 404 253 -206 600 -448 -170 371 -241 473 -46 539 -1021 -25 -628 -502 -613 -1556 753 -235 1173 369 496 -349 31 254 576 -66 -223 4 -1371 555 1465 505 -480 -571 80 -157 -348 -437 -411 -129 -396 605 658 743 600 351 1098 180 58 242 -1128 126 596 656 179 884 -198 -727 70 159 632 -123 260 54 411 -1097 480 -31 796 29 507 -724 780 55 -105 378 -1047 -18 345 1398 -125 -501 -38 1613 56 679 585 321 -352 -1077 596 384 1109 -582 346 323 -1122 362 325 ]
[-573 443 -827 1335 -503 -198 32 -370 -1164 -649 -384 -196 -266 386 -1152 54 -47 363 461 559 -387 -338 -399 -311 606 -596 360 -215 88 -1368 -517 -314 1104 367 1087 11 19 -538 1309 -564 -462 -132 -217 -814 -250 533 -303 144 338 -211 -1385 87 665 535 -637 -135 -200 224 278 -708 -437 -228 -410 -1082 80 -561 -240 306 -538 56 -2067 257 135 410 -470 -660 65 435 486 -504 -568 374 -349 -1665 981 1018 354 481 -245 -62 52 1026 291 207 61 -379 296 -218 -128 631 323 -572 36 -289 -571 452 67 -304 375 -525 478 551 262 -759 84 34 623 -1740 425 -50 1451 -825 1143 614 -62 1319 479 -823 -381 250 53 -168 141 112 802 ]
[409 398 -776 -782 -677 223 -616 30 6 913 350 -515 -89 -286 -283 32 439 242 427 -1506 24 -334 389 1048 -314 335 -327 377 -611 157 -653 894 -171 160 -79 -104 122 959 140 -168 571 -582 -377 -1254 -225 -809 140 -721 -119 -18 409 -485 335 -660 -359 400 1146 -277 726 -124 553 1099 722 68 -188 634 159 -1021 -302 -121 -747 -459 -548 249 925 1110 -63 -662 -103 350 120 -7 279 -23 609 975 -679 678 593 996 -652 -54 -944 -343 -289 548 -1468 102 110 -145 -421 -599 -681 126 -825 -32 7 -389 -110 -93 -701 -334 -990 693 -874 468 -248 257 -821 694 -944 807 789 502 -900 -553 -1351 770 -161 -357 904 248 -138 460 580 ]
[38 -819 509 16 -630 -615 -719 350 558 1152 -309 695 1501 -856 1336 382 1434 186 -308 195 716 -1396 96 -411 535 72 -552 -353 -460 1311 1065 -168 295 184 1049 -438 762 -350 541 123 -144 759 729 161 589 -216 -911 -149 -26 -380 1116 75 342 156 304 95 453 -1033 -985 -265 1104 -210 604 780 251 97 257 -928 -124 229 1017 -447 -300 113 1078 -1402 -607 1481 -366 237 648 -465 -6 -236 910 -283 245 141 646 2058 255 -1335 264 -926 37 -304 -641 -127 -1205 -442 340 -448 -153 -114 -383 -536 291 -529 -51 -92 1249 -1189 976 1307 -480 339 -124 -656 -204 394 -566 1152 -1225 -475 257 154 1411 934 742 784 990 371 -200 422 -126 ]
[-169 456 -436 -570 233 856 98 -915 -404 -730 -1000 -10 -978 455 -96 -1109 79 45 -219 1708 197 -507 -850 59 -559 -152 -527 20 683 638 -179 174 218 -1224 500 -101 -146 -465 1426 214 223 44 258 -1073 -352 458 -588 -451 -69 -477 416 -393 830 620 153 493 183 -361 -716 694 -568 -247 1158 -1479 -66 -352 228 -292 -114 -821 -950 113 -852 529 1117 276 -774 -670 688 -1074 -588 -237 -299 -272 -171 769 -149 509 228 -542 -725 -423 -833 913 531 -298 713 -277 278 689 256 920 772 -267 -135 287 559 411 1934 -442 -408 216 545 62 -48 -207 -662 -1145 -1058 -31 298 -676 -355 1423 -23 637 -780 -952 -786 -376 839 139 -179 855 0 ]
[51 744 -1205 525 2201 473 1073 650 166 -199 58 1075 -240 508 -209 699 -69 726 -588 20 155 255 -261 413 -765 31 -37 228 135 -410 -316 -603 23 277 -134 -914 -523 -231 421 -495 -87 -16 -699 -1310 -741 -1228 511 -793 291 103 -344 208 962 826 -587 -62 189 281 274 -187 -1152 36 -572 -1155 236 -215 -716 577 109 -670 -133 -389 317 86 -2 -479 -341 -917 -8 -743 -1494 935 -613 103 218 620 -1035 494 -1255 350 -298 186 678 400 347 -230 219 -416 1520 -290 -461 -748 -392 288 261 -303 50 678 -250 274 -200 -379 -30 -274 1159 -197 1003 785 -760 222 678 -546 840 -711 271 -236 307 -75 -1069 11 204 -503 108 273 -1421 ]
[1080 -124 704 130 352 -355 664 -442 133 -383 11 -112 3 203 -660 -72 -50 459 440 240 -135 992 184 -1088 637 -806 -97 79 -492 -572 -748 0 -210 551 218 -797 852 -1087 512 -341 196 -702 -183 1204 -40 -241 741 515 391 -188 465 -1009 727 -180 -458 52 -352 -312 156 218 -991 -89 -276 172 -334 -913 100 -76 -70 331 469 480 1429 -67 -95 -1 142 224 24 739 548 513 819 -485 478 -137 60 702 -1179 -723 615 481 1505 85 -789 -802 854 1291 213 440 -58 -479 46 454 899 -452 801 485 -1597 -798 -814 558 282 288 -163 -214 1322 270 561 49 179 -1230 524 -1004 706 227 304 292 -705 -839 -414 -7 883 -1120 -266 ]
[-591 -83 553 114 -211 -777 434 1094 -423 1098 137 277 -214 -614 501 -87 228 -28 692 -490 -287 547 353 -937 345 -100 670 -602 -405 -40 -305 -27 1069 635 -6 -676 451 244 -128 -926 -523 1345 -176 -303 -391 693 14 -783 -190 1600 547 334 -416 -1527 -859 -586 106 -404 -833 343 -180 657 -376 729 471 -232 -727 -762 -821 966 158 -1025 200 213 -841 -592 763 498 372 125 219 -44 -682 667 -331 -943 643 -721 -85 1818 414 356 -147 492 -777 -499 461 76 -662 -262 -357 -508 -388 -204 -546 -360 655 801 -1104 -608 -863 1344 -313 8 -203 285 -409 653 1946 -598 -9 -1002 76 -315 -374 211 1117 146 -144 2020 312 -583 570 796 589 ]
[443 382 -253 -917 -66 53 -661 -522 659 485 523 1059 -384 240 -1054 316 210 173 -609 394 533 -401 783 -87 -300 -44 -650 676 68 -536 -1119 820 -575 1144 976 -483 -157 -558 2115 286 -353 -1121 24 -747 913 -1292 -1002 571 -453 -754 991 -747 271 784 76 581 -200 -384 -531 1413 -342 116 198 -1559 -271 740 20 -457 -218 997 28 1139 212 -924 1150 905 -323 542 -905 192 -1135 524 -374 264 1149 813 -248 146 -849 -648 -1395 744 253 484 256 1802 -104 -579 938 -131 -520 64 -578 -363 392 -823 521 -408 -77 -1193 -506 -624 481 208 378 213 1004 521 -563 -141 -1016 1889 -267 32 139 -436 -162 1104 -1079 -543 461 -433 -110 -925 -905 ]
[1692 660 568 -35 166 -907 464 -470 -569 347 949 -402 -1170 75 120 168 352 -544 -23 38 -452 971 277 -727 -764 62 390 -232 523 -315 -146 594 968 -246 626 1009 -131 73 -995 -500 595 -378 -527 -133 -779 338 244 210 -101 213 -613 -84 777 -1021 -693 768 -1027 -76 -173 326 386 414 -511 810 52 -680 -602 -619 102 20 -405 164 365 983 -378 -369 545 270 1102 294 392 710 -32 206 801 120 -7 579 -473 -380 1062 145 -95 -212 -699 -705 860 777 -406 199 933 -156 518 -24 -303 79 977 573 225 -1112 170 617 169 -737 -969 1140 1135 -650 583 551 1032 45 379 -332 -7 -21 628 481 -349 -733 -1046 -652 -41 806 110 ]
[774 545 127 953 -204 319 593 -617 -356 390 266 -562 40 -358 1376 918 -1031 -28 -224 257 -119 -606 735 -251 98 410 154 -620 209 550 372 -31 502 839 -410 91 -1154 369 -482 -493 -41 674 -33 835 478 642 479 -648 -334 1053 -741 1491 -971 -1140 466 -456 -972 884 254 22 369 240 -351 138 -166 154 -1114 286 -114 -650 -809 -1218 -908 984 -1144 497 887 -789 1306 1086 1528 -693 -472 -162 287 577 -600 598 1286 -1198 -1026 562 -184 -407 655 -799 18 273 -897 1782 -363 -194 889 486 -1129 -716 -528 -173 -1434 1622 509 258 -1427 -752 93 -571 404 240 -76 -368 524 28 329 103 94 822 442 522 269 251 390 -175 -63 1043 112 ]
[94 -671 402 -1333 -32 195 -44 363 480 -108 449 -217 302 -759 1311 226 -80 -456 303 535 -414 -561 -1582 76 335 362 918 -220 679 455 1482 54 -937 -747 -108 -158 -438 78 -449 -957 572 495 -598 511 -202 348 1188 786 -144 -170 -1279 622 358 -163 661 1298 397 -801 605 -283 678 918 -430 -466 510 646 -713 420 39 -135 -630 141 -1140 1103 -1123 853 607 -1539 135 1220 -798 180 -200 -497 -74 777 -1167 635 106 -134 319 461 443 -8 767 -994 406 -1078 593 -111 533 -2035 676 738 -204 447 -705 -481 -918 12 -660 -7 -761 27 -899 -368 10 -112 350 662 1268 -164 890 320 160 447 375 665 -131 982 -30 -152 -438 -88 539 ]
[-672 -894 935 93 333 122 15 529 356 -540 1840 492 -538 538 -150 -631 -143 89 257 487 74 672 691 285 -1185 177 -222 330 417 -350 633 572 -132 648 -491 -1404 -798 92 -479 -504 -5 1230 558 357 511 412 -95 -153 427 -723 -62 -313 -777 937 -125 -11 553 -421 -303 -52 -843 -35 -171 254 928 1089 85 -616 168 -319 1261 -814 -179 -615 -111 488 -847 -297 -374 109 -1387 708 -217 835 -167 -410 -1451 -65 -702 443 708 199 -255 390 -386 1638 82 -1058 1085 -281 -739 417 -348 -28 711 -466 305 -444 1466 25 612 -1256 907 -93 453 391 542 595 1299 225 -816 1790 288 -420 -1338 -861 -35 814 -299 686 -486 -214 715 -175 -423 ]
[-68 -612 -392 -797 -461 -366 -202 -774 988 626 -1050 391 223 -862 618 667 -136 -53 -803 366 -220 486 438 -963 331 824 -78 -754 936 -144 291 -419 542 1269 552 -376 209 -685 562 138 -785 1289 -444 -405 194 -115 -503 536 -54 -203 67 1916 -488 737 -571 769 -506 -333 -984 -125 -62 940 -73 -828 582 -854 -1953 45 -267 673 -275 482 71 1141 -458 236 696 1165 369 -385 -157 -571 -1069 811 -28 356 -291 23 -460 116 -647 -377 249 105 634 -533 -687 -493 -983 1114 -427 -580 -682 -607 -1087 793 874 457 -860 -1161 -818 -455 305 226 -458 -390 78 -651 -985 17 -191 500 -178 -154 1117 799 442 -1084 202 317 -186 98 -1037 686 -1272 ]
[133 827 -121 -298 205 -123 172 261 1278 -353 -216 -777 628 894 879 258 1102 557 -829 128 96 -535 -185 199 637 -277 -672 -277 726 481 -97 -717 173 229 461 37 899 -1940 1349 835 -507 488 -585 31 -29 -840 -1080 641 -208 259 991 50 698 834 -178 972 -361 -684 -7 6 -562 -533 -87 -624 193 -1194 -754 -111 258 633 478 -112 -24 812 232 1150 290 258 539 -709 184 24 444 337 1165 449 1145 464 51 -530 -51 417 1567 -710 -1115 -457 -222 -25 267 -235 260 1064 -49 1078 -110 977 288 -266 56 155 305 101 304 270 -95 -455 1090 -320 -922 215 1035 -330 10 -630 1328 121 -299 196 -709 -376 -203 154 117 256 -264 ]
[560 391 1599 -227 -112 508 1334 -9 -718 -1080 1189 -1340 -364 864 -520 353 214 -540 179 773 573 760 872 -429 -466 202 -884 -14 -302 819 -306 771 1772 99 846 -408 818 145 119 -216 983 306 97 300 -1079 -18 674 -25 93 1118 -1273 352 -771 -60 -454 -1179 985 677 449 -123 6 536 -549 194 -668 -56 881 195 -259 -1314 -414 -774 27 384 -733 -495 508 -1203 482 486 -351 126 833 216 -116 347 -351 660 96 414 539 328 -498 -379 142 -497 832 536 1085 276 276 -238 -199 727 -5 -737 -25 -778 98 343 -441 1307 882 -1671 -207 -170 -933 -328 -287 -879 -823 434 -127 -492 1082 -870 178 -702 -433 957 667 -500 2160 498 -498 ]
[-610 237 -1257 1187 512 457 477 -1007 -1380 -981 -703 726 -134 -811 -501 170 324 1254 292 -850 750 -231 -131 844 -263 316 -481 96 639 -235 -1575 43 -740 -323 -214 -3 -1333 -1038 720 420 -1218 -691 -411 -603 663 -234 -425 107 -91 -658 1241 -595 376 557 637 -1263 -993 632 -31 262 -1248 -179 703 378 -569 -531 -341 406 -652 121 11 459 571 -933 680 -329 -611 1094 -909 774 -353 -227 -1041 -1413 123 1664 -5 -158 -243 573 -441 -205 393 -1384 -562 788 797 184 -137 -1642 -1109 -119 -1837 29 -235 704 897 -450 -64 -104 563 451 -275 260 -500 675 100 -57 -1314 -302 -103 -808 -479 -83 -1347 -955 249 -409 -153 -757 123 -1404 -292 -171 -284 ]
[-1020 356 1286 236 149 -1306 -496 1511 873 -201 906 941 425 323 842 126 807 883 -3 -232 -616 -201 -703 -843 1154 -349 431 -552 -487 969 155 -272 662 -982 -60 1244 -1129 -500 118 697 -110 103 -247 -1082 380 -351 -931 -468 1122 239 -280 449 -152 826 -858 -50 376 249 320 1036 -150 -594 87 126 62 392 -96 -1253 147 200 150 1137 236 1129 393 -861 -763 -361 -659 -1099 -316 -371 -407 623 600 543 576 -650 216 -553 -935 -271 641 -249 -1119 519 -866 -229 -839 -102 560 -53 410 -1614 -1421 -1006 -1286 -904 518 1134 826 486 1949 -812 398 306 1491 -974 -149 -452 -175 1331 534 -118 -200 1043 -592 791 925 1312 -922 564 25 -403 94 ]
[-191 678 -318 -1104 272 319 711 71 -504 -30 665 507 -121 -46 531 1346 -54 746 -306 232 833 -707 424 491 -91 -334 -1023 390 175 1904 194 419 -874 -843 11 784 -382 1394 969 1967 -430 -287 -1035 -246 -406 645 -363 404 -754 -443 621 333 294 1647 46 -584 155 144 -1170 202 -437 575 -124 -494 -968 228 -966 -900 471 260 -372 333 -243 -246 833 294 -102 962 -432 190 -1338 -893 257 304 -250 1398 -374 116 -1101 -259 -1782 -393 215 -41 724 612 423 -1260 470 -67 -42 530 461 -78 379 583 91 -287 720 -181 241 -24 -70 -33 -309 -729 -454 -214 -519 179 -757 427 -811 588 536 -414 -633 84 -537 992 -158 209 71 297 -82 ]
[-1008 185 21 278 904 -654 -3 415 -1131 -286 -196 1110 390 1039 -1659 -632 1476 257 -1042 -66 221 384 50 152 924 -470 -201 679 -659 -555 -1399 -51 191 -642 -524 -330 949 -711 78 -472 99 -1051 724 -870 -356 -1379 539 -890 1067 148 506 -30 322 974 -457 62 919 267 841 211 -741 -1094 424 441 -240 -192 348 137 -829 -148 748 624 478 -577 297 -707 -1254 -447 -1137 693 136 292 -84 -553 -1290 970 -343 541 301 306 344 3 575 -530 76 361 -595 -303 594 -1750 -533 -84 -928 598 -319 91 -129 -220 286 -285 -630 -1475 1132 -47 125 176 825 -34 -637 298 -90 -1120 -921 -1624 359 -310 -600 -1029 -539 -849 1033 -213 705 -1121 -592 ]
[-380 -309 -2 -957 -420 -203 847 -391 -126 20 32 -716 43 -1118 -255 103 244 -28 337 -1023 279 60 941 -472 -191 -196 446 230 512 -732 -40 -972 -412 332 -456 87 768 517 -1333 24 -90 -687 -19 -778 -731 -219 -289 -71 -40 1388 672 432 -544 -682 -798 -415 176 582 51 301 -340 588 -964 -718 -14 -1038 -1004 -215 -222 323 -294 424 76 -599 244 342 -589 1773 12 -869 -315 16 -800 600 -424 679 -10 400 -321 -293 -1043 -271 606 560 238 450 419 548 -728 323 -669 291 323 -105 180 671 -41 1153 -1768 -538 -494 85 -609 813 352 -779 -955 678 -723 364 -223 96 500 18 158 -688 918 -1634 4 236 -285 210 621 -431 -805 ]
[344 397 -566 -855 -316 -284 -836 -839 1125 983 -946 1403 -42 324 -52 959 665 220 -1030 -412 -58 -172 510 -110 -204 -328 -28 -441 -233 -460 76 435 -179 519 102 -352 946 -19 1506 996 -425 -500 365 201 554 -426 298 282 -120 83 1380 -15 304 587 -450 444 209 -151 -238 389 327 -824 474 -126 -45 -880 -685 9 69 1166 1039 -200 -376 -39 1370 -39 740 554 -1124 -113 -303 233 -13 184 580 -239 502 -816 -302 864 252 -921 613 543 88 -577 -1402 293 -438 507 -103 107 435 -334 360 -696 528 1451 -195 -1083 -1192 -602 -969 1342 752 198 255 224 97 95 -659 694 116 184 -332 -62 -355 899 113 -472 657 -226 -926 -807 -344 ]
[613 -396 1075 -915 229 -366 -123 2348 165 -421 -744 367 1040 -879 368 -494 682 -387 1313 -614 889 -173 -506 912 -129 -890 117 218 -325 -29 554 -895 270 385 -293 -97 324 1406 -131 105 741 546 99 -215 -295 -1116 -252 -892 -742 -183 830 897 -645 -896 476 865 1270 292 -1027 295 902 88 -927 -429 1207 225 -466 -113 -194 -779 829 -339 -89 -139 -612 -329 -101 -682 419 -234 -90 1154 561 780 243 -397 551 1257 734 548 115 -168 -525 716 -373 -411 -509 -16 145 -887 675 -266 66 1239 -1082 1096 741 -769 -1325 -312 -1172 1391 905 -543 633 -198 410 489 -873 736 -7 -1217 732 159 301 964 1061 143 422 -296 481 -473 437 433 -419 ]
[-712 -220 474 -174 843 -644 1219 20 515 -630 -824 -228 1276 -210 145 -1171 -2 671 891 -1027 382 -622 -479 1339 -420 -82 591 118 -135 -338 -327 -482 -792 434 -511 -235 -635 -552 -923 880 -354 427 -771 -75 853 -1427 -102 28 229 -371 1519 306 110 -278 -64 846 537 -809 -338 213 -666 -339 -1526 -562 164 -193 -176 -525 117 -805 618 301 1220 96 -94 638 -1194 597 -114 -131 -22 -10 631 -651 411 -23 -624 878 -368 -412 -1212 -759 1245 -744 -96 -105 -328 448 135 -777 37 158 -1071 702 182 522 64 149 -1385 329 571 -209 422 449 1063 -863 23 1081 -904 590 70 -407 -147 -134 -371 443 53 -395 -41 221 -708 841 424 340 -980 ]
[151 616 -226 143 -255 401 -447 -116 551 295 455 54 -40 369 130 5 -421 -343 61 -85 29 -322 516 -369 -384 571 9 737 223 -550 -452 -420 56 -55 130 -129 -711 -100 105 -635 804 461 704 -740 901 -161 609 -861 -56 156 290 818 -42 -859 844 -248 205 715 74 37 -1284 -888 418 -1132 -122 335 -607 366 194 -468 -168 -405 -258 355 506 929 327 -1041 -520 -596 -710 -353 522 714 -632 -528 21 106 558 -791 -868 499 91 -118 90 221 -687 286 692 162 -800 531 -237 -214 -1050 -732 -21 406 -538 988 -557 -908 -214 -842 1124 -1247 816 789 -632 -151 -176 -65 89 -104 599 882 125 153 -514 -1292 825 85 -59 -209 -525 ]
[66 600 -322 -638 -89 -190 -513 614 215 1424 1133 434 -508 132 -714 -968 -47 -1435 -39 35 341 923 913 -1026 -503 698 914 873 472 -790 326 776 819 457 801 -348 437 98 -737 -1027 -61 -815 -1043 -1242 -88 256 -571 -191 356 -368 -448 -1378 1555 -681 -1155 1134 -218 -442 -79 -868 210 -904 -479 513 -696 -625 -444 -389 -318 963 -724 -592 -38 -68 -71 1673 -191 956 -731 -195 -498 -329 -789 209 -492 704 501 710 272 555 661 738 -81 26 -301 1038 1173 -362 -871 243 405 676 -75 -1211 118 -569 33 224 1270 71 239 -876 -688 243 997 509 -178 -517 663 1449 657 374 -349 560 795 -126 -593 -692 243 -706 -544 -95 -923 648 374 ]
[-1118 -654 525 -548 -720 749 -277 -363 81 493 737 92 -662 366 22 -108 -1043 -1321 1227 60 -168 204 283 -871 512 618 825 -385 882 -861 -551 213 58 -185 467 686 -1643 286 376 -193 -152 -1521 -129 -274 267 1089 -543 487 421 843 331 483 -1028 -272 -572 -228 490 -106 -360 198 -132 -1371 347 209 115 678 1044 446 396 -300 -794 1451 -580 -261 -905 867 888 -427 739 -634 322 659 -238 -284 -1490 134 226 -447 114 -1090 -612 -100 30 1472 -73 321 652 104 918 92 -496 434 1212 -396 -401 -970 297 1639 295 -790 -489 100 391 -743 -1178 103 -10 -304 -429 -172 -421 392 -231 170 381 -17 -650 -128 497 -1171 -165 -307 978 -1094 339 ]
[333 454 -802 -727 824 -435 488 -355 -582 40 1334 -1947 -819 192 481 -842 -500 673 392 74 -675 331 919 -280 41 -393 -386 939 -334 -55 124 690 -678 -1401 47 46 -405 -389 -492 -564 548 -1470 10 -526 -76 -433 1222 -282 236 199 -51 -1078 777 614 -207 78 -643 201 584 263 -525 194 1102 -262 492 154 547 -89 855 -296 226 -81 -199 306 1437 1961 224 153 -283 248 259 45 -288 262 219 991 -775 -94 -418 -666 -149 1368 1311 -599 -377 1118 879 -498 638 -679 -183 -244 -514 343 533 97 -575 240 -82 763 -312 -1801 -1037 -241 -245 -754 1171 741 657 -447 -176 305 -327 -671 185 -671 -63 295 -1111 -408 -374 428 -67 -576 -644 ]
[1019 696 -30 -77 -363 -600 21 -486 14 582 -1177 -637 643 359 59 886 160 201 -281 -468 83 -705 8 8 538 -296 -132 521 -976 -95 468 -633 -386 1079 -496 -739 460 -834 -424 -3 752 611 399 1223 -8 -754 419 38 -1275 -284 -571 1460 -58 -649 785 945 60 -124 -5 179 432 871 -38 621 59 -1050 -313 191 -587 218 626 -738 394 914 38 375 -96 -755 624 1499 1128 -935 637 -645 1072 -513 182 -8 580 -240 1335 -80 348 -542 117 -2075 -941 108 -973 274 462 -501 -384 1628 -796 -92 914 470 -2024 277 158 -112 -1321 187 225 -1030 958 158 350 1161 392 -705 312 178 174 896 239 1199 -379 -118 354 522 -114 357 212 ]
[-49 338 423 14 -629 591 -1041 593 652 431 353 545 939 -283 48 -1483 390 -509 77 70 392 727 -192 54 -411 175 647 719 -657 -492 219 951 196 390 -1460 -1103 60 449 -173 -39 116 -290 854 181 428 -783 -397 -151 1856 -129 289 -1466 -77 116 -570 -601 989 -789 1047 -1131 383 -85 34 551 -235 326 -36 380 -450 455 746 -1206 -780 -89 622 1466 -390 -854 -683 586 524 -819 -242 439 -9 -770 489 -223 -415 45 -32 -709 -1186 122 -311 421 322 419 -65 1156 -429 767 367 -438 501 -808 -388 1177 700 1054 -511 -461 -890 641 163 -676 -469 374 728 -30 -692 1228 -608 167 -620 31 -912 556 -158 -48 96 978 764 -524 155 ]
[-768 -599 112 221 401 744 -418 -1186 -496 229 859 -271 -274 -139 129 -1085 -439 -356 1622 590 -835 30 916 147 70 573 466 568 857 301 -73 -27 -539 -470 1944 -755 -1370 473 44 131 295 -1734 -69 -787 574 639 -118 -694 687 -495 27 -604 146 395 408 -6 91 -775 -299 6 -673 -920 1920 -747 229 526 1304 -83 1192 -916 1185 221 -343 -252 237 177 -218 93 89 -427 1024 769 -880 -787 -36 504 -791 604 145 -165 -194 192 727 -78 414 746 -979 -117 149 210 -694 -693 -83 91 597 -648 1117 944 446 966 -110 -1141 367 702 -7 402 -110 16 -832 1095 -825 668 -907 -252 -739 -494 788 -760 -86 -1335 -256 165 -116 -670 -781 ]
[85 560 595 -393 -672 1026 -407 -902 617 516 231 -291 120 1196 1167 220 -747 513 -1085 -855 218 -167 438 583 753 -226 -668 149 18 1426 -552 131 847 -663 -650 335 715 -603 -165 503 -379 385 70 594 -216 188 -936 -1048 251 -639 279 1129 -96 346 1174 328 -113 -144 461 -319 833 -1372 584 777 -285 567 1082 649 108 -1026 1328 -119 -336 -49 109 -665 662 -1163 -382 644 1051 -134 344 -172 -1060 -38 60 116 2126 -225 -152 -1077 -9 -894 471 -547 -28 -749 58 747 724 671 -1076 204 437 -487 28 -78 809 536 -375 -959 -428 -498 -99 -1156 680 180 -891 269 -618 84 -1699 997 118 -359 -676 -146 1012 -558 733 592 -567 -678 -79 ]
[-931 -338 -673 1172 406 -674 752 -400 -1201 -715 -693 -590 382 -407 639 -215 -784 740 334 970 -467 259 326 100 -303 -646 615 -353 -468 -726 851 -399 712 -39 616 -411 -1634 -693 -545 240 -1484 -862 -368 218 734 875 431 478 261 55 -1296 -459 -448 1218 -445 287 -385 -645 -815 35 -1265 767 168 1403 -124 -379 842 665 376 -382 200 898 143 1439 -697 318 -967 1210 854 459 1500 -540 -479 -608 658 441 -1063 -897 13 240 -449 114 674 -314 260 -916 1182 -32 -1000 -326 -368 -502 -674 347 -245 251 -316 571 662 789 575 -274 517 179 -579 536 -462 -1008 248 193 485 1792 1104 10 -588 -1524 -106 -460 1005 600 -1119 166 152 -186 -697 ]
[-452 -650 203 229 828 -763 616 -868 -37 -193 106 -368 -352 383 -125 -1068 527 517 -439 -8 86 428 816 -123 -42 -677 -45 564 159 -93 -231 -470 45 -692 123 302 -433 -62 -1199 -152 32 -10 -47 -385 -474 -81 210 -164 353 -70 -568 510 -386 402 -793 321 -36 394 289 620 -934 97 88 -556 893 -673 36 -897 40 -555 550 994 790 54 287 46 -891 537 42 -121 -169 316 -184 -865 426 1336 -1157 469 -557 -919 -345 185 1598 595 653 270 128 -135 660 24 597 853 -553 342 214 359 591 -538 -125 -822 234 -984 495 -112 160 -786 830 -486 -64 382 -27 457 -513 -171 142 -198 174 -799 -68 -544 -1005 -9 -32 107 -976 ]
[723 -923 898 100 -158 -697 492 789 149 440 390 32 510 -240 -419 -1120 497 293 -1293 -587 301 857 167 -720 173 -1823 -367 493 92 224 328 -430 -581 -131 -1678 -695 2181 -453 -1204 -1260 128 469 467 614 -1077 -799 -84 -611 381 295 196 -636 22 -784 169 200 -1 995 470 1055 257 -79 500 429 829 -35 107 350 -1339 711 909 -174 634 -148 -788 -743 -7 564 -1000 240 -16 924 -404 -369 -311 -285 217 210 631 307 635 57 367 -361 -34 115 520 23 -581 103 1389 857 -655 -269 1525 -99 -48 -650 -727 -468 -205 432 -171 332 133 -379 1165 -438 1681 -1544 -114 -689 -704 -1125 811 -274 462 -351 82 1346 420 -73 -347 -439 -182 ]
[837 225 -851 239 208 70 929 422 -733 -1202 94 -790 -402 42 -25 -212 111 14 1 655 238 448 589 512 973 -210 -333 -1313 2 -752 -416 223 382 -242 -25 17 87 32 204 -271 -357 -794 -616 -642 182 -923 872 -637 312 17 -1069 -1341 12 1028 -744 -500 324 -603 334 -314 187 -661 -43 850 707 -228 641 917 890 59 -498 -237 486 527 -297 -95 -220 -258 189 -63 1013 911 -582 -832 625 497 -300 -207 -65 686 -822 -267 457 -228 80 13 -363 310 256 -1031 -146 -97 221 253 -891 -181 -1499 -159 74 246 -148 0 203 134 -723 732 -28 -186 -890 -1057 1113 281 1228 89 -89 -594 -747 -306 73 7 32 -725 941 38 665 ]
[-298 -193 -256 -77 -367 -297 -15 -557 575 474 -245 -701 499 355 382 -633 350 -34 424 -154 -42 -854 -33 -450 543 -627 452 158 220 -1023 422 -946 199 852 475 -244 587 -637 -110 249 -284 -579 305 404 227 38 -543 1445 885 -15 90 -322 297 232 -1024 362 -769 -699 -763 -10 -420 163 179 -865 -24 -1036 270 -196 71 419 -173 -217 1257 969 619 917 -441 1 -191 321 267 -625 359 -449 457 -147 -244 326 -789 -231 -252 594 1785 -437 213 38 -126 154 13 630 60 210 608 -665 1057 630 -346 -100 -305 -68 1050 -1818 -447 694 -126 -224 238 -322 602 553 71 295 151 219 492 431 -59 -97 464 516 -964 699 164 -237 -165 ]
[487 591 -684 -504 47 461 130 15 -1339 -562 -588 189 -411 376 -968 1837 618 726 -826 1112 1285 -223 77 396 246 -498 -1286 -730 -271 70 -9 -512 387 -47 41 1 130 -38 729 127 -116 982 99 70 -1103 1580 156 -120 -867 71 -1133 517 1281 1301 69 676 -180 -234 146 -948 -396 160 -560 385 -1348 -557 -326 469 -384 -1090 -982 -739 -902 1015 647 -687 -382 1229 1149 202 952 -1284 683 -51 421 969 -898 -331 171 183 20 -46 -144 -20 816 -1492 1592 -479 -383 361 -164 -227 379 447 -291 -768 -35 -252 793 201 -222 -198 100 -88 517 101 384 -866 917 1278 598 -1215 -8 233 1081 402 -90 -301 -49 -562 -35 -248 -880 315 872 ]
[-923 -36 999 -763 172 861 379 1413 621 669 -642 1451 931 -837 39 -250 -119 93 258 -363 21 -956 -111 -123 -127 -541 156 -506 504 -386 -167 -183 -1063 93 7 284 557 904 -541 -85 25 368 -625 183 886 -160 -239 -447 -47 57 1373 -951 726 -1467 764 347 1721 436 -866 901 65 -567 -954 -485 -600 343 492 51 -978 -544 1044 327 695 -43 -46 435 -212 882 -439 331 -191 432 49 565 -534 -593 -959 903 627 -83 -709 13 -169 522 -592 1034 -538 -328 -684 -379 498 -804 -194 -549 -232 444 -162 -1530 -328 -268 -1154 544 767 -120 398 503 32 1162 22 754 -919 -255 666 949 135 -348 507 315 1287 -328 424 -600 -672 0 -1074 ]
[388 -274 1181 979 -527 -67 -358 685 -85 -271 343 77 -258 -766 414 -590 472 816 20 637 -1165 1126 174 -169 1456 -666 -801 -214 80 56 410 1284 -433 -1068 182 201 656 -1473 1014 326 -630 399 679 793 -188 322 -337 -255 142 -1105 -38 -387 754 1051 -65 -494 295 129 1378 -1361 868 -230 283 160 238 675 177 762 -521 -655 747 -231 219 281 -766 -1141 72 202 -291 215 363 -140 153 -538 -215 516 638 276 412 -721 822 -19 -506 358 -579 -199 -30 -435 -5 194 494 450 -306 645 681 -240 -249 -2001 720 328 -614 154 1825 -141 -621 92 307 -1919 536 -467 45 120 -284 -998 123 -708 393 -50 -364 423 -546 627 203 -494 -329 ]
[-940 -650 -61 -175 -495 -1178 -599 987 793 168 -333 45 87 418 -54 -69 696 -147 -607 -700 -748 -628 -392 531 -301 362 -491 8 325 996 1033 96 73 -872 -361 376 817 -7 -1136 -426 -14 677 1206 -1205 559 216 647 391 -576 34 -63 497 730 145 -359 -349 -727 -740 64 235 0 -245 682 1041 301 -170 -41 -1098 -604 228 598 -946 -539 -339 492 -700 -771 -264 -665 -825 -94 -866 -143 1 -75 35 -162 -734 1469 384 -16 -780 -1028 289 -599 289 -1325 68 -1202 67 364 1442 1581 -541 -61 369 -1168 359 1043 271 1344 -1523 1030 1846 -864 928 -603 -121 240 206 454 564 -27 -877 -1077 37 -502 -132 421 300 518 664 -398 -207 1281 ]
[-1541 259 276 209 -206 -682 -45 867 -297 56 600 218 226 225 594 923 -399 297 574 -643 45 527 -342 -472 35 182 1114 -407 -1155 709 392 179 773 -829 60 893 -2042 1279 -1481 -29 269 -278 445 -878 -636 801 1113 357 163 1347 -1513 1710 -1219 631 -343 248 -379 681 694 980 382 1494 -472 1614 304 882 -608 -657 -56 -343 -397 1575 -1442 201 -667 -444 354 -887 -63 3 165 -733 -453 597 -440 535 -507 -139 827 -597 -420 -356 -637 595 203 -641 329 -1001 -343 530 6 -788 364 -507 -1905 184 -573 -425 -394 39 171 899 1047 -911 -712 283 -114 -397 -204 -458 -1269 1186 -627 -237 -247 -591 -636 -829 1283 557 -541 -248 -42 778 -44 ]
[-716 736 139 110 1153 -45 412 -113 526 165 -4 1045 -454 1318 -1120 2296 138 -293 -1395 685 -933 -455 -156 -818 -215 -169 373 -281 58 -23 -305 -1075 553 273 1018 761 449 87 1135 591 -379 572 -1003 395 -949 841 -752 -132 -561 851 -443 823 68 202 662 258 53 624 -870 1007 -855 158 -930 -746 -1125 348 -597 414 363 651 -1271 553 940 401 -96 -584 67 805 208 -797 -1069 635 221 1021 -661 -991 518 344 -89 -988 -61 -77 -173 478 895 296 -454 -256 787 -99 921 207 -20 -756 231 177 -333 413 -614 -525 61 1052 1040 -533 876 -352 463 -216 -590 1183 -56 -114 325 -261 1267 -704 -250 177 -675 749 -781 -456 1294 -104 -582 ]
[713 -165 116 1154 -493 -885 -92 -266 1163 -1281 -1353 -297 56 -240 1279 185 1082 861 -1515 512 1446 -1079 351 34 396 676 -793 -592 -817 321 792 256 162 177 -754 905 371 -467 880 1990 312 -470 -836 1384 1342 -177 -1158 405 -22 155 1609 974 -891 287 417 -190 677 -114 -1031 131 833 -1109 -138 299 576 -292 -418 907 1019 137 -117 385 -157 -20 1141 -450 -35 1232 922 -1377 83 -88 1441 673 282 -425 486 -153 72 11 -1301 -919 829 645 675 506 -1112 -903 195 -1074 -312 1109 -176 -475 -844 445 384 -244 162 -1247 353 156 -563 311 1096 -207 -584 290 -1854 -785 -856 -8 -973 982 15 547 366 210 1211 508 509 -1315 -131 838 -762 ]
[1178 600 293 903 43 152 416 -1850 -567 -620 -35 -49 246 1135 -9 -220 639 46 -1019 486 233 140 -201 -309 -57 -130 116 -79 -366 -78 -549 926 -170 -721 -1137 -133 364 610 1578 765 708 -447 -127 1141 -311 185 -645 -318 408 -338 137 -1330 -150 665 -37 -308 993 584 1453 -1128 -84 -171 397 -419 -895 172 332 640 87 399 180 240 101 648 -872 -208 333 -235 292 816 -739 663 811 -602 237 978 1045 -465 -353 -515 123 778 -48 69 395 382 77 -1000 1436 301 1190 734 430 286 406 -615 207 -2 402 -155 266 1058 -1880 84 647 -158 316 -989 569 -71 -58 454 -1447 999 -220 407 -722 426 -1042 1072 -54 -163 -345 794 459 ]
[1022 -1170 155 125 -934 705 -3 771 -82 -265 -270 191 1034 -1084 -335 106 -170 352 322 1023 1485 642 66 699 -583 533 -980 -1682 462 -283 -30 257 -342 1370 254 -986 -130 -70 -45 918 -913 -885 204 195 825 -447 -449 -330 909 -440 1255 -1136 68 566 -797 -391 29 -905 -603 -1526 -1255 -115 139 131 -941 -569 -272 251 -230 495 -1590 -684 -30 -179 893 1379 -733 1434 790 -657 741 -1079 94 383 1010 734 12 337 -345 438 -2125 -915 -296 -229 -277 270 971 419 -1132 -19 -719 882 -1033 -550 -354 -410 324 96 288 -177 30 334 230 344 -299 321 -325 -196 -481 -375 -329 1446 -208 649 83 -332 -111 -481 -101 177 -250 -433 0 -185 646 ]
[-518 2 -119 254 267 -128 -803 -689 397 398 29 58 904 11 2423 1242 103 168 -587 -266 1008 -602 307 127 -626 1445 453 -153 373 1059 -572 321 503 774 -277 386 -890 757 166 676 455 449 -993 153 -186 299 -258 616 1117 -136 -300 1856 -1253 35 -459 350 -66 -502 -167 414 197 561 -502 188 -860 32 -446 -1281 224 -381 -811 1320 -235 910 -453 -1130 1462 -373 1223 23 -487 205 -386 -620 -277 1177 -357 -476 -261 580 -1741 -965 486 -345 1512 -895 633 302 881 668 -98 223 -194 -914 -757 -243 -39 386 294 -800 977 -640 -1040 -49 -1423 325 523 -191 -944 -324 334 1723 -597 617 207 812 -336 -66 500 54 1 -769 -350 155 -287 ]
[176 750 1106 352 716 561 385 -880 -1175 -660 255 -1013 -277 -45 781 -609 -1110 294 667 556 640 231 771 -198 95 -317 -76 732 -705 -584 -945 780 176 -169 674 -356 -683 244 126 288 -578 -1148 170 169 -6 3 77 -355 804 217 -289 -246 -1330 107 -304 -1269 -70 147 211 -377 -353 -420 12 -397 38 -43 1075 197 139 -113 402 834 -263 -443 -141 630 191 432 903 496 1265 -213 -205 1149 -575 -65 -707 51 -929 -659 -1268 595 264 779 432 -184 1108 -573 1608 635 -938 532 -700 103 622 -530 103 218 -201 357 -1163 226 -139 -1462 -189 -920 -375 856 247 -1206 -1297 109 -563 73 -53 -300 236 -358 -309 -234 -515 -171 1278 -191 -1359 ]
[95 -219 -146 -220 1750 80 355 99 -1009 402 1 1014 -319 508 -1057 -985 899 605 -371 387 -597 571 787 53 -27 -1436 350 435 -334 -212 -636 40 -161 -831 920 -518 318 475 666 634 -156 -1123 636 -440 -278 -632 -396 -1005 925 -205 254 -829 -61 453 -140 -523 799 -464 -851 734 -565 -423 -58 -623 193 222 940 -268 425 261 1474 392 356 -387 416 -769 -1282 779 -746 625 555 332 -682 -387 553 -410 -121 157 -485 -460 272 50 87 306 294 982 -228 23 -78 -190 258 198 -158 678 992 -234 272 163 564 -187 -643 340 1383 537 245 93 -538 312 952 -212 -1191 -108 -742 -959 -837 -963 751 -25 -1465 -548 -219 347 394 -1939 -1250 ]
[-385 -342 -533 434 -436 83 550 176 -296 560 870 296 31 -648 575 -124 1143 493 288 -1019 1899 -337 609 -85 -140 330 -124 260 533 -74 -511 -127 -534 484 -52 -326 -986 237 -622 -1162 356 -379 -141 -937 181 -557 -354 884 603 323 847 -259 -1077 -269 292 -590 738 680 222 352 66 664 -463 471 -26 508 -306 -370 -749 383 -660 563 40 -820 -361 -849 -882 708 -645 273 -1586 346 -637 -113 1037 1396 -328 -21 154 972 -1498 -438 -181 -738 252 1114 441 -858 299 -742 -1190 -559 -780 2 -902 161 818 -676 -574 -750 1328 152 472 -156 -429 1318 -1200 141 -695 -642 -1205 1581 -485 -322 -61 -1356 698 -260 142 375 1498 -1296 308 181 528 ]
[-477 -151 436 722 230 195 29 827 -132 559 -524 1001 991 245 -145 556 436 121 204 -645 -649 -39 -630 -1018 612 454 1364 -617 -1182 406 1582 -202 -432 -990 599 1332 -772 923 -40 1171 79 -202 106 551 -161 1289 92 516 20 -29 442 334 371 343 -225 -301 457 669 573 -483 -70 -491 -130 528 895 812 -570 -651 854 2 -34 322 30 -236 290 609 773 1166 -765 -652 -504 -149 1198 753 237 -834 1015 -445 -535 -757 683 -414 179 422 47 973 -2039 -629 361 -11 1214 -202 -630 -1367 -298 -531 181 -682 -645 913 451 681 1328 -342 1265 -541 -39 -46 -267 1120 -1345 114 -950 367 -83 -154 480 1239 -359 1148 -1958 93 -530 1025 -396 ]
[-425 1369 716 -693 -1218 735 125 784 22 -517 97 -445 -609 -630 839 -349 270 595 248 -474 116 -300 -736 665 436 -692 271 -357 -244 442 -185 -49 -789 -62 -1191 1103 200 -576 -920 447 339 -624 -147 -802 -540 -819 -352 -613 -570 -919 672 905 -223 -361 858 617 267 885 514 -126 838 538 -350 594 1053 501 -291 -376 -664 173 461 422 -607 -706 13 426 136 -1225 -111 435 -271 558 -235 1491 -311 819 494 493 1003 -302 66 -175 -289 -37 -615 -297 -995 277 773 -307 -778 500 -200 817 -823 1265 38 -878 -1093 513 -989 495 -558 -665 7 80 -451 1094 -1046 39 -523 -103 713 824 -478 133 -1158 -1 799 75 1106 -455 -229 589 -45 ]
[734 1359 -320 218 79 -1029 787 -421 -155 -1226 1168 162 -1308 1475 -1068 -143 1031 -128 -1290 1603 974 53 692 460 -851 160 -527 509 -795 194 540 884 495 -629 314 -187 -319 952 904 690 783 -403 206 -68 68 -345 417 -345 192 517 -854 -373 319 859 -79 1381 96 267 783 92 24 -247 3 -319 -653 520 -140 -524 903 -760 -133 -127 -525 -203 772 -597 -657 -1490 -436 -598 -738 469 1215 17 536 272 293 945 -285 259 556 -679 -1165 858 204 47 -160 -1166 869 -443 99 282 923 935 -20 -944 -1120 -744 1530 -559 -379 -239 -70 -725 1737 510 -131 116 300 43 316 735 -1259 1584 -77 216 -1565 -145 129 -402 480 -437 -112 955 -290 ]
[1470 484 465 1786 51 -844 702 -411 250 -442 719 324 -64 662 16 -340 -188 262 -69 44 -188 -297 -48 -649 -403 -537 -426 -293 -259 -226 222 191 -270 -715 -406 -968 243 -618 208 -211 -272 -1074 1418 841 583 11 532 147 674 1222 479 417 -180 -202 828 -1136 -521 1483 432 29 237 -825 1118 -539 835 -234 -312 471 351 244 -72 196 213 110 202 -884 132 -389 -133 -470 403 359 255 -432 322 -860 1123 308 108 -1190 -702 -653 -524 1422 313 -1158 336 225 553 309 -132 167 1363 -396 1115 -1938 -480 1038 -17 47 627 139 -32 -550 111 -720 503 212 609 -1826 -602 -141 -245 -284 59 373 240 1059 -212 758 506 -337 279 -297 219 ]
[470 57 -475 -15 171 -544 -300 -744 -351 -238 1226 -107 -690 908 -432 -486 419 72 590 34 82 183 701 111 447 174 -514 -355 945 -199 -245 810 -541 -306 562 -249 -590 -101 1826 302 586 -427 -283 -49 831 -126 -566 -259 833 268 -393 -494 633 571 223 -587 4 -283 335 513 547 -540 882 -706 -314 263 457 -745 948 -67 -1306 353 286 509 356 266 -784 651 93 -1225 224 -320 115 -615 373 523 901 29 -806 -868 -1518 -274 -396 709 -913 704 92 -591 116 342 -640 456 468 -814 -684 -2451 -280 90 442 -78 1454 -275 604 357 -315 -41 737 -565 5 -408 -292 906 197 266 -523 37 -1259 302 -813 -234 -1536 113 525 -564 616 ]
[261 298 -2183 1068 451 -125 452 -614 -227 107 55 -813 -663 920 -277 -714 -163 700 -788 514 603 558 1143 -578 -524 455 32 756 -237 -789 -271 270 927 473 -16 -650 -176 -834 193 -485 -440 690 -284 -312 -285 568 -144 700 300 -200 -876 885 655 1101 -865 687 -405 -885 -270 -263 -716 839 -24 -447 494 -1224 -582 -1487 117 -363 -1030 -27 345 600 -74 140 -45 156 900 -260 308 -655 -306 -1195 866 884 -499 -4 -1063 -525 291 469 738 -441 658 -442 657 230 712 1020 -442 893 -361 -243 258 252 328 -50 748 -136 1167 -962 487 217 -132 -646 593 -888 421 14 1686 506 -511 -414 383 793 -823 -747 -709 -782 -665 375 -89 623 -695 ]
[802 -186 -71 -7 -447 -367 -276 244 1073 87 913 384 452 -185 215 275 635 -56 -1877 313 11 -525 -328 -494 -178 396 -94 -330 348 979 871 619 -858 -286 -503 205 306 -831 951 758 135 16 253 77 -311 -813 -752 604 -378 -310 294 -335 217 278 79 884 -659 -473 187 395 669 -187 -4 332 -28 59 -622 -410 276 1148 305 114 -566 -676 338 492 -179 -644 -540 -95 -195 886 638 291 -56 -155 187 -19 -804 -40 -27 23 476 46 -738 436 98 -1172 -130 -433 100 536 1126 719 670 330 -1182 -420 410 -402 458 -879 -283 815 -252 267 589 519 258 121 399 929 -959 -355 449 -248 -763 627 -767 -401 -689 12 -326 417 -56 ]
[205 5 -823 239 93 -555 -1448 550 -427 1099 -65 369 596 168 395 441 148 448 336 290 112 -788 -749 636 287 -307 -617 66 199 -404 706 -442 -556 802 183 8 807 -348 -846 138 -289 -1176 1212 655 1104 109 -525 669 449 682 1222 -32 439 -205 412 733 -1239 -248 -585 -120 372 -1088 679 550 279 -256 67 35 88 269 63 -741 -591 -258 1382 185 -378 427 474 -657 802 -591 -111 306 225 -982 761 -256 948 681 -269 -974 -673 -557 -897 -432 693 -54 -759 -418 -832 274 896 -90 264 264 -883 775 1238 -68 1269 -1643 -166 659 -427 820 161 -205 597 -168 262 -227 428 150 729 -77 90 1205 749 158 577 672 -1050 -962 1291 ]
[-74 -609 -367 -978 -94 1257 -67 -505 179 -1309 249 237 99 905 281 1426 480 -597 449 1273 872 -1270 -734 748 -79 1512 -595 -31 367 1408 -540 -247 161 -426 1179 236 -1150 -284 672 437 -42 -584 438 -137 1214 -428 -337 288 -254 -281 189 -89 233 391 539 -37 -896 -799 -163 967 -212 611 578 5 -1036 851 586 -427 655 453 -683 1150 -675 -518 -259 -301 60 -258 83 -445 -946 107 -204 -118 487 895 481 193 -103 556 -366 -374 -45 -544 3 205 1149 373 -94 -346 -25 -649 446 -343 -47 -1210 900 240 134 -38 462 82 877 -446 -6 314 -121 -179 -1489 -338 -22 913 -623 202 -217 722 -491 415 284 -145 1296 65 -325 -417 218 ]
[50 296 -912 385 360 288 1037 -185 -521 -868 513 362 -1427 301 -1698 433 334 197 721 -142 -296 -50 666 863 -1598 -853 623 607 180 -1058 616 -111 -211 -170 308 -188 -1265 95 -704 458 239 -251 817 -530 -510 383 128 -84 162 -1463 -205 1322 -40 892 57 71 -190 615 -626 -121 -819 489 -526 -370 751 261 -53 385 496 -135 471 -179 -419 -433 -197 -590 -755 251 -812 -37 -847 1080 89 -926 1379 231 -757 -130 -664 18 1086 -145 -247 -97 1064 -193 -216 158 -10 806 -249 89 -239 450 397 -262 1420 1005 279 748 269 -105 133 -376 976 -180 234 731 -277 958 -620 807 821 304 -1611 -296 493 784 -695 -360 26 -198 199 -28 -232 ]
[-11 -893 -189 -1044 -218 1256 -654 237 223 508 -727 1559 163 -1265 321 -630 127 602 488 -395 566 184 -1470 1104 377 -225 665 34 526 -142 38 -628 -1551 -594 -1240 -262 106 1167 -1183 1141 -404 -334 -474 203 -240 307 -1091 -205 202 -2276 1182 22 32 591 -371 637 448 -404 -571 -1264 -95 814 142 -153 1196 -404 -710 -393 -244 126 372 308 408 -248 1148 167 -721 531 -797 479 -1319 -981 -902 -602 180 396 -111 450 -604 44 12 -2064 179 -171 657 4 -968 379 -266 694 262 -72 -868 -770 507 956 319 595 -408 357 -656 -209 -575 748 355 -774 -544 -384 -756 282 -188 -1192 -664 1424 -789 1256 154 -106 473 -47 -285 971 -292 270 -164 ]
[347 959 -317 7 -250 -112 93 -433 -1342 653 374 -949 -11 -467 -163 894 -373 1088 321 -587 436 -543 -162 -141 -516 518 -647 -174 -195 -133 -838 705 -1361 -1041 -444 700 -78 -800 140 1027 532 -2219 -578 100 -24 -1687 259 -54 -166 -285 721 -897 -310 412 574 -264 -1284 722 526 294 249 -158 -43 930 -1125 -463 701 162 -257 515 -393 720 -602 -1092 537 109 255 799 674 82 459 596 -638 371 -211 760 161 -660 505 -101 -905 370 17 -1144 -469 -645 812 885 46 -1175 -1038 -453 -312 596 -83 -96 -914 338 -655 359 325 538 -1654 170 605 998 179 1214 -777 -659 -159 -361 -12 -357 133 -1264 -24 -331 -958 -581 92 -334 -1095 -540 171 ]
[-871 -867 -1070 85 -170 776 851 273 -1030 -987 -1124 -299 -1061 -745 -363 -324 -392 1211 418 335 921 -395 -20 669 1163 -127 -736 -6 -81 -735 291 8 -825 -35 -557 -393 -459 -251 263 560 -801 24 -1154 145 1453 156 137 622 27 -333 -242 576 -338 980 205 -963 284 -700 -472 -47 -203 344 -297 763 789 -807 683 -568 -373 -1218 436 -669 -67 -1247 -191 176 -470 238 515 805 760 -1223 -364 -610 -181 1019 -1742 239 -821 214 -64 -718 -423 -164 -790 -55 -749 -62 -947 406 -1651 -671 -1256 1127 -234 256 54 -924 -876 606 -1207 425 189 403 -336 241 -2253 1382 -756 -383 -298 -1735 471 1164 -1157 179 -963 -802 1033 -327 512 -662 692 -936 -636 ]
[-277 -237 -70 -442 -573 661 -329 -542 515 -55 609 423 -44 374 643 936 1054 -681 -455 -10 763 -1922 -233 966 -123 -448 -834 329 1262 37 48 -791 -831 -8 11 -330 321 336 957 -124 -217 1140 542 -470 -344 512 -755 1857 -1617 -408 -27 418 811 1073 410 -549 213 -379 327 -38 543 427 -737 -1260 -460 263 -382 -596 -528 -298 465 -213 -552 -682 197 -260 261 -305 -580 530 -2317 -482 853 -182 938 537 -822 -432 -804 -70 -254 350 1122 63 387 622 409 64 1626 109 -41 127 1044 258 530 614 315 -910 267 -406 976 -435 492 522 36 123 91 -1197 454 652 -95 825 -445 -285 337 608 972 600 -131 -431 794 -26 161 -574 403 ]
[1404 21 774 -750 -194 597 -772 86 772 217 -7 675 -218 196 580 1100 84 -230 -1225 646 -199 878 -995 -137 -156 183 -117 -271 265 528 298 55 -164 642 -399 593 90 -1061 -476 462 500 684 507 794 -275 -89 -719 -295 -528 -530 535 -86 570 -44 324 904 -1020 -163 822 -564 -11 566 -680 196 262 682 -270 539 633 871 541 -854 -462 33 -303 -144 690 -238 -188 354 -445 -576 -256 1581 300 -927 379 -487 788 -150 1636 -106 24 -994 139 976 390 160 -637 701 1200 589 124 -356 110 -179 896 -217 279 485 -237 504 -530 72 1123 -16 385 -50 -367 197 -390 1007 -797 84 114 273 286 898 -234 1115 -163 399 -903 658 -93 ]
[-256 256 -389 556 150 -257 -218 -792 -329 335 693 -225 -507 1136 -599 -847 402 755 -208 130 768 75 638 -157 -45 -522 -707 1233 166 -305 -1960 73 3 246 705 99 -487 -1602 609 -860 -296 -1098 932 -1092 689 -115 -1538 -228 405 103 522 -1065 642 343 77 -527 -880 -95 378 601 -1119 292 698 -338 -435 -752 7 -1372 -500 752 -238 930 -82 -758 83 -638 -1459 1051 -12 -391 49 -201 -733 -442 1319 930 171 407 -237 -934 -737 1058 178 -356 -388 748 1182 28 -683 772 -343 1633 -152 -470 80 -1258 1124 395 308 180 1599 -284 817 -26 431 389 869 -68 147 -930 -184 1331 -106 -382 -249 238 -312 -690 -453 -759 153 36 51 -976 684 ]
[-30 -507 -35 445 -439 117 -544 -90 -880 -566 -139 272 649 116 -408 452 138 70 2046 56 -590 -82 -494 329 1280 232 525 -328 -513 -1017 -531 239 -1023 552 288 375 -1333 542 351 1034 -390 -568 508 472 1026 615 767 421 -390 -166 745 573 -199 356 141 -1041 -809 -638 625 -816 -33 58 495 100 340 575 -380 -143 10 827 -136 613 147 -396 -278 561 1072 718 275 229 476 -562 622 83 254 170 680 159 -715 -748 -67 487 764 653 -987 59 -1252 46 233 -454 -698 -648 -571 -77 -436 -220 1387 128 -2031 329 -572 775 461 -121 323 -563 365 -226 -192 470 -593 -460 -1084 -706 -844 841 -176 239 -638 326 -1299 87 488 110 -152 ]
[-1023 599 -677 841 239 94 1106 -60 -1347 38 685 -698 -923 -124 56 770 -673 271 288 -661 311 -1103 515 164 -1 330 -841 470 -238 401 1373 -1243 555 -1549 488 1768 -1263 725 -1239 303 82 24 -835 -1246 444 64 499 -763 -1688 -41 -1475 1769 389 402 149 -650 423 618 -338 900 -333 -137 -254 695 391 -534 202 -1171 365 -2181 -560 -255 97 -558 501 -481 -153 177 607 -559 -164 -35 334 -300 311 1381 -1100 558 269 -473 166 393 -388 -347 -126 -307 -370 -79 -276 -507 -465 -631 219 576 -739 689 399 -789 -468 1059 557 -328 647 -785 327 -495 71 507 -1184 911 819 -954 694 283 -603 103 644 -217 674 -1479 -171 -340 221 214 -441 ]
[2025 1236 476 386 -6 -898 56 224 -893 -674 470 -1291 -11 463 -493 305 429 353 631 214 -1197 158 390 306 -842 -645 -732 530 -338 -29 135 155 -307 1151 864 -316 -83 -578 979 808 731 -570 1238 1172 -137 -835 1209 486 -498 614 336 -1142 -175 372 697 -94 -837 779 277 -41 -143 547 264 -658 115 -90 -449 -997 975 473 -197 -1625 650 130 810 277 184 -761 91 774 261 -530 407 193 1544 -113 1010 -268 31 -267 1455 567 -474 -1268 -535 270 -1230 494 -281 -429 -248 -43 -260 816 146 344 419 -292 236 281 1124 474 8 -89 52 409 -329 76 -318 486 -599 1598 1425 -413 -308 -944 476 1281 -1624 1112 -297 -444 759 819 -97 ]
[-746 -295 -85 440 -225 -555 -714 -280 -82 -206 454 174 181 158 -779 -1558 1253 -553 -655 -547 1338 -407 -148 -374 -89 279 -32 444 -405 -452 560 664 798 -421 -1269 -306 499 1830 1133 -741 370 1184 196 1385 -95 515 -532 1114 1184 445 476 -199 -156 -49 -580 192 2199 -708 233 278 1043 -688 -1 497 -162 206 574 -732 -166 -527 2 8 -439 -3 239 700 -428 -165 -215 242 -274 27 1255 -1108 141 -403 223 -44 -919 663 1104 217 -751 1187 -302 436 11 -319 982 -188 38 16 1231 121 202 -545 -417 -978 1075 -1609 459 79 123 -70 -161 567 604 -337 2022 293 -386 -509 -424 -91 -864 435 -396 1201 93 -270 -23 -427 393 11 833 ]
[243 -1091 381 -657 -547 808 88 -10 935 -78 580 477 239 -322 658 194 -495 -709 -1482 35 539 146 525 -1117 -129 1572 39 -274 863 88 398 11 889 180 381 -810 885 -124 -853 -1098 -134 678 -106 -142 -86 -251 426 45 540 -265 -509 371 -613 -314 -243 435 490 -704 -598 190 644 158 -336 345 172 -558 -282 -778 -205 24 430 -387 -91 -610 -557 -483 397 618 249 331 138 1085 -937 812 -586 -58 -1374 652 -404 711 313 -695 -216 67 1232 158 -270 -683 -267 648 -501 -989 -442 -1070 556 109 86 97 26 -1086 -226 -1433 -252 741 -896 611 -592 1275 -587 490 -194 894 65 112 -548 -495 925 -647 1053 -607 267 -1077 -64 179 -1243 ]
[-412 -197 734 319 -97 328 411 -486 321 237 -747 589 -203 555 442 240 352 808 -437 682 170 345 -78 393 193 -1347 -194 -380 584 -250 54 43 282 577 278 20 390 -2086 1112 -171 99 895 -263 532 324 -761 -714 83 -111 -599 -618 623 -232 -251 -74 -218 -111 14 -78 1505 -51 -552 -557 -808 522 -278 534 868 -1408 -960 491 79 -169 543 -763 -990 -372 -804 85 -70 -461 1181 220 -824 7 367 -565 133 -96 -432 57 -452 589 -23 -673 -430 931 -214 492 393 360 -148 -50 986 110 -571 665 -146 469 -1090 24 -61 1485 -1009 -489 185 1054 -421 103 -1032 424 548 597 -537 594 -155 141 -125 -371 -444 401 -232 621 -1260 173 ]
[22 66 -1182 1329 -48 74 290 -453 -1517 -60 -696 824 89 363 -846 347 897 528 -489 261 820 -1103 -143 375 441 -385 -844 381 -388 -780 -20 -476 -241 -1157 -592 260 -404 806 816 73 125 346 562 728 747 180 569 120 -481 -803 -223 524 175 996 -695 355 389 620 -132 769 -253 -128 46 -74 -373 -152 10 -210 -986 -893 -959 549 193 441 178 -150 -875 -88 -67 404 -481 -1260 16 -2327 778 1340 77 -595 588 -197 -237 -577 -384 148 875 -565 -660 708 -434 10 677 -407 419 534 -1511 486 -833 -1306 387 624 231 310 424 -545 596 89 621 -1679 -951 -139 703 -966 662 643 862 747 -1117 622 -353 -242 1232 133 -173 44 834 ]
[-841 -930 524 236 -57 -158 260 -810 -849 618 -1010 -339 -308 -884 -64 -229 426 22 1052 -564 -1036 -417 -1631 574 1202 187 -383 -114 373 -1096 -630 -144 -1271 98 -529 388 667 -404 -1925 -958 -28 499 194 695 802 -979 1002 -531 687 -609 -534 82 -410 -989 -425 -603 -559 -411 1172 288 -182 352 46 614 311 -229 756 225 -1681 719 745 -206 258 -150 -807 -573 -412 -789 134 1857 639 -298 -1081 -880 -18 674 -826 -380 513 727 1404 434 536 -1163 -832 -157 -773 797 -691 -390 91 -561 -247 1028 -322 838 -514 -699 -1794 -197 381 49 -394 60 -891 463 183 330 480 -415 327 -782 60 -384 -1464 520 -277 -39 365 334 710 -80 -535 -796 756 ]
[-227 633 -19 726 34 -716 1391 1446 -1078 203 422 -292 -676 -1119 566 -488 239 792 -301 499 73 636 -858 -921 -344 -317 716 101 -874 -62 96 738 -303 -1341 -928 986 -638 522 -771 -631 103 482 -415 -171 -1611 664 887 -436 -478 353 -493 324 418 -418 -976 714 35 369 691 -761 -771 1600 -618 396 45 126 -1501 -476 -578 397 -822 487 -8 378 -1085 -406 90 -64 205 354 -751 -583 -302 -153 195 569 -195 -539 -477 -95 354 104 140 136 432 -1054 609 404 88 113 993 203 537 616 -45 915 -1198 -756 -148 265 -622 1690 247 -1203 675 376 -376 -960 1558 -1079 699 -311 -190 -237 1120 987 -1230 -16 -1000 1040 106 -410 902 712 449 ]
]
