[[625 43 18 -121 -158 277 145 -130 -435 -678 318 -46 -24 255 141 240 -1398 821 264 90 -559 -578 -8 62 501 -353 -255 -220 668 -23 -535 -441 -75 52 575 820 599 457 -889 -404 12 291 1341 -289 -279 618 849 274 396 -191 584 645 1055 99 328 201 93 -248 -112 -51 -207 76 291 -175 -426 479 152 135 -161 -519 -63 -583 79 -1209 -1273 139 163 520 -176 477 721 725 185 -168 370 -762 396 -308 4 -81 420 -535 -107 461 -175 175 384 215 641 -488 -426 -1310 -40 442 567 937 354 -1054 -267 180 -110 -313 -640 -330 -209 -576 334 -445 -586 -351 427 -93 -156 732 -247 -447 -164 -278 -196 362 301 9 -96 -278 793 ]
[-1037 1141 -689 766 -117 46 -766 -123 280 234 -1128 -490 500 -1193 94 334 -63 -353 335 202 440 -54 -898 379 -526 -162 676 -258 94 -71 -93 -999 203 769 -338 -286 -593 -469 515 87 -31 100 -1527 317 886 40 -993 -158 214 47 431 -257 303 -127 427 -256 -118 889 217 457 945 -35 453 535 192 -181 238 214 370 -306 -443 23 -81 650 238 -25 425 -416 -63 -225 -765 41 -17 -911 252 380 -14 894 -160 -466 -381 -239 401 -588 385 604 -497 -695 77 420 -107 884 194 -285 -176 -387 355 1291 205 -222 -25 484 60 544 -255 164 283 -181 -799 500 -794 -58 -283 -74 82 -282 0 -448 31 -636 -22 463 353 690 215 ]
[78 450 -947 140 572 1008 -259 -384 -821 -415 -205 -200 -205 -31 -61 209 722 144 -134 169 181 45 -830 679 541 -352 673 7 -176 -20 530 -984 91 1046 611 -355 290 -561 310 -508 424 19 47 -20 625 -315 933 342 17 448 21 -612 -261 -78 -100 -47 259 -16 -88 118 157 388 390 350 353 -346 -599 -1275 -105 -161 -750 120 -26 525 43 -594 -125 -287 16 -275 167 454 -17 -292 -850 405 306 672 -73 -352 -164 -1008 -328 -1270 -148 1830 -506 -671 -202 -230 -962 376 -832 498 -161 -115 458 864 -139 78 475 674 132 -648 -371 392 -513 -50 -262 382 35 -51 -421 -313 539 -203 -207 -41 -275 -65 -134 133 254 524 -533 ]
[197 990 -315 180 447 168 -977 -125 190 290 -332 7 -405 -262 276 -126 148 -115 -84 -374 -266 388 -210 -188 158 -25 598 -246 -481 -279 142 91 -297 459 784 -285 -476 -658 -257 -85 -83 -228 169 906 235 40 -258 -611 63 -298 -887 -426 481 429 651 -124 570 -88 11 66 -1070 1458 448 393 422 -1324 102 -437 150 165 -616 -100 21 1028 -338 -382 -331 -26 555 26 -117 364 286 -865 833 -441 -684 2 444 131 -445 -8 317 1070 -369 223 -251 -435 -186 -547 -1148 456 119 357 -236 -216 448 460 -35 358 64 419 899 187 -149 321 -516 -794 -298 367 -1262 530 -115 -495 230 -589 798 314 437 -199 311 719 472 220 1 ]
[-74 -381 -207 -1050 837 -222 -706 438 247 450 301 223 -93 -660 561 -120 -261 2 -19 95 -277 64 493 -1892 841 1063 -1090 -144 -213 -738 26 1138 -433 -1035 316 912 471 600 -155 376 144 -346 334 164 -1124 385 350 2 401 -421 164 156 -195 153 -444 644 615 -565 -166 -440 -159 5 -575 -625 468 -23 936 190 -145 -608 673 76 312 -206 -75 -143 -855 142 589 331 363 -677 106 478 853 -1231 -245 -185 819 -502 -181 -311 -47 942 84 -1052 448 639 468 -769 513 -1204 64 429 -539 828 -291 -998 -643 592 92 -505 -321 318 418 -51 -350 -524 583 -2 228 890 580 -145 -352 -759 -474 676 -443 -147 -66 47 417 -985 701 ]
[-162 -208 401 -744 -276 -423 -141 91 867 -235 10 -337 581 1216 -824 -570 -268 0 289 608 -150 -192 413 -76 -1096 314 427 -221 655 -323 701 -1 -363 5 455 -246 288 -341 24 582 963 -479 -456 -326 -370 495 -136 -51 -896 -496 -80 970 91 130 343 152 -17 -649 -521 -617 399 -558 -704 -571 288 37 186 14 509 275 181 145 637 -331 -251 750 126 1054 -554 70 -353 -446 -99 -321 -711 -163 -120 85 -118 -388 412 307 -357 467 590 65 768 -179 -1103 345 177 -1192 -208 -697 395 518 -144 -598 -262 253 245 -652 -446 351 225 -943 497 211 -45 -491 1194 -758 636 335 69 294 11 -752 -143 -821 -465 369 -65 -484 164 ]
[-648 458 241 -1016 -76 -309 -373 -836 -106 -452 -220 269 -327 36 -1144 79 54 916 439 716 418 -543 0 -616 47 761 -565 42 970 -125 -39 186 -455 10 -398 616 985 223 152 144 410 491 216 -393 234 236 -112 130 -25 116 95 -450 -654 -359 -172 267 -83 -422 247 -309 288 -999 503 -392 202 13 -455 -89 -1078 -267 35 173 270 74 -18 -895 120 -130 -64 -631 612 -212 534 313 199 -170 -717 -389 355 697 -407 -632 654 -438 270 641 -50 837 417 -473 -195 -1046 -503 601 -1110 278 -484 353 436 -737 4 435 -1227 781 464 -677 -36 -518 -582 -28 11 -313 161 -673 298 -267 -550 822 -155 -254 267 -672 -270 -300 224 ]
[-965 479 172 -274 -235 -826 324 -311 1327 -131 -595 588 94 -874 106 189 -135 -151 534 511 981 -747 -614 -197 -153 937 158 -176 -239 -281 636 569 -176 -278 -358 -478 284 -98 -703 1284 15 -334 -654 -518 307 -32 -1100 -128 427 -215 127 -151 -1009 -642 -214 118 -528 702 -406 -517 1028 -482 -121 99 -744 -536 -107 513 -3 -450 -97 99 -988 460 1428 -425 190 -992 282 83 81 -627 -504 202 -237 93 -300 -311 -610 -482 -877 679 848 -274 555 -521 212 251 -631 -214 88 274 -11 30 -525 22 -596 803 27 -103 -764 448 469 340 1073 -168 -583 -711 -578 338 -538 -479 503 -1464 64 415 -11 902 358 -979 -93 -778 473 -42 -362 ]
[-452 409 -631 734 -327 181 174 565 392 333 85 177 -543 -440 1449 -179 -343 -892 -34 -977 51 195 277 777 496 -108 566 -56 -81 -701 277 -683 -118 -150 -579 -477 -1002 -127 -262 782 -686 -673 -120 -17 299 20 -571 213 540 -18 -151 344 140 -151 89 816 -512 513 -239 -232 129 -473 536 -85 -659 -1037 -202 680 392 -161 395 423 -545 32 332 26 958 -837 -823 489 -329 275 -978 316 -18 -71 -174 410 -359 529 392 182 -163 -221 100 -727 -23 319 -103 39 184 571 997 -989 1144 -950 -52 -905 -304 -164 -1095 -495 1155 123 572 -87 -271 144 -561 1460 -172 898 -604 -139 -555 -379 685 227 650 -347 -75 -496 115 -449 312 ]
[52 -134 -86 -678 1365 -280 -977 558 50 -367 -423 409 434 302 624 -740 108 -235 -483 -51 435 707 159 -785 1064 612 677 -330 -62 -543 1653 488 -414 839 183 -192 -152 -347 272 279 397 -975 156 303 -559 222 999 -727 -230 -563 -827 11 -912 207 -129 543 93 240 -682 -473 -356 939 -614 -531 156 -1910 -1003 -1571 -416 -547 -646 134 -434 520 1109 -188 -589 -10 -463 -571 289 -547 -190 -810 -459 -919 -918 816 393 463 161 -55 -771 425 18 522 857 782 -1559 -1076 334 -878 -411 -270 167 36 295 -166 -156 1148 485 -404 348 -1008 833 -468 -596 -787 -88 297 275 447 -39 -1278 479 -706 650 998 64 -982 -558 -211 378 -1333 -911 ]
[-1798 954 -207 553 17 -691 -1051 823 118 242 -927 -526 -419 -1050 520 -272 -75 -370 -235 509 483 1123 903 -969 1180 201 179 336 399 -375 -592 -685 133 687 -2143 -60 -536 629 1209 -544 -519 -405 -1192 -111 613 62 -574 -543 -259 -121 168 -211 -702 215 7 426 -222 1412 857 621 1418 -936 -278 -491 398 620 162 659 -64 -382 564 782 132 454 696 6 -123 119 -377 -1326 -915 -710 546 -1040 159 234 491 290 -100 293 788 -76 -16 -665 368 400 -474 617 699 -202 946 132 730 -637 -660 -607 45 360 969 -272 -516 -89 -859 -84 467 262 725 286 -323 1480 -40 553 -514 175 -961 -591 -22 435 -252 410 -113 314 -353 -427 1208 ]
[531 -265 254 -616 -1046 -1366 665 -10 1081 601 657 -24 -1337 -168 -324 570 264 -257 356 -372 160 285 369 450 437 470 275 -193 -172 -480 -382 394 -63 -720 -169 -864 -186 136 -1128 617 294 -752 325 -612 218 -264 -867 -539 24 424 -917 -613 -126 -1059 162 723 -131 -713 -172 -840 -443 -216 788 173 -485 -521 -382 282 -594 272 755 267 -627 959 207 37 89 -62 184 471 211 -241 -145 -270 -68 -522 -633 -1505 -74 -30 652 956 563 781 -1037 -1000 915 697 -17 -353 -1094 -266 941 -470 256 -1654 -422 -998 623 111 -803 81 1182 327 1153 566 -761 -736 105 1074 -5 236 551 -169 -222 -443 660 875 48 290 306 -722 -294 -219 641 ]
[-1128 -119 464 440 549 -123 -291 162 -526 144 -814 317 385 517 -657 -164 1112 656 -1098 873 59 82 1457 -485 1051 -494 -794 609 371 480 -96 509 -642 366 -1700 -35 61 260 967 -727 -895 298 -453 628 202 -243 14 277 -518 -62 -1265 -688 -961 385 -390 -497 523 415 406 -375 31 -19 -1255 -1017 52 -681 -514 372 -133 861 15 117 -187 1079 147 -468 433 -69 411 -1370 -704 -488 655 107 -737 166 -404 493 -19 1867 -268 189 562 -424 154 703 -717 621 169 -33 -14 215 -591 -27 -567 -20 -182 303 1396 -864 439 472 -194 -744 11 -250 229 650 779 -1063 -541 -472 -147 -447 -324 231 90 445 671 388 265 -441 -320 253 -607 ]
[-72 -89 868 628 -574 -600 -131 -200 426 205 -847 -539 -346 -188 -223 617 -325 516 -140 271 -38 87 -227 765 642 -346 294 161 -273 -7 -402 47 -99 236 -1112 -408 -711 -53 34 -112 -508 803 153 546 505 -429 -657 -618 -229 -388 -753 -1141 197 -468 1104 164 630 45 154 421 -548 622 490 612 -550 -271 -166 -195 -831 438 122 300 -766 1553 -141 101 76 8 23 -965 -1021 461 690 -1780 -341 -155 -547 -520 -128 254 66 1011 1434 1230 -797 360 -604 936 527 -114 -1169 -16 -255 375 -316 -541 -58 30 2337 -474 65 580 -105 -157 54 238 531 -208 -179 -306 -607 -751 718 102 -329 -988 1185 944 -234 366 1125 -528 659 -286 73 ]
[-291 436 668 -453 -268 33 352 -464 -108 -156 -515 -26 1276 990 -184 -379 -574 139 -591 777 -444 -251 343 802 -1251 704 434 286 729 -560 632 -829 -615 524 136 262 -296 60 957 420 -290 -51 -147 603 360 -369 -124 233 -619 -931 -59 -216 -203 278 762 1141 214 -788 -189 -89 -344 -848 148 208 -506 -395 -531 666 68 145 345 437 -101 -316 -888 661 1063 -275 -1491 -111 -58 385 212 -476 -87 -420 -1096 389 255 1370 -2 12 -165 567 -215 149 377 927 -636 294 -121 -440 -327 -365 429 217 -687 -726 57 -1197 17 -877 -1462 1035 31 -1598 1634 527 -136 -914 147 -365 51 528 73 -449 323 -11 86 -550 -158 -310 237 -521 302 ]
[241 -883 -118 630 -301 -223 407 38 886 1078 977 -1267 -1102 659 448 -446 347 -220 159 -1226 -682 903 -136 193 -985 -336 -231 55 -581 238 500 488 653 -1072 -123 -810 -159 -844 -400 613 840 -107 183 -80 138 -583 -408 744 -910 378 -697 711 -179 108 192 -662 20 -430 8 48 -329 -466 598 193 252 -246 476 -299 -53 496 1136 1377 586 1346 423 162 -1048 987 -150 13 -832 72 144 -18 -808 674 648 -1094 -415 -551 861 -344 -774 443 -475 -623 -230 -46 -254 836 376 914 734 -1143 488 -1366 -397 -1454 593 141 -217 143 1405 579 55 528 -604 741 69 1089 591 -158 526 822 -505 527 1292 102 -598 952 -274 -145 -282 -857 -151 ]
[-196 -281 194 -1322 -138 -883 -504 -195 659 12 45 241 -238 -233 -729 30 853 310 -267 899 251 818 995 -1222 627 429 33 -409 799 -503 107 171 -678 -706 236 985 166 467 141 639 770 -821 -262 1084 -828 -38 58 -771 -680 -57 -156 -1097 10 -801 341 1494 57 -583 7 -154 -406 50 166 -271 270 325 -337 590 -631 -261 548 695 795 -559 -738 176 224 110 -26 -383 -327 176 -344 262 485 -1336 -984 -340 637 -58 1541 39 539 1370 -547 -485 609 877 -116 -306 131 -1720 -135 -24 -513 -366 287 -317 5 -25 -46 -683 -63 233 1042 65 437 136 628 -352 332 333 327 -237 114 -1562 -350 625 -127 -918 461 117 132 -308 756 ]
[-129 171 -1090 -690 173 -594 8 673 762 912 -263 476 -1162 -591 198 738 792 -1044 395 -114 -234 -78 163 175 1927 250 991 125 137 -755 -244 -110 -751 391 -346 -1354 433 594 124 -862 -134 -938 -185 -1230 596 -439 240 -229 757 797 -560 -1129 -1083 -555 -1551 1263 890 93 91 -1577 1031 -138 233 86 -196 -1423 -246 129 326 589 805 -99 -1398 1194 153 -676 -12 -1196 1046 251 499 -711 -202 -55 -318 -567 -294 77 107 -40 -716 -45 5 -1255 -947 96 205 -200 -256 -1360 -1386 4 -62 13 -433 81 -4 616 177 -241 -329 801 499 -106 666 811 -998 -779 879 1456 -1083 571 -1031 -1130 -226 -382 -959 903 671 -205 220 -840 -221 577 446 ]
[-163 -260 -253 -992 1296 182 -1033 -466 -370 -801 -934 -99 1169 -189 -856 6 617 1655 -191 646 168 -646 -190 -1290 -713 -872 -1315 -1070 803 525 567 209 -78 -534 429 949 308 -29 -391 389 950 -172 14 731 -974 914 612 50 -305 417 -552 41 911 -133 789 -1325 -171 -477 -641 -511 -1224 506 259 -562 783 -415 -476 -800 -1006 -780 -908 -227 915 593 -1173 -305 -343 932 368 -603 264 614 454 -859 500 -904 -1176 1065 1043 64 601 -1414 832 208 221 486 926 531 234 -661 -388 -1498 -882 284 -302 -515 733 53 -736 477 1289 -197 637 239 -137 -407 385 -998 -222 -745 293 -248 937 -473 422 -1189 446 438 107 -194 191 743 -499 -314 -511 ]
[954 441 393 -389 -808 1253 157 -169 -344 -161 940 -301 -1392 1331 -84 -1326 5 -64 53 -921 -474 -461 603 151 -377 244 532 866 -516 -563 -123 -331 -830 -1123 865 -667 -1017 138 204 407 -301 -241 1259 -617 -862 561 539 39 -532 -80 -1243 652 237 315 849 239 703 -1353 -556 156 -1388 119 537 -968 -743 52 18 -242 -41 1011 265 -47 939 -306 -1747 884 441 604 -114 677 478 570 363 -403 -8 317 -141 40 -55 143 684 455 257 576 -433 159 560 90 573 -701 -1927 -275 275 297 63 -474 -170 -845 -940 548 -591 -404 -36 -192 -242 59 218 241 -358 1012 492 493 227 401 276 -46 751 -478 197 347 -271 1237 -401 -576 781 ]
[-1009 -589 111 -407 -366 -861 207 492 1164 281 309 30 -1237 408 -36 -100 61 -223 178 22 -225 940 780 -908 869 589 -43 -337 519 -513 339 670 -626 -116 -781 47 627 -84 -107 574 92 413 844 174 394 -275 -1144 -462 491 374 -4 -483 -730 -535 224 1123 411 -698 345 -296 -847 -303 122 -170 248 -663 100 46 -973 237 550 1251 -313 380 710 -484 -458 -135 495 -652 -1034 -525 108 608 -349 -201 -498 -708 214 -365 585 624 512 1050 13 -1017 -440 388 99 -577 172 -285 566 -299 51 -528 -690 -338 1599 -538 47 -274 231 922 138 243 -1210 -31 -300 557 -430 284 302 -373 -720 -597 418 1900 830 568 627 -1702 492 -1483 486 ]
[-190 -1219 -49 -289 -1297 -603 1195 -290 293 -177 69 -44 1488 819 -1667 458 748 547 -245 129 16 742 773 -402 -468 -304 -532 43 664 1522 -145 -156 -508 -102 -260 406 628 62 894 360 371 -88 -167 728 37 -828 106 623 -610 258 -604 -2 -801 -573 -260 -817 253 -361 559 -473 -312 -489 -261 -179 -891 -268 -1328 508 -419 -108 343 385 623 -517 508 114 1026 804 260 -315 -404 -308 394 1022 -833 -200 128 279 -220 92 1380 -189 -828 237 -798 550 779 69 -205 779 909 503 202 -937 403 -903 -182 -724 709 -360 582 172 44 -227 -541 -433 -600 885 174 -1982 -178 -808 -135 850 538 915 152 -1133 237 96 -697 -809 -767 449 -84 ]
[815 81 797 -862 1131 -582 -1311 902 867 -406 -298 533 -1164 990 409 -601 138 -10 -126 -732 149 1164 1087 -1171 109 563 361 -223 -316 -713 196 1170 -149 -291 562 -888 -176 -205 -662 309 440 -655 525 354 -705 243 440 -1212 -994 -681 -457 638 342 932 -169 512 -148 -441 -186 576 -172 669 -833 371 1392 640 631 290 1035 -8 -469 687 247 -418 249 -331 -1289 674 350 -778 282 28 -246 402 771 191 230 -1230 825 -21 -123 1062 -188 1137 -122 -340 -280 -19 -719 -250 710 -561 -327 525 -95 1469 42 431 -51 291 -276 -311 -139 -282 457 418 254 703 818 906 260 -128 173 -1061 -304 886 84 -259 201 -337 1086 395 266 172 -355 ]
[-578 94 344 -905 140 189 -1065 804 18 299 -828 -492 1224 489 -357 178 -558 98 -404 -215 198 145 498 -359 -491 -14 -786 113 -260 -711 312 405 -1647 561 -81 -82 -474 -88 1108 871 -615 600 28 657 -449 113 -606 -849 475 -1301 -661 736 1062 526 1434 207 990 -1808 -338 330 -532 -142 -626 -545 41 -488 372 -641 -153 -229 -1085 -224 878 -147 -451 482 561 612 -328 -564 -350 90 995 -748 419 -317 -964 1443 1502 329 -88 996 111 1140 -55 370 169 -451 415 -75 69 -213 474 69 968 44 -690 -594 78 349 929 -210 -957 617 -984 -1088 185 -421 -836 -471 -386 284 983 837 -108 -968 425 -776 -69 -497 754 591 173 391 848 ]
[608 189 144 -644 -810 1607 377 -109 -420 -1412 622 1400 -517 1937 -1028 944 -622 659 568 -191 -756 -1901 444 1463 137 379 -629 425 94 -185 4 -182 187 -305 -175 160 530 -980 -964 985 345 -447 607 -1185 527 1426 775 1611 -143 -287 -401 915 684 -477 37 -207 -408 -1304 -1200 -1939 -807 -917 515 -944 283 -163 -643 -380 37 810 542 184 562 573 30 -1070 1745 65 -773 191 12 759 -1018 1302 -588 331 -481 215 -12 828 -235 -199 843 -482 1093 1153 -2 434 70 200 -791 -1395 -1205 16 504 686 -98 -1992 -314 -1138 -67 -47 -44 284 137 -1427 -566 382 381 -686 2356 -850 724 30 -285 346 -177 -808 451 -942 520 -977 -377 -342 -918 ]
[442 -352 -731 -373 450 -279 -704 -1009 49 60 -749 -345 215 -772 -405 -121 419 653 843 -395 530 758 -1167 -500 -368 -357 -318 -1708 284 616 730 31 732 -129 1000 47 445 182 -363 -250 1590 -68 148 191 -104 83 -494 400 185 256 438 29 -295 -8 -293 -1438 -1107 528 310 -314 -463 239 1169 815 383 -380 -1006 -839 -638 -506 -600 12 589 470 408 -888 -780 550 -156 141 10 -133 -179 66 389 -717 -412 -464 614 -75 -487 -967 172 55 893 93 439 850 167 -953 663 -499 -740 358 -920 -567 446 564 -217 186 237 250 305 665 -133 765 -667 -1379 -999 277 -453 89 -47 -1030 352 105 350 644 -735 -744 -858 -134 -60 -647 -508 ]
[909 1178 -9 -358 -769 1078 -112 -593 -1445 -965 868 1627 -210 892 -1365 -283 -567 -259 308 -825 66 -974 869 520 -275 399 -248 1154 287 260 -355 -81 -856 -96 5 1316 -220 -420 788 -404 -875 295 526 -175 389 165 1529 973 63 -267 -1184 -524 -326 411 -306 725 198 -343 -352 -548 -1073 172 979 -1003 -461 -870 -1073 35 -146 418 -79 -738 -67 -1031 -226 -263 859 -140 -603 566 832 89 245 1027 703 -100 -1299 96 171 1352 274 -563 -771 -152 -737 392 276 240 -102 -1 -1079 -64 599 -73 -95 -462 -229 -920 -437 -56 -446 33 -875 -91 329 -1193 -485 -807 -406 -796 -211 1008 -1256 520 811 -206 -19 -70 767 178 99 -276 -351 232 -38 ]
[221 538 340 319 -1243 -462 719 341 453 -777 1196 161 -870 1000 -124 -650 -942 -147 337 -720 -572 694 1412 -517 332 249 367 -483 -297 168 262 142 329 -461 164 622 818 -420 -933 -82 112 -302 1617 335 650 -429 -173 145 -139 -605 -415 422 187 788 68 340 -608 1011 702 170 -1319 -90 40 -37 -56 -154 -159 751 178 -277 559 4 -560 -1157 603 -469 -405 324 -258 768 -580 -577 -284 517 428 -288 521 -1990 -1054 -264 869 -98 -700 1066 72 -447 127 487 -744 21 49 417 1616 -602 731 -710 279 -1170 132 378 -1631 -561 1033 295 512 -338 -976 -357 -1374 122 206 -227 -486 -170 -131 930 1851 636 646 1941 -231 -164 344 -690 445 ]
[496 831 362 730 85 387 151 -1191 -1218 -536 -3 1059 106 174 67 -1029 1074 -310 -742 -277 564 672 -47 1013 -593 -22 152 18 1105 690 47 -1176 718 336 312 1387 -776 -526 869 -1148 -290 206 -189 544 681 -73 365 189 -117 242 -427 -1155 -572 -55 431 148 -1354 1235 322 1380 -1169 658 1004 -102 257 -268 -1690 -197 -142 344 -1244 -562 -87 -791 251 716 1013 -775 -888 381 -15 457 21 283 907 -8 -1579 -148 268 1602 79 57 -55 -21 325 81 30 491 -269 -155 -168 824 -28 -268 -365 -1155 -396 1209 -142 -683 -182 -343 -306 4 647 304 413 -466 -77 -277 -898 1160 -1948 -174 435 -507 199 537 841 92 -956 -364 -356 -654 -303 ]
[-779 1573 -778 140 40 -39 -696 -728 1724 341 -740 -968 -1194 -1260 347 -426 960 491 1034 -314 -326 -399 -855 -145 -170 203 60 88 68 -1031 494 164 -473 -1466 -474 727 -375 -767 -268 698 431 -135 -467 -309 -53 258 -142 210 -396 156 -724 -925 187 -527 643 978 87 981 135 257 840 -571 1618 -72 132 -981 727 -169 -38 -688 668 987 99 1493 -144 -530 -530 -416 154 322 -689 1087 275 -793 172 -284 -308 -293 -32 -1624 -206 -803 371 118 -644 -370 -604 180 -368 -21 -981 -211 41 -330 -1083 -623 29 500 138 -26 -652 1131 1376 896 1182 357 -65 -983 -742 2312 -45 148 -579 -375 -93 -1352 249 1507 -164 -669 736 217 122 -200 979 ]
[2 -88 -66 -677 1135 848 -354 302 -821 -379 -964 69 843 11 639 779 1 420 -952 -36 -376 276 14 -463 595 291 -1150 -106 -56 433 577 -562 528 840 -264 417 879 504 1854 -1161 109 11 -323 -409 133 -1088 1400 1240 26 -809 119 -243 -1305 888 -104 -581 -85 838 525 145 205 -383 -374 470 648 439 -580 -324 332 -392 -533 324 -56 170 393 -453 -597 -436 58 -1040 -38 -560 618 -802 658 -251 -267 235 1342 -255 -78 -785 -330 -1126 185 1376 -630 852 133 -1380 381 484 -1241 1033 -578 1326 176 232 -130 -865 597 477 -1849 37 256 150 684 -77 185 -831 -328 -662 -269 -218 -385 529 -4 426 -346 685 -290 -259 182 -196 -303 ]
[-1146 448 -1589 601 291 141 -1199 87 -376 -535 -1028 -201 -115 508 -294 -975 1472 368 43 -59 666 456 1598 -1005 -252 -583 637 -477 167 -480 774 -793 -448 -257 -224 -867 -404 197 431 46 855 -469 -910 1258 685 54 -194 -103 -968 289 -1298 -214 -193 810 308 -565 -172 109 191 -231 -804 -54 -101 -59 854 -144 -721 554 503 -601 90 900 -96 885 13 -648 -926 1369 24 -1297 -1966 148 -213 -482 -733 352 -2 287 -27 474 1014 -1293 -355 -476 236 448 188 197 -120 22 -385 -64 225 -538 -158 -1666 127 540 502 11 -138 -635 952 -231 -473 180 -261 351 -592 658 55 115 -322 -34 -419 425 1385 45 364 633 -412 712 494 -159 301 ]
[136 995 -838 554 748 -375 -1062 -657 50 -79 381 -308 -130 -735 -357 471 93 267 -415 743 112 382 -371 360 257 -462 -76 -374 -232 101 574 69 607 1328 126 -869 247 -1816 -751 681 476 -461 -697 1060 179 7 -434 675 -384 263 -734 -339 -280 420 -147 -1168 64 -168 -295 -1266 -218 905 -130 421 1320 -1405 -590 -257 175 0 -442 453 1223 1400 403 -817 212 432 109 -727 -476 -100 -482 118 -556 -828 -533 323 -257 723 232 -835 576 386 749 1196 180 -395 -877 363 -13 -371 -748 -190 -544 -426 1245 -596 110 47 347 554 1229 -361 117 -296 -504 -524 252 -570 -134 -84 930 -365 418 -6 169 -431 -368 -1342 33 171 65 300 -1019 ]
[-1471 800 -70 453 151 -674 130 -582 1526 229 63 5 -406 -1132 921 -6 -383 -1131 298 751 212 147 -1747 -356 178 1129 544 631 507 -293 121 -125 -22 469 -198 301 738 -1077 61 824 -97 -12 -127 468 897 -741 -660 -798 999 302 1102 -1209 -559 -859 -453 734 414 425 23 -96 300 -646 799 419 -443 -643 37 -185 -298 -329 366 711 125 242 832 270 387 -1682 187 -245 92 71 -30 362 1099 -361 -824 816 -495 -511 -563 -318 201 181 -331 312 -38 -768 -494 -15 -123 561 512 -148 -894 311 -197 959 -464 -155 -395 715 -117 1285 -135 38 -475 -403 -120 313 -1752 170 -66 -679 28 -1248 -1122 964 -64 -477 609 -911 -49 174 265 ]
[-79 -849 -708 201 993 10 -585 -549 -204 578 938 -561 -145 -424 129 254 176 1703 -444 295 890 -533 13 -958 1397 -546 -674 -723 -239 -68 241 697 -384 -877 1541 29 1090 -204 -1441 -162 1092 114 838 955 -727 -283 497 826 279 -353 -308 -144 1104 -283 -496 -1137 553 -89 -668 -144 564 500 -509 -1054 -1205 -63 572 -762 -301 -364 -713 -991 475 154 -1179 -474 -675 290 833 538 897 202 221 8 -261 -812 984 -312 -549 606 -650 -1016 109 342 40 700 25 -674 754 -408 -1015 -956 343 940 207 330 608 -695 -1190 1269 -855 815 881 -1287 426 541 -1462 -322 -732 -468 -419 -239 1135 -903 254 -176 -27 -668 -1278 178 339 591 228 699 -171 ]
[879 355 -806 397 216 392 -516 -204 -531 670 643 -99 -609 -1015 45 308 -915 -681 472 -1096 733 878 -565 960 502 -978 664 -686 201 -388 241 -250 396 543 124 -119 -1013 -571 504 -590 336 -9 -139 1462 90 -1079 234 12 414 79 795 -688 707 170 -401 724 -469 345 -481 718 38 371 888 519 -236 167 -710 -407 180 -803 -644 -608 236 -1268 -105 22 367 -228 -1406 431 452 233 -481 714 389 -524 -468 608 -164 764 397 -469 -1394 -159 -606 3 27 -695 -331 828 640 53 1100 -496 726 -1218 1161 -145 -755 903 -288 -71 -510 -602 271 254 -48 -393 -552 740 -423 1267 -374 40 313 -1112 222 -186 -388 -374 400 -35 -25 1021 -124 ]
[506 748 -1232 -110 -186 1041 588 201 -1074 798 593 -788 124 -452 -103 597 580 520 -447 -119 -1110 -414 106 733 588 -250 -111 -263 99 -444 -107 -622 -566 111 454 -921 70 58 535 -962 -9 -4 493 -234 393 -309 -341 1034 1153 934 436 -534 115 42 -780 353 901 -1030 62 177 -233 -529 84 -401 -100 -452 96 -928 258 374 -503 -1047 -60 -326 -1640 -25 1378 -1080 152 1682 402 -739 361 695 -663 -746 528 922 -43 178 -686 -529 463 -804 145 362 791 -1163 843 -404 -502 416 331 132 828 -575 748 428 -648 -125 428 282 -118 1 -858 763 -769 -112 -262 704 -35 778 -627 13 469 -30 -589 -317 789 526 -679 -2 -692 422 941 ]
[269 604 -67 1156 421 592 511 -1397 -499 -507 41 -665 -385 603 725 -746 -602 82 126 225 -196 529 -1000 1473 162 -906 -402 136 1043 -160 1364 -890 1017 910 285 775 852 58 215 -423 169 790 431 135 491 -823 272 729 -12 -189 1062 -350 -347 624 658 609 -1581 1217 580 320 -269 -783 987 999 -420 -341 -1659 -743 -110 -1137 89 601 420 -1048 445 -531 289 -501 -1968 -120 79 1087 -41 324 -463 -531 -777 -645 150 467 428 -902 -1064 -348 297 371 -830 975 -1382 -39 1260 -178 -1245 66 224 -22 80 -287 659 -919 163 175 -1299 -165 544 -677 272 -760 -1074 -237 235 -587 -1045 415 -190 -325 45 1301 -470 -905 91 -1635 45 -384 15 ]
[526 -37 1009 -102 18 -37 163 214 1890 839 -591 -444 -971 -1056 785 867 -1079 163 747 -594 -430 -85 -1446 -600 -78 75 25 -452 -802 280 -45 712 251 -554 319 -41 397 46 -1238 1080 834 -248 204 381 -329 -312 -682 -1151 285 -285 1152 805 1252 -807 672 -518 372 -600 -184 252 41 154 494 629 -529 1336 1057 463 256 83 321 -53 439 167 -40 203 -224 -304 736 215 -318 640 -660 -411 1199 -40 213 -462 211 -1895 -209 1376 984 1164 -519 -437 64 -399 336 -558 -285 177 155 -6 308 1016 115 194 -338 83 -149 530 245 1012 126 1099 543 432 -32 406 -540 -913 1846 -138 -608 -269 -124 -434 -740 -95 1136 460 347 320 444 ]
[-528 -503 -1130 -81 -550 -139 368 426 -85 765 -47 -784 976 -1582 -29 895 266 -661 302 -1191 837 297 -306 423 436 103 -905 -184 128 -119 -753 -98 -623 100 -1265 -337 -1361 -249 621 703 -865 -49 -745 -260 -554 213 -1238 -639 1093 44 466 688 -6 -793 -412 -218 -22 -59 216 286 607 -270 -390 -548 -411 -1439 353 -747 -657 -1213 -1075 -617 -722 353 1354 -453 960 -494 -74 746 931 -1520 -448 493 -2 -288 289 618 -76 -821 -14 528 -591 -915 -521 -834 -41 -548 537 966 629 680 1866 -311 1542 -1585 423 -707 486 1711 347 259 792 -350 -1 -103 -1356 94 -1085 910 180 772 -558 629 550 35 807 59 383 -9 -917 -320 -147 823 21 ]
[551 203 294 -57 515 188 -304 -613 303 605 -361 -114 -173 -473 -1669 362 1353 -55 197 625 -59 307 -471 -379 163 1134 -574 507 -6 258 -1191 223 440 -491 -155 247 -811 -763 348 -97 -53 -64 -837 900 426 153 -331 -681 283 635 440 -1118 254 -765 -217 -316 750 -493 330 310 -738 266 395 -44 1007 101 541 -969 -9 -105 76 134 291 2000 488 -899 -346 -429 1297 458 937 -633 759 298 113 -129 -194 -542 408 -697 -1265 641 561 339 -983 97 -324 -496 630 813 -816 815 -168 352 -610 -847 -682 568 1183 -82 1122 565 -271 204 -614 1004 -907 -15 1037 -68 124 306 581 -427 535 -38 -282 -104 154 595 123 -257 -125 770 -293 ]
[-174 -1001 236 861 -221 1062 645 328 626 110 -47 -458 -102 1334 630 -547 463 397 -363 -462 -1901 489 882 -57 1023 -561 134 116 898 74 -21 -175 -847 -426 -651 833 -348 704 593 -242 -415 80 611 870 -1200 -140 963 174 498 -592 -331 978 65 407 948 -357 485 994 474 -294 -1336 -290 -711 -793 -293 -1199 365 -747 1035 66 479 168 143 -98 -454 723 20 1187 -384 -99 -1271 466 322 -436 -387 -368 184 636 -63 -539 825 287 -589 776 -321 -388 -193 409 -96 -142 159 -176 -111 -486 1004 720 167 -1510 920 -74 714 104 351 -670 -430 174 227 652 179 -871 12 -278 -362 1125 -993 13 611 287 700 1298 -185 468 132 -1130 713 ]
[340 -538 -716 670 89 -50 563 -588 412 -88 1237 646 -905 -347 140 10 1555 -143 -565 362 1249 -422 519 1227 -524 -1414 -1018 136 -294 -88 614 -130 372 -724 76 -998 -572 -489 -1527 845 335 -207 63 416 -149 -898 -167 766 -217 1454 -1050 -876 -385 -673 -241 -304 -1234 -1317 -1156 -1637 -521 -173 178 -107 -733 -319 -488 562 264 144 -101 238 -92 425 73 -35 802 -78 -101 300 252 -404 -1078 1200 -1380 114 -359 -538 -357 192 566 -5 -295 -497 -272 -750 453 -581 -344 557 -954 5 504 -561 651 -1718 441 -765 -615 272 -560 211 1892 -805 913 812 -1077 -467 547 -359 236 156 866 -221 287 580 381 208 -17 -29 804 -883 -243 523 -645 ]
[780 -184 498 942 405 520 671 -97 1078 -218 368 -33 -684 -184 1169 -602 164 252 -494 -8 -569 368 -144 818 14 -1363 865 -495 168 -92 600 -157 -467 449 757 114 -355 -716 -282 -250 -445 492 1620 341 -1055 -867 1890 285 581 150 -51 156 108 150 434 -110 -284 552 7 490 184 1059 99 322 -298 -371 86 287 773 557 -1091 -143 440 -1276 -1127 450 88 -313 775 468 292 1133 -510 552 -714 -153 179 459 -178 -987 -49 1026 25 519 -396 -14 -59 -1171 -343 -706 -809 27 -921 559 307 1175 676 1216 -1070 496 164 192 1253 -1122 -131 830 1028 -239 452 -1 -1059 158 -306 -521 -77 175 -326 -157 935 -383 443 534 -10 111 -91 ]
[147 -53 54 -1340 -583 154 -768 320 462 -857 -30 1083 -277 -454 -488 1021 -582 253 169 352 259 -22 398 -457 -84 1028 -380 -281 188 194 -172 154 291 -718 -212 481 -338 203 287 241 1080 -380 -278 -361 -536 549 160 275 -100 -20 25 -429 -813 -372 63 275 -31 -33 -442 115 -187 375 434 -98 836 1510 309 447 677 -88 -569 744 889 -663 482 129 -19 480 385 -248 -508 -539 178 -210 972 -394 -10 -747 1240 -1217 775 551 1310 883 1068 129 -10 242 988 -105 555 -489 -1 64 -851 977 -21 -325 -217 -763 -133 -361 -1103 -36 792 756 -132 -714 566 -523 630 694 561 -536 -318 -168 -103 56 380 -350 130 -323 -117 -1178 230 ]
[32 -113 133 -273 -315 672 1009 -270 55 -768 764 110 -1152 1431 278 -425 -47 -57 470 787 -1614 -1141 -525 -1058 -382 -362 1206 371 -46 347 372 38 344 -19 871 -17 1349 97 -711 24 -101 -24 935 251 273 303 243 137 -293 970 41 548 146 608 237 -36 381 -254 -22 -755 -918 894 -184 258 -93 376 77 727 166 599 829 -396 -164 -459 -1806 428 -164 109 1301 -540 -434 1034 -263 -374 -176 288 416 544 -1424 14 599 -1535 -305 -418 -5 623 -258 -705 -324 -594 -1249 143 -477 364 -124 1212 1003 598 -1017 -286 48 106 647 -392 -1083 -243 -102 318 -229 -923 -251 -1008 -181 -367 410 357 281 75 759 1491 -7 650 28 544 -310 ]
[181 -502 -1442 565 1082 -42 -1467 766 416 289 -552 -166 855 -243 -100 907 442 -278 -347 -587 561 183 -26 -95 -39 202 394 15 495 289 287 -1049 -482 525 775 -460 118 -695 859 313 636 -581 -1727 172 165 -97 900 101 23 208 -557 53 66 -655 644 -709 866 -187 -596 158 707 478 -44 -169 340 -852 354 -1158 351 -482 -718 264 307 769 685 599 -286 25 936 -554 -943 -820 -75 -588 -408 -166 -477 1314 626 -1724 942 -238 -197 109 -414 1052 710 -1286 -399 -553 -204 32 -370 -485 527 427 766 1178 375 835 1034 583 44 -332 225 214 -778 508 463 -665 -502 -91 -92 650 475 174 -337 -1389 -7 -1197 238 -55 503 -549 317 ]
[208 -370 -257 -227 -211 46 69 818 530 -669 -240 214 -529 1124 -554 -128 1112 -1225 -248 -475 423 1999 1191 276 -216 -1295 686 162 -134 -138 147 308 -193 526 -290 -929 -698 404 1896 -1318 -493 -524 393 -38 -368 -854 172 -1533 -644 -439 -600 -444 -839 1318 -254 -930 -883 481 702 -88 -822 543 39 230 292 309 -628 -545 665 465 -824 127 427 -656 534 -174 -787 386 -76 -960 -779 -71 127 -26 586 629 -49 -180 740 507 3 703 -1075 -49 98 -142 -708 -882 -660 -544 1109 638 225 5 -489 -149 855 1391 -534 299 -386 188 -586 -498 -363 1059 -32 19 737 626 -617 725 -1393 -344 -496 253 529 1078 514 169 296 245 -1313 1233 329 ]
[-243 902 181 -812 -539 -127 -669 -201 121 343 -380 531 -606 -673 -605 326 334 -217 617 182 681 802 -518 -743 715 -312 576 -172 -103 -48 -1387 38 -93 463 590 92 -499 1139 62 -416 333 -701 -842 -60 405 29 -913 -886 90 -72 1142 102 398 -55 460 244 -391 -528 603 422 890 294 443 29 -269 1082 144 258 12 -410 98 -130 524 -663 -278 -45 714 380 212 326 303 8 771 318 633 -12 770 50 281 -395 -266 -437 -759 545 -106 250 -131 -833 998 -86 729 444 543 571 -874 513 323 988 -108 270 -403 463 -1173 -423 422 717 -678 -987 -350 919 -591 512 -498 -330 446 -478 -849 -715 -269 -1139 -20 532 -221 1358 1146 ]
[451 -754 470 -2 -399 499 1172 684 -1376 -318 982 638 513 920 747 230 509 -609 -1266 -98 -95 880 1375 893 649 -1661 -639 260 -542 -30 -913 -339 23 1413 -192 -309 -153 1030 -163 -786 -956 133 1396 -631 -448 645 -160 -514 720 -623 -622 1273 722 700 84 -1081 -969 -981 607 -650 -1134 462 -516 -233 417 -52 -654 -3 -435 542 -308 -926 96 -541 -212 -65 1077 949 -492 88 -49 541 -216 167 214 75 -324 7 749 2003 -161 849 -98 340 366 -694 403 111 836 -566 645 -324 -308 708 976 -721 -785 -1116 -47 249 286 -1191 457 -515 -368 -330 231 -166 1365 -317 48 925 -593 1177 -360 -616 145 -284 339 357 -942 111 -935 172 200 ]
[337 -1320 1081 -202 -856 -933 688 1219 621 -25 739 111 255 1326 461 553 -231 -714 -397 454 -58 1000 462 535 -269 730 1210 -122 -627 305 282 67 413 1833 22 -1353 153 -261 327 104 858 -1108 -51 -279 742 -1078 663 -1391 -40 -302 251 146 184 -644 325 -47 -458 -13 75 -330 -126 375 -330 555 -179 733 -251 -1045 201 1271 -606 568 154 238 885 767 -1166 730 162 -1057 -113 -100 -346 -1598 58 595 274 -271 272 -427 1396 1720 -782 -17 -943 559 482 -616 -476 -299 -48 452 388 -175 869 -231 170 -169 -6 349 322 -70 201 -363 -661 874 122 129 612 -266 596 -321 851 298 -867 733 -19 -540 -680 673 -330 1135 -698 372 -325 ]
[-63 -43 163 -313 5 1027 -202 -601 -1063 808 1310 933 -611 -227 44 183 919 18 -319 73 38 -1069 -214 -320 -70 -336 -437 1057 -216 452 24 1147 -807 -570 -387 301 161 0 -104 174 -75 482 -11 -337 -192 392 142 672 62 949 -772 365 -590 313 -1155 -352 533 -823 -129 -422 279 262 745 -1227 -506 -628 580 409 -362 1265 327 -57 284 471 -896 -590 -316 -816 1145 -369 164 964 -260 1181 85 447 374 494 129 2055 -567 -1316 319 -725 -5 -85 -754 -372 1111 492 318 830 361 294 -841 546 -204 -176 -751 -876 -350 581 543 -425 437 -493 -443 -97 468 -84 -980 412 -517 -543 427 -75 -832 -202 297 -594 -412 222 -861 997 -954 ]
[389 -1193 1073 191 251 -32 1078 924 365 266 106 628 1342 454 -91 491 -218 -1357 -694 -325 389 1055 377 -19 474 -581 -661 62 -664 297 -2 898 139 -8 -392 25 -34 -986 470 72 -557 -540 478 707 126 -1062 388 -271 -167 -332 -435 179 60 -153 -581 82 120 84 -652 595 -179 669 -1095 227 -388 -112 156 821 -13 505 166 120 -852 -509 1346 703 578 -938 225 -206 -786 -402 -556 1910 74 385 -373 868 -355 377 209 600 -722 403 -759 -99 -75 -376 -875 1128 1201 1293 202 -647 455 -216 92 94 485 578 89 -408 622 -96 -38 -564 452 873 1592 -767 -214 -989 -193 -255 -151 45 491 217 263 -72 84 -598 144 1574 -1513 ]
[352 -938 488 239 1034 240 -874 759 -1172 421 -234 -111 -96 -213 424 50 -674 -606 -439 -40 218 -159 479 -725 2226 126 -829 72 200 -161 -435 259 49 -981 -271 232 191 547 194 -1240 -607 889 -198 -1255 -1471 463 1395 529 877 -94 72 935 -858 584 -949 225 501 1250 -643 366 1114 330 -2498 -1284 357 559 701 285 1166 168 -273 -1143 -203 -1230 63 893 -198 -107 868 449 573 -1223 396 68 -570 -571 609 274 318 -301 -221 470 222 -329 858 375 -86 306 570 -48 203 118 -143 262 -19 1814 -153 -37 453 1023 36 203 -1125 -1990 115 330 111 -566 177 -935 -266 -405 -49 -781 -540 537 -1304 -1043 84 -155 -109 -456 459 40 -150 ]
[478 511 -88 -566 824 183 263 -67 302 -849 397 589 -538 -784 329 -313 604 -196 -205 439 450 100 464 -915 -1407 1079 581 -87 -757 -878 493 455 -503 -682 440 -652 -506 -388 -787 1918 -15 -1167 -500 195 -684 473 591 312 -768 -79 -846 464 -959 -52 -584 -273 -276 -802 -1317 -272 242 -135 -191 -204 242 -40 175 509 587 -595 175 250 -229 -124 511 48 -476 588 228 352 -30 -242 -1291 1148 -1165 197 766 45 -719 -284 109 196 473 43 242 -1093 1410 -251 -697 101 231 -417 -261 -528 90 -406 -674 -170 -942 823 -674 -692 1161 -190 976 354 514 1289 966 602 749 544 1143 46 575 553 139 -551 194 -602 -730 677 412 -340 -529 ]
[-283 -1236 1102 565 -805 415 291 -30 -442 -70 690 -768 -636 1813 -901 61 -994 -119 432 -489 -358 -34 29 -70 -214 334 180 593 -451 771 -804 521 717 -474 -389 -343 507 -389 269 -841 1163 925 306 -485 380 867 561 617 -561 -880 950 1117 -6 354 -962 -1179 779 -32 -166 105 23 680 -281 -374 376 1218 678 -434 -28 1506 1029 334 108 442 398 141 -1255 1198 -157 -619 -1075 -87 276 -284 138 1141 1142 -1133 -998 -79 301 -15 -551 197 -377 877 -618 -166 314 692 -68 -118 281 314 246 706 -44 -1649 952 523 310 -301 -1166 -480 -631 -194 22 1077 328 -1036 1186 -1311 -79 1105 -531 679 448 -319 -688 2023 -196 -16 -81 -255 -1306 ]
[1307 -24 106 -228 28 -201 536 -517 42 32 -72 0 504 751 -1786 985 -742 1378 861 -389 246 -746 17 894 289 -941 798 122 599 106 -184 -493 -341 262 31 -653 601 305 -332 -466 -10 455 622 479 265 -1163 397 223 -228 119 672 -177 898 -143 -259 -68 -25 338 83 -447 731 -1135 462 607 -969 -6 -199 -254 -35 -595 -57 -539 -755 -452 -674 -1180 -98 -689 -231 24 2051 197 530 -195 -608 445 -412 -378 -528 1034 -881 -87 -124 -914 -1577 270 80 624 -374 489 -954 -241 -480 295 512 -189 -173 453 687 -100 -161 657 -778 58 -168 -800 443 185 -324 110 -483 -1076 -55 -1102 652 212 -238 118 -254 241 1096 -724 -317 1390 -305 ]
[705 -420 -259 -797 498 -105 -1051 616 226 1260 538 346 135 375 -398 253 -1588 -627 477 -1114 -406 114 257 -636 51 1223 -1261 303 634 -36 -340 56 80 -346 -840 752 -246 -281 879 202 -48 -256 -402 705 361 -358 806 879 -203 -705 210 713 407 369 -812 1260 741 -572 -418 -72 618 -900 494 -425 76 -478 419 963 -189 -446 1612 439 -418 787 139 -466 -390 266 -323 -288 909 -422 227 277 734 -619 -704 159 619 993 173 -997 -1810 -70 -1478 148 314 841 298 -70 953 -1001 317 -525 284 328 61 -1981 493 -479 364 -327 -2153 1075 703 -1819 213 462 198 84 341 566 -436 309 -125 121 232 -364 -627 245 107 -712 11 -571 468 ]
[99 436 -96 59 621 1115 -716 255 126 941 -433 -678 -94 615 -354 73 685 -132 -232 -627 -909 180 -700 499 159 15 -784 1055 -806 -105 204 606 -373 -299 62 -66 -122 -529 739 -69 565 -250 -409 -252 196 -550 100 220 -633 -39 -381 227 31 390 488 -191 1249 -1467 268 -722 -242 -273 416 -425 267 -762 1030 -1345 874 1072 22 1237 654 2147 447 94 -548 -34 8 -286 -1431 -141 399 -177 331 920 53 358 1344 -1019 -563 206 -595 235 -414 748 -617 -296 -203 84 -701 1000 -337 210 -432 473 -84 -606 344 -208 687 934 -17 781 14 457 -364 -200 651 266 -4 -763 -503 636 -326 298 -232 346 -851 -63 414 388 43 628 143 ]
[564 -368 463 -78 -498 -433 697 984 465 -214 1071 497 -492 1388 151 -169 -1303 -621 -260 -863 -644 536 1063 28 374 -444 963 782 -6 428 -689 437 -353 687 148 -443 441 -136 -475 62 -1024 -207 1165 37 -455 -596 -90 -483 52 209 -610 710 282 1259 590 7 570 -751 717 -651 -339 -253 -135 660 154 -1111 -50 124 161 312 326 412 -145 -331 14 -256 -1077 505 -309 -353 1300 212 485 -69 307 102 193 -250 -128 887 677 577 -939 736 -622 -811 298 -53 -533 -437 199 245 786 -56 597 181 -72 -1179 49 -93 -342 -548 380 99 -381 -1079 -318 452 335 382 -467 295 96 666 -564 408 463 522 602 1149 300 -184 -456 -97 983 ]
[-1029 -607 81 466 306 406 1083 3 880 276 829 721 -271 -439 986 -83 1266 -747 -457 686 -166 -971 444 -1089 736 505 -619 891 186 -55 213 820 536 -1708 -632 522 363 864 -375 520 -290 -1412 -858 -176 201 274 -481 112 -397 940 186 502 -520 -503 -783 -124 -587 1058 -139 -756 -217 -1143 -569 -1073 -755 -314 278 1003 933 -234 1868 871 -73 239 606 4 676 -1511 687 542 -455 -432 -901 1703 327 161 352 746 -518 -30 58 -348 115 -460 853 -1703 -146 398 -620 731 935 654 406 -1405 159 402 -556 -434 -1486 -422 -574 -960 1693 -210 1234 -195 -662 938 1575 -370 386 -390 100 -759 -42 162 -51 229 1206 -674 -570 -939 -754 -87 -844 ]
[407 -848 929 -1649 -455 -244 1175 -362 3 -412 225 212 -156 1093 -1217 438 555 -390 868 491 -911 180 -816 -39 -221 33 70 101 985 1134 -754 -818 497 40 342 582 1204 792 794 -644 186 542 345 -619 -235 -515 -27 448 -89 1001 1271 -42 -461 -378 28 137 143 -356 1006 -88 -132 -827 509 1008 825 712 -469 -333 -699 585 226 -280 877 -295 -433 447 158 -670 246 -330 1636 337 794 -327 15 448 -13 -343 269 -163 466 -50 -191 -1343 -321 718 -657 717 455 -486 -41 655 -995 591 -516 430 -364 493 -680 -1108 1156 416 -1450 806 -670 25 608 798 320 -529 -365 -699 -242 199 498 -154 -1002 -284 256 1294 -74 -261 -1145 872 -3 ]
[208 -328 -600 352 286 -456 235 -616 -728 -737 -885 182 820 -836 -1186 -7 1113 1523 -438 -223 780 257 -437 -270 -904 -616 -1070 -158 -319 1160 406 1241 -193 68 -649 -306 104 -105 -686 399 -374 451 -339 868 102 -1001 -4 1468 -301 729 -148 -548 -396 248 -870 -1438 -638 218 -50 96 42 185 -665 144 798 54 -626 48 93 -305 -920 463 -380 128 637 -553 -326 1597 -117 -548 -873 -349 122 1796 -1328 919 182 312 -695 -575 117 -665 341 -599 23 53 -502 152 160 861 1415 422 -928 -12 -140 -995 -29 518 1051 59 1255 397 1074 -721 -162 553 -861 310 404 -464 -532 421 503 -149 1133 763 -71 538 -66 -178 -373 -824 -36 493 -843 ]
[-452 -805 358 -982 488 -284 252 624 -513 -263 -203 424 -245 221 -36 680 -540 -250 69 -46 -209 288 -364 -1433 750 1504 -805 449 -80 545 -1294 665 390 -1165 -108 327 1287 815 101 -258 -337 -237 -332 -1365 557 527 -134 420 -433 565 -779 -266 -738 -384 -518 272 636 -436 383 289 256 -440 204 288 12 790 -312 89 -459 -605 1370 443 -1102 676 812 -15 -890 15 1159 -167 -40 -598 1032 162 421 297 420 -673 546 -460 -161 -449 -17 93 -113 136 190 546 842 -976 351 442 -230 373 -884 590 -1274 138 1289 -874 -125 42 -1032 510 208 304 -1024 -24 341 -60 -49 -731 -205 -101 -592 725 -442 421 -120 970 -146 -1790 215 -282 592 ]
[330 -5 210 32 995 -337 745 -344 694 541 1157 -419 -676 -173 110 -1173 152 -84 -897 1644 -1240 619 -12 23 325 -380 -1342 -269 252 374 -103 223 973 -382 965 1041 233 1031 -689 -5 -993 -46 1281 396 -1265 -374 -283 245 -161 690 631 -233 -641 663 1005 329 211 50 1069 118 -792 142 -387 517 1065 1139 1292 1246 41 -637 1096 1117 929 -258 -1240 465 -1212 382 886 467 624 -226 607 597 -242 -332 473 -1890 -92 -1233 252 -306 -180 654 240 -1539 -364 621 -50 23 325 -276 -1112 726 -1304 410 -410 -525 -328 -1181 -142 -741 -112 688 -508 282 1178 61 872 109 814 648 193 399 -920 290 -199 1301 -328 945 48 809 288 -1164 897 ]
[666 887 545 -467 -839 407 667 -357 -344 490 -405 -121 -748 -282 -353 134 665 97 -392 -255 505 34 107 11 226 42 437 205 -813 321 293 -165 1016 -745 -45 226 -248 906 246 -218 -361 -948 -215 -686 -162 -680 -1079 53 -1001 -1 1062 -664 -748 -57 924 407 -774 319 424 697 466 -1050 -137 162 -64 2057 0 920 -446 499 690 791 667 -184 -267 -411 336 -1525 -869 369 482 -168 -472 468 -19 364 431 -812 -433 -63 308 525 829 -425 621 -973 -568 1228 -70 -47 471 564 -348 -92 -1214 -477 74 853 -912 -967 -1141 -304 -750 398 556 268 1246 1606 14 1142 1255 -212 634 -127 -367 -17 -212 884 -306 -750 -204 529 87 135 500 ]
[701 1478 -529 -530 288 142 -766 -431 88 -709 -1175 -497 132 -322 -1904 -196 -401 1305 722 708 790 -75 185 -86 218 -834 180 -421 269 433 -344 -749 -610 -223 692 -399 143 -367 -711 71 1244 241 45 -547 -244 1518 -30 371 -912 126 -1123 -358 1101 -275 -66 -389 880 -516 -239 -75 786 856 1243 -141 -472 780 -859 387 120 305 -233 -119 785 228 -1364 -281 669 1131 470 198 -312 743 480 -928 -747 -883 327 -738 -59 -337 876 -242 1279 725 -287 1476 1038 -414 383 -490 -1145 -1264 -462 60 -412 -720 581 371 1063 -228 -760 -108 -201 -739 -31 385 321 -447 -1088 346 319 -963 -99 -251 886 -196 -267 -1509 -264 -868 604 290 -306 522 106 ]
[-551 594 81 937 -361 -84 118 -426 -546 236 513 -186 -47 -1085 268 -417 -136 713 460 -424 280 -326 -44 -76 322 -438 205 -519 247 -473 -328 677 -233 574 -769 406 -815 515 554 -700 -745 1408 365 178 504 683 -836 -163 901 645 -220 471 447 91 357 -1300 -590 340 1041 836 -13 452 651 -421 -38 -1029 -203 -844 -1231 -419 -847 -1389 19 15 -305 -142 311 -435 85 424 -298 -554 908 2 334 175 -301 584 -196 1570 -1180 -138 -106 80 764 -602 300 67 1140 122 419 444 858 -212 546 -1178 -382 1277 41 424 -177 -537 983 -422 -770 185 -447 -1166 -1524 1304 -263 977 -848 -104 525 -514 1115 339 637 667 -769 462 -885 -210 149 ]
[-1184 -490 -1092 285 -236 -883 115 -481 143 -704 344 -203 1663 -290 92 344 109 -71 225 1800 77 -762 -414 930 -394 -813 380 -45 262 -118 387 -864 -1157 1634 398 -284 1309 405 756 563 74 786 -701 641 525 -704 373 -348 539 186 667 -964 130 -329 2 353 821 -789 609 -242 810 285 -42 1233 737 -116 -174 -292 -619 -642 -72 -202 -15 -702 -309 -138 -45 212 44 -187 -492 182 -426 -349 -1209 -873 -179 172 -347 -1357 585 -983 168 -449 -73 1156 -419 -1026 -207 57 -171 -589 -964 624 304 878 13 641 308 -70 1372 -297 -9 225 -892 -935 157 -614 119 -1175 232 181 692 1439 441 -939 -277 -46 -330 -492 -326 303 789 162 900 ]
[-119 -607 -572 -484 329 287 -484 112 -642 1669 332 895 148 585 475 261 739 -534 -430 -1854 587 666 739 99 497 -20 -1777 -223 -798 -162 -227 789 191 -1583 -932 527 -498 -184 595 106 -1 -429 35 548 -29 -167 -680 -82 65 -1520 -518 567 -107 446 -178 -463 -154 -958 62 87 -1241 -779 -149 -970 282 648 -108 -27 72 48 286 218 846 554 1344 -162 533 -671 -1001 28 -1247 -321 -340 1246 1509 353 -918 -634 1112 1974 -909 -209 -848 483 199 -422 -165 179 932 856 1351 725 1236 -356 -88 -1102 -972 -1349 -1 -33 -819 -9 -266 816 290 -37 -623 431 399 -240 -256 687 -561 292 -1605 111 148 -266 -943 690 186 -16 541 -280 -523 ]
[167 973 561 354 586 104 -339 4 92 -969 -585 1327 892 -255 -455 442 -957 -311 -354 1144 607 -1170 -19 144 -147 159 171 639 -425 405 -799 -592 704 -6 -106 -161 -790 118 -717 508 -1021 84 -278 65 -425 1072 238 -242 521 -133 317 109 268 -24 -49 -1167 -147 291 -1192 -821 -340 1223 262 -145 -220 525 470 838 467 456 389 -513 -720 338 -148 255 371 11 589 36 354 74 -135 -1523 585 355 -265 524 -804 221 -609 360 1030 559 -314 245 966 366 360 -350 -630 295 309 -312 63 414 -127 -488 101 114 -73 -551 -773 -519 -442 -409 814 -1115 443 -833 -282 -247 739 -1045 303 -422 -169 -158 -54 157 521 -19 184 -319 -755 ]
[-993 419 -75 2191 -821 100 -238 547 -1237 -232 158 -1170 -63 -535 666 398 -488 125 -15 582 350 -14 270 920 699 -532 472 1045 -580 -372 -788 -587 -624 864 -653 -445 13 1644 20 -219 -987 915 -809 -298 35 127 -1219 -273 132 54 635 -240 851 -207 418 -103 -428 131 473 259 949 -725 -383 -8 -279 429 671 -233 183 294 585 -298 600 -250 8 51 571 530 -861 -66 -1236 -273 178 -522 -813 705 590 937 -249 -342 349 999 1043 -281 1037 2 -588 154 792 -191 287 -444 -52 -712 464 -8 -187 -656 776 92 294 -209 -241 -257 -854 441 76 -194 -576 233 909 591 591 1854 -146 -664 -767 222 -886 -544 -187 172 -138 160 1586 ]
[-389 501 22 297 109 1822 -826 -557 -972 987 138 -1020 -154 -135 -1469 -781 -176 28 526 -346 298 -18 -323 -797 -864 297 -81 65 -740 390 1115 560 -481 -37 400 825 14 -492 1493 -499 768 911 -463 1291 -59 -341 -250 678 212 -259 776 385 52 980 131 -230 533 52 499 928 157 135 -109 -603 542 502 723 -886 -192 788 -527 -343 907 70 -321 -663 -1562 137 -107 238 -292 -193 467 -30 110 632 -296 -7 421 -16 -568 136 -551 -724 328 200 -1303 -802 144 54 -218 645 -307 844 -810 -753 162 1150 -24 687 673 787 -767 401 -734 345 -618 254 -1366 80 -259 446 585 -497 478 212 -182 732 -579 195 -720 1076 611 282 -526 ]
[-257 451 -684 -497 -515 121 -834 -361 -396 -685 645 457 -488 -376 -702 -771 -240 296 743 -940 1558 -487 780 -1589 112 1020 -596 -149 341 -692 -378 -48 -274 -1047 -499 673 -80 143 188 527 39 482 -92 415 -190 906 -1140 172 -671 -41 -342 181 54 26 -518 553 -120 -316 84 460 -524 -912 -110 -622 30 282 292 736 -833 -1278 821 -169 -139 -1582 900 -793 -474 759 -283 252 -441 -747 -144 998 437 -11 144 47 -97 531 -183 -838 -72 -277 810 -410 -393 975 92 445 666 -1095 406 -269 -310 -517 -1359 -1168 1074 -54 -707 -709 -1138 516 875 -926 -861 73 -932 648 833 512 455 -28 92 -253 429 236 -690 -313 -553 -1169 1357 -1253 169 ]
[-82 126 135 432 659 860 250 219 688 606 348 1147 -772 -697 1091 254 -823 -1315 212 134 30 801 -142 11 1308 -69 204 732 -416 449 -489 -326 41 -160 -267 892 150 511 -349 330 -232 -1096 -15 729 -201 -719 652 -194 -27 -487 1115 552 36 641 -213 309 139 740 157 -74 26 -328 657 584 157 355 599 323 977 104 1234 1237 691 56 1114 -257 -721 -756 -515 7 392 51 -602 878 756 24 310 -6 -214 -205 834 -647 -486 221 -340 22 -179 209 413 -50 1009 610 353 -531 -186 249 222 -893 -535 292 -759 -692 203 516 -42 52 782 586 561 493 -341 703 -105 -10 -979 -927 -265 850 -326 369 -174 494 77 -83 42 ]
[-475 1162 -306 337 -151 97 45 398 -326 -304 808 -419 -329 772 -1010 346 121 517 -451 688 337 161 1189 -172 885 -8 -368 899 589 -13 -152 -1091 87 -228 -707 237 791 -666 156 1081 -410 -356 3 179 288 -199 -627 -116 -910 164 -735 -382 315 -171 579 -317 -19 241 53 -209 -10 -1697 -181 -1069 -60 846 142 452 -322 141 291 466 1312 151 -281 -571 488 -527 -8 -939 -361 244 456 -164 -246 309 -148 224 -519 982 1073 -538 738 -640 56 1472 143 76 128 615 -485 51 147 -343 -329 -1123 409 -161 101 -848 -1323 239 -337 -2 532 -811 526 1021 -91 329 727 -761 154 -8 -485 -487 -260 -253 -141 303 296 166 -823 680 1027 ]
[-914 -257 -105 102 531 304 123 211 -720 -329 -280 584 1087 -66 1101 92 141 -168 -195 326 39 67 -1295 -453 -46 -495 -44 73 -97 615 417 -212 -304 254 -162 90 114 -64 358 -33 -812 -135 -209 -275 35 893 290 789 399 -774 877 -371 -610 -55 -580 -205 55 1154 -1125 173 274 644 23 -595 -1326 -439 -136 -717 -417 394 -358 -271 -232 -674 -85 506 -25 -1025 308 -168 -317 1150 172 -548 -496 -380 1062 2014 -789 315 -485 -471 330 -169 526 -178 -35 -583 275 -1054 1007 54 -693 296 -6 746 23 378 -473 49 155 112 -641 -543 -427 -233 -2 -111 -557 -396 -844 589 -1132 -403 -840 -1046 -1468 72 374 -1187 -416 335 -74 -138 -743 ]
[-240 1038 -373 -106 540 662 -1611 -173 -19 -189 -1212 496 -797 -271 77 -776 39 249 1250 -196 -579 -1204 -81 -583 880 314 576 11 435 -502 -186 170 -882 -549 -505 -60 -779 552 409 -957 121 -379 189 -474 274 1239 811 -923 122 847 -840 28 -315 348 55 804 1095 -74 -258 377 -187 352 349 -558 603 -1501 335 -441 213 -494 -76 -614 83 673 -322 -562 -168 265 -196 -374 313 -86 879 -625 427 -251 -223 428 689 -242 -916 -915 9 -386 402 452 -578 510 575 -473 -741 -397 -273 -316 -901 998 -19 976 247 29 409 282 -379 -75 193 -177 -184 -1382 -111 1266 162 1151 -723 -531 -39 -1204 363 653 1027 31 250 559 -494 -660 677 ]
[-546 1154 -1254 285 354 298 -736 69 -1068 -380 -402 -45 448 427 -847 501 -570 1193 499 967 -674 -427 1034 -658 -208 -461 4 391 774 3 -37 -1008 -213 395 648 817 2050 -11 -423 -1352 1039 -190 692 535 1441 -83 799 887 -970 108 -1181 -470 690 523 -191 443 738 138 377 225 192 221 125 62 708 185 180 127 504 -924 316 -1056 -290 576 -398 -968 -439 557 740 131 -311 -194 1216 -1268 -385 -449 -202 -567 276 -209 -598 -1776 -8 -636 -253 1830 63 -499 261 -295 -1417 -775 -576 29 -270 -176 25 378 -718 20 592 67 -525 94 34 -854 -152 -660 -62 -843 322 21 -973 972 -510 -455 84 65 383 1414 -175 31 38 506 1390 ]
[405 1822 11 -237 -446 540 -104 -280 -339 101 272 -71 -542 -138 377 174 -726 946 -698 -931 -87 330 -371 999 505 198 412 -739 -858 -769 365 -262 272 1520 612 702 -56 -1019 -108 167 -756 832 1352 150 591 -456 146 22 575 -769 -407 41 380 711 1042 1080 -127 -55 511 1879 -312 109 -151 678 -268 -666 -1307 -478 -529 -823 -1705 -525 -214 -1251 67 -436 1287 -498 -729 345 584 1386 354 116 492 372 -5 760 68 873 -869 616 78 333 338 1183 385 -19 -440 -159 -283 280 49 501 434 -385 -94 578 -551 -133 -389 630 136 169 -209 -761 -132 -297 -1626 779 -70 338 -508 -509 269 -155 295 -175 27 -166 633 70 673 -38 338 ]
[1113 637 90 -431 -219 -801 683 -463 447 11 -607 -634 43 -1259 -263 914 309 137 137 227 422 -246 112 930 -142 -1181 -1264 -474 -326 -188 -1462 -482 -285 5 -158 -868 -528 118 -852 222 -1079 -96 885 -802 95 -185 1 51 465 -603 -961 360 443 -273 657 -824 139 -747 45 257 711 266 45 434 594 850 279 1944 -31 -283 -519 -792 24 286 -914 449 974 569 839 718 759 446 413 105 -397 -551 -308 -1041 94 53 5 597 611 -240 -987 490 384 -440 1253 205 -1438 138 -20 425 -139 -559 -604 -419 195 -141 -257 642 574 -728 -55 269 1075 -779 696 404 -302 461 410 1530 18 -317 850 -1004 -116 941 536 470 -468 1646 1004 ]
[95 -804 626 -552 -1493 1122 1120 -119 -1150 221 -403 -304 198 707 -1163 281 -27 -725 50 -594 93 -200 -431 887 -769 476 -121 113 -312 289 -249 -618 845 -813 835 -208 -514 -220 613 -849 947 225 45 -359 681 -244 -670 1595 -54 472 413 -760 -261 -323 -533 258 330 -755 -599 -249 -798 -135 46 -24 -514 1545 -571 585 132 963 -112 -199 -754 -321 -620 1266 83 -509 -122 703 -96 -300 -285 807 146 900 -380 245 347 216 -18 730 -296 -734 -229 -403 599 261 293 291 -1599 745 480 260 505 -1392 -629 -414 -1123 25 312 -605 -495 493 -1265 684 334 1104 383 -773 330 -511 -181 857 90 478 273 -182 44 1620 -743 -737 153 820 -637 ]
[-109 744 792 130 -800 -105 -792 -67 -576 -5 264 472 -1262 -834 531 264 -42 -538 -92 112 730 -153 -870 -37 1576 429 1267 337 211 145 -1188 -198 647 918 -327 34 -333 576 -605 -1216 425 -156 151 -1795 830 1471 -292 -1045 475 502 378 235 -4 -1076 -81 -34 -242 46 -77 -91 657 619 909 -721 2 137 164 -1023 -948 1015 421 -478 -741 718 141 164 -26 74 -606 -499 512 -401 203 -882 1051 299 204 -309 0 645 432 -24 383 174 200 122 430 402 800 -1320 -531 -675 904 0 -916 499 148 151 220 314 -429 -228 -602 -434 1050 343 -184 -814 -221 1359 -193 298 12 -53 235 -1106 -547 148 -637 -456 -457 124 -154 -912 311 ]
[439 -65 1000 -447 -238 669 -576 57 -550 348 1032 1146 -594 471 1214 -3 502 -480 -997 -972 493 274 -409 688 251 1344 -1356 144 -707 -320 2 438 220 -1795 622 -9 -794 -157 -403 1816 -410 -78 253 147 -355 82 -62 818 475 -742 0 -18 -260 -223 479 1283 -700 -976 -1126 1190 -139 -1047 729 -744 -136 198 224 -109 -317 1 404 907 111 -160 509 -185 1030 -724 -542 711 489 75 -498 1425 422 -555 -233 -244 556 1129 -426 542 576 1039 188 -377 453 960 690 -183 947 321 -140 836 -260 47 -1367 -916 292 -572 -1108 560 -561 677 381 -417 -526 93 25 536 312 718 344 -1038 77 545 -290 -306 -767 -1730 -88 -558 648 -916 140 ]
[-1783 893 -117 375 -1888 -692 1142 266 476 -228 -297 444 80 56 -746 327 -989 -75 422 277 -4 279 645 -111 264 1334 765 -75 833 911 -1222 -1101 105 -56 -88 -407 774 -231 -413 247 -435 -300 715 -654 1487 653 -1134 -2 289 448 706 0 -530 -534 -1140 738 78 941 488 -70 861 -1241 638 97 -1132 286 -100 2369 -263 616 1171 791 -692 -506 15 -1135 1202 -677 372 229 474 244 -319 794 791 813 1420 -338 -1322 236 -341 254 125 -319 67 107 -43 -348 521 306 -61 890 1376 -139 -88 -256 79 397 145 -1412 -1408 -125 -352 1217 -1059 -885 -103 863 -955 64 -942 -1412 -1260 -1164 -214 1456 -845 -704 1512 10 250 -1269 -686 821 174 ]
[-219 -937 -1017 -623 85 20 -1301 557 -419 -608 199 -62 1065 177 -210 224 171 489 97 -194 362 302 1761 -1545 -151 1075 -861 -527 794 -734 -242 -269 -571 -1081 -145 1156 -150 -308 209 651 982 -116 34 267 -1272 1252 751 573 -479 -669 -633 939 -239 204 -916 -127 -300 -362 -305 -158 165 -1035 -489 -1148 -25 -633 387 365 -117 -923 -27 -9 785 -1021 36 -413 16 844 -686 -309 49 -566 -737 368 398 -854 626 289 748 1220 622 -1277 -358 478 787 -151 922 862 879 729 1721 -1870 720 -329 597 382 482 -1078 113 895 -388 -445 -504 -167 306 -714 -232 1316 120 -1246 1036 -206 -254 275 442 185 -80 -1308 -563 -544 -185 -125 83 -714 -27 ]
[-1769 479 390 -280 -773 362 330 458 172 -303 -24 946 257 369 773 331 -839 -351 -151 166 776 -1015 671 -190 -734 685 -46 523 -1149 -275 725 14 68 507 -1767 -341 -207 -29 866 -203 -412 391 -411 -569 1592 -690 -284 135 -421 -1475 -265 -137 -784 843 386 395 -545 320 -762 651 317 -922 -488 344 -468 175 -452 566 -730 -97 365 768 -1516 659 1327 -1244 -44 -689 -438 -1133 38 -281 838 -1322 170 1123 246 84 -504 667 -813 81 31 -772 162 -170 -812 -139 -216 -43 276 916 512 264 -622 -600 -531 522 363 -135 -559 126 -944 639 615 -1440 316 289 -592 271 -248 -386 715 -489 -468 157 1416 1123 840 273 -467 -488 424 -694 -619 ]
[194 -689 104 431 -393 917 320 336 -1356 -582 797 -628 359 1351 -1117 -573 314 -113 -1010 -309 -5 -341 950 431 -475 -979 -103 633 -330 633 -11 27 663 -823 308 -231 42 160 552 -861 335 -124 -4 -454 -584 -121 996 760 -766 197 62 -259 619 195 -958 -721 -346 -453 -15 -632 -338 -708 -422 -563 -331 178 -768 193 206 1240 385 102 915 -287 -1121 -54 882 465 -1148 219 -119 306 -330 780 54 612 409 208 142 814 1115 214 -217 -699 284 500 -164 445 -661 468 420 -122 -398 -292 645 -568 549 -1249 -1210 -116 -328 -946 190 -582 58 90 103 1000 497 -684 1239 -708 -431 290 713 387 -194 -444 -97 220 -127 63 -1205 1380 -788 ]
[762 -362 190 842 772 -100 556 -42 59 -610 -151 13 -330 742 885 -685 -365 377 21 -907 537 -486 -681 -373 334 -181 -321 1091 -655 421 196 1215 661 -947 192 -284 135 -98 -511 -734 -368 -156 -83 -1619 34 635 1706 419 345 -234 -239 656 -99 -122 -87 -1010 -185 1316 -597 -152 831 597 -30 -533 -528 1139 -56 -1318 274 -6 -165 -203 -792 566 533 759 -1366 257 83 481 562 685 513 -648 -320 1326 1034 -876 -711 -947 -501 475 -774 19 -193 -401 213 -900 -439 -296 -193 647 -131 247 -33 68 -971 -98 -177 552 -147 211 -77 -1367 420 974 -450 -907 44 1014 395 -312 63 -81 -650 646 -341 120 -276 768 91 -296 -176 -355 -518 ]
[-17 -433 -460 -695 -707 -218 -354 -29 -78 -940 -532 -1108 1534 -661 -1711 1372 72 690 79 -290 729 -1256 -640 564 -983 1404 132 -605 172 -322 -203 -80 -19 -451 -393 -11 -223 -1320 1019 1134 822 1578 -1604 -127 -792 102 -817 1287 -71 411 333 -770 161 -897 186 23 497 -398 -228 568 1196 -484 -657 520 1353 -58 777 -606 492 -759 -1239 -408 -662 -403 350 607 355 303 -177 -46 -1306 -999 691 -821 -427 -74 -514 1048 -74 -1585 -319 317 587 -222 91 471 -222 183 -147 1144 -122 -204 -120 -37 438 290 -322 -70 1331 -202 311 349 -536 -51 -126 -152 -398 -40 -583 -712 1382 -667 799 411 956 352 -318 -902 -1118 -196 13 -600 1001 -25 -293 ]
[-1106 25 653 13 -1318 -163 661 -981 19 -157 867 1077 550 929 268 -166 -150 -328 -41 1275 468 -1289 -79 1557 -1855 -73 733 22 364 26 282 -169 -1019 39 411 -416 46 -244 -779 1180 -241 73 -219 -121 1200 11 -1151 633 -4 -126 270 41 -83 22 320 804 -623 -819 -388 -112 458 -961 106 105 -582 -442 -29 863 625 731 155 754 -358 -1462 -890 -34 1110 -476 -727 875 441 125 -198 903 -935 -25 -302 -362 -1091 995 -735 21 594 167 699 -694 -269 -673 -119 1313 -375 36 32 -246 556 354 -1560 -399 -97 -773 -753 -1223 666 518 455 -1769 382 -760 -381 -1177 161 230 335 186 -13 -94 321 -84 1095 -775 -494 -267 527 -314 -499 ]
[143 39 431 66 933 -93 -848 -630 709 734 -263 -897 26 -1184 353 1181 -355 -413 659 484 213 -464 -1543 228 222 -666 -276 -476 331 -91 504 759 451 -686 123 -196 607 -278 -1165 40 1022 -434 -1229 -332 2 -58 -841 398 582 175 651 244 348 -165 333 -488 -410 1157 -341 317 1244 -33 102 784 345 -394 688 -504 979 -279 -357 305 528 21 831 748 -429 -842 114 394 -528 15 68 -337 -50 -1245 68 -55 58 -678 72 -247 383 36 527 43 51 -318 -712 781 1015 329 -439 -301 21 838 495 585 323 606 85 1039 869 -805 1355 -81 -46 -1169 100 -431 -292 -1162 181 -346 43 -442 -444 263 -119 -1212 285 -251 -112 623 -625 ]
[-261 -431 78 -988 -144 -176 398 -293 128 -749 387 1469 -782 462 -563 -266 -551 -542 1089 366 507 -966 -656 -522 944 -61 168 500 1325 -401 -171 808 -332 257 -24 1047 1302 -138 -179 -790 323 887 954 -804 -120 271 1187 189 1664 574 -8 -346 -451 -412 -1215 979 170 -269 187 -726 875 43 389 -653 558 787 -724 -79 -385 -178 -88 -1259 -48 -919 309 -199 265 -343 199 483 641 -586 -148 871 -255 -354 -369 -212 133 -230 -683 -160 -57 -835 385 702 49 -898 488 -493 -508 -1064 46 650 -137 996 -1009 465 -100 267 989 -55 -1044 -709 379 -119 -1272 -1832 47 -295 -126 306 -35 -358 441 -324 -1273 -62 190 319 -338 -1037 192 39 94 ]
[-1218 168 0 42 434 626 -189 -115 -744 -226 -522 34 560 464 -9 -881 948 129 -629 437 -836 1653 887 -411 225 634 -326 -6 -530 -816 726 -238 -564 236 -294 296 419 -18 819 -699 333 -586 -801 595 750 -879 333 1823 -896 -752 -382 -736 -1302 806 -934 696 295 -286 482 -444 -17 -1384 -963 -153 1068 393 -141 571 965 397 1035 1726 363 298 315 0 -849 545 -1276 -42 -1419 -795 48 1994 -873 523 626 -43 713 -2 133 -13 -831 -229 765 148 -778 819 -481 393 414 84 -556 -120 -248 258 -960 -945 501 -981 397 -653 -119 822 -254 532 13 1391 447 -70 475 -323 -134 528 -549 988 -361 -71 -932 410 -186 -441 695 134 -360 ]
[414 -366 -1033 -536 805 -518 1315 125 -131 -919 -233 -194 834 796 -126 -320 813 -577 180 156 108 -86 587 583 -568 -679 -376 328 -214 -130 1231 85 -167 473 168 -534 1103 505 909 71 -450 -715 586 -1110 -506 -971 1100 132 -89 369 -584 132 -1203 959 -553 -411 -472 288 571 -1061 -11 -798 190 454 -88 -647 -1197 -733 -61 -1060 181 183 -892 -777 723 -126 -872 387 -661 39 490 59 -75 -743 -1134 -289 20 -15 127 -436 664 -1086 -1672 -1863 -832 94 1089 436 -1535 -858 731 308 -472 -20 440 -137 467 571 -722 605 18 -190 -552 -302 281 -507 195 -949 -27 393 399 -184 -570 3 93 294 -162 1106 -676 44 -726 -684 -729 237 353 ]
[-147 500 244 509 968 595 -343 293 453 699 -177 -862 861 -376 1113 74 -1497 -424 -626 1019 -951 -306 -546 483 210 248 108 433 -477 -533 850 -496 -527 111 43 451 -555 -754 -292 783 -1170 -669 -90 -189 -962 620 518 -639 304 -620 -19 1212 356 -104 1169 369 801 31 -989 99 335 673 -274 -720 -1071 -343 1177 388 567 297 -383 293 673 535 -841 1252 -174 -875 506 321 69 1076 -696 -1281 -217 23 -16 746 288 -678 149 1069 638 475 265 36 190 -303 -521 -462 -947 191 -116 -663 544 577 -184 -570 -826 669 -99 12 897 243 222 -480 1124 -148 -143 320 12 103 592 -213 -1214 -1048 -615 501 -213 -730 61 1482 460 -675 373 ]
[-580 -282 -371 -833 549 -181 499 -729 -673 -332 125 515 -443 -674 200 133 386 511 153 -60 1413 793 388 -1153 1329 546 -1528 -1008 886 330 -395 196 11 300 -317 1455 1024 567 52 -122 -283 -151 204 -341 186 497 -426 483 1147 17 798 155 -517 -978 -358 213 -850 664 -242 -134 74 -715 -391 -1366 -264 -26 -912 313 -1360 -745 -783 -815 314 -848 1002 -622 713 -3 -433 329 810 -311 -625 1656 361 -872 -515 -379 170 347 436 -201 54 -634 1104 -789 -531 467 918 -760 450 -997 481 -395 321 -733 -984 -843 61 -455 -262 88 -987 380 1189 13 -1456 186 -845 -36 -160 1478 343 473 -299 -865 -587 592 221 -200 -416 -1887 -268 -753 255 ]
[549 -549 144 -1023 -1224 110 388 1014 -206 -126 97 35 -892 330 -968 -323 146 -1002 1324 -983 497 320 485 -48 1184 -691 -599 296 -1151 430 -708 27 -125 -931 -1122 -11 -390 1521 606 -659 -594 509 1609 -1066 -608 -322 -445 -1136 -190 498 1122 -156 53 -194 -162 960 -227 -254 366 499 -746 -799 -77 1 -937 1163 386 -451 -1061 254 699 -372 68 -593 288 -467 -126 94 -663 -200 479 -432 387 -423 -87 540 691 -136 -430 -1032 178 133 -1066 -822 -744 -219 -1044 1032 1018 -118 135 -287 116 571 -763 -995 474 -91 45 511 -450 -177 -1407 2 -185 -95 293 -180 -188 1094 613 179 -502 201 41 -652 318 739 -356 1043 861 240 -671 394 306 ]
[139 224 -116 -316 -888 555 682 -93 366 31 268 -489 -2492 -107 1122 -372 1891 -5 639 -715 -850 -936 247 523 270 8 1197 306 -819 -926 422 216 -99 -1296 -905 -1159 -700 169 387 -229 279 -386 -25 -770 -289 -227 421 412 -920 921 -1191 -992 -1073 -640 -139 1397 -15 -523 188 -486 -55 -858 765 316 -80 -332 -448 52 -438 194 1456 -28 -84 1269 -255 -501 635 -796 -220 116 -916 308 -1001 -1 -1576 108 139 333 -788 -364 -115 -715 -540 -1061 -689 691 -214 505 -383 -126 -1243 -45 -555 129 -837 -319 1076 740 -97 -246 -525 889 988 -452 1087 816 417 223 284 1333 785 -892 81 -614 201 493 641 320 234 154 100 -150 612 -214 -323 ]
[-1588 1080 -131 322 -1649 -73 -170 353 1333 248 617 -375 -1292 315 465 6 -898 -396 197 -160 189 156 191 423 251 172 1370 103 67 -751 138 -389 -348 446 -950 -1395 235 223 401 1252 -572 456 -359 -735 225 687 -2226 -659 50 -17 -210 1639 -394 522 706 89 65 -373 503 -1138 806 -1272 62 -382 -1288 -634 252 166 65 836 672 354 248 25 97 240 770 -125 -597 -992 -1839 -300 -403 -551 -376 1097 580 517 -518 458 -39 1085 710 -67 1285 167 -209 -424 -186 -599 338 37 782 -471 -5 513 603 -481 41 -681 -903 720 -355 172 436 -584 -176 328 -1562 218 -751 -1187 507 -92 -647 586 -111 -224 -94 -624 594 -668 308 -598 440 ]
[-522 -278 -1407 -533 -133 -101 921 121 166 -918 -1490 491 590 -841 541 641 -590 271 548 595 435 -604 59 103 1172 -460 1204 307 -459 -51 -64 -1281 -793 1170 -613 -174 684 987 128 -17 -11 -660 -562 -819 121 8 1638 -235 741 216 978 -509 156 -813 9 1419 220 783 -335 -700 2535 406 280 370 -1171 691 -694 365 -68 -1323 -353 -129 -1354 -1258 203 -299 90 108 309 -536 411 1455 -632 -1024 -541 -524 335 785 -236 -1809 1229 -285 -1050 -1520 -1921 757 234 -298 -37 -710 -749 -435 -591 880 569 288 810 464 -275 771 -75 -3 -346 -1794 585 -63 437 -681 500 283 -32 190 -1101 890 -418 -1443 -1173 205 -9 -365 338 -458 -109 721 967 ]
[-316 -2157 -824 390 467 -431 -500 782 459 1585 1279 -588 -1060 -503 1081 208 1225 -829 -473 -507 352 274 228 -93 1731 -444 -33 366 -30 153 496 473 190 -1004 -970 -442 -146 384 405 -774 316 252 -731 351 -690 -1240 -121 261 -223 1014 170 -60 -1240 -606 -574 645 207 -233 148 -649 1253 -1075 -93 -589 187 -375 1054 -527 289 -378 1353 732 -53 1243 778 -63 -703 -313 -281 -700 -193 -1993 -583 476 -1692 -49 609 -461 -420 -475 460 -366 -1372 -684 -87 -1073 -953 256 98 693 677 -76 1190 -864 424 -323 -280 -1113 95 395 -31 -46 373 -520 1267 492 -1227 770 865 -143 131 712 176 364 -239 -416 74 353 -1151 802 -84 -1126 182 -804 159 ]
[387 -218 -53 114 -87 -734 -200 47 211 -282 1467 55 -768 1075 138 -525 -863 222 1147 619 -829 -656 81 -39 1134 1191 470 251 -59 -1005 -742 872 183 -73 633 -85 451 125 -1094 -715 418 156 500 -809 -239 966 -164 101 -359 -148 -259 -234 428 46 128 477 885 -1032 -36 -1034 -796 259 -376 -220 355 234 206 28 222 378 1571 286 469 576 -676 532 -881 957 345 -160 -112 -6 827 -406 -193 -400 93 -614 486 -184 -427 539 -282 1489 628 -541 271 -57 -87 -383 -832 -2197 -275 485 -914 1199 157 -1052 31 338 330 -695 -454 -900 -768 21 -573 -439 442 -244 1283 -116 1106 761 -60 183 -925 -38 -793 -565 225 -349 652 -1300 8 ]
[-480 -1024 761 52 -1401 30 191 1264 1302 28 -306 959 117 -570 783 695 -209 -581 -607 -225 -255 140 -122 593 1757 -75 157 -172 44 839 -765 269 -44 -51 -1577 691 -878 -129 854 15 -1523 -261 623 -505 -127 992 209 308 610 -591 80 -204 -751 -24 43 391 -375 1289 367 134 21 206 535 30 -501 -898 -342 373 -511 979 382 89 -129 -130 -151 -474 596 -1533 -136 -546 -139 1071 -284 251 752 -683 69 891 -135 627 51 1122 850 989 658 -803 -939 631 797 -937 1392 -458 -387 18 -236 1274 -86 -779 455 -1448 -157 -251 46 -258 45 -681 27 -17 390 -159 -189 754 -178 -546 -1290 -914 -171 415 958 -1156 99 -551 -72 -1152 -65 ]
[-668 1232 -309 509 -248 -1228 -1064 620 81 -333 210 -751 -377 -2066 -52 236 -446 -268 -232 347 1015 368 481 -536 1385 -197 -791 -138 470 -486 -572 -582 344 331 -1097 1567 208 -48 -176 -43 -22 -58 -1053 -936 122 224 538 -21 -87 214 338 -284 309 -767 -263 679 -394 1367 -15 732 1945 -375 -345 -1407 -17 312 182 546 -72 -947 306 -117 329 -725 686 620 854 -376 -126 765 -622 -406 -185 -389 85 -51 596 499 -329 -759 1124 158 210 -24 363 317 680 132 -342 380 505 -959 1191 -1515 368 -585 40 -534 137 606 -1009 -305 415 -360 1613 412 186 -177 -498 966 935 269 -614 593 195 -643 -822 -1037 -715 -847 456 299 -90 122 1003 ]
[635 -412 -603 -414 29 -501 -1325 92 -69 853 379 -653 -659 62 -623 -244 1280 -636 -270 -233 152 964 295 -145 -677 -5 970 701 147 -240 -26 -592 -193 -1080 801 -902 -923 -246 537 867 160 -367 -1077 454 -329 -558 348 431 -344 1023 -500 -958 120 -289 -832 1158 172 -286 -400 978 1215 43 998 401 472 467 801 -272 -78 523 896 575 320 487 -1751 488 -1004 -90 -78 201 340 -24 -184 124 -849 467 702 -554 -335 -657 800 -586 399 -295 -1370 285 -893 -379 203 1055 224 394 -24 103 473 -897 195 54 210 298 -112 32 468 -405 471 1073 -79 1267 721 1178 357 649 -511 143 1501 -811 -180 -441 -440 -18 373 280 371 785 -342 ]
[724 370 353 -156 -1269 27 -330 -39 973 -97 683 411 -1159 1084 -748 546 -609 29 1682 -370 -420 -389 77 801 -619 582 456 -532 1203 -1018 -320 -165 -41 -448 211 189 -774 -807 -140 1721 738 532 -599 -642 633 1111 -345 -308 -481 135 419 463 1216 -713 538 1340 -287 -1016 -254 713 -260 -223 1589 -79 -260 -666 14 290 -290 -38 95 924 -95 -509 -188 -948 995 -280 364 255 -484 624 -1026 658 2 -128 -124 -487 116 -563 585 769 870 824 -13 -379 307 -525 -335 1070 -86 -1066 338 -84 1269 -372 187 -343 1281 -183 -1 -504 -259 409 752 -742 -321 259 -959 156 1627 -880 -615 451 97 103 69 -726 1240 -1324 821 -1322 679 23 -161 ]
[-495 -1212 -686 654 710 58 494 1075 829 14 219 -813 -650 1015 236 -116 952 264 -104 86 -643 -703 180 -620 442 -217 123 690 -668 5 848 180 -198 -1463 132 -1019 706 -562 -114 634 282 -12 -623 -958 245 -254 1032 1920 124 571 271 -689 -357 -553 -968 35 1169 161 -675 -725 967 -675 330 -467 -510 -190 451 -719 -390 588 1244 1401 -556 1017 67 -187 -1098 -792 1456 -72 -584 546 -279 606 -2626 1048 1532 617 -1539 -1306 752 -178 667 -708 -273 -139 117 -178 -706 -435 -125 696 -630 -213 541 -670 -221 28 239 222 468 593 1479 -261 -254 909 -1081 864 873 813 721 -558 416 -317 255 -46 -138 613 605 505 428 -1150 -153 -684 -313 ]
[756 -345 -142 631 647 274 -105 -1042 -1242 -64 458 -237 -939 443 -412 123 987 1012 -119 -351 462 70 -201 437 -69 614 -582 -1466 692 -71 -521 657 98 209 718 -138 -500 -1006 -587 -830 365 1451 38 1016 460 -138 -277 747 562 539 360 -659 -393 542 19 -638 -428 -781 302 229 -1704 1217 -406 309 1096 -525 -672 -882 -31 188 -1467 40 -73 707 -564 -760 -1407 1082 231 498 643 278 504 718 -346 -385 -376 -388 483 1364 -883 -476 -747 132 -439 -500 81 -475 349 292 -429 -109 -218 1011 160 -607 -87 120 1274 -101 612 606 -451 -197 -1382 1099 -1279 -512 -774 -333 -149 660 -372 -159 -223 806 -66 487 143 959 155 -1086 146 296 -678 ]
[568 -1009 917 375 -279 151 820 70 -393 -509 1047 -81 25 773 -208 438 -198 -397 120 493 516 440 620 1245 905 -922 -722 65 -439 354 -1177 -54 -173 659 -40 -452 194 921 -279 -406 -704 528 559 -863 -585 -83 -180 -49 585 -1231 265 803 768 195 148 -1363 -738 565 -29 498 272 -525 -1003 -80 -862 759 15 -712 196 469 -666 -1050 150 -831 540 968 137 883 -207 -200 390 153 757 576 -900 -52 694 -305 -672 74 345 1375 149 59 516 174 -107 485 640 -166 404 -162 -156 710 -383 847 505 -601 204 529 -522 493 -572 -1234 -613 -196 245 -42 -237 -288 262 -320 250 754 -180 -68 19 -331 -931 21 -522 220 -739 711 -46 ]
[-449 0 -91 690 -1408 768 -228 -485 -1243 -702 1261 -73 -1221 591 -215 -1122 -883 -447 297 -722 -375 -691 195 258 -383 -526 -143 485 -422 -281 -70 -264 -592 -1246 351 406 -53 71 -1058 704 -216 1381 643 44 113 445 335 793 407 -26 -59 225 397 139 205 804 77 -472 -178 -198 -1081 -244 550 65 159 -200 151 132 -1222 -10 1057 161 -424 -399 -692 60 -5 902 -887 616 -409 720 26 978 -331 822 15 -878 -862 183 473 -1166 53 424 -116 -448 -141 679 297 676 -849 -364 68 1005 -495 -919 -203 -767 561 279 -1065 -104 531 718 -269 -414 -634 456 -1028 404 134 297 -735 296 116 -242 349 550 -128 598 364 -196 964 -1083 296 ]
[990 -231 102 330 -438 324 303 -156 -598 -813 1812 733 -1098 770 -25 -736 631 -368 -90 -225 53 -574 80 -18 -45 -228 704 95 -360 156 -212 548 1068 -128 562 -668 -817 -365 -628 813 -259 -398 -18 496 -437 426 -610 -468 400 1084 134 74 360 78 58 -556 -792 496 -178 200 -1169 934 182 -429 -214 -638 -525 -1260 -40 -5 -580 -666 218 -422 -275 37 402 -147 -101 652 645 -19 -767 -162 51 189 433 345 -1229 551 374 68 276 -66 448 -789 -113 -286 -872 398 -69 690 456 574 315 -479 1399 338 -1030 1299 -860 93 1216 -729 -34 508 -1221 342 -313 -8 622 80 -223 -1139 1523 733 264 -363 594 -86 -609 807 -340 357 -1372 ]
[197 -142 -659 700 978 640 1020 -407 -962 -249 61 -342 -1958 1136 1183 -1162 462 228 425 -780 -785 441 12 524 373 -1298 1219 -21 -315 -192 392 -484 -146 -793 1012 10 619 1321 -632 -667 -142 -241 1653 406 -422 -72 487 -547 -246 -196 1156 -201 676 331 -127 232 -156 610 -58 294 -739 334 1052 -211 -1429 804 -16 -120 -145 -4 1011 258 -326 -1164 -850 -522 -417 -542 -366 376 181 2413 -865 504 -357 857 1011 -731 -1299 740 423 -1290 -1162 -689 -706 -51 -869 -85 43 -1198 -652 -4 471 -481 409 363 514 -403 -796 83 -1382 -99 632 -95 -579 511 286 1217 -784 1484 -388 -4 -1475 -192 -173 243 79 893 -433 1308 792 545 -65 68 -116 ]
[-186 -250 -583 904 -355 34 14 874 325 35 -869 -4 631 469 453 207 1260 -378 -470 -167 -174 1533 1764 123 -58 717 751 302 372 -284 -1292 -1166 -689 643 617 -1156 -556 513 583 -529 291 -684 -714 283 -174 452 -324 -241 1107 343 -177 -340 336 -207 -447 -236 -19 99 1090 -468 -282 520 211 751 179 149 271 529 1649 281 -127 368 29 41 -238 -157 29 626 561 201 -797 243 -433 373 999 -500 -157 -323 1147 -518 136 1037 -75 453 -843 -747 467 -757 472 -519 81 497 588 144 277 415 235 98 588 -698 576 -154 -232 253 -1050 1435 -451 -30 1512 150 -771 383 -824 804 -434 1166 -1239 -1009 777 -171 -115 -374 -641 502 1067 ]
[-55 405 -595 710 -1422 1075 1324 180 11 -784 -742 -28 -316 74 -591 1014 236 282 20 566 62 -744 -272 1179 2188 -627 -77 309 171 890 -944 -1003 -681 -62 439 -1288 735 581 -492 -883 -399 -354 927 -1275 435 753 -383 1165 625 745 277 168 -232 -695 -17 -367 642 1358 -112 308 772 694 -253 -12 -975 617 -84 -221 569 207 -617 -759 264 -795 -460 410 1662 -232 1348 572 -371 626 213 614 -994 279 1222 86 -1757 -1334 479 176 566 -785 226 797 -497 -1112 455 -647 -552 344 -846 -79 -22 403 -70 917 780 34 -517 1614 357 -1535 -1052 971 -1119 448 -27 435 -55 -151 -1190 92 -197 477 -500 -610 517 -574 -131 -635 -934 1103 884 ]
[1383 931 510 202 292 -288 119 -672 -696 609 -128 -7 699 -545 363 732 -317 1297 663 -1350 -1034 -1009 -1086 -83 -627 1290 -573 887 -782 -86 -593 1336 168 -807 -354 999 103 -568 -14 -52 -573 318 -462 544 662 -613 -119 545 16 -1193 -527 -1134 901 185 304 -427 702 39 199 718 -760 -458 1009 317 -229 184 -44 -309 182 -332 448 -593 -395 1066 -311 -90 -413 -73 -200 88 -945 809 1212 -659 1431 -735 -1046 197 363 576 -1389 13 244 1311 -992 -685 770 331 261 311 -221 218 650 -145 -435 0 -539 -401 396 -491 80 676 -491 555 -3 -244 534 -759 67 -579 -775 330 175 871 488 -192 207 -195 -768 1304 407 27 285 192 126 ]
[1215 -272 91 526 -531 -771 -816 707 129 -324 -695 -152 1331 -226 -1295 343 -569 -1000 46 -32 579 181 -212 411 -493 -1901 -335 -185 -607 385 -369 376 1071 396 -955 -912 -1327 -791 228 -556 -32 311 -1316 391 489 197 -909 -71 -594 -18 -670 -25 946 355 -239 -1033 -400 317 -993 193 617 1901 -554 173 214 420 -133 987 123 701 -329 -1362 -667 809 190 828 589 771 280 -636 -1558 -523 -284 -986 -359 -18 -471 533 -423 680 360 453 655 256 67 9 271 -398 -649 610 961 -327 -79 -805 -57 -856 1199 305 1030 967 372 -185 115 -622 -206 -348 477 99 551 -377 419 -195 283 201 672 -56 923 -664 -562 -836 -45 449 154 964 -710 ]
[-485 965 -320 -599 529 -227 51 104 -160 514 228 -192 139 -518 -323 -642 615 -762 -285 321 -125 531 -6 -632 187 435 137 848 678 -361 289 -108 1 945 -922 -277 -286 424 1978 -423 911 -891 -1471 -861 -360 -208 322 -1709 -531 521 600 -733 -1514 -1047 -129 786 35 -244 87 -511 495 -303 828 -549 394 96 -801 -582 -1084 278 1050 1020 177 605 324 -10 779 -258 -767 -456 351 -350 166 -1242 526 225 -1047 948 608 -206 919 -260 -929 -499 -569 -742 900 -276 -751 -804 1018 -337 550 -866 -890 -968 629 936 -257 -72 627 -758 -1392 1018 630 144 1036 -116 431 1855 604 786 -502 -246 295 -889 -1228 864 -13 -1175 -345 956 -1585 -616 920 ]
[15 -1346 -123 -488 1499 349 579 908 -55 961 655 -635 119 847 -272 -114 330 -462 -660 360 351 -596 262 486 -106 690 214 -45 -1135 -51 1037 -20 -875 139 -86 -793 24 -592 690 -45 305 -351 515 -129 337 -836 1133 721 -224 761 -398 -536 -372 -141 -73 1276 1659 -2453 -1620 -889 510 -556 -466 -763 -897 -393 519 -767 -489 968 600 636 -416 1257 -397 1019 -540 -102 -629 219 -212 -752 115 -359 -2119 -189 703 1139 -448 -545 480 -316 -1938 -675 -1212 284 183 -921 -910 97 -1707 267 528 -765 1240 -471 -301 -902 -90 579 37 -337 -390 236 -539 -582 -184 691 7 -199 1093 -291 1113 764 357 -558 15 -5 -440 1302 341 -502 2 -419 -743 ]
[-1618 96 24 -848 163 353 971 -995 943 220 318 -620 -288 -609 594 -348 -74 -11 -287 773 903 -45 -957 -46 -434 997 -776 915 260 -35 -408 -734 125 151 19 391 189 -209 1036 1054 159 195 -409 -288 -562 -1053 -230 178 181 -581 1149 128 -704 124 124 -120 239 246 737 43 1109 -1378 96 -136 81 296 210 -58 -161 -1107 -74 1236 1218 49 404 -386 -89 -198 15 143 2407 276 1128 -612 344 214 113 -144 181 -619 -351 -1261 -1017 -1122 -254 1324 -833 -150 680 352 -281 796 409 707 -781 481 -933 -897 -1007 -903 -992 68 -1520 307 814 -334 -119 -17 -588 1017 -470 668 541 -590 78 -357 -151 -103 -662 336 -510 -475 -978 -202 844 ]
[-79 774 -624 -145 629 -18 -1579 -213 333 522 -700 -320 324 110 236 -705 132 -905 -1113 -94 1083 2212 -254 429 197 -1021 616 205 125 119 777 -761 -87 507 825 -272 -338 -609 847 -439 -91 -830 90 669 490 -268 573 10 -983 -871 -548 -83 -662 1341 270 386 346 799 -92 1314 840 483 295 415 407 -452 -690 -58 1004 132 -595 1204 743 -296 470 400 -458 -360 -1214 -804 -77 438 351 194 -117 -294 110 -547 336 602 972 -370 -460 529 15 1369 -486 -172 -828 -175 1027 498 -56 -455 -371 24 -100 246 -158 32 -238 -213 -268 -698 649 -700 494 335 227 870 -820 900 -1123 -101 -444 -1209 404 729 -325 -782 -590 702 412 -52 343 ]
[-720 -947 -415 1360 211 357 -871 -70 -726 -118 -759 -77 926 -766 1838 -137 -423 -578 74 -232 147 -436 272 -29 -592 -849 -775 -415 -16 -345 -728 -576 102 -125 -1238 311 -1534 560 1253 -826 -1119 510 -650 -260 -159 -368 -237 895 163 -1093 -379 242 17 838 -41 -756 -150 1063 8 480 306 -472 -578 195 116 105 647 1015 460 134 201 -96 -513 198 -542 603 -110 344 -596 -228 -723 -166 -229 -812 651 22 347 788 552 252 -26 180 705 -43 1516 -1070 -1304 154 1581 16 619 -239 4 281 -343 807 496 67 23 -77 28 -554 -844 347 -444 -59 1390 672 -179 -796 -294 264 -17 1548 -1136 124 916 -404 30 288 -84 336 513 -151 463 ]
[203 -627 488 -73 -659 -545 725 -96 606 -135 -14 -119 910 68 48 196 445 -185 15 447 241 574 36 656 771 -634 1059 -335 -939 93 300 289 -833 367 -70 -447 -346 -503 -130 940 -421 20 81 1273 -509 -462 -235 -1381 -727 -1568 -973 -206 -60 -476 461 -255 260 94 -193 1 -86 1015 -902 448 -827 -1046 -529 -517 -391 -247 -416 -911 -473 757 992 46 422 419 -76 -296 -750 -15 -1338 -65 -1507 -237 -186 -190 -885 477 -115 1271 278 962 265 183 -21 206 -1318 587 -373 -520 -569 -38 -115 8 -47 -251 572 604 -60 -178 1417 -810 182 -337 156 546 442 -1442 139 -708 787 491 356 177 1530 -263 -72 -742 -588 929 1222 628 -494 ]
[-191 -662 -163 754 -592 -271 502 1011 881 388 305 -298 310 863 -31 -188 -815 -648 -157 -595 -244 -169 429 153 539 -936 -248 578 -3 395 -199 583 -235 -340 375 -645 150 299 -442 -1724 -350 -1102 797 -774 224 -57 180 807 211 336 -540 76 792 485 146 -258 428 -35 -463 -1245 47 -30 -133 -852 -1311 -1211 373 -928 490 477 416 -183 -499 426 -843 1079 -472 596 8 1173 362 -305 1188 -65 -76 -456 473 347 -385 -34 71 620 -1745 939 -674 -1456 740 -769 -780 -1157 -614 -189 782 -754 493 -303 -184 -1155 -459 1342 229 -54 957 -397 -116 201 -1370 -925 491 438 -417 639 -425 797 -897 -685 260 809 221 331 -391 -222 -1092 -2 1209 ]
[-387 -799 -206 -260 39 -670 767 157 328 -285 -794 -814 1296 -343 813 870 -514 1020 -103 87 72 -167 -777 -47 107 -258 -32 -900 1579 -817 195 -273 -119 191 -914 -177 -12 872 -1049 223 332 -29 498 -625 149 1073 -790 -849 759 885 1043 1185 554 -1178 34 277 -1250 -92 -86 -1036 245 -799 168 -710 -1305 -829 -397 118 -325 -1113 -89 -506 -1341 -416 -725 389 1541 -739 -180 158 -206 -49 -569 -596 -46 -1053 -502 629 432 400 292 -162 -286 -41 -477 -720 1486 407 335 310 779 -1120 827 -1028 1870 -190 770 -217 389 -387 54 -581 52 -293 -79 -322 7 -1210 -1522 201 -62 -623 -858 -339 -524 -590 -670 597 343 -804 -7 -1659 -1211 406 337 ]
[-365 698 -989 425 863 -44 635 -38 -481 -325 -1307 -1134 1275 77 796 -463 -476 802 -1101 287 -106 -584 656 -166 -223 1292 1350 -499 585 -1294 1186 -1481 -236 788 808 -754 -286 -678 -27 151 -789 -940 -303 69 117 1065 -417 445 882 -74 -54 470 -348 595 669 34 149 1294 -652 99 119 -283 -1144 -293 -1284 -773 -596 68 789 -1060 -1246 -282 -768 -444 -1379 894 -74 -575 -526 310 -430 1012 -625 -696 -511 -739 540 1838 -998 532 384 -389 -136 -265 659 -555 1191 -264 -996 -262 -1185 -312 756 -787 1583 -166 353 -13 -662 261 -497 -818 822 -489 -604 -1011 356 765 -1164 482 156 -361 -377 304 -204 846 482 -624 460 0 -774 454 204 -663 254 ]
[248 3 150 -496 -1393 7 764 -24 382 -260 156 119 -372 846 -875 22 685 -206 254 212 -489 57 -450 -744 -853 42 600 491 557 1014 1075 -90 -22 -75 -167 555 1538 -426 65 -3 1178 -48 -316 -726 92 -428 594 810 -805 786 -565 296 -1153 -400 -364 56 -147 704 503 -345 848 -49 424 -423 -17 699 -860 523 821 924 232 467 214 -200 147 259 -392 200 862 -706 -600 245 -95 -128 -507 775 787 -309 -228 -665 1963 -28 -143 -1097 -340 1185 142 -996 -790 76 111 698 -49 -510 -334 5 -239 868 -289 -795 348 673 56 -708 676 352 -73 902 -308 -668 -147 -1052 -486 -188 39 1371 -474 -780 228 559 -916 566 -444 1185 116 ]
[-99 34 7 303 -370 -399 -596 -57 -167 -361 -273 -621 968 1413 -901 -229 -283 -928 -191 -285 89 205 -195 946 -2458 -17 1484 424 703 68 774 -1035 228 954 421 -815 -699 -51 1696 -359 123 112 84 632 503 -325 -285 -1523 -67 -363 -19 -363 167 953 469 -763 -138 -22 736 -22 -1039 -394 977 692 467 -517 -227 -815 -485 166 232 900 269 739 -624 95 -287 -919 -809 -667 -163 -417 80 -1835 1145 129 -1137 258 760 905 -349 -400 140 11 -167 549 602 -236 -740 509 -59 -147 2 78 -16 -201 669 801 -710 -400 298 -796 -1156 1414 -953 -1333 898 368 -693 -650 -374 -676 -755 -381 1180 108 891 -216 464 -217 402 522 -866 -335 -878 ]
[-936 -815 648 -506 -1187 72 263 1481 494 -282 993 414 -747 382 219 -278 -292 -1621 923 -166 -810 1054 692 102 -287 318 753 13 -665 -687 -808 733 -454 722 -1650 166 -689 67 931 835 -959 674 -103 -1070 60 -387 -243 -93 1056 -511 754 1013 -463 160 0 1211 -236 -187 333 -163 928 -924 -276 -88 1019 156 1206 431 53 703 860 917 -17 -631 782 -127 -603 798 -565 -796 -898 -919 -419 1275 -1029 1072 293 -262 -21 -751 301 665 -516 -477 815 -899 -2056 -141 475 747 1461 594 550 137 -43 607 -215 -930 412 -304 -596 -947 -278 844 -309 227 268 295 -354 901 732 1301 387 578 -890 273 -374 404 435 359 248 266 823 -565 443 ]
[354 620 260 -935 425 -409 -23 -210 213 -1012 219 361 -428 874 -332 -645 -810 -280 829 -378 -527 -16 -1882 -1113 -47 1090 -424 -345 674 231 276 447 972 421 854 495 1629 -1358 -387 484 118 301 411 -264 512 951 -165 -631 -124 79 1051 1328 65 363 -488 -552 -201 183 -494 -543 -1214 551 -854 -325 934 -751 -298 -1262 -107 -40 -706 -660 -521 -789 1154 -39 168 -216 290 -30 217 -602 -185 319 945 103 -680 327 -531 155 -1006 -994 0 145 1716 981 488 -251 -1226 -1034 181 -317 -442 -51 -194 1398 299 1063 -448 309 256 165 -217 791 111 -800 -914 -720 -755 -166 -550 -692 66 -1469 755 809 -277 271 327 -314 -510 -551 315 -739 -477 ]
[576 -237 374 -419 966 694 -353 413 -784 668 191 -142 -359 1804 -324 -769 -410 -134 -199 -566 -671 476 -413 653 -836 166 817 427 647 -164 1507 452 -73 397 -203 -674 357 -665 997 -462 920 -729 -258 232 1274 -577 1451 -43 -1175 -369 -537 188 -270 284 -66 388 123 -320 -809 1256 195 -899 433 -338 -743 -40 -439 -1405 279 404 74 580 -802 372 3 310 -614 522 -1467 -1337 -1051 581 235 -54 -543 1048 -368 328 -313 1943 492 -932 -1382 -373 -353 784 333 -189 -991 252 995 44 7 -997 498 -22 -461 567 1162 -670 204 303 -1112 -31 1086 -849 348 931 231 547 191 -855 -1167 -216 227 589 1009 128 -373 398 37 78 -417 -581 -593 ]
[398 -576 -95 229 1537 -54 -1022 1156 379 -344 -4 17 220 860 809 -150 -28 -735 -565 601 -1114 657 587 -1136 738 -224 -882 118 801 1265 93 -163 539 427 -36 -753 852 -61 176 -288 103 -261 -128 -372 -610 234 721 323 -773 831 -510 1420 -919 1101 -640 -1566 476 -42 -39 -772 -41 -101 -1370 -209 1270 -666 509 -440 888 171 313 77 446 749 88 513 -874 1266 792 -1356 97 -1767 400 -205 -833 -123 769 -183 122 -687 443 -655 -967 -188 377 286 232 356 -240 -1037 1315 6 -1096 -476 -205 1774 1177 -324 842 254 758 451 -678 -471 -226 289 -23 844 1367 -764 -36 -599 257 462 13 789 127 -922 -54 330 -597 98 -414 -1066 362 ]
[866 37 -624 95 882 399 172 784 -501 -314 -492 114 56 -777 321 293 -167 546 -612 335 204 584 81 -400 815 -460 371 -425 48 1202 -710 -891 653 346 -221 -217 41 655 251 -1482 112 -844 475 141 -439 -83 1809 -765 -466 331 776 -489 183 177 -1067 -457 -489 1310 373 1178 970 187 257 916 114 2064 -342 392 332 -462 -232 -368 -350 -863 -335 -768 -567 123 632 32 1197 658 -415 -491 689 -76 1863 -150 -10 -328 105 -52 -34 -983 -209 587 168 -985 319 -536 776 -311 -613 399 -252 781 864 1256 -605 -432 -375 6 -852 -614 -850 939 1233 714 289 710 579 -101 -814 -650 -348 1118 -677 -744 143 430 41 1126 -954 726 230 ]
[785 404 208 415 -312 131 -505 649 -447 386 1223 594 -186 283 -184 -113 -1053 12 864 -827 -1720 -342 991 1023 -967 -1028 -360 -27 -526 92 -363 391 128 -171 -721 65 -987 -313 33 -425 -743 405 325 436 240 -193 132 902 -761 126 -957 121 1024 997 -879 150 -124 -585 353 -1451 -1400 -72 1209 439 748 -1111 707 449 60 1577 784 -651 258 307 -976 -591 -80 40 -392 836 -81 -197 -116 -190 638 -168 -521 -832 956 1077 -216 211 145 447 401 -724 -725 526 566 397 -109 186 426 -244 471 -585 849 -1793 -59 -898 -233 -198 577 1478 -91 -165 -78 -1178 327 -33 -58 1049 -119 311 -450 -173 792 -159 601 160 411 -168 -496 -217 185 ]
[197 -273 1025 359 -644 -1524 344 -901 282 -91 11 -546 1298 -799 -204 -25 -642 694 -16 334 1084 -758 -1659 76 -1533 -638 -398 -264 -171 881 178 891 794 -491 545 134 471 -481 -154 283 253 555 -101 -63 480 -592 -218 -844 -837 -516 -1304 -720 317 -692 316 -1104 -641 466 247 1004 -411 346 707 894 -1360 61 -1307 288 -1109 -793 -584 -1218 -435 -198 -129 532 258 -70 -84 -100 242 579 642 -1629 1200 -237 -862 -482 -58 959 -411 77 1177 877 227 205 1110 646 -161 294 -88 301 94 273 -744 -1596 -902 803 -602 259 -718 -227 697 1083 250 -388 1060 -1473 -871 -915 -898 -664 609 -266 610 -780 826 -165 -833 -304 -660 555 -349 789 -142 ]
]
