[[-469 98 318 96 -796 -308 267 83 29 -312 2 -609 -552 550 -327 455 848 -792 -869 -313 590 67 -520 701 -82 -370 -276 88 21 288 130 -261 -420 361 21 408 122 -202 107 -299 751 -36 400 256 -193 -481 -51 -218 661 574 -775 -84 180 -543 462 -488 -443 -657 1170 -150 133 904 651 -401 941 512 368 -182 267 101 197 -177 196 188 -983 416 344 -164 267 -544 238 -223 -168 342 766 -732 326 61 384 370 -73 857 -463 375 -163 1437 -13 173 116 184 -165 -189 629 21 173 -381 69 -423 -601 272 -272 152 159 -667 129 611 956 500 120 630 600 429 375 923 32 ]
[378 193 -368 22 -985 -257 -536 119 -472 459 499 -636 1104 349 233 -438 -260 -14 -842 -762 42 5 491 172 -963 -246 -439 -947 -52 -611 502 -399 453 -204 -536 351 361 320 -288 13 959 -175 101 -64 -969 -413 392 384 273 198 -48 493 -142 -381 -523 826 -938 -22 78 760 66 -176 484 -83 854 158 -91 225 310 391 -623 -732 575 201 -65 148 268 12 159 -93 123 -109 44 759 701 18 255 -93 71 338 -281 -141 -657 384 -140 1323 271 1013 715 714 -405 187 815 499 34 -169 -84 -593 294 -346 130 -526 555 105 -74 84 326 -91 -123 752 224 330 13 107 585 ]
[-253 -37 -159 187 -47 178 -85 -201 143 147 592 -765 1154 -9 79 -189 210 -108 247 207 98 284 651 -632 -285 -86 -135 -118 733 -1465 333 -21 243 -552 -725 -636 128 -91 -93 -810 50 141 601 -1325 -459 -530 485 167 336 -451 561 443 916 118 -200 25 -604 200 -356 -277 -40 152 -343 32 -314 -226 690 -143 -349 152 -865 -381 285 -28 -126 -163 399 199 475 614 -137 215 62 -257 -434 1596 347 -278 -145 491 -138 -142 26 -141 538 120 722 -204 380 613 239 91 -217 -489 -602 1241 -392 41 140 170 -923 376 -488 703 494 -465 -152 -520 -89 -172 -744 -83 605 -129 -171 ]
[158 -360 14 -505 743 -1087 -75 454 -52 515 -642 -866 -1031 30 -139 -385 377 -833 -425 89 162 196 21 -276 -345 37 419 252 -576 529 -197 18 -574 196 -166 1207 873 498 357 -395 -402 -427 -765 944 360 -561 -357 -230 -83 631 -1102 -193 -340 151 836 -221 -503 -697 86 8 -233 -701 43 -368 -312 -151 -105 -644 -364 -543 853 -32 -150 170 -994 192 -76 -582 -20 -499 468 512 -609 303 -660 -719 -324 -215 330 180 215 -440 492 1163 -508 -110 -740 -317 133 -379 -237 163 105 52 330 -228 -235 -463 326 564 459 154 -284 -426 -140 1096 1376 -101 -233 610 261 -159 -319 503 311 ]
[-292 -29 -1 -202 -370 -309 166 -115 109 1143 -174 -562 663 -711 -135 -1435 -67 401 -514 -213 246 214 117 73 -581 365 1018 -182 -177 73 -162 -1111 -573 -235 261 891 21 -370 205 -282 485 -22 157 492 553 -952 -87 -513 282 808 -982 -129 -991 -108 366 -558 -1110 -140 252 399 -613 -296 118 -421 77 -320 3 8 -166 473 316 -961 -739 542 -778 -68 99 66 -328 -189 88 585 -623 -588 294 -679 115 76 -119 -126 176 -193 -218 760 -682 363 558 -264 1 533 -165 669 628 160 -321 -312 -784 -263 29 472 665 205 -301 133 -400 617 420 -173 269 641 -12 -142 -16 -578 -35 ]
[462 -472 350 221 -300 -675 -864 137 206 366 184 -534 -785 81 -128 -22 481 -1033 204 483 427 -275 207 -1003 50 -631 837 690 172 -213 201 315 170 84 -220 1250 856 893 -581 -179 -165 -222 -363 -815 67 317 -217 677 58 248 -204 117 299 646 351 359 -68 -733 166 -781 -387 -73 -672 -336 -354 611 503 -640 -335 -186 35 851 68 257 -554 -407 389 -532 -55 -215 569 418 36 -64 -218 1114 483 166 298 -130 -237 119 -430 280 209 87 -433 -545 370 20 -126 -53 -525 -299 1035 386 -404 -420 433 -88 -284 700 286 -603 246 566 739 206 166 679 598 677 662 1192 -129 ]
[124 -292 728 87 -487 -434 -185 53 473 725 -628 -313 -1036 -207 -253 -812 943 -217 224 463 -59 -399 145 274 801 318 -265 255 -636 550 -127 -639 276 1202 604 623 625 -243 -261 293 -134 -227 -205 647 527 225 -526 -934 -410 544 -1046 -14 -274 234 800 -772 -243 -834 -25 -508 -775 -80 278 256 -912 445 839 -255 -837 -284 507 -68 -910 759 287 -235 386 -107 52 -627 188 856 -513 -556 285 -366 -80 309 -24 -652 344 647 -231 4 -327 -616 133 -668 -420 -137 29 628 -415 -391 156 268 -807 54 -74 -396 -685 706 -569 56 243 744 131 413 -570 99 373 -798 372 253 -325 ]
[1255 -131 -149 516 562 -653 260 450 252 583 -92 -357 5 306 -59 -30 -39 -63 224 578 -477 269 221 -248 346 -227 -194 1334 -541 252 113 151 475 480 -446 638 853 231 -638 -236 -345 -448 -238 -71 438 639 160 290 -558 164 176 470 273 221 53 -60 -376 -1213 -139 -482 1008 -747 -268 1102 -1364 818 529 20 -237 -536 828 239 -183 83 410 -395 13 156 174 -247 88 457 -344 -529 -1009 298 -606 139 -34 71 -197 -95 -74 -59 478 -1456 -902 -365 -523 284 -68 35 -662 -710 53 558 30 -54 -599 127 -122 1010 -249 729 496 41 372 638 -89 -235 -30 -311 -134 -58 537 ]
[445 806 374 -222 689 152 788 -176 115 483 -298 -14 665 -362 -78 -473 -67 108 -406 -648 -222 28 400 -387 -9 -331 -648 335 -27 985 -127 -125 352 725 -97 -493 673 317 65 364 -644 -360 93 -26 10 416 469 -637 257 -57 187 269 -31 -167 278 169 433 -329 -831 360 222 -932 323 362 -836 -703 613 864 104 -172 -78 -883 -380 187 481 -410 -586 55 143 91 -694 193 -834 -842 104 -575 -64 -587 -586 150 780 230 373 -31 601 -514 -388 -372 -354 668 -174 93 -497 -263 -1129 490 375 -251 -93 954 -274 398 -942 957 262 -309 -613 -333 -731 -1088 -406 -808 -293 -975 377 ]
[602 -7 -22 118 129 182 26 432 -783 208 370 384 -339 452 490 346 -275 -892 65 195 105 117 -296 -268 -176 -309 878 341 -306 580 -660 515 -336 240 46 817 804 877 651 98 -520 -456 -775 -117 -652 70 33 801 149 -1131 245 -195 448 223 -383 1190 1022 -197 -314 360 99 -1045 -358 -607 386 490 48 693 321 -576 157 -204 526 -531 21 457 -98 -886 -2 -436 -284 -410 154 206 609 -185 -233 191 389 289 29 308 -90 1233 -169 -64 -182 55 608 -120 520 -318 -77 18 564 -683 1568 -1023 105 -238 269 -404 52 -675 -272 222 -401 481 -241 -9 323 906 -170 -54 232 ]
[107 878 -513 707 -873 499 -271 -380 187 -1019 125 -20 -359 104 70 611 22 -71 -552 -511 456 65 -682 -81 -32 -179 -914 655 -127 693 362 318 -218 739 -235 -606 149 609 119 496 -3 -469 -311 -518 -715 238 303 -46 580 335 377 -560 -598 -167 161 430 584 65 -477 46 887 301 503 953 407 13 -656 473 996 -845 -335 838 1116 -668 153 797 228 417 -426 -558 -107 -475 111 -454 551 275 -255 287 79 -373 151 -484 -169 204 205 787 -656 664 -219 -135 -29 -90 90 766 802 466 1006 66 -336 485 -181 -537 611 -360 -521 270 -126 422 98 218 42 704 -59 357 345 ]
[323 366 -439 203 396 -428 -742 367 1032 139 -50 -738 641 -355 135 -733 143 -68 263 428 57 110 133 179 235 434 129 263 538 159 57 -588 -281 49 -40 -389 -296 164 -508 -172 -640 28 -541 -309 499 226 -162 -1349 156 637 -58 104 -992 426 627 -945 18 -114 -223 -402 423 -447 -549 297 -1391 -511 199 -37 -1153 -52 1032 42 -179 -430 126 430 -70 828 -391 472 580 675 -117 -1576 -1277 791 -757 377 -376 -766 441 -701 238 305 -193 -1421 150 -586 -798 574 133 1011 -677 -519 -161 276 -768 831 -390 1388 -202 452 -538 1367 -411 -634 297 -116 927 436 449 -193 410 -322 -572 ]
[744 591 -387 -723 348 29 -382 793 -445 -453 866 159 -207 947 197 460 688 -1065 -395 -21 -429 -134 -312 320 -135 -41 -100 -1053 71 36 -572 -191 -463 -104 3 470 1102 759 130 50 -280 -381 -810 -473 -1380 12 -218 151 993 -40 -157 -104 438 -539 282 622 680 -216 -81 75 1045 -280 -471 -633 131 -231 40 -26 -326 -529 31 -101 1048 -137 -1041 793 -171 -612 145 -1108 264 -587 -4 87 -84 214 198 -86 68 -258 -149 746 -343 1105 -710 190 543 90 289 -164 355 154 432 -407 222 -460 522 -782 -567 243 -292 -910 -402 66 811 -94 160 -204 55 635 -658 41 17 1007 -232 ]
[-508 258 -282 -895 -1307 -653 -943 200 155 -284 -372 -481 -659 780 66 -600 2033 -1273 637 552 -61 335 -238 109 200 351 -180 -1147 317 -703 320 -129 -57 398 289 -87 440 222 -26 -876 -166 -437 -1077 -61 -1252 -717 -669 -657 217 457 -383 -303 -483 -392 21 -83 -892 -506 166 -712 -316 239 -158 378 -435 751 -292 -1314 -612 -479 -349 -85 1422 201 -237 874 772 -438 203 -706 203 372 -338 -205 -641 1062 -24 65 453 -565 23 38 31 386 -963 124 1825 -555 785 -765 341 389 -117 -508 716 5 -473 -129 81 122 -1589 -40 -359 439 81 615 736 -708 -305 919 -454 -96 411 668 -182 ]
[112 -54 399 -134 487 363 599 -398 -78 568 -262 116 -83 248 441 55 129 -164 535 1164 330 191 664 -736 299 -576 427 61 528 -122 211 351 305 59 530 -1134 -26 -360 378 -449 -1562 131 405 8 221 243 454 655 -930 -1023 617 -170 1151 -34 -38 565 156 357 -456 -135 -1142 -53 -476 -532 -172 -321 179 -835 -376 -600 -1260 -303 -70 320 661 -290 326 -1157 377 394 -488 420 68 -89 -716 -34 198 174 -83 121 378 91 633 -12 -138 -610 1365 -1351 1065 -588 133 -722 -1079 -1425 -644 405 257 -352 1140 -434 -638 525 -752 -246 160 -255 -1017 -215 -1435 -1817 -245 -759 -116 293 -448 ]
[195 896 -200 -584 -386 123 -719 238 259 -36 -475 955 159 -584 -249 -925 -805 942 -637 -453 -112 450 -305 140 -767 595 1055 -1096 -228 -91 -166 -432 -596 -282 192 1407 1 225 275 138 955 -789 -437 619 -143 -899 -128 233 -484 112 -210 -187 -1073 -370 -139 95 -216 172 -769 333 -74 -245 -50 -155 -173 -299 -1463 347 408 326 -435 -165 411 -92 -286 196 -229 566 -935 -12 68 -542 -413 114 685 600 218 -765 -200 -773 -65 -608 241 -101 -695 -50 -891 628 -56 -34 294 484 1183 1043 547 -395 -265 -763 97 376 654 -736 476 177 -360 121 124 -356 783 967 -894 -297 -702 -1324 417 ]
[-155 -207 561 476 -1099 -385 708 250 -318 341 -7 -263 271 758 399 275 402 218 -459 894 315 -545 193 1326 -8 -399 -980 376 243 -286 28 271 1007 218 -113 -268 -852 174 -69 -749 744 -157 506 -327 -79 -268 695 -81 95 -759 -636 688 979 -125 -717 207 -1319 -333 1104 -715 -512 598 261 -19 923 965 329 -246 -221 176 -210 -297 394 653 877 63 443 -640 681 -33 -771 673 850 539 392 -402 292 1183 471 725 -593 910 -554 102 -112 699 944 614 564 -61 -177 391 -370 44 43 -448 495 -24 -35 -1456 -342 631 -142 -861 24 136 -323 312 -541 -423 963 180 1185 596 -563 ]
[463 897 -160 -257 -28 177 -292 190 304 280 -501 133 1093 451 -594 -569 189 585 666 -656 -184 -130 149 319 396 573 -74 -1827 118 -166 366 -883 21 -587 605 -259 333 -1347 -884 2 330 -10 269 152 74 779 -602 -118 143 463 272 420 -1 -1024 -765 -632 174 -102 331 496 803 249 138 366 251 590 447 617 -118 160 230 -922 -847 811 737 -431 -72 1598 328 349 125 -818 -621 -3 -125 372 -58 -205 -525 -467 79 271 -517 -944 -319 -1450 711 212 -675 860 -73 21 514 -43 -694 -486 -1304 42 -245 -60 -287 -53 2 1495 644 -210 -266 -9 735 -113 -990 -626 -1 -1109 368 ]
[630 699 352 188 -663 -428 -491 -75 -367 590 -601 -406 89 453 -400 110 771 -534 248 -499 -137 -383 -470 -100 38 -500 -515 416 -513 1612 -290 693 677 740 216 -32 676 881 35 129 124 -883 -673 -303 -290 1112 -498 -139 -362 -566 -116 -23 -452 168 -350 1018 748 -620 -423 -107 67 -653 613 432 -31 1384 495 1084 489 -367 255 -104 -6 -233 794 974 196 731 567 32 -1002 5 -600 -490 1214 -471 -279 737 -150 -165 286 -725 137 -10 535 -241 -548 173 -71 403 -166 -192 -65 632 43 -1106 621 -19 271 -142 -32 119 374 -447 -1504 634 -909 567 226 -596 1039 958 -86 -688 148 ]
[-100 815 199 -709 -1167 145 664 -89 -180 -503 41 938 -118 -574 373 -832 -58 203 663 258 -122 -507 341 -781 139 170 88 540 -44 477 -310 330 1333 500 431 -459 30 632 -183 827 -310 -1141 -825 -1124 -512 345 -367 156 926 326 209 -64 -607 265 -714 956 351 392 -584 -139 351 -519 -919 1104 -172 -175 -289 -263 551 -274 -866 445 800 609 882 -418 -553 -642 -1020 91 -119 700 551 -37 115 847 23 141 -65 -134 599 -244 8 -788 251 -496 -143 827 84 -444 -8 -128 -945 685 854 741 352 224 393 -663 -286 228 18 421 718 277 -660 -271 -254 181 -710 226 524 -281 -55 ]
[574 -38 510 -909 112 -722 -1052 693 -723 287 1023 370 107 589 -190 -610 -93 -724 -806 -207 -1495 -475 258 720 -225 180 -941 -571 -476 354 -371 -443 1057 542 -135 1217 854 1069 -990 1046 627 -552 -1224 -112 -633 749 -402 506 -388 -97 -171 923 -267 805 322 796 456 -74 -742 872 795 -824 76 163 -586 924 785 526 -406 167 -280 -383 23 -374 -313 303 166 -168 429 -8 699 188 104 738 690 -259 371 -564 -81 -417 -89 116 -150 -216 -192 -108 -997 1008 -358 393 222 -73 114 -467 -56 -276 37 -205 -1200 -577 -228 -357 505 735 17 -351 -478 29 115 732 203 -19 498 265 -346 ]
[-692 -334 -94 413 233 -629 723 -783 291 156 -1104 -392 -1118 412 -230 107 -327 797 -525 1358 1323 -84 -308 -592 628 -138 871 340 496 93 550 -101 -1418 -147 346 749 391 231 -274 -910 -335 81 -277 222 1389 -237 207 1121 -349 153 -871 -357 608 86 -195 -460 -837 -632 433 -378 85 270 -269 42 579 777 -896 -1154 260 -790 550 778 297 280 -167 -537 388 -450 207 252 348 -166 -373 63 -1442 -173 -19 885 33 -311 -691 -189 250 737 -558 -350 -260 -454 510 -708 -117 -276 32 -377 540 -62 182 125 163 -450 448 500 87 -526 -63 551 830 293 431 60 136 -302 736 619 -609 ]
[-815 -1633 770 755 227 115 -139 -1005 86 -204 -336 346 -835 -801 178 -11 -87 388 881 101 588 -1368 803 -678 1194 477 373 104 1192 -694 -121 114 135 47 43 -541 -476 50 -414 657 70 1512 610 -148 1055 178 -354 -431 54 -9 55 5 237 770 153 -1107 60 632 -159 -688 -1029 649 -765 -502 -849 -491 323 202 -807 386 -118 758 -925 371 656 -1462 -426 117 245 345 -76 850 410 -245 -425 121 788 -276 -438 -598 -638 1245 -830 131 573 -172 -193 -799 -890 400 -176 911 -808 28 252 614 -1091 336 459 -911 -148 496 -680 60 184 -282 45 -625 -788 -102 185 -521 333 145 -1044 ]
[449 -830 -744 -273 551 249 -374 -169 -643 -848 722 555 271 -380 230 -58 -898 -574 615 -319 -858 -43 917 -270 -269 356 -207 79 -23 62 472 221 271 42 -204 -745 -108 292 -464 1802 -179 270 -320 -680 280 328 -223 864 429 -313 1187 209 40 136 441 -63 1404 1013 -636 1156 918 87 -663 433 120 -840 464 -281 281 92 -1321 1401 5 -787 -400 -93 -633 102 12 -187 806 8 869 518 -108 142 427 -734 -590 -339 350 -66 -185 -189 494 342 -716 365 -864 355 235 -334 -73 -633 160 457 -147 382 -986 -94 506 -285 569 880 886 -271 -141 -460 -61 505 -481 352 150 470 -391 ]
[-977 -920 495 -16 -460 -129 -183 -201 -215 422 349 217 -1315 82 -390 -706 91 180 -48 593 -295 -314 -522 494 -259 555 71 -589 -196 -1165 -275 -426 -432 59 -337 1526 261 285 243 -568 708 289 152 606 -453 -833 -87 12 174 -341 -1552 156 242 1251 -445 43 -872 -144 -743 -65 -1271 -414 145 386 -473 630 -330 93 -459 28 378 -126 44 184 -386 -352 1279 -518 -70 -491 99 -117 -513 944 566 -278 1259 -165 594 304 -570 111 473 140 -819 768 751 192 1352 -1005 291 484 526 317 134 281 458 -125 -76 -1510 -208 -515 -541 -280 -705 347 387 -172 -258 659 -801 -407 380 -15 -174 ]
[1055 -717 -903 382 647 -164 -233 796 436 -65 353 -221 399 -465 160 -305 -1483 300 51 137 -65 229 349 832 -741 546 -817 0 -332 -213 495 -285 -373 31 -742 514 -451 97 40 109 -641 365 89 874 -123 -227 583 -391 -13 -277 -286 -50 -1066 86 405 -468 -298 520 -503 473 281 -422 -546 39 -1318 -1189 -1284 -335 -525 -820 -12 588 334 -694 435 -148 471 280 -470 -74 446 638 820 208 -1002 -112 343 -89 210 -258 -37 -1081 55 525 -968 -278 -211 712 -268 -103 -167 759 -833 -660 132 -2 -435 -143 217 -290 690 -352 -85 233 -82 -642 -271 256 -60 -13 -185 -359 -82 315 -312 ]
[1332 -962 323 618 1346 -1081 -351 520 335 742 656 -280 -620 14 11 -13 68 -242 -784 613 -1017 -623 -442 1349 77 39 1080 905 -35 165 -134 -154 -324 -197 -577 789 -818 -225 -8 142 715 566 272 890 1071 614 -89 -226 -311 347 -398 542 -70 900 271 -904 35 28 356 -675 -434 -202 -193 -271 -713 432 394 402 -579 1165 1052 200 -1402 -251 -727 401 -284 488 -155 -582 621 471 368 -402 -338 -1478 281 105 -52 -207 -192 74 -117 720 65 -489 -317 -920 -1032 34 56 780 -348 -191 -827 -894 -489 -76 -1614 639 980 342 -639 484 -614 160 1042 47 314 -112 317 -31 -489 114 -202 ]
[-718 -499 -410 -197 -405 -39 -40 -701 -572 427 -742 82 1677 -70 -195 -1016 -315 1308 364 623 -470 1057 699 76 -40 504 -351 -624 217 -878 148 -146 -2 -80 -93 -464 276 400 135 -798 493 51 359 -465 -453 -1078 1003 57 -1003 -1484 -201 246 386 -186 -986 -218 -1182 1 -219 -199 -427 27 79 898 381 834 -220 -73 -581 586 -175 -778 521 140 494 62 139 -227 815 -130 -1040 894 -20 -361 -37 -88 69 301 -157 194 -958 -290 -105 205 -522 127 1697 -753 470 331 859 705 434 -572 -706 -645 228 165 35 -1054 426 582 -646 -26 -643 -523 -944 -539 -148 -99 -573 -825 176 -926 -348 ]
[164 601 -172 -182 523 -104 -699 280 -323 58 361 -399 1277 449 -381 -776 -152 -324 -582 216 -284 1132 -450 470 -209 365 299 -757 585 -99 434 -327 -1089 -815 -525 -62 -563 -1060 194 -671 91 12 150 269 -771 -395 145 195 -1139 -66 450 -677 -963 -323 2 -370 -348 923 11 178 1074 710 234 173 -683 -281 -1179 -22 33 187 -627 -1339 541 -903 -565 523 463 749 -111 356 224 879 608 -160 77 89 433 -371 307 -530 -663 -1318 201 562 -1031 80 402 393 -380 179 198 -130 231 -707 -312 -339 -969 -1061 -1038 705 351 -177 1 214 -1143 -721 -446 -27 507 106 -1130 -17 -770 -565 397 ]
[1350 840 -780 -256 -440 111 42 663 1107 50 129 -572 -453 38 -523 -119 92 -373 105 -523 507 646 -766 454 -351 -494 1181 143 -369 945 196 -902 -658 -93 387 308 49 -551 717 173 219 -591 455 753 -248 -149 -495 -256 637 331 -87 -383 -1105 -1581 165 -297 -49 -562 606 -623 340 445 -572 -713 -19 283 -803 -366 356 196 -6 -79 -292 -517 -930 962 747 969 -937 -61 56 -528 -366 -763 391 -222 -563 538 -152 -88 1015 -947 151 -84 -589 221 618 -1043 237 -88 456 -111 565 -899 -126 -1555 -439 -380 -591 1328 -212 -276 27 30 -232 536 576 1381 1066 -288 240 649 -494 -140 -280 ]
[-726 -1282 -829 207 -1184 -297 408 221 -602 157 -644 28 119 -322 163 -1068 -104 -79 1695 1230 227 815 774 -1016 515 688 734 101 -434 -373 55 693 -210 485 278 -596 -250 -144 822 81 -1240 323 -183 -28 -282 -392 -324 -295 -865 -1034 -468 64 415 545 -648 189 98 -95 -3 396 -877 -306 -782 298 -534 23 340 -1291 -849 -241 170 254 712 122 1097 193 -338 -1308 -452 125 593 978 84 -297 -120 399 -463 793 610 -196 242 54 830 -218 -537 -473 889 -757 794 -458 539 417 -385 -973 431 175 161 759 1016 -1253 -266 759 -404 352 853 -23 -497 515 -532 553 463 -256 41 251 -409 ]
[-799 338 -214 65 -185 536 -545 -400 -317 -579 -705 -143 600 51 604 -796 -63 -1054 566 -394 303 1271 334 -213 -745 428 441 -425 504 -1230 880 488 -707 137 -565 244 733 124 854 -1036 309 -545 419 150 -916 -1575 866 219 519 -676 157 -430 699 278 -85 -423 17 280 -1160 904 -623 -303 116 1218 968 585 73 643 458 -474 -1420 -448 288 -348 59 226 651 173 369 -466 -262 -520 -793 680 619 653 805 -1973 -345 566 66 -78 -335 196 -361 628 373 -390 382 953 639 -466 83 443 3 307 595 -900 286 693 -102 66 -438 46 -466 508 486 -874 -493 228 -1696 586 -342 -1741 1429 ]
[354 156 372 87 54 -663 -570 -295 486 120 368 -912 548 -122 226 -96 441 152 -823 -1026 436 -347 651 -632 744 -367 287 -479 758 -1091 106 -203 194 -618 -688 999 396 486 -3 -760 1394 -332 420 -402 372 -328 -18 70 178 99 -348 571 249 -233 -595 -15 -948 -878 109 -925 -312 4 -182 -881 268 600 170 347 125 843 -60 -638 -233 247 -622 99 -353 1024 52 943 -305 93 -655 -365 232 1069 -695 -436 -502 -113 -344 -354 -805 -19 746 382 -849 -582 -49 1171 -301 325 189 667 -82 -868 -1616 397 701 637 -55 240 -108 -290 -173 228 952 145 759 122 196 130 -12 -623 -454 ]
[469 -342 -362 819 -1225 707 -63 -140 17 -480 555 880 -523 -580 0 -643 -108 -736 1101 -518 -395 357 354 144 -16 469 283 929 -77 263 -207 362 811 892 -472 -581 -871 544 473 1415 -265 -346 38 -824 -289 -109 -177 -329 612 -1268 750 552 -797 359 -750 328 1030 -85 -189 770 -220 -423 -235 842 -614 44 252 965 108 279 -245 -215 718 -874 1043 49 205 401 -687 345 273 129 185 -246 1303 611 -501 -286 971 122 360 527 224 -379 446 65 -97 -4 83 106 387 447 1 -44 818 405 1221 463 -275 -237 14 349 296 618 -702 29 -478 641 -593 301 836 841 126 -1029 -58 ]
[153 -192 146 179 -585 559 743 -202 -46 -163 614 79 -363 -813 -426 793 -261 540 -313 76 -69 -188 -909 -166 -143 -367 670 1015 -500 534 -767 227 230 249 114 -260 243 774 63 635 1128 -292 660 -763 -510 -136 -73 255 -31 -601 -329 -389 680 370 72 608 681 186 594 -1161 -384 1 471 -310 885 429 871 638 293 1442 559 576 -576 -44 -894 374 -196 -741 -197 -463 -649 -454 699 239 2008 -336 145 1263 416 758 -209 210 73 -59 340 1059 -154 59 351 -551 368 -257 867 907 66 -382 1313 256 -956 -901 829 24 553 -1519 -895 435 -73 783 275 1019 583 484 300 588 128 ]
[-831 -203 -241 484 712 503 1037 -850 -228 95 941 217 -295 217 -688 141 -131 510 -155 59 -802 -346 -803 -385 168 -89 759 387 143 225 -285 -479 -787 -1068 -223 311 -211 -920 -51 -450 535 895 356 -720 569 711 -265 431 682 1295 -462 -281 110 1099 -144 -312 1080 -265 639 881 728 405 503 237 594 388 681 244 502 68 662 -161 -818 296 -1122 -275 248 467 168 -45 704 -658 -881 -249 12 -1002 1318 -226 220 -673 -762 663 334 -737 488 470 177 -516 -452 302 -440 -537 777 -421 -1085 133 33 441 -830 57 850 16 68 425 72 -238 -603 163 480 -671 -268 419 -253 203 -342 ]
[-74 -276 48 1153 -139 154 -475 -538 202 902 1102 -1252 -16 -499 638 -1009 -594 -235 -709 56 168 487 332 -766 317 -167 -453 163 -256 -1139 1811 -1169 -516 616 -960 1189 803 -40 -593 -470 431 -39 56 25 326 -573 716 278 -100 594 355 437 642 372 102 -258 -1157 -925 -786 140 100 -938 1418 1028 -553 -399 781 414 257 -254 -396 -246 -565 -512 -143 -633 871 638 98 -17 -478 -60 -800 83 311 632 -357 -912 -396 168 313 299 -260 928 327 1284 -357 344 347 700 31 22 117 -39 48 1589 -191 -433 -986 504 -699 232 -554 1100 -4 633 1111 26 -723 124 -272 -212 637 -265 946 ]
[-1234 856 849 -1485 -485 -272 678 -491 -610 -506 -639 1066 534 -878 -202 -406 98 659 -111 -312 -531 -436 -340 244 -198 86 -186 -674 452 1129 -361 -409 218 287 1388 -1013 -264 978 -594 254 -146 -304 -278 89 185 -37 -761 -609 -507 437 -359 181 -766 242 576 -138 71 1173 -515 369 79 173 61 -206 -231 -375 42 460 -203 257 96 177 -644 36 -73 702 -1257 -412 -136 329 -788 -163 -592 -290 -75 -1607 530 -514 -1164 -136 771 104 517 -712 -471 -286 -143 248 -624 269 -229 -434 253 -131 -1328 -1177 470 950 -126 204 1014 -277 -114 905 -817 -156 -835 -931 -121 22 -101 -376 -20 -864 -158 ]
[490 -193 -90 221 -961 -1062 -1184 -458 279 20 364 -930 -443 593 273 421 1238 -688 -79 -205 363 -90 331 155 246 -522 143 -464 762 -888 808 409 526 168 -809 314 986 926 -1060 -735 957 -122 417 142 -1036 55 -415 318 -532 -442 -170 295 -682 676 -1044 495 -555 -809 -213 -1054 -440 -508 315 684 -847 1355 -142 589 -497 974 415 3 803 -185 183 307 319 110 278 821 425 246 156 777 -356 922 34 -420 374 634 -644 -935 -609 -507 1119 164 145 199 999 -196 -761 -35 173 680 474 -223 -374 818 412 -397 -223 138 790 438 -1334 -327 1406 471 -7 1337 348 239 -185 -104 962 ]
[-41 863 746 241 -286 39 62 -236 -49 768 15 -19 126 -210 1334 -825 404 890 -838 873 -31 -9 555 206 55 -546 -342 525 -82 21 649 -188 46 403 -324 431 -365 377 310 -618 386 -656 -8 383 -22 -350 817 -540 -434 -117 -513 -148 -478 400 -829 804 -475 -739 -857 -562 -1156 -358 931 1314 -283 -826 -390 -177 -80 333 33 -723 72 111 606 519 -111 -763 -531 -128 -473 1018 -396 -683 184 -336 -300 393 -480 -310 489 -243 204 226 688 858 1312 -515 829 -509 -233 789 281 336 -773 164 108 368 514 158 -469 -80 -715 -242 -630 -131 -41 412 -452 -1084 94 -664 -3 -628 1002 ]
[-780 -509 -133 151 -667 -346 -129 351 -469 432 -683 709 539 -248 -276 -396 361 -393 1225 -328 453 -570 -606 -283 171 306 721 260 561 647 50 1045 -153 -409 53 -493 -1428 16 1 314 141 682 -289 -483 17 72 -1003 -661 373 -776 673 -184 -1232 -129 -582 -217 72 869 736 -370 -573 290 -524 315 -194 -30 271 879 -9 431 -121 37 257 225 747 -342 -70 -280 327 322 -813 539 605 -452 699 571 514 532 570 -361 -110 790 -321 -55 -52 -527 689 237 -873 260 53 723 -557 1137 1089 263 -73 -194 -329 -501 -645 473 264 35 -197 415 -931 -426 -72 -159 673 938 813 -524 -212 ]
[-21 37 -428 334 804 462 821 1257 -427 -314 488 621 -260 -432 897 90 -216 -317 1344 1088 -72 256 -323 -118 -754 531 1689 33 -242 263 -211 509 -622 -434 227 -25 -1206 -476 422 -502 -1525 733 47 769 -42 232 -362 -464 39 857 -137 -734 -978 272 500 -234 72 11 239 589 504 -551 -873 43 -1529 -1080 -126 -274 -902 106 1285 -254 -824 -326 836 193 -382 189 -934 359 701 -190 -235 -329 -772 -373 -360 -95 416 539 150 166 360 -574 -831 -1537 331 -168 -452 -430 -313 16 -33 -273 -77 -174 -29 752 129 654 961 349 -9 796 89 -393 429 470 308 280 -289 924 -895 -335 1217 ]
[386 829 -16 669 -223 380 -338 476 -264 14 -159 923 -568 231 -87 714 -552 -164 -102 479 -537 1238 -571 416 14 308 639 1435 -837 493 -776 1025 162 -275 128 226 -1028 207 591 -149 -657 -488 -628 -788 440 363 122 202 -1205 -830 844 238 54 752 -38 613 1212 -210 570 -64 648 159 490 432 -331 -1 -496 572 -359 -524 601 629 514 -713 475 720 -589 -209 -473 -25 -59 -158 663 -184 -331 141 -743 -65 1084 485 -9 358 863 -199 600 -454 -1199 861 -721 -595 13 45 570 227 1014 125 1396 98 66 253 646 62 566 -534 -961 -550 -401 134 -68 -142 1033 747 -809 -182 607 ]
[-326 -1155 -976 570 -226 -938 79 549 -620 791 1045 -1052 998 388 499 62 -254 -484 -887 17 149 274 93 126 -992 -532 1016 388 215 -189 -639 -259 -692 -477 -806 639 138 -124 361 -512 -71 935 -83 322 -7 -662 818 -157 317 527 -136 272 -640 516 1092 4 -982 265 300 1441 -127 -812 -535 -1764 173 121 353 277 -302 -1 188 -1173 22 -240 -1130 667 157 -650 -70 572 1335 104 411 -514 -324 -474 -182 39 241 262 -615 119 -366 1389 -313 306 -342 -204 44 1411 353 104 -189 -255 -485 -47 414 -762 451 922 415 -369 492 295 107 -367 -142 414 -265 601 975 1224 -506 806 -504 ]
[492 699 270 445 388 429 242 424 1083 -401 416 -417 -55 -313 399 168 -875 72 884 955 377 -117 -438 -403 908 -262 614 890 -739 14 -63 -867 -424 126 679 73 701 -770 528 -652 -364 -420 528 660 77 604 -182 -407 -72 837 138 -705 1212 665 -219 -203 1367 416 -187 -630 303 -727 -12 164 -47 -91 537 492 -282 -701 1431 613 -1373 149 579 286 -98 -308 -1029 270 698 -186 -21 451 -499 368 -682 54 -597 -173 856 -92 -48 -218 147 -1184 -758 2 -378 287 467 -812 -1055 314 -511 807 302 -572 360 290 331 152 -825 327 810 -132 -3 1253 247 -585 283 -172 -395 -573 758 ]
[1055 453 84 282 -703 440 -1275 329 718 2 -50 1 273 -680 296 -654 -439 31 417 -138 219 -93 289 107 -223 527 347 175 360 271 -420 -151 674 511 670 -319 485 279 -957 1037 -463 -436 -84 133 -404 743 -420 -872 327 -206 120 -109 -944 336 810 319 1262 391 -968 433 -746 -692 -502 426 -988 -1185 203 1325 -1377 410 -422 -180 1 70 281 -265 232 -117 -441 -174 -1 40 425 -209 818 189 582 8 -535 -631 697 207 -366 148 -581 46 245 -81 10 784 -3 878 -144 586 260 298 -287 -141 1215 -556 -578 -644 93 -152 -1750 -964 -331 328 -240 577 516 -895 -61 -217 122 ]
[498 259 149 -239 -327 -733 -1758 1263 141 93 271 98 -275 271 -52 394 -72 -271 -503 898 8 317 -137 723 -1115 -359 -287 -744 -188 -107 360 -63 -82 -222 -626 1495 909 897 -792 -616 -641 -382 -217 -263 -1209 220 1011 -93 -536 542 -1046 -77 -353 524 332 -22 -6 225 -306 -238 -198 -22 -136 -878 -155 -345 -891 -901 -697 -1234 697 144 715 181 -630 487 393 -723 -436 -713 873 133 1311 55 -736 839 950 207 514 -621 -517 -658 -119 928 -832 -60 668 689 650 -629 74 574 -485 -129 475 -500 93 -1185 613 329 606 -1053 -69 -999 -112 -94 -407 24 250 635 -69 -105 373 1499 216 ]
[-62 -113 -773 -552 284 -299 131 643 -548 -377 -219 69 672 -681 763 -313 -1427 -352 -95 -343 -516 1004 575 -529 -130 -317 173 271 -949 -392 -479 373 652 23 -192 -639 676 562 605 299 -1137 -564 -29 617 -655 -702 219 -355 -1094 -148 -295 618 711 112 627 304 -404 865 -771 1063 74 -1042 -254 -544 332 -990 247 -377 -639 91 296 -579 -103 -226 -92 209 -1222 -1317 -326 198 -131 3 170 757 11 -747 -995 -405 -404 261 192 -600 273 280 -464 210 -1385 -136 186 277 74 -251 -115 311 -539 -319 781 -56 903 496 1246 -596 213 -262 366 62 89 -109 -761 -6 719 -849 -1325 -413 724 ]
[81 -896 240 229 1076 -96 -256 744 127 -96 122 -1204 -1498 876 -144 412 301 -1357 -99 -103 986 -634 -3 -501 619 461 1086 260 268 -96 -723 631 -883 -587 -662 1442 692 -23 1163 -512 -483 422 -335 534 -241 278 -306 -118 338 -317 -433 -348 970 790 600 145 1536 -324 805 -118 65 4 -888 -1573 -174 797 480 -44 -477 -382 -50 145 -584 -384 -187 -354 27 -295 137 831 893 458 179 816 -306 406 366 -923 501 135 441 717 -59 -55 739 -278 -1543 -490 -803 192 384 -49 -135 -418 160 124 -513 -547 670 508 -698 567 -208 -322 991 97 476 653 -84 -40 765 912 3 821 -511 ]
[1198 742 -1032 76 -541 556 -706 179 668 -572 24 264 525 104 -31 -843 543 865 531 285 -999 286 67 408 -101 1112 -155 -1130 -749 -322 119 30 376 439 512 -791 -196 -1075 795 377 388 -677 51 1233 -560 134 -611 -348 -371 242 -27 36 -256 -827 -703 -63 265 122 -374 967 -240 -267 -94 1229 -33 277 -107 -91 401 508 -86 -570 759 335 763 735 66 1245 -839 -353 528 -247 -970 -195 792 687 -789 -292 -211 -954 817 -894 456 -1938 -342 -1357 285 -412 115 -409 247 98 421 681 -313 -268 -404 945 561 -155 -90 -171 607 1236 161 163 -329 209 779 -90 -527 -993 -689 -1345 440 ]
[65 9 -523 -787 285 -527 -330 -161 446 448 673 -814 -509 268 202 185 321 -160 -1501 -49 -74 -525 -212 805 -915 715 422 110 611 234 -606 -643 314 -420 71 -566 -568 352 509 -47 1433 -267 -803 937 566 -1192 -403 -38 378 471 -715 223 -873 452 48 229 -776 420 273 294 421 -421 481 -836 545 306 -1010 -250 644 559 13 -202 539 -639 -1490 1509 -265 589 239 629 794 348 -246 798 -487 -1144 -626 28 435 91 -317 -1198 1088 1674 213 399 -990 243 483 -322 -320 -57 723 386 -185 -705 126 119 -890 597 592 -493 448 284 -1016 200 1208 -456 539 1153 842 -332 -417 56 -784 ]
[-118 135 -508 11 -475 729 545 -1135 286 -470 268 -166 -36 -463 -456 395 -6 1512 -190 865 -615 179 -332 -257 184 394 -585 -189 7 117 313 -271 -330 748 539 -1149 70 223 843 541 -390 512 411 -795 -12 -160 591 -462 684 -509 39 -382 -379 -1031 724 -557 305 211 165 -335 192 852 -507 736 235 -1500 -423 -30 -50 690 -529 616 548 168 -141 -154 -100 187 -128 -601 -485 190 450 -981 210 -660 466 101 -816 359 -45 509 88 -179 259 925 526 -76 -519 -115 671 436 265 273 -196 480 317 430 42 -614 614 -79 -650 393 733 -883 -816 -400 -306 -699 -32 -559 -80 282 -1136 ]
[-181 0 221 -1838 561 514 194 396 38 -28 234 -2 997 -486 356 -74 1016 -1504 566 -240 -729 205 220 225 -202 247 637 -800 621 -189 -868 234 612 -606 -210 -211 -232 45 632 -95 438 -380 -372 -154 -620 -1030 -756 -386 383 -593 -233 -631 -301 -325 -160 136 1344 -211 56 -352 -275 -417 -261 -1144 -650 -1218 342 -673 -68 1260 -453 -612 418 -816 -845 588 -719 -493 545 544 -401 254 288 -276 217 215 -235 -271 -308 -677 -45 -246 560 907 590 669 1016 162 284 -109 -300 241 212 -266 -394 -834 -754 188 -616 931 -4 170 -744 -161 306 -231 375 -624 736 1195 -466 -41 -88 -770 -406 ]
[-785 236 413 -1134 695 -844 -281 468 -120 618 261 63 134 254 -482 -130 362 172 -753 1200 -1478 505 -308 -99 -715 -432 123 -34 -272 -844 -16 629 214 -1099 -847 1142 -339 113 -165 -829 717 -658 -1378 -681 -541 -514 307 700 -319 580 775 277 -199 220 -141 52 -1191 228 218 -834 -35 -211 -57 597 -517 -661 -877 -756 -69 850 -520 -523 726 -72 -1359 -211 113 -178 -114 525 -27 583 365 646 -940 576 -104 -1107 122 739 -543 -1033 1031 -462 406 125 -140 1262 231 -1038 469 -544 -84 1266 -41 815 423 -707 -135 430 -439 361 125 665 222 34 601 -1542 447 282 -1062 29 324 724 499 ]
[-333 -243 390 -400 985 -488 -549 799 39 -921 -1004 174 -814 515 -369 678 -561 104 -565 -81 -161 357 92 1700 -456 1068 -1215 -592 -401 -355 -708 421 -666 -50 -681 907 -394 345 338 472 59 -401 -322 286 474 -270 879 -314 824 -360 -1530 -604 579 26 705 -1006 511 214 219 618 507 -14 -45 -297 456 -279 -877 -1162 -381 -386 350 82 540 -656 -902 628 80 388 190 -564 940 -306 365 899 -360 -595 -143 -242 92 31 -455 -441 232 266 -590 476 -364 777 -325 -764 257 262 515 124 -77 -895 526 116 46 -102 753 -963 -395 -1601 -771 -284 286 -190 938 336 -4 -213 -65 972 -607 ]
[-240 -335 -643 -118 373 144 63 504 -23 -94 -127 -29 842 80 -4 393 222 1282 842 915 -1113 911 -395 281 758 567 -777 423 -298 -414 -58 425 -569 -538 -69 -680 -585 -624 234 -635 -109 203 -60 -114 -264 54 666 -944 -161 -244 -142 -912 270 73 102 -610 -214 295 821 -868 364 154 127 858 -505 -801 -572 -877 -594 373 464 -179 564 286 -1055 440 121 -393 374 -982 -974 742 200 -836 -744 -98 78 993 9 -90 -324 6 844 -402 -357 225 1620 -607 -419 -533 402 438 185 -413 -1115 -347 62 948 106 -344 -494 -468 -798 -698 -621 -1310 -1133 -70 583 -972 -123 -1207 -18 362 -551 ]
[-925 -1085 174 -290 106 -498 1012 -358 -825 -85 -459 -426 528 -437 -567 -57 108 640 -135 -299 -170 -512 824 -218 -1091 839 462 -483 117 -849 15 1020 -163 -1029 -510 -817 -438 -486 518 29 647 366 574 -744 4 -277 -75 828 780 -242 -334 541 513 -284 -847 -355 -214 753 13 1474 -578 488 -87 -685 1379 -534 164 -155 410 517 -738 -780 -153 117 103 193 -711 628 944 1198 494 -551 564 1131 -345 -796 317 -574 -341 1127 -494 -108 176 260 106 602 348 1189 -395 504 -284 -205 346 697 -1069 -165 -655 596 1185 -1025 747 -617 -345 207 571 670 362 -691 -612 340 -1351 240 -93 -395 126 ]
[103 1144 470 -16 983 1027 -1629 -434 154 -807 107 852 -1180 169 -539 1140 -387 90 -231 -591 495 -773 -909 -559 964 -150 412 -1156 705 533 -581 202 -838 318 529 36 909 458 -266 1281 -275 305 -466 -383 -379 1106 -283 274 -285 -409 344 -998 146 978 501 635 2253 1224 -1123 -807 431 50 -473 -119 999 204 -416 1185 300 -436 -97 1047 -482 -162 -487 -13 326 616 -10 -419 189 -929 540 16 988 991 660 358 -337 -394 100 -635 75 -274 289 -849 -1108 -47 -134 -684 502 -680 467 768 1183 -83 322 -371 -362 -352 70 -1289 690 -837 -672 -1096 -635 33 1190 33 -685 555 -26 281 -535 ]
[390 357 73 1034 -438 80 355 -1080 720 19 826 -294 747 -112 86 197 -448 45 -917 -285 805 -102 248 403 -40 -457 -50 952 843 -217 1417 -530 -665 238 -518 -1293 -621 -23 -229 798 920 505 1592 -197 494 90 54 -76 28 -22 965 -134 -123 -304 195 -786 -9 925 -1037 315 28 1168 355 802 -1038 -672 95 548 226 221 -948 210 -51 -1029 -37 416 798 521 18 890 559 -432 -279 -742 235 697 189 -446 -1060 -827 465 -75 -313 -269 881 807 -279 -151 -295 1089 -430 103 71 -739 -648 1170 -141 157 -1432 1122 -912 -296 260 1191 -620 -361 226 317 -376 -4 25 -362 68 -955 -10 ]
[871 85 -57 -577 155 -712 184 758 -542 98 588 -289 374 646 -65 -1188 113 -308 -847 -990 9 -522 1020 489 -346 51 -1010 -599 -118 846 503 -1240 -323 290 228 303 1144 474 -374 878 -254 -75 6 967 -447 279 -270 -281 1413 134 -661 1069 -573 -575 -348 9 -873 -643 -37 1174 1319 -761 -229 9 -177 -465 423 541 -264 60 518 -1223 745 116 -644 -204 -792 -106 -243 30 655 449 -1215 478 147 -1640 -20 -422 -276 977 791 227 -403 141 -691 141 157 549 339 862 -500 270 328 -1048 -783 -198 -248 248 -181 -236 -300 -610 -715 1478 797 -427 522 770 -138 412 115 -760 165 218 126 ]
[198 370 -497 242 -614 682 -735 242 -46 -140 294 626 -392 877 207 540 144 -839 -462 143 1093 221 502 934 -362 -66 501 -781 -75 -349 -298 -362 -354 203 512 159 798 -1154 311 -229 225 257 786 852 -386 -487 72 1264 6 -213 -199 -706 873 -200 -475 574 -2 -110 -412 397 774 217 378 -494 1018 340 -562 -64 180 -703 -984 553 1291 40 -72 864 -140 -279 143 -882 866 -95 -9 1425 330 -194 578 343 810 248 -638 450 -487 1179 -493 549 468 807 1026 -581 -116 -516 1027 -228 1232 829 130 -1444 -86 -1437 268 -236 -17 -725 1155 111 421 721 -198 1074 -1158 -182 -827 1101 249 ]
[-116 438 -455 187 643 -59 -546 17 71 -879 593 -643 -85 373 194 -264 -540 196 -937 261 288 -42 91 -735 120 256 -308 132 170 -379 -172 -168 378 -98 -689 -971 890 -41 -682 -436 -719 -233 -594 -276 -654 -29 172 280 381 273 647 1082 358 293 -402 359 -645 806 -950 243 1753 -309 -444 1242 390 654 113 948 -97 -463 226 -308 598 -441 -4 -108 -332 593 -433 421 331 436 454 393 -1136 739 -845 -124 -50 479 318 -914 -110 577 220 -1203 -466 77 -217 -3 1101 -20 -436 123 116 1613 620 -338 -853 129 -671 256 -153 1625 256 -309 864 64 53 -166 -1241 -424 447 662 617 ]
[-683 -873 1138 -561 757 -1274 35 1274 -12 261 -847 -1145 -231 -470 233 259 314 -617 479 61 120 -161 -148 578 -107 429 130 -474 -213 -48 -342 413 -193 324 -492 654 -417 -155 -15 -240 89 523 324 1023 -343 537 -338 -1392 426 931 -1107 -703 -98 456 88 -898 -105 419 547 -839 -1043 -1018 503 -538 -932 -369 357 46 -1273 1042 1650 -814 -1344 174 37 173 -253 -132 228 504 234 604 902 540 25 -817 -333 -219 332 1136 196 14 -119 341 -258 -355 519 589 -177 -142 -127 203 -705 1051 -194 -769 -703 79 -95 158 141 139 -1489 -408 -748 -535 1462 -75 445 252 -76 379 209 142 1011 ]
[-450 296 664 248 -239 -634 -547 -291 206 1097 96 -3 -496 -513 -589 -2097 -1095 -193 -970 185 363 15 340 -244 276 87 1060 -704 390 -20 419 -1548 -447 662 -310 1762 166 -398 -464 802 -254 400 -180 789 510 -281 -1093 -60 -1328 481 -519 859 -690 782 -285 -247 -217 -389 -336 442 -312 -858 -163 -25 -1173 -466 326 -256 -451 472 516 -1006 -23 -356 249 -781 -113 -7 -788 512 1262 746 -443 152 352 -708 -81 -927 -68 -556 824 -412 342 136 -273 -87 -477 54 433 -144 -471 151 135 -935 338 311 -429 -636 -11 -575 187 72 -359 1487 -549 -241 367 507 176 39 1106 -628 -8 188 279 ]
[562 -592 -820 1131 307 -98 137 20 346 552 771 -929 1566 -385 1111 280 -63 36 395 1190 -79 380 203 -344 -115 106 719 1042 -349 -1295 -373 216 -138 -401 -84 -1078 -1020 -1027 479 -615 -437 585 -493 -685 796 28 -283 -139 -343 39 1019 -647 -373 158 -813 129 -193 449 -130 47 -305 -979 -56 395 -121 -978 488 -134 -168 -354 1001 -666 655 -437 59 990 45 -22 140 403 688 305 998 -877 -947 1524 -1696 1361 327 -479 37 -1100 -348 1418 829 -711 1118 -99 209 -99 52 49 -642 499 256 1558 -149 -92 166 425 10 125 -14 621 -437 -389 409 -337 667 -579 587 357 59 -55 56 ]
[-77 -655 643 396 1082 -253 -1036 427 -297 316 77 439 886 -529 -737 -328 -573 -119 398 -421 542 366 635 -992 123 432 465 19 501 -669 164 688 228 -596 -232 1368 -201 434 -555 -731 499 497 770 81 794 24 868 1057 -885 -904 24 411 225 532 102 327 -1003 -78 -428 -272 -425 -369 -523 43 -506 811 452 1552 -483 228 -510 82 -1469 313 488 -670 291 642 672 1155 -112 613 -467 148 73 759 257 -889 405 763 -1373 64 -282 53 -482 -1157 -1389 -338 -649 1168 110 27 -275 335 402 -93 -1474 204 452 -558 417 1441 461 -990 -357 222 -724 504 113 338 -892 267 274 -772 183 ]
[-485 206 -446 -183 -749 -498 1659 455 607 730 -820 33 528 -159 653 -533 220 612 -134 424 560 234 -618 340 205 -173 349 422 -619 568 -481 -1085 -696 1310 873 142 165 -1055 39 -478 469 -398 -521 1870 157 -818 -366 -283 -283 112 -196 -624 -1221 -782 -256 -157 -316 -705 7 122 -154 -1598 429 -519 -525 518 298 59 31 37 899 -1398 -503 363 330 925 -107 -672 -271 272 521 -821 -786 -431 -16 -740 -1241 767 373 -106 542 367 79 325 -610 -1068 355 -605 127 -380 719 -514 -521 317 -909 637 787 -656 -584 449 -1300 534 -92 1359 1030 38 372 1253 79 58 -177 -840 -519 -608 726 ]
[-784 15 644 -429 632 -43 -138 -216 -583 -572 -110 -656 -1078 -200 462 237 681 -1027 82 57 -152 -248 -253 -731 352 -210 -841 730 -30 19 -577 914 -182 71 -55 -359 733 1097 574 -226 -609 304 -1437 -663 -635 -83 96 -426 450 417 176 -518 291 1029 1135 87 293 31 -783 -462 -128 -586 221 -725 -867 -82 -47 -124 131 -1399 -239 -186 602 -929 -254 97 458 -771 606 -348 -470 52 -62 -689 -653 967 191 93 -196 -83 54 -34 324 631 376 453 -121 -404 -100 -545 244 136 -1172 -684 -316 855 580 -427 -251 731 -1986 -958 -822 -903 -906 -261 -579 -1494 -864 -653 -473 411 706 305 -357 ]
[-277 -1327 -683 -776 886 -641 270 -340 -965 881 -440 -113 475 565 772 455 285 -830 1439 5 -294 248 755 -625 -677 222 1131 -423 -63 -599 -266 812 261 -427 -164 501 385 176 115 -761 -86 816 -716 139 581 -477 -810 961 -524 -1238 688 -594 -527 145 -278 1117 -121 -82 -145 339 -547 -981 -389 -17 -559 156 617 -204 -485 632 -15 -178 159 -370 339 -2 279 -502 1310 713 -154 21 -292 1013 -961 62 -39 123 453 402 -822 -487 270 1020 357 -188 625 -109 433 53 -88 -234 942 317 99 -150 -284 66 1114 -751 577 137 1061 201 -974 219 121 -211 -137 130 626 608 -633 -1075 -13 ]
[28 -1301 275 605 1128 445 -612 357 338 -253 382 605 548 -390 284 4 -1141 642 200 1215 -57 -6 639 204 782 336 698 1107 400 -463 584 466 -230 -939 135 -20 -1706 -418 26 68 364 889 260 -265 1265 172 879 429 -1347 -184 806 68 572 1059 -603 -961 461 562 633 -871 -355 1013 -635 -284 796 86 -201 -241 -68 251 143 838 -1107 -139 258 -661 -319 89 -493 908 114 943 1339 251 -782 204 -72 -200 -43 -660 -490 490 -207 -307 106 -598 -405 -589 -1283 440 878 173 -1131 -294 282 -101 -933 320 -287 325 808 1002 20 -66 763 -506 -612 183 644 -708 325 433 414 228 -991 ]
[-710 -16 23 -473 -443 -15 399 -301 -80 -345 334 -148 662 -496 -62 -458 -843 618 67 -153 434 175 741 -492 -397 107 3 -759 49 -406 -4 -394 -102 -682 295 579 -372 -89 -385 -769 329 100 -115 -36 447 -760 293 332 740 381 -55 75 -287 732 -699 461 -109 611 499 976 -714 -231 -285 -194 1213 -678 -461 74 100 -315 196 -179 -194 627 -129 -577 443 -884 -573 1260 1001 199 428 1408 -1076 651 134 119 -9 375 59 -384 143 -507 135 428 362 1511 433 90 -471 -640 137 821 25 -398 -279 379 2263 -936 652 -436 1134 -505 -442 -415 -491 255 291 -117 447 553 922 -82 -218 ]
[695 -108 -18 -1018 -357 -453 -184 -270 -39 5 310 711 265 74 -493 -177 69 -200 -159 309 -504 -363 186 -13 -393 -763 643 -1937 140 689 322 -519 88 120 557 247 -113 531 -421 479 -221 304 -430 658 262 741 -338 762 187 108 539 36 -87 -780 -576 566 761 635 547 1002 -874 -366 -499 -692 745 156 -73 -609 134 732 -634 723 353 320 -165 373 -321 -709 -341 -32 553 -101 518 206 -200 -413 526 511 -94 -461 759 -16 184 -310 -621 -103 1535 -157 676 -571 5 -344 -141 -514 -55 -1291 180 -505 82 -808 586 -412 317 596 -126 -197 14 -478 230 186 -75 538 649 774 -616 ]
[-240 464 -651 -588 423 -48 353 -289 -125 135 337 -1568 774 28 -144 -1040 1440 -1385 738 598 -401 206 82 470 -718 750 163 -1051 62 -467 -1341 -370 -617 -117 358 -1538 -560 -558 548 -795 -683 -128 -728 -1032 -185 -1283 -1665 -541 684 -250 214 151 68 53 496 -257 38 299 -455 871 289 -56 -78 17 -128 -472 1064 -16 -285 -286 -37 -448 -2 -210 -396 1301 178 675 576 -784 783 143 -513 3 -370 495 151 1190 103 331 384 -573 667 1351 -935 -689 1276 308 -122 62 230 162 772 -337 -171 790 -350 36 -710 185 87 -94 -518 1567 -245 780 1163 -1096 -38 1058 -1066 513 -64 -547 -425 ]
[208 112 -962 583 607 657 241 -510 88 576 -586 78 -1202 183 453 -296 77 -512 253 753 333 -316 -698 -506 562 -568 514 452 -234 780 442 1040 -1025 -235 563 -755 -155 -51 123 -214 -1469 1 -719 478 136 608 3 -104 75 -140 -360 -281 516 478 -142 272 768 38 -811 -76 -854 -744 163 932 751 -931 -192 -154 89 -1186 264 1651 249 326 283 -299 -135 -1060 88 -495 -635 -146 230 -193 -421 228 493 1456 109 -1065 640 -190 402 373 -159 -524 632 -720 1319 -1612 -744 186 -898 548 1076 833 428 828 -135 -52 -284 9 -1 -354 494 465 450 -567 -623 -558 -572 -370 512 707 -138 ]
[-77 274 -235 -195 -1182 -348 305 1093 187 481 -173 -732 510 -824 574 -825 -864 -25 -282 -962 783 -566 -611 142 -550 60 856 -760 -523 -142 -708 -698 -659 -510 48 1352 -790 760 873 -596 960 -387 -424 195 -389 -1555 -159 -1040 1173 -275 -1393 1 -886 464 -311 586 -313 415 581 232 -1126 -634 -216 -1875 1317 446 -420 -351 56 239 499 25 -1133 269 270 505 -74 -356 -1041 363 520 -478 485 591 983 615 213 1244 402 542 323 -252 -279 516 -572 886 164 892 201 -124 94 507 -38 909 554 -1538 9 -680 584 -119 680 -723 202 -540 353 197 393 -159 804 969 343 1782 517 -507 -89 ]
[-488 495 -188 143 -447 674 -957 -37 210 -411 -952 -314 250 -145 329 -421 -1273 505 461 1044 558 522 459 -408 -330 155 325 268 152 -466 616 66 -327 -685 584 -233 -534 -564 152 -445 -30 -391 148 -730 362 -793 487 10 -47 342 141 -437 804 89 1175 -945 141 884 456 -66 -252 1632 -745 -144 1588 -1215 -663 -598 -564 -104 -543 1388 -789 422 -274 -138 -215 152 -1323 -814 366 416 888 -9 -921 1063 360 68 -553 326 -188 -287 59 -373 -705 103 -35 642 -714 25 140 414 -428 324 1099 117 -850 258 1261 278 486 -222 399 -931 1109 5 177 -672 569 798 -144 166 188 394 8 ]
[-169 553 -91 -648 -483 -667 1261 760 -44 -493 -708 484 899 -470 -150 398 171 784 -72 -262 -433 206 -444 409 223 238 -4 -166 -1195 610 -302 708 24 470 122 -236 125 -625 98 -176 -337 -657 43 372 -448 235 -207 -600 128 -681 -582 -499 -367 -999 -134 21 116 -11 384 193 204 -612 -235 519 368 -100 405 -256 -11 835 -337 -469 396 342 483 108 -504 -571 705 42 -1215 -404 283 -20 18 -565 -435 271 -672 408 780 371 -122 -985 466 70 762 293 -709 -412 317 -75 -326 483 -807 -292 33 231 466 -217 -708 215 -345 283 1219 11 -643 -77 11 -738 -725 -871 -61 -157 74 ]
[586 301 -323 668 -331 267 423 -634 -74 1303 141 -1644 437 477 -185 -385 -849 750 -981 -253 347 -212 -633 -493 -282 -197 812 787 -603 315 -46 -809 -534 -434 -429 465 192 -616 838 736 1160 -11 128 1142 351 -162 1 319 -147 967 -167 -1205 -664 -580 326 332 -818 -56 154 657 69 -347 356 774 56 -449 -773 -262 1287 349 323 -256 -87 -252 -993 732 940 310 -624 -225 979 492 -512 -277 407 -1150 -843 1227 -680 -60 176 -1177 70 1155 537 899 -476 603 -131 529 -668 -504 1570 380 -166 456 177 -631 408 294 1012 -1021 59 -284 -1440 337 558 796 824 -86 741 476 -1256 -335 452 ]
[-664 -23 91 -575 -74 306 800 -585 -117 771 -395 -573 -544 577 65 -308 93 55 -1240 -316 -674 507 -247 -163 -253 295 -238 62 -598 -50 -289 -962 340 510 182 846 1605 -462 282 -260 -262 734 187 1015 -186 -554 127 -191 -102 1869 -198 245 688 -249 718 -354 -140 -1171 324 761 7 -365 1109 124 317 264 927 -415 696 -700 451 -758 419 344 -1294 -336 -171 -1056 182 -1160 63 -227 -932 -188 -813 -1545 -308 -1230 -166 44 519 917 179 82 561 485 686 -293 452 -393 -376 -484 674 -1313 -83 373 578 -185 32 605 -250 1 -813 732 525 37 883 -238 -1110 -196 -170 -887 -734 1040 587 ]
[835 266 -629 18 -182 613 -380 625 -272 796 971 998 -1 398 696 533 117 156 1275 1091 -891 443 -47 674 -549 -193 1365 602 -116 25 -1119 109 179 -874 -298 299 -531 -238 112 20 694 -519 -170 -540 328 -1053 -343 -17 -95 -1143 1029 -6 -967 179 -702 607 -26 -153 -678 -396 587 14 -1048 985 -1164 -241 -499 -76 -182 497 6 560 -248 -275 -460 580 276 -68 -706 -316 75 239 679 -164 9 1181 -331 401 -297 107 -194 -302 56 44 1086 -994 277 -241 357 -327 812 214 980 -5 884 -67 748 -430 -1047 -288 423 -171 867 132 140 -228 126 547 380 219 -361 735 -761 -295 617 ]
[1369 -496 180 956 641 330 35 493 153 211 -583 -462 -1145 313 1037 57 229 -961 644 302 611 -132 -203 172 381 640 306 813 -687 -129 27 583 -239 993 -410 800 334 -870 184 -51 -740 -1166 -348 -63 701 -343 -357 432 -352 -581 211 -936 983 613 911 26 196 -14 -543 -198 139 -597 -191 306 -159 603 348 -384 543 -1036 -149 331 311 -385 499 -338 558 271 -585 -533 570 487 636 -8 321 1738 -1228 46 663 -327 461 -820 -459 774 -228 -1865 -984 961 321 -429 -7 -583 -969 94 1952 1400 -153 -52 249 -601 355 457 91 -811 -26 798 190 496 -54 312 44 1127 651 -315 702 ]
[200 408 1095 -209 -576 -652 -2034 288 430 65 -85 -253 -244 181 -426 -1270 981 -296 307 488 -20 -169 1139 435 -334 422 114 127 1372 -549 -265 4 1007 209 -228 405 -778 1285 -120 136 678 -1080 -730 -517 144 -265 -69 -365 -5 236 -333 374 -239 548 -231 -388 -867 -422 35 -1423 -374 -371 -599 697 -968 1319 -33 -219 -448 131 -169 -255 548 -241 -439 1030 251 1137 -87 168 -198 1811 -565 -343 -152 793 -180 -309 393 -174 251 -720 425 293 -88 -650 -6 -1208 -53 353 380 771 -459 -316 337 -45 -118 -173 -325 94 -407 1225 -859 492 -1630 435 975 -202 638 499 210 -60 824 -90 -520 ]
[-266 -613 -908 452 -493 893 -441 -120 -245 83 1466 516 829 -162 392 -171 -1226 751 365 148 -354 -54 119 17 704 388 -154 -715 111 -1607 -249 -917 -537 -14 -337 764 528 -623 -286 575 -1008 1076 411 -55 -454 410 519 832 -1 -372 695 -170 782 587 113 629 232 107 -909 495 -245 -802 -594 -60 -658 405 28 161 -124 -399 -962 540 23 -248 733 -722 870 -823 133 398 -5 -579 589 270 -311 409 203 197 -344 -235 -461 390 -768 -286 -537 -37 488 313 268 20 868 -141 -349 -167 -96 1165 61 367 738 -1177 -118 -635 164 -35 919 -1042 -1355 662 -117 -142 -910 -373 39 784 -652 ]
[458 -282 -1139 344 501 431 251 -551 485 -209 1213 -374 1130 372 -582 185 -730 1726 250 -361 -781 -45 541 -575 38 -33 -624 -915 -645 -1037 -43 -1452 445 -954 80 -169 698 -902 -348 -883 583 432 1026 471 -157 439 -29 331 -841 818 1030 17 385 -732 -1355 -53 -749 -18 -136 -259 446 -503 88 -124 575 51 342 -231 323 518 636 -516 -533 655 -661 -475 316 1128 538 663 -690 -131 -339 265 -560 240 -521 135 126 375 -88 -1204 27 -1237 781 -536 663 28 471 -259 -206 -293 432 340 -694 360 -1189 520 674 -188 180 -142 373 1262 769 -260 -316 -10 512 -932 -704 -1483 -280 -66 -222 ]
[151 -1377 -89 881 -348 -321 -378 -166 -177 896 571 -807 -983 -1138 -151 -270 978 -215 539 -871 -442 707 -900 -832 -276 666 1434 2135 -1260 175 -163 417 -1270 -198 -198 1744 331 96 898 -224 -154 -416 271 32 130 -308 -205 -67 846 9 -743 -414 -997 428 458 -128 180 -454 353 -344 -1142 95 -54 58 -308 196 269 637 641 721 1127 499 -885 -590 -1679 182 -145 -403 -1192 -990 -210 556 -515 -1132 1049 -628 -320 -542 548 734 484 -180 -393 263 487 398 -114 -1798 114 -169 536 148 134 356 81 -462 39 978 43 660 373 238 265 -1348 -629 1387 304 1042 127 36 313 979 -348 23 1134 ]
[-741 -283 -80 -238 257 -190 108 -320 434 -531 -553 -1152 -771 -80 -329 339 501 -749 -679 176 787 161 -875 -999 -17 590 464 795 72 -9 268 323 -855 -345 399 -988 -346 -656 -121 -821 -688 -169 -1110 66 330 -51 -747 515 115 1280 -171 -958 -356 631 846 -286 676 904 969 -106 501 1151 416 -443 1130 160 -364 -1025 416 -850 -190 550 45 -208 -1201 411 -48 -279 -286 199 576 174 300 -271 -406 -423 -195 536 1023 -661 356 -964 609 1050 -623 48 -232 451 -226 -283 -394 -481 -604 67 470 898 -992 197 -645 431 -453 144 438 -548 -281 844 934 43 -20 962 210 493 255 1034 -59 ]
[78 -894 -596 -225 907 228 -286 699 -510 -233 392 -240 -592 -534 608 97 -1427 753 73 586 -363 190 -78 110 -180 429 815 -195 -235 -201 -629 700 432 -311 113 -413 -433 688 995 451 183 339 -732 790 -435 -252 -203 303 -95 -1107 -403 640 553 767 155 527 35 678 -620 -643 -876 -834 -457 -482 -65 -46 -324 1040 -872 1120 108 378 -429 -594 312 59 -458 -376 -433 466 -728 -357 626 252 -59 -266 -324 514 -122 595 -220 -811 1061 -485 -697 -381 -91 663 -461 -422 531 762 -259 738 -20 -917 878 778 -310 -663 245 -577 193 -398 -371 -285 85 -210 434 20 -387 672 -519 -544 -646 ]
[-834 357 543 -237 -437 -164 -438 -134 6 -343 22 -348 600 -35 126 -476 477 -259 -221 -596 1374 -154 964 -155 -331 754 -246 -1425 1080 -60 727 -391 110 206 -450 -791 -145 379 512 -654 -549 -93 -53 25 -453 -337 429 -673 760 -477 298 -247 -422 -611 -1038 411 54 -74 30 751 -371 -203 954 -709 -11 -562 -365 37 342 -185 -791 -1607 1069 63 1292 -8 -818 491 211 1865 -74 781 -137 397 424 632 113 -1123 443 28 447 113 494 753 272 614 182 736 343 856 -64 825 -189 386 -386 441 -778 -787 981 773 -202 -21 -628 573 -90 -481 -294 -279 -686 -190 294 -145 -70 -1074 11 ]
[609 1099 29 -238 -607 812 -880 -425 -511 501 267 61 283 1082 -511 83 402 726 -691 -354 -467 -52 -582 -1079 -503 -1006 -712 140 -73 798 -206 50 72 -120 641 -22 1279 865 202 306 178 238 -73 -69 -1583 1036 581 813 548 629 296 -463 -387 -226 -783 2011 115 -160 -300 -199 725 44 -14 1222 796 444 -258 305 874 112 390 -150 368 342 -339 -115 151 -736 -463 -1087 -506 -91 -866 -1194 685 -1017 749 601 -418 172 -234 -529 -368 -485 66 793 1006 -509 867 54 -539 -366 573 -437 -32 -72 724 149 32 -555 -100 -477 295 -508 245 -335 -468 872 123 -749 1 532 -418 571 1123 ]
[35 427 22 486 -943 558 356 -1027 114 -411 -857 809 1 -357 504 59 -11 607 250 375 -533 291 212 532 334 -713 131 812 -156 735 -237 44 401 724 496 -1235 -1142 -1484 45 -7 601 -999 14 -69 1056 -117 -47 -72 -860 -158 309 -875 -539 408 171 -564 278 641 -1094 -190 -171 580 673 622 119 -192 -658 -721 929 706 -926 832 108 291 258 459 -706 423 -512 -356 -651 510 847 -657 705 279 588 731 -551 -1185 218 -238 553 69 1030 769 -467 -71 -42 -32 -96 -144 -138 5 15 -2 -352 306 334 189 214 -408 450 -380 -89 -147 -804 160 270 -1036 -188 -254 -850 -1125 -110 ]
[1590 -632 -717 897 -80 368 750 -449 -762 1246 -242 -709 701 242 -203 -553 16 283 348 -246 -693 76 322 -1026 514 746 61 -744 -349 -368 565 288 -725 429 -664 -276 971 -247 241 188 -575 -180 198 -463 -490 61 291 267 -751 -396 -251 -482 654 676 -207 396 534 -107 -239 889 407 -789 194 984 308 425 787 370 958 -1064 424 -774 -814 634 207 -103 110 446 299 -1206 -183 -382 -551 -537 487 -85 175 647 -15 -269 -546 -269 -81 896 -183 -832 588 -190 -226 652 -600 -115 465 187 -447 442 363 -199 -3 -361 1514 -363 -585 885 -43 329 16 406 -754 -180 -839 -5 -888 -926 1160 ]
[-320 686 463 1347 -784 871 120 -128 71 -1213 -344 568 -275 713 923 770 655 -310 -521 802 1127 300 133 709 396 -587 -811 604 296 -239 -312 370 -245 1227 751 -1434 -573 -489 932 -62 82 -170 1261 478 298 -631 752 328 120 -256 -265 -765 930 -627 -67 -584 -72 -219 -936 -326 -346 1030 -48 -47 848 -330 -66 745 126 -1072 -808 -106 684 596 -53 905 145 -308 -658 -1235 -376 -349 -187 -554 747 -893 -196 573 -63 102 -58 764 -492 586 -220 1041 235 118 171 77 328 239 203 746 480 353 520 -243 42 128 -393 -26 -839 -894 243 616 127 568 -322 -309 -467 21 -514 -239 -185 ]
[-718 -456 160 -240 212 1041 778 -242 189 -110 113 657 -309 -874 611 -355 -194 954 773 852 369 -589 236 578 271 1712 654 -382 -637 -3 -730 -853 -198 -149 1367 343 -58 -897 -26 538 -1242 -57 -521 -336 1329 -43 -608 230 8 -106 -463 -969 -273 25 662 -510 520 -104 27 461 -384 -489 8 -697 244 -417 338 -763 356 -1136 37 -56 -248 -63 171 -566 35 -71 158 152 275 -98 512 -164 -15 58 -848 583 -200 -815 498 -125 -476 409 -852 -1118 1142 624 -73 -430 -80 -473 -91 -125 499 625 -607 892 458 -716 1077 -92 -235 -535 -29 635 -972 277 212 120 272 -355 981 255 -1227 ]
[-1738 -536 -87 -289 -1305 58 75 129 135 288 -444 -324 281 163 48 -278 983 -772 -207 -728 987 93 -788 -231 -326 936 491 132 313 -288 214 -633 -1060 -206 -159 217 -727 -28 -312 -826 -74 517 -395 402 -387 -1096 -253 -944 -108 529 424 -261 -967 835 135 -117 -340 453 1375 637 -545 500 1005 -940 -32 535 -278 -540 339 -243 691 -733 378 -540 -141 578 451 -870 289 824 700 -455 -99 -134 -362 513 -686 584 1473 -125 413 246 414 904 -625 119 1220 806 188 -227 11 332 384 40 422 403 139 432 36 1188 -1413 -90 601 99 -691 162 675 -313 203 2151 818 604 827 297 548 ]
[5 -208 -639 67 17 569 1412 -27 -671 1044 1724 -153 1620 -488 367 -222 -318 479 -491 45 -168 -1058 -338 -441 -786 -925 635 256 -275 366 -17 165 10 -955 -463 775 -502 187 -169 -425 1305 356 266 -1566 -535 8 -167 539 180 -352 325 179 278 340 21 574 43 25 774 -35 462 -75 -7 -1064 994 -30 1115 120 1353 648 -529 181 -272 -60 -942 -57 47 57 226 -256 -958 13 607 -470 1846 562 1277 890 -505 250 51 40 -499 -465 299 555 558 209 262 453 32 -817 85 -177 -31 142 165 -112 -1046 -292 443 87 428 420 925 92 -1449 -167 1033 190 171 1321 1531 871 -383 ]
[-424 1315 -536 641 -439 809 232 617 634 -1163 -485 -623 382 469 -360 -136 -1323 360 -782 -1091 882 418 -405 952 -474 83 -1277 -178 -73 -317 555 -192 -62 -75 -741 -265 -267 -254 49 114 700 243 516 998 -1203 -422 233 -970 681 95 -110 283 -774 -768 223 -959 42 -420 189 434 518 593 529 1357 752 771 -228 926 217 -642 -96 -1018 85 -600 803 -324 1234 1137 506 76 -10 -1104 -127 101 440 79 -83 -91 -144 -44 143 -609 -469 -1163 -70 309 278 862 -668 859 -120 386 121 -28 270 146 112 -94 -816 301 -1612 -120 611 233 -265 -668 237 712 447 -297 -139 370 540 -188 674 ]
[406 -165 -929 99 -1119 -732 -162 -62 318 -6 41 -1422 897 -57 -706 -320 543 189 829 755 407 512 481 -463 417 -410 -788 927 -608 293 667 345 65 30 189 -683 709 -609 -331 -537 314 -469 934 -405 66 578 488 185 375 941 -191 -733 206 9 -324 -402 -806 333 220 -491 65 -12 -13 1244 838 735 470 -975 761 -693 -865 867 26 762 -816 471 829 70 263 -70 -473 812 -102 -375 -376 253 374 898 -239 227 179 -1385 -62 -980 159 313 540 -78 130 281 167 -918 -917 242 219 137 -742 518 639 -256 94 845 248 -486 281 1227 -206 599 1 -137 -800 218 511 806 -359 ]
[69 -883 -667 -120 -1378 679 -405 442 -99 265 48 992 -239 -326 -382 -725 780 -67 1728 -289 -523 -105 -189 462 478 684 -118 -289 -1252 358 -926 135 48 -211 1486 -177 54 -203 -11 1557 343 -460 -114 644 -410 469 -1060 155 86 -795 -244 -186 -485 -646 106 249 1423 -566 -333 761 -923 -275 214 -286 -679 127 232 45 -305 459 -324 663 94 -198 196 484 -505 -84 -594 28 360 -524 -311 -263 1820 168 -496 156 -142 -787 406 389 -109 -1439 -261 -198 458 -164 385 -585 225 224 799 -5 32 -262 16 1664 80 -986 -958 -367 551 -131 537 23 -1062 864 403 1464 284 175 265 343 -279 ]
[132 1329 -61 128 891 932 161 -129 956 62 38 722 483 43 -617 42 -1091 583 -278 -39 -95 316 -493 -42 289 -239 394 -949 26 208 356 -91 -839 -471 138 -804 -751 -737 146 193 -783 888 1457 -321 391 1047 844 -402 573 -111 321 -70 1433 -1051 -235 -466 1011 112 -54 304 843 396 -310 166 281 -1344 -25 488 -493 1062 472 -99 -889 337 762 -131 -636 1175 -218 430 -106 -648 -295 -888 -81 -417 -124 138 -533 152 605 760 225 -581 161 -319 -16 -690 -381 539 95 360 165 -52 -907 587 -498 417 -928 867 434 124 -1204 910 1421 -1638 -364 -130 781 -1262 -516 -609 -468 -239 -161 ]
[334 -24 7 192 296 536 -590 292 35 -340 -163 375 -579 619 -42 568 -517 -338 209 -247 -115 -152 -561 933 498 -369 -23 58 535 1052 -358 -702 139 -88 756 -317 120 -497 -934 1331 216 -174 -55 388 241 995 -655 -542 -683 1028 -63 -291 272 -345 1301 -589 1207 85 275 42 999 703 -240 292 245 143 749 -464 -796 -203 -385 1504 -373 -273 -890 348 -370 20 78 -648 946 41 316 136 246 -1270 293 -289 -1151 -1341 -107 357 -182 -367 -55 137 -985 -534 -365 923 -296 -414 756 -1507 136 -1165 -225 206 -880 -601 450 -354 177 -400 64 -486 40 910 285 540 784 103 -928 1541 -560 ]
[371 -283 -138 2 78 108 23 3 -869 1022 233 -121 542 -395 1447 132 -721 -306 83 -450 54 643 -243 -941 -852 -359 1508 540 -866 376 280 96 473 216 358 64 442 -7 252 204 -552 -255 -688 734 -589 420 357 1097 -200 -131 754 240 -125 280 -524 1814 -94 83 -151 467 -568 -942 -13 318 1105 466 122 173 561 750 -182 127 -278 -553 836 252 -420 -659 151 -521 -760 29 -119 19 -85 -1417 -1092 -32 -747 715 684 -786 -737 1054 628 703 581 -536 949 279 61 -580 566 237 -438 -678 1119 -334 799 850 433 10 523 -143 -536 553 449 217 150 -113 1004 1080 -881 -452 1382 ]
[297 353 -590 -550 601 -1135 -301 180 363 154 -132 -1030 602 440 353 376 -146 -490 38 -1077 -1048 331 -551 -32 -401 -144 -296 -298 94 -677 812 -29 407 -489 -842 106 84 -148 -422 -648 467 -148 -529 149 35 425 -371 -580 416 380 146 734 -370 515 -307 -26 175 -246 -134 439 211 -1159 456 474 -237 323 372 185 11 715 754 -178 39 -802 396 227 303 845 543 1054 473 -1696 -867 290 -599 65 -546 -1115 -360 -10 -255 -588 432 -424 -11 -229 -331 280 127 913 -627 -497 -589 710 -409 -246 216 602 96 1012 -193 -769 -76 1030 -769 -717 1076 -760 22 137 570 -25 -1096 -1156 978 ]
[93 414 -668 -389 -463 -598 -301 860 -791 187 -700 1 515 755 551 -710 -535 18 1280 553 -1604 95 -149 47 -761 755 -340 -439 -380 198 -483 547 895 546 -541 428 -136 862 -160 -67 443 -844 -1382 315 -820 -151 -865 -648 -1276 -13 -14 145 -311 -20 -180 389 30 -717 -793 141 1089 -1293 -981 1442 -1530 380 513 -809 -145 348 539 87 929 -1353 993 855 -438 346 125 -81 -221 481 -214 -7 90 246 -500 369 -707 -308 69 -239 1025 -703 547 -1329 -766 276 244 118 289 217 275 -386 587 -834 477 299 -357 -932 202 -278 -268 1262 177 -389 -407 180 514 81 905 148 -855 -756 697 ]
[442 297 -239 1125 -327 579 861 315 -217 -19 1386 -81 -473 1118 159 1477 136 -823 -320 189 349 9 -80 1253 903 -688 -1093 1134 107 -121 366 -83 255 -295 -885 -773 -249 -665 83 196 -297 816 1797 -228 -390 683 364 -181 567 -210 -747 -55 564 366 229 -371 -518 -302 217 -824 1775 1521 -621 293 -791 -155 -531 -193 -711 18 754 247 176 -11 69 -239 500 -440 172 -644 31 -120 428 -233 -491 -396 366 943 79 1140 -883 1105 -527 -239 671 1042 271 343 159 -26 -1035 385 33 -1291 256 949 421 795 -1009 104 -550 -513 -590 -638 1345 -1240 -277 1259 295 -449 111 110 -327 777 -224 ]
[-150 -118 166 -512 1514 580 735 63 491 -778 -390 395 -845 -306 -351 -766 -558 -144 -273 656 94 -5 594 -367 -234 518 -656 61 -456 -631 128 249 382 -835 326 -605 -590 -417 157 -120 -862 29 245 4 494 210 -83 132 276 628 -330 167 1613 84 1316 -930 35 -90 -875 398 -554 768 -488 -187 537 -774 927 -805 -804 -1340 -977 829 -901 1186 -1236 -63 499 -347 96 -361 534 -572 -501 433 -469 260 960 -61 178 -134 516 -106 861 -993 -1227 -337 203 -726 -237 -520 -156 -210 -326 -238 -163 1315 -1063 497 -61 -7 -872 45 -877 -511 722 731 541 -491 -679 -863 -1479 -1376 27 1272 -946 ]
[-243 -805 -423 863 338 243 -115 -1169 -348 552 845 -1165 45 894 -64 616 25 -96 -61 600 -127 -152 -181 -520 337 475 88 -473 -25 -1807 168 -170 -170 -636 -422 -639 1139 -558 385 -429 127 479 462 -160 -222 -338 -100 876 -387 -805 -551 -118 1056 163 242 -64 -995 792 -1373 819 -314 -602 -245 135 396 326 660 702 -173 -125 -813 -1100 -141 196 -811 -252 1349 702 1406 222 414 -986 -253 570 196 658 64 27 -89 77 -1418 -541 -119 786 -238 123 -52 79 502 231 -75 -63 -102 422 -342 510 -241 124 455 -1071 -1063 -1372 -22 -261 -481 265 -277 -75 -444 -410 -1004 -578 -408 -350 -459 ]
[-344 -524 22 -702 1188 -301 226 -122 -307 351 61 285 689 -506 -996 -421 -188 734 520 521 -1080 -325 -151 -1283 153 -561 289 1006 -579 -508 -695 658 -37 -1282 -203 925 -51 -569 -439 -697 177 20 -788 -588 885 192 90 557 295 155 93 584 338 430 -191 528 100 546 493 153 -3 11 -373 301 164 -780 440 -672 432 147 474 1251 -584 1064 -724 -1717 -467 -554 -204 209 166 518 930 170 -1169 1396 1087 427 -405 217 -99 5 505 -359 769 -658 -639 671 -783 -213 -56 -498 -823 232 78 1219 -521 -34 23 -563 179 418 395 495 2002 -194 -340 -1293 831 -110 -1117 -326 1266 -154 -168 ]
[866 1029 -493 -460 421 708 -668 536 274 665 679 388 1051 -519 795 -833 -1711 427 -282 95 -778 1075 419 -137 -1588 236 1235 160 149 289 267 -395 617 -371 -341 -204 -295 345 583 287 -277 -1142 -569 33 -770 -527 562 -12 327 -669 239 256 -231 -237 -601 554 807 115 -762 849 -116 -691 -360 -72 380 -898 -529 594 -382 877 248 -1535 562 -525 -351 492 -108 -101 -799 528 -241 124 24 -344 -65 -124 -866 -720 64 146 1077 -240 1140 711 9 59 764 -258 955 348 857 729 178 -303 -511 -388 914 -668 -16 1394 333 -177 -956 554 -295 -690 -117 -268 293 -440 267 -387 -368 -1193 623 ]
[-829 220 461 -8 -58 -679 278 189 875 381 -1255 -1224 -587 62 -310 -408 286 -79 -969 713 1461 737 606 -198 443 1085 517 -2 1155 348 292 250 -12 185 357 -936 -566 -638 -266 -356 -719 90 369 274 710 -162 -327 -175 -1322 762 -1139 -251 414 384 894 -1265 -204 -635 616 -17 121 1275 32 -976 -513 186 271 -1010 -692 -461 -179 -991 531 289 542 -76 -92 -710 242 1274 911 1267 74 -57 -803 -101 -196 24 466 -213 -360 275 911 341 -358 -1409 -736 279 -86 170 -215 -294 20 -606 733 542 -773 219 212 195 349 1190 -601 -432 -269 54 605 331 -518 686 613 -1003 47 70 -429 ]
[246 -38 -75 -326 38 -366 -626 718 337 96 -309 -48 243 -1017 -26 -265 74 241 770 209 64 -558 473 475 -736 318 108 -437 -439 -397 -877 -81 383 -277 459 -392 27 293 -107 -188 -1061 -613 -323 -131 -245 -105 -999 -644 791 633 -426 558 -328 -200 -251 -446 29 369 -711 206 -95 -529 -1107 21 -854 -1777 -287 348 -1142 -931 878 829 -250 133 252 784 -350 158 -328 -639 -1045 765 146 -331 -1333 -335 47 204 -810 -533 1041 -1027 32 592 150 -800 419 575 8 -281 -203 1591 -211 848 -631 433 -339 -71 765 74 638 -586 -1232 1008 314 680 261 -643 -5 471 -283 -913 -6 -207 -497 ]
[-1012 -622 117 -300 -676 -12 -806 -688 -1300 -660 140 293 -470 478 -579 -460 -175 -883 727 -574 -58 -948 25 -1146 -23 -121 -44 -1139 375 -153 570 76 937 -120 69 -179 -352 907 -284 -17 630 275 -1000 208 104 484 -581 357 466 146 -443 94 536 306 -935 1300 14 -348 318 226 -185 -10 193 -185 803 1349 741 -660 162 621 247 424 -701 183 368 -367 120 153 561 757 -689 -651 -1060 848 1068 -353 618 415 234 -127 -180 83 244 -572 -127 1529 12 -129 342 -8 -627 172 724 218 -87 -1117 -254 862 -21 -722 51 -221 1039 -597 -1081 805 193 -39 702 46 1706 1013 402 -77 -18 ]
[190 281 552 -112 455 225 670 474 221 567 741 1125 1429 50 -556 708 -724 -86 -475 -922 -527 735 310 -749 -343 -917 -300 392 -220 107 -84 310 624 -505 -517 203 -426 382 -847 783 -239 130 791 -1158 367 274 848 904 -475 -957 799 691 874 -504 333 139 -656 -685 -312 314 443 377 -363 -426 -874 -1042 759 -417 146 439 -826 132 100 23 -836 -691 201 -190 470 331 -1122 -165 -378 -381 -6 202 465 -164 34 782 261 390 673 -657 375 301 -745 79 283 176 115 -346 382 -1077 -534 194 -232 -26 -704 934 -455 721 49 218 1028 -377 -112 -368 550 -353 -362 -942 283 224 -925 ]
[819 772 -152 -44 -142 398 -312 240 772 -878 242 716 -1109 719 123 180 -56 -596 -1019 794 158 695 -1080 373 160 245 864 641 -259 179 417 -435 -294 948 431 696 452 684 -828 537 -1251 -557 -1335 283 -1068 669 681 579 -117 -123 774 143 25 273 554 642 726 -569 218 30 481 12 -354 657 261 1041 -250 -191 775 106 -26 30 968 -687 -93 -20 377 -834 -750 -1305 905 -1056 -303 -682 305 -663 -224 100 305 -714 279 352 -374 916 -1017 70 38 -1246 438 -601 1098 -280 -221 -474 570 -666 1755 -731 -1077 1619 -717 102 875 424 -523 -426 792 525 356 893 306 -405 -324 1166 743 ]
[237 -1047 -349 126 88 -604 1250 -355 360 134 -109 30 -146 -340 -432 -356 193 -434 -799 -222 -71 299 553 130 -284 -359 681 1384 788 -273 650 154 138 296 -687 -666 -486 -71 -428 367 550 208 1243 -181 719 105 1161 47 838 847 -313 987 247 -29 -71 -1047 -1278 193 827 -100 -748 424 173 881 287 653 483 -751 -31 967 -455 109 -666 413 -920 -758 -40 -137 210 -48 607 475 -247 -172 -520 -1009 254 -705 241 586 -470 811 -224 -447 183 203 600 -1347 -68 243 -324 -377 -655 -952 -851 -90 380 481 -1304 738 354 1758 -250 770 871 484 1175 -751 -749 72 -485 -611 319 525 141 ]
[168 474 128 -449 1376 65 192 -60 404 580 -1488 -7 58 -497 33 635 -658 931 -599 81 -287 371 -136 -621 -1186 66 -633 1274 -729 609 -155 1227 377 220 55 -245 220 1141 492 -572 151 -375 -531 406 747 -254 486 76 -1246 218 323 538 228 49 930 532 -400 -679 -1410 58 -680 -735 851 -328 -979 -982 -417 -188 268 -741 429 701 373 -354 -82 309 -378 -247 427 194 -937 -535 -1110 -499 -960 353 -725 -423 -403 -244 324 -42 1687 -49 716 -838 -1730 -665 643 -284 -110 237 10 462 -80 413 402 701 1354 1327 -454 -370 -117 -857 -684 -38 -171 -794 -165 -1361 20 -1319 -630 -697 140 ]
[668 181 -167 -132 289 -405 846 -53 104 1151 13 102 -99 -702 -1040 -879 -770 478 -789 502 -1476 262 -613 413 -342 -232 -850 726 -1348 916 -80 -64 -134 999 -573 494 608 488 767 474 -505 -1370 -1224 -266 -1185 8 -118 207 -1104 -434 -301 194 -496 276 0 574 163 -227 -1501 -38 234 -1020 547 887 -1427 -34 -1147 548 -170 -854 -160 -109 618 -126 720 273 279 -861 -95 -661 -617 443 -2 10 -148 -703 -87 -871 239 -246 -50 -907 1206 617 -773 -473 -1040 799 -226 -438 -3 105 -843 -158 -587 1137 1581 -405 -381 -927 409 137 -533 456 447 348 -1183 -134 -1541 -1007 -563 -829 -537 -445 401 ]
[1483 628 191 -345 296 -703 -966 770 986 -475 30 -649 282 536 -238 639 666 430 -1502 -772 -475 -138 111 1585 379 -568 -2868 -1529 -610 502 620 -1019 -80 492 227 531 359 450 -1096 -104 -167 -551 -186 1248 -227 874 736 -813 -176 216 -348 152 17 -1292 550 221 -666 -164 503 -24 569 104 1367 -258 333 -1151 -973 22 -354 -250 936 -101 875 341 -151 378 -367 2 55 -982 519 -58 166 910 -304 -600 -137 576 -185 -295 -330 204 -146 1001 -1492 501 -92 1258 190 72 -687 89 383 516 -138 -517 -126 -333 512 -362 621 -806 -45 -526 -53 -572 778 123 -156 420 437 -1652 106 1212 397 ]
[1463 -254 1128 542 852 -36 389 747 297 172 495 -132 -1012 812 673 1132 918 -1477 -620 757 -524 -1368 367 1177 297 -1042 -686 562 -340 376 -17 -259 -348 952 471 927 854 739 212 579 57 798 163 546 -272 907 137 -11 385 989 106 -375 737 25 1034 -788 770 -321 338 -432 -83 117 -227 -769 -943 -272 714 -530 -551 -651 563 328 -295 -373 -245 51 566 -583 409 -876 1209 -173 -16 -220 -185 -880 320 -225 -158 -406 -189 1767 -1079 468 122 98 -71 -421 -615 322 -486 -506 -882 -1810 -211 -73 -98 -1050 -452 340 -904 -93 -620 126 897 -522 348 391 -101 -383 237 668 662 1288 -99 ]
[759 40 801 -701 371 -833 -12 826 49 -413 10 466 -1442 520 -286 -207 1041 -461 592 552 -978 -374 -113 728 28 432 -100 81 -668 879 -424 -90 211 248 443 405 433 -441 -573 -3 -423 -542 -535 738 -217 1467 -498 -693 478 1369 -461 -168 -415 450 414 -545 22 102 463 -349 302 45 -151 486 -386 956 313 -41 -1075 232 1545 -529 -692 567 -126 -113 -658 430 -995 -451 1081 354 -533 -109 -415 -424 -291 -428 525 566 428 -419 76 -1061 -389 -1917 213 -63 -289 -769 191 -698 -544 229 -286 -992 -190 507 348 303 529 163 348 472 15 363 300 12 278 866 -632 -85 -114 -69 921 ]
[1415 695 308 556 -114 811 127 -153 211 1287 378 -1179 1130 -237 -332 -50 171 473 -424 -232 -124 -101 417 -1226 -897 -1312 648 593 661 -331 -17 -472 661 -1138 -389 -245 1100 -567 -813 221 305 214 1448 -439 536 99 574 793 -586 411 343 398 545 -1136 815 372 -1209 -250 186 750 55 653 -827 -557 -139 -799 1110 76 -21 896 -422 -1143 -1009 410 -751 -1538 334 406 -53 702 122 -280 -246 -879 511 727 641 796 -806 641 -27 -136 -316 -504 718 152 -102 -676 931 832 -164 -99 1114 -158 -1001 847 -940 -923 585 364 312 -233 628 -541 -186 -110 383 230 232 34 81 63 -114 -406 1033 ]
[-165 96 1426 -2 -213 -800 618 -829 331 -473 -1686 406 -1269 790 -684 1312 628 318 -559 -277 476 -167 -310 -331 269 -642 -280 693 315 1168 82 509 -180 1242 393 -173 544 754 -451 545 522 -698 -749 -1215 576 791 340 731 -413 279 628 -230 99 -231 186 -811 231 -848 -54 -855 232 1420 241 -123 632 1449 185 -372 1102 -1060 -290 1201 143 264 82 92 46 908 294 -517 -274 -107 253 -356 -183 525 540 196 -292 -225 -415 -326 -37 -419 945 -579 -1641 -101 -786 6 127 -421 200 -426 440 -336 -222 -260 -558 702 -95 287 596 113 85 568 358 -334 -88 -37 -238 394 187 -400 -1006 ]
[597 588 -10 871 -305 -802 154 -617 -217 407 86 -1995 1426 105 74 -553 65 -399 -1361 1 1937 13 711 -479 309 -1385 -486 -585 315 -75 611 -545 -1522 437 -1266 774 1129 200 111 -912 -940 -214 505 -757 344 -460 1311 -256 1296 -830 -1162 -108 355 -313 552 490 -520 -463 61 -242 14 -694 23 -22 963 -415 423 80 -203 102 194 -346 406 639 -300 -620 0 -524 -134 -27 341 620 -22 -996 396 744 -38 677 -119 432 236 -226 -1162 1579 83 1145 140 105 687 1105 -349 668 -712 38 236 759 129 -731 990 536 -5 515 -91 -433 601 -187 889 517 299 388 257 785 881 1155 -139 ]
[901 1499 10 498 96 838 1183 -362 362 -644 671 416 858 -692 419 430 -657 1508 -1600 -215 493 326 -56 -1 -1180 -586 172 368 -234 671 -161 -24 -386 197 -265 274 517 -527 120 -587 688 -464 1148 105 -504 -728 881 964 526 -215 380 202 85 -839 -878 468 -208 -386 -330 86 31 -38 580 -353 891 -525 -532 1680 1151 37 253 -756 936 263 -149 181 -766 623 -835 -255 -452 -750 58 -158 44 -44 184 -585 79 1127 631 -417 -126 86 203 128 413 490 290 7 -145 -482 251 567 -621 -102 901 -229 832 305 710 -45 342 390 -44 -82 -195 380 -85 -650 -1798 -599 -75 -646 988 ]
[-786 808 674 -220 63 1332 310 -160 292 -856 -267 841 -791 -477 560 -311 -269 261 8 98 -668 -222 -252 767 -394 217 -1220 -431 191 444 -63 -539 641 727 273 -711 32 -55 -443 333 373 -143 166 -379 -582 -138 535 -869 565 586 -1018 -208 -323 93 869 -512 -414 484 -1398 -197 1158 497 730 1259 -704 -1056 -80 367 -243 -216 -4 -122 -55 -368 -161 -67 97 950 -279 -455 -605 231 133 -295 712 -466 885 -94 -733 -284 -369 527 84 -192 -252 578 63 246 -226 -88 252 16 625 -328 -438 427 255 229 -1474 188 -247 -498 -882 199 -181 -497 -353 -103 252 -613 -1007 -545 48 -341 81 ]
[-714 157 -521 266 -189 1004 1467 -1005 80 333 534 -400 855 234 807 342 -264 -177 -626 -189 571 151 284 936 -114 -533 -203 27 293 94 146 -749 105 -46 261 -640 -116 58 227 -873 428 696 11 -445 308 -695 548 -128 1096 106 104 -174 -71 -263 71 -258 -141 -699 248 499 279 -159 680 -474 954 318 985 512 381 278 -114 -628 -214 -660 23 345 713 340 917 133 -650 -760 -1028 -1007 -175 -592 -693 479 -116 -15 -740 437 -872 748 95 642 1370 -80 495 947 -405 35 255 -633 -232 -569 1113 666 -713 637 347 784 611 53 -612 -80 -364 0 -191 259 456 1058 576 -189 -441 ]
]
