[[-677 -92 -556 -226 -19 241 -54 112 215 529 -282 -286 716 388 -674 651 73 422 -962 175 -302 -211 -605 32 -818 146 93 -352 -354 152 481 1018 164 174 -309 318 313 -422 -106 -528 148 44 -156 981 -701 -163 127 -606 5 -293 -389 412 62 227 -404 -328 381 368 -987 -410 560 -3 -478 832 -82 305 224 -27 -152 -388 422 173 -299 306 345 82 -414 261 -539 28 -382 -657 -270 -16 -576 214 605 -457 1200 117 700 441 -448 37 438 -579 873 -477 -136 -724 -592 602 -176 96 113 719 -157 672 -146 -205 -533 -218 209 -64 -17 192 -111 32 348 260 170 -92 85 -520 -227 ]
[-639 -168 108 79 671 -347 -223 -186 549 28 -4 45 352 -125 72 -839 -132 -332 717 46 620 -173 287 -201 229 163 81 -307 -351 -1237 181 123 -422 -730 169 -312 1070 -1172 531 589 -453 -518 -124 902 229 312 -320 -612 -278 252 -113 -679 -546 -631 -202 362 -262 644 159 306 27 255 226 -373 22 -260 262 275 -144 -570 -810 -875 -31 -863 -421 -540 3 -358 -391 -286 -56 743 547 268 646 131 -383 8 32 -649 53 603 -323 -68 -553 -254 -684 -2 159 689 -399 151 108 52 -368 -524 -60 -169 37 640 439 -145 419 203 -405 -320 610 12 -24 -780 -330 255 264 204 -198 ]
[-253 -813 -28 -497 173 191 -329 -104 303 24 1043 -51 -126 -42 -560 -509 278 -1160 63 -622 147 549 -267 517 -48 -422 666 170 -992 -470 144 -293 -188 234 399 -221 711 -139 -327 1111 -200 -281 538 817 -532 420 108 -289 284 40 -846 622 172 -778 778 79 72 962 386 -428 -9 -11 -622 -486 249 -362 258 202 559 194 -1169 -151 863 -78 572 -267 -335 -429 -163 -190 -155 620 74 266 108 -285 54 -50 273 -662 280 3 -441 126 37 -400 -369 -174 236 1004 -693 200 282 450 48 -345 610 162 -473 485 425 63 -353 721 -102 -679 129 506 -763 -401 -492 -569 307 -129 -460 ]
[80 -725 15 -243 -307 279 186 -272 32 1264 306 976 -523 41 -847 -315 -131 232 -29 -168 -470 -497 -757 554 -401 -516 428 -177 319 562 -942 351 -182 1160 625 -414 -980 544 -236 -350 235 213 275 -309 -758 -179 448 258 656 -208 283 1123 734 649 191 430 398 89 -506 -216 -764 512 -965 -282 815 348 75 -252 327 611 898 373 359 848 871 353 347 700 37 -121 208 440 -868 146 290 183 996 -219 234 33 451 -20 347 -259 810 -211 520 -85 -4 -206 -65 283 639 311 643 159 -149 567 -743 -589 215 63 129 -504 77 -425 -495 571 286 -101 85 41 -249 -91 -754 ]
[169 -266 -559 -791 480 -333 -173 528 -139 -366 418 -216 558 263 585 412 -261 141 -425 -547 -181 792 304 128 -536 -195 -284 325 84 -432 -152 -275 -82 1 -732 311 257 48 -430 326 -587 -553 -96 -281 677 172 -844 -150 -125 134 -1087 -85 0 -522 -477 289 -214 -375 715 16 492 -606 -46 395 540 -639 -22 34 -114 238 -371 -115 -483 -794 -664 -784 -313 180 554 -351 -604 -1273 246 -110 -425 -347 260 311 -292 88 -826 283 -583 -80 -268 89 35 -244 383 -88 -1200 608 286 453 -281 -74 -444 -534 419 1127 -119 -85 66 225 459 56 -47 106 -213 -284 66 31 567 -156 -222 ]
[127 -329 855 -159 -309 -601 -100 72 -130 335 166 609 484 351 652 234 -438 55 548 272 289 -72 17 832 -182 -688 731 -114 311 -358 -470 -89 -346 70 289 235 -635 -979 -404 155 -539 -68 323 9 407 -662 -274 -390 573 101 -91 348 -700 -458 -324 202 -605 -107 -199 -155 -504 343 220 -501 448 -132 -471 566 -335 119 539 -1014 448 -1056 126 169 970 699 -101 490 21 339 -751 676 -312 494 701 -69 259 -304 266 133 -300 -108 142 -98 -340 -343 -561 169 -1207 -75 163 775 -1 220 -102 488 777 550 -180 -809 363 -225 -94 -409 -265 449 106 -850 84 711 -291 -308 -1267 ]
[594 253 339 -268 -239 414 -237 376 -781 -874 -224 -879 416 644 622 594 -70 480 500 -266 -51 542 211 840 639 -1106 -746 -81 235 394 102 -192 371 -447 -764 1351 248 -263 -570 -534 307 -527 -47 -1242 596 -561 -250 388 -385 316 -770 194 -583 120 -269 -359 -326 -642 925 -152 14 -328 -378 33 36 -203 -195 349 147 616 477 -276 40 -33 -336 488 -261 311 622 538 -7 -916 225 -243 11 -254 -398 -200 -267 11 -518 351 -383 485 1240 847 51 -411 -400 215 -262 101 -676 -715 534 -637 292 -492 390 531 -249 -597 97 -99 584 317 -764 387 161 -238 656 589 -23 -308 785 ]
[432 -911 568 -322 206 -514 706 383 -429 -426 866 -497 352 66 271 800 211 -615 -477 755 218 584 470 -263 184 -14 221 474 762 137 -220 -238 146 595 -325 306 -1546 98 -602 624 -399 675 600 -624 201 -938 21 -122 -74 330 -86 -305 -19 73 197 -251 -196 -397 64 -46 710 -623 1195 -208 -293 120 79 -343 -12 15 -656 127 87 -40 -231 94 833 828 956 612 -519 -565 -307 507 -1261 -772 726 -144 -160 -5 -709 -469 298 16 106 -678 -175 314 -493 -333 65 -1131 -114 699 -389 768 -683 806 526 598 -584 16 -537 16 -334 975 -43 227 -728 -37 -110 -162 341 75 -517 ]
[-86 520 -526 -651 280 -530 230 614 -4 -122 -1136 235 887 649 661 423 15 730 -35 68 37 -8 -390 366 -268 -241 -60 -216 69 -403 -706 -105 -372 -6 174 615 659 -129 -23 -516 -654 -338 -609 -613 964 724 -92 -275 -921 -490 471 449 204 -818 -91 450 -412 -226 268 240 -250 572 248 -336 -23 -305 -1077 22 -150 -366 540 -1415 -225 -579 -99 -391 -213 161 198 208 121 -481 185 -301 234 545 -318 1442 43 316 -733 507 -671 -239 234 233 355 -306 -240 -854 -928 640 88 -18 -272 -126 -65 -438 527 -472 -971 -1035 863 -434 474 52 427 -336 892 -390 -37 446 51 307 318 ]
[802 -601 344 -856 85 -234 285 450 120 120 -39 21 -206 525 850 481 -175 -197 1252 254 495 726 503 698 1128 46 467 -64 1415 246 -1404 -198 -548 828 121 1024 -745 -2 -594 -696 -485 -932 310 -1719 555 -355 5 -94 -78 -48 -212 -249 -389 -382 844 306 -208 -363 212 -635 231 480 181 -83 134 -287 -334 528 1111 -220 78 -1115 348 -198 362 165 304 1544 683 246 -280 -261 128 77 -49 -1021 358 175 -746 223 -1203 -189 206 407 915 50 188 -132 -247 -703 -21 -357 251 97 95 -420 -762 265 144 -155 -452 -558 -687 -685 841 815 -403 977 85 -847 192 495 -226 343 -776 ]
[503 361 -487 850 -857 339 11 -6 623 798 -257 140 -702 -456 314 -504 -323 -537 475 -457 -666 30 110 -95 112 850 147 717 -112 939 -214 920 -292 48 130 27 -956 793 342 -1035 521 181 -6 884 -762 615 406 88 1295 -298 667 -479 -73 108 -360 163 858 187 -604 -831 -116 -164 156 677 90 682 -162 194 509 -176 508 1154 -119 1226 -219 751 -563 -609 -369 -375 182 366 51 -812 -653 -94 130 -763 718 -147 389 -1423 349 417 -642 41 236 -110 597 -674 388 -296 -297 723 -118 658 -9 -138 -412 -1446 315 1133 -279 137 646 405 -210 57 318 1021 -669 -780 -242 -231 -171 ]
[827 -175 407 -293 -693 2 131 500 -599 -103 29 1070 -586 136 680 981 372 -674 -113 -408 444 506 477 573 209 -54 877 848 465 593 -456 -1064 -282 665 22 17 -773 1093 -743 69 -196 -215 305 -1075 403 -77 -549 391 150 51 800 701 -256 -1320 692 136 -584 -495 171 -292 -900 390 353 -414 126 -384 -663 855 854 553 58 -908 533 -412 910 -335 657 350 -67 -422 220 -395 -1012 340 236 28 80 1573 -1435 1542 -202 -885 -472 26 -774 41 849 -261 482 -747 -783 -721 78 879 -260 -224 -54 -510 122 86 -1373 -367 -768 115 1025 -640 798 751 165 -168 166 143 -530 616 -265 ]
[-636 -120 533 -152 27 782 -21 -510 350 -180 424 186 -516 -586 -413 -181 792 468 400 915 -65 -258 -525 -450 139 -24 40 -1355 26 -213 164 428 303 -260 802 275 284 -21 -139 16 83 478 -24 29 -614 -1142 802 -317 -196 585 -307 96 423 1095 334 -16 -175 -359 -233 49 1174 258 -577 276 -742 598 892 -556 -243 -726 228 148 85 -187 284 145 -141 1180 -480 628 429 833 366 -307 -70 319 66 -856 631 -149 543 814 1104 -59 -120 -18 352 -273 -212 209 808 -423 -59 -779 51 -474 -658 689 -1 -107 385 -466 -352 398 -909 704 -682 35 -779 134 -76 376 191 848 97 ]
[-553 -190 1044 583 375 -554 -77 -402 -1151 34 -431 -504 346 119 -315 -191 -398 -289 411 349 1343 -272 506 12 1360 452 -321 262 -21 -221 611 -375 253 -364 -50 -679 158 -912 431 267 682 -188 642 801 -158 -841 288 84 137 588 323 191 -1102 -546 -123 -392 -1012 857 271 -496 -858 239 337 -1173 -237 520 73 806 -297 352 282 -883 686 -527 -306 437 604 -670 -497 -336 829 485 -239 581 718 -331 -2 -222 -436 -154 180 320 -693 878 586 -460 -930 164 -564 721 141 -541 -976 -370 -168 -540 230 94 -548 19 -78 -394 924 -395 -851 -605 215 414 -331 -1320 164 508 -96 -222 218 ]
[-7 -134 105 -98 -148 -107 267 377 383 346 203 -26 -904 -897 -805 -169 -115 -516 -878 133 432 -291 -131 -187 203 101 -96 413 443 -16 -598 -951 -12 954 793 -609 -214 1032 895 97 1 263 21 -230 178 591 -79 203 -671 -586 1009 183 956 -250 1712 29 1142 650 -728 501 -456 211 98 199 -716 -630 -191 -542 1032 -238 -451 367 420 939 627 76 -138 -502 -229 -842 -955 277 -380 391 22 -108 265 683 -633 -35 -599 -184 175 -225 -61 704 -632 574 237 -52 771 1064 418 128 651 -87 448 210 -507 -810 -35 132 -656 -191 392 -548 611 -361 460 989 465 -382 -352 211 791 ]
[189 223 -157 -59 168 -334 830 792 -35 61 174 921 352 540 443 -1121 -705 27 980 -900 -291 -565 572 600 -290 -609 -441 -98 456 -104 -1140 204 -610 278 313 682 -352 -64 -732 -417 -392 -504 -262 -1001 949 362 -577 -205 366 -103 143 103 -94 120 -775 1246 45 -120 1086 1127 -871 549 125 -545 700 -61 -955 -311 55 346 12 -929 -788 -655 -211 -248 319 239 606 441 148 423 141 -442 1167 933 -562 588 271 -398 -426 444 303 -266 -599 218 -115 -489 861 -54 -682 -752 -126 441 196 441 697 -466 138 59 376 812 657 -54 339 97 38 125 775 -537 -654 155 621 645 -102 ]
[-963 639 -36 -15 981 -279 -358 -5 157 -637 495 424 -57 -94 -292 -1206 296 430 161 45 512 -447 527 -855 651 889 162 -815 648 -502 225 -562 -431 -262 222 -1042 172 557 244 819 -633 214 -193 431 323 -310 665 -566 -70 122 -547 -294 -194 327 -782 666 -973 -274 444 616 280 823 149 -391 -345 812 1063 -565 -884 -816 -234 -659 -523 -940 -154 -614 14 747 15 -300 66 426 71 46 1517 1138 236 396 -437 188 -384 288 817 -32 -955 -708 318 326 380 -146 582 -1173 147 -672 -718 103 -428 184 -533 -227 -219 1047 -87 430 -1488 156 649 -600 -339 -469 -77 196 605 952 -167 ]
[-353 158 3 -58 -25 -252 261 -553 -7 485 385 331 16 -354 -77 -742 -774 -190 213 -763 -684 341 214 686 -358 1194 232 962 -526 23 -421 150 887 -224 17 -625 49 282 -461 164 504 175 900 231 -56 -539 220 250 786 102 -748 178 934 -82 855 328 -107 -196 152 70 142 480 -467 12 28 421 -1251 470 -58 705 394 -331 499 -447 -363 107 -225 71 -337 433 620 511 412 -75 -49 -360 -50 -647 527 -346 -141 -368 229 -66 -439 170 -241 -164 -80 984 -289 -27 455 333 -5 242 8 30 122 -309 719 337 167 26 -246 296 -819 -172 -308 -287 -363 -411 471 60 -996 ]
[-736 -11 541 -1203 56 -444 152 305 -682 -33 -419 -940 523 81 -21 798 -15 394 -521 865 450 644 327 149 11 409 -294 -173 -138 -155 202 513 580 -345 -664 193 -283 -653 -35 200 523 219 27 -113 156 -433 215 -669 -466 98 100 -490 568 -684 623 -266 -94 -334 -429 -284 1206 111 672 718 -1742 235 -228 546 -65 -64 -339 -1464 146 -782 -462 -260 -613 430 -502 94 -782 -250 1020 276 -636 -918 349 -352 277 42 -282 58 -241 144 -434 50 572 -501 86 -483 5 -343 -223 329 -787 472 -902 521 258 287 -271 -697 91 -548 141 544 610 -112 -3 -161 565 686 185 237 302 ]
[-133 -433 -350 -796 -191 -520 923 542 -495 -147 9 778 -274 -553 -484 -13 174 1048 -933 752 -162 -489 116 -1311 -756 1011 -567 -803 1268 196 -160 -178 235 794 600 173 -772 1046 411 -483 -153 561 -406 264 415 -384 -365 -703 258 540 190 777 1221 1576 -104 428 -334 18 -210 677 -37 -227 382 -320 134 -62 -154 -1066 -1118 -506 489 658 -749 -354 259 -359 820 -123 87 -569 148 -464 -134 -810 -381 739 829 339 166 108 -264 623 -71 162 -733 -99 49 134 348 -675 -131 340 595 -509 323 463 -282 189 -34 -745 -76 116 1221 95 -510 122 -448 -476 -367 -24 -290 36 746 787 -298 ]
[1365 -483 667 -32 -1249 -507 -97 -73 609 641 -107 -319 -754 -613 306 166 -294 -948 186 294 -556 493 546 289 -479 246 502 992 -31 -50 47 -333 263 18 -490 -215 -865 475 323 85 606 789 495 331 -360 835 -490 -247 938 -305 14 -736 962 96 1266 -590 1138 -97 -871 -1023 113 -1025 357 1075 37 72 -790 443 699 37 -1055 1041 649 109 281 372 -34 -428 -280 -409 -230 548 572 -71 -959 -1183 617 -942 -272 -886 216 -1208 140 -88 -88 871 -957 515 -464 383 -56 -217 1106 458 660 269 32 66 704 39 739 325 -222 -62 975 -547 -110 43 -577 328 -336 -156 -346 -1110 -1052 ]
[116 669 -737 122 71 -31 221 -178 183 -739 77 177 -472 -248 992 -54 -615 -539 838 -1625 239 511 387 174 155 1071 646 154 -444 274 -601 -617 513 -417 81 417 892 143 -745 -502 -79 -734 767 -477 879 -36 370 174 920 -12 -1010 686 132 -356 867 537 -1234 272 915 8 130 13 -303 -386 131 -140 -1044 686 457 166 907 -598 605 -225 290 193 -72 -424 -108 846 971 255 507 -271 210 -628 -820 -147 -117 892 -452 -991 177 379 -41 -281 -277 -141 897 961 332 -510 130 346 29 -494 1098 -457 -37 -265 900 174 -447 226 -201 301 -1059 513 -561 80 -391 -900 -154 18 -262 ]
[-1377 -772 -251 182 977 183 -682 -978 -677 -421 877 -305 827 770 -572 78 754 310 -496 315 -138 -33 -250 -174 360 -273 503 -456 -946 -508 1086 140 574 -227 328 -165 916 -1209 -780 1256 -352 661 -71 239 -784 -66 310 547 -299 73 -1202 18 -249 -129 -462 -452 265 -168 189 447 580 -286 -244 -219 -482 -312 910 383 -1012 580 -817 45 -372 -396 -666 -367 -152 76 242 1400 431 453 145 680 -255 58 -766 -374 786 -336 423 90 71 -58 467 -504 370 -643 -448 585 -338 229 -994 -161 -1055 386 -4 286 323 1257 127 -597 -873 411 -588 132 31 77 -1050 -477 -175 30 444 279 211 ]
[390 -493 324 1140 -176 -418 725 -288 -1168 232 -497 1138 -615 -666 -773 312 300 363 -538 980 145 -1109 917 -809 83 922 -170 -312 1308 346 1608 -879 544 640 665 -835 -339 1072 115 -134 193 941 -446 46 -226 -758 -3 550 296 60 371 51 -91 1026 -84 -790 -418 129 -195 289 -802 -137 440 -394 -107 -44 -615 -471 -848 -18 514 633 -118 -1186 -143 -26 1211 -479 -348 108 1163 425 -631 64 -328 35 -72 145 -1117 551 266 -154 91 438 -677 308 -987 -149 -212 -268 1053 -18 -523 -743 -241 104 381 -570 760 45 11 117 434 45 68 -673 93 -527 -438 -176 -398 -110 -215 534 83 ]
[253 -50 -581 -565 366 417 -510 -174 -60 380 102 888 169 351 15 -406 -149 -355 405 -635 -405 1321 -439 529 50 230 531 1112 -760 -74 -980 528 -133 -720 -225 172 261 -88 72 -63 -548 -1368 635 762 -506 10 55 212 180 503 -477 366 -227 -1013 -369 452 -404 309 355 -146 -375 1151 -907 -998 1730 -326 -581 291 -50 616 436 -591 869 690 -342 -543 316 -376 -66 -478 370 -62 -105 -24 666 22 238 222 451 8 -462 -224 -866 116 118 -212 -135 96 -124 -283 -1644 686 983 637 -306 -192 -717 -454 -477 -518 -199 -788 948 -377 188 -40 -139 536 -241 -1245 -446 -527 -451 367 -1348 ]
[-29 -137 -450 57 317 -646 -95 -219 897 -425 707 -656 -92 -460 589 -174 -153 -389 -631 -448 557 -75 271 -195 141 83 -154 -377 -850 -694 -212 206 -726 625 517 -958 -56 -181 443 861 188 164 -435 6 440 1643 -550 276 -215 144 699 -829 -55 -1085 361 -414 468 384 -172 -199 751 -795 244 565 -389 -853 507 80 79 -213 -1083 857 -351 281 -816 -716 -897 -780 118 -340 -692 47 268 -411 -642 -253 -176 327 -71 -323 105 -423 -184 -197 -482 465 13 6 1098 278 104 472 -405 372 -397 126 266 -854 -74 -114 581 333 -827 56 624 -584 677 -163 216 910 261 -321 -83 -288 390 ]
[-618 -1171 122 -946 135 -108 349 -1281 -204 532 -164 -944 1088 250 -1557 -24 26 -374 -445 652 81 -75 -1084 300 -863 -59 -9 -245 -364 46 -14 184 396 -8 577 -271 1079 -1534 607 413 -38 133 357 893 -62 -151 45 -838 -853 -350 -21 129 843 65 1723 194 -509 1300 -788 80 -49 489 -345 -766 -398 -576 -17 283 122 -160 -232 -824 391 365 1494 71 136 -274 239 -195 -480 -85 -214 597 -42 -679 93 -117 -25 -361 378 818 -1291 134 737 -999 67 652 -621 1220 -50 1417 700 -77 1075 -391 343 1085 -515 525 274 -1481 1088 -505 -490 393 -185 206 414 -248 382 21 259 -206 -350 ]
[797 664 20 257 -600 -160 -979 63 -589 -1551 -456 -67 126 272 695 1150 808 -431 -324 -85 238 1278 -32 -292 374 -412 1166 348 -181 492 183 -2385 -100 -909 -671 613 687 952 83 417 -642 126 300 -97 346 344 -8 753 574 -174 -864 906 -695 -131 5 -29 -1173 -506 91 -947 -441 -207 -224 -444 616 -282 202 702 -238 -197 32 -45 91 88 1161 -70 809 -563 530 374 349 -464 -471 488 494 461 -359 1292 -907 1490 -458 -1004 -406 604 816 -868 -94 786 167 -225 -681 -516 -380 180 423 58 1090 -177 381 -43 -926 -844 51 152 43 -875 -257 -31 -1186 -134 -224 -487 -483 -531 -35 ]
[331 -687 133 112 -688 446 220 95 363 229 241 337 -610 -99 230 -282 436 -595 1565 -220 -352 -19 567 283 536 -436 460 -381 90 65 498 606 -440 -516 -274 914 445 -6 -633 474 552 -1057 -386 -594 -439 -631 -1264 322 959 926 -228 78 -848 50 457 51 410 -430 647 -445 47 -155 114 -829 1 -293 198 981 637 598 -852 -389 232 -601 325 -103 -171 -59 474 565 626 1198 1119 -240 225 -452 -1221 304 -130 -950 814 258 134 162 -413 -67 117 -756 838 549 -632 -460 -525 -572 -76 -1470 720 -461 26 766 1031 725 -843 1176 1590 -626 -141 921 -300 -876 -885 149 588 -50 -137 ]
[154 -562 162 822 -633 400 1492 -1228 -410 472 38 947 -435 -841 -73 -323 421 -657 -105 -870 -519 -396 -394 242 -121 118 -123 34 -208 560 832 -502 635 687 543 -466 -516 1352 -588 -161 783 1096 125 -91 -743 -285 235 688 1305 134 624 483 602 760 235 307 -324 99 466 -224 -1005 61 -361 4 -296 135 -761 74 275 351 339 705 -472 -284 558 -22 30 263 -208 318 1027 402 -416 -287 -275 -64 -567 323 -508 915 279 -310 611 -83 -927 -334 136 -362 927 437 598 -380 -1461 967 194 345 315 20 2 331 -257 416 -567 410 -135 -537 -508 -327 -700 402 -757 -1077 85 823 498 ]
[281 -650 -78 618 1040 87 -1254 -339 824 -72 421 453 -496 -685 495 -720 185 -618 1636 -121 791 -319 345 -299 1381 -43 656 -878 -259 11 -188 -108 -229 -238 1252 -389 747 -880 -675 300 178 -631 250 285 -177 290 833 58 538 244 -901 799 -732 -66 -338 -135 -95 885 459 -772 59 137 -235 -491 424 141 867 251 464 -399 404 596 1068 364 -195 455 131 -137 -185 347 1129 1099 94 4 702 -366 -226 -817 296 -677 731 -49 662 490 1339 -356 -787 -396 -374 579 243 -325 -7 -1002 -108 -883 1250 -225 -874 -535 969 191 -644 321 -4 -545 -509 679 -652 -675 -963 -15 -37 -329 -786 ]
[578 20 -114 508 -385 -132 410 566 512 91 -137 -282 -35 367 -359 623 163 -924 436 371 124 61 -272 -590 -481 -678 513 -7 -255 -383 -314 -34 -692 -301 -1070 681 368 -594 650 -82 -758 -743 -59 934 -288 -447 497 63 762 271 609 50 -544 328 -402 -270 298 719 -343 -181 394 -650 -12 -1104 1045 362 487 -409 -21 167 -152 667 515 787 1038 32 423 -625 559 321 401 965 598 121 -297 -202 -427 172 653 -324 -344 -11 294 -145 743 -1093 -850 1159 -333 -166 -175 -314 434 194 496 3 784 792 234 263 61 -371 566 1 -161 -130 -97 577 -203 -452 -548 -910 -379 -816 -62 ]
[1105 -519 208 -413 698 442 -256 884 654 -1008 147 3 -167 -305 350 -1161 -144 -78 648 303 -386 995 689 -333 497 -458 -1073 485 725 -212 -523 -732 201 -709 -312 62 382 -87 1022 795 -843 -79 -346 -69 1198 -703 407 -341 -1923 -89 -644 -903 543 -10 -620 -125 -107 7 574 920 759 -358 907 -177 354 -455 236 -1016 217 -511 -604 656 237 -345 -938 -234 -263 -100 692 -300 -925 -786 834 -435 7 -281 -90 -599 -730 -826 -2221 809 -454 -114 -83 1070 -1035 269 -1024 558 437 705 1084 -976 10 -498 -422 -774 623 516 -809 -297 664 351 -72 1417 428 -476 838 558 -65 119 1111 253 173 ]
[-84 -787 -660 -303 16 -320 -143 -331 431 745 -908 -332 540 686 -405 -937 -863 289 623 -547 -280 -993 -195 -257 -151 -383 -392 -302 212 -93 100 980 -489 300 -1288 -404 609 -372 693 -235 -345 63 -909 876 -216 400 197 -461 523 -271 -184 -540 -233 536 -2395 684 -237 542 -98 -268 -322 -1031 -267 -83 1356 1174 884 -40 169 255 84 221 -1318 -271 4 -487 -1112 189 416 -521 256 -28 455 -249 418 -405 -41 -348 -973 -233 -437 287 -863 -537 726 -609 141 -9 704 -242 -466 441 405 404 93 -360 -859 -632 -378 1077 -132 461 1574 -258 -62 38 595 1068 566 -363 -274 -115 928 -356 416 ]
[499 -50 -58 196 -263 22 -681 -934 621 280 281 212 144 -1022 -104 -140 202 -925 -530 -117 162 40 -889 205 496 -33 423 -10 -338 722 260 -148 -372 279 468 -530 -188 18 -17 964 -57 -82 119 621 -215 31 -983 -17 631 369 267 94 -677 -216 -106 -337 167 569 -440 -399 -122 266 -268 -393 823 -297 504 245 323 -170 29 -78 139 884 680 -806 25 -196 101 -516 -112 -265 -1339 664 402 526 -184 1322 -576 385 1158 200 -332 -71 -228 -521 241 251 383 -393 -710 689 -359 179 570 -313 -184 -487 -898 -410 -462 34 -946 436 441 -788 11 -373 69 58 -586 -456 -29 -233 -269 ]
[249 704 -117 -349 -46 -466 89 659 554 -418 -891 -4 240 102 357 1909 -258 251 -81 565 -262 -250 -31 -459 -767 980 479 -246 1016 204 1223 147 297 393 -348 313 231 148 -329 -1050 190 -635 -263 -160 285 -407 -676 -310 -194 -585 95 179 -1078 -159 71 -791 -216 -347 -422 -800 -277 -165 391 558 -185 -239 -225 -81 223 -265 512 480 -13 -623 577 440 523 560 -148 -878 -229 -1872 -530 440 -945 -356 982 596 -657 496 922 361 -321 -405 606 -90 272 401 -682 -1212 -233 510 535 -578 74 -131 56 773 201 -255 -683 400 15 -274 31 -408 311 -350 638 -342 525 39 -1106 -750 -533 ]
[-589 223 -442 174 525 -15 293 -116 163 173 -7 -200 416 241 330 693 294 398 -741 -73 -292 -616 -269 -99 26 556 -184 616 -505 -794 -374 504 710 153 -347 -214 1436 584 -225 -604 -42 527 116 -582 -304 396 307 591 -819 205 -161 827 811 -577 740 -474 30 -928 31 529 510 -556 -732 1015 -45 316 -485 284 249 61 -545 924 -167 -27 -211 42 -298 541 -239 271 964 -262 326 -661 -511 -54 -627 225 20 513 -594 590 381 -288 434 589 779 -78 -982 357 -134 430 111 -1239 -124 -462 233 -395 583 409 -799 -684 -222 45 -73 530 -725 254 0 321 281 178 75 288 1 ]
[-117 198 -398 904 -523 -447 713 -346 -47 554 -671 44 36 72 408 1440 -911 13 -5 -674 -74 -628 277 253 -204 -278 63 -704 481 484 684 -718 451 270 -426 383 262 -74 -355 -876 438 -129 -117 -869 275 -220 -251 495 1374 -84 -2 544 -378 440 486 -445 -12 -800 -251 -136 -231 -517 -279 339 446 -635 -466 386 -79 1001 1385 4 -437 -111 981 489 528 153 664 473 273 -162 149 440 175 -206 236 286 206 653 -24 -117 625 213 834 50 -496 152 -261 168 236 492 -436 -370 688 306 1220 346 376 495 475 23 -1006 -387 694 -1035 -1099 -16 483 -215 232 68 -1142 -1034 -539 ]
[-227 226 -467 -429 42 745 -161 216 56 374 971 -760 -229 742 -233 -184 565 -191 -131 -799 -956 816 -701 1128 -284 20 150 837 -404 -3 -125 848 313 43 -1060 1059 -663 951 -1148 -418 -637 -3 715 292 -1076 352 944 -291 913 147 -1137 -76 983 773 -425 5 1015 -213 257 -56 645 -49 -1191 655 752 1311 11 -868 1102 -238 -641 58 239 1052 -6 130 -635 1187 4 641 -302 -14 -233 -296 -312 -222 131 -589 954 -138 -233 -275 790 -266 659 -122 1075 402 -777 -734 -84 -1040 187 766 50 423 -968 251 -308 -412 -774 850 -603 183 -401 1358 -793 6 -590 277 -202 -938 254 -82 756 ]
[-717 -402 -912 -459 -513 203 19 -214 112 695 -702 448 -147 -380 -1070 133 368 182 -1027 -327 332 -19 -515 31 266 -35 755 -414 794 82 157 -384 -819 1411 660 80 312 1080 1022 -470 -196 204 -188 185 -340 756 714 -340 233 -466 -400 1037 748 -120 1305 826 -241 73 -683 0 -461 391 -748 450 -205 -433 263 -66 534 -696 284 -1128 -154 766 1484 -12 239 549 -525 -1004 -1181 -292 -623 419 147 640 1324 683 -314 1329 -1018 -934 -64 456 376 -382 942 104 920 -372 864 1715 313 867 284 352 -451 845 -664 -260 -269 -512 -338 -468 154 -345 -239 -214 201 578 424 -26 -792 558 24 ]
[-731 292 -297 1013 281 -228 -131 -549 -126 932 -717 -1072 615 -4 -740 -674 -92 836 -42 286 -170 -899 -578 -372 360 103 -640 339 567 126 -383 678 -464 -706 -127 -820 -141 -435 956 -298 386 502 -195 685 134 -303 27 128 -379 -547 243 83 169 511 370 1206 554 27 10 45 -491 -417 21 -164 -530 921 881 117 -824 159 1017 228 -296 1291 -691 803 -507 -485 383 -344 49 201 90 284 348 529 131 -19 578 -156 13 -464 414 -41 1285 -465 96 683 3 622 756 274 -1032 -428 197 -487 -540 422 -824 -627 1014 354 424 -190 -483 330 -892 -326 610 89 -61 365 229 -441 1014 ]
[-1341 295 68 -533 337 -11 -93 697 -515 810 397 -509 -328 -486 -694 148 -756 984 -1050 -266 416 -167 236 280 -257 288 -1030 232 263 355 -344 -108 858 -77 -955 -194 -200 872 -151 -828 182 -56 563 523 545 -1039 753 268 220 708 -262 639 693 1296 -512 145 612 -336 -350 1 429 -165 -1120 854 846 764 260 -1172 -373 830 1586 699 -226 779 -416 200 -80 104 42 -520 -519 -504 68 87 141 208 1191 -387 846 441 -188 697 220 -541 1406 149 159 283 -460 -500 -247 180 832 -160 943 -87 -1035 -448 -717 -908 -549 333 656 -155 -538 92 -999 41 983 29 540 -141 318 -171 360 ]
[213 1360 362 433 -105 -353 -107 1437 -1212 -108 -950 -1177 489 915 -380 1897 -82 516 -474 1129 884 -685 -44 -247 -1241 24 -941 -218 -348 19 232 42 127 -551 -589 97 360 -651 -123 -1346 170 -848 -130 197 92 -166 155 -396 -614 -548 669 540 -695 14 -60 -707 -25 356 -661 -419 712 -39 542 341 -1526 390 -451 -445 -686 -244 1093 54 226 -482 923 542 -474 -148 -342 150 186 -438 -21 -196 -27 -94 -47 -301 586 564 544 1094 58 414 591 75 -698 232 -545 -703 -193 -887 -443 -764 387 391 1136 668 226 -726 -247 -604 637 -459 -276 -607 405 -100 -147 -145 835 581 -591 -676 988 ]
[-827 -699 -332 319 610 -226 653 -906 784 438 295 696 -1013 -377 -336 -379 -142 133 -810 -586 88 -236 -220 -67 -1221 399 70 -481 357 -944 924 -229 106 567 496 -1387 -100 232 474 -21 25 384 318 1001 8 -274 -94 -221 280 217 337 -188 958 827 723 125 -780 890 -733 229 -562 -143 -640 -460 876 -671 535 -737 -121 -201 278 930 220 -138 190 296 991 -457 -511 -903 -410 89 -898 491 -270 -154 1612 -360 -257 189 573 -472 -196 -602 -119 -332 -330 507 -364 1644 1024 613 621 328 -262 -607 -410 326 28 453 963 629 103 147 -1507 -462 -397 -206 231 305 475 -669 -639 -985 -541 ]
[158 -29 -244 451 518 836 -498 410 -855 875 -819 1161 -137 94 -295 138 407 753 -1132 781 -131 -380 -769 -17 -398 -1260 -968 210 -105 -389 -405 -1313 -348 355 820 218 780 1280 -95 -838 -294 336 -522 -637 -118 -311 466 827 -1037 -363 135 1591 306 -158 -148 256 393 -752 301 -185 3 -537 2 294 -70 -108 -381 -481 -89 5 1335 528 -160 -467 204 128 -292 398 396 -235 1122 -809 -644 -714 54 565 -286 1118 -683 198 -471 930 104 -73 -549 681 -31 -829 -558 -70 -940 1632 -296 -709 201 -1270 -593 -813 674 100 -657 -1017 242 681 693 120 -102 -79 2 403 -309 860 803 -353 1028 ]
[-397 384 -658 825 1127 -497 89 -199 -386 130 -295 599 561 -654 456 -1 -673 321 -302 -47 534 -598 348 -389 141 -154 -45 -463 -217 -703 135 -269 -460 -618 685 570 767 -800 -138 -706 -461 -329 -119 -222 450 758 -780 302 416 21 -847 -379 -944 152 -502 260 -88 181 118 704 659 -40 -366 1050 1155 -490 -335 -9 -305 -333 -60 -420 -923 -446 -1151 -645 1265 -889 46 28 735 -72 -383 157 547 751 -561 69 199 356 541 297 670 415 -708 -31 -719 -279 1043 -430 38 535 -593 444 278 504 458 -638 259 612 1613 65 568 -520 397 508 -754 103 134 -165 -633 115 -361 -223 313 ]
[-194 782 -370 -760 971 -253 -393 991 -117 114 -154 -200 14 -647 447 2 -148 969 -580 75 27 748 897 -982 -115 706 -451 336 851 -135 -331 -42 127 -78 -780 18 535 638 -362 -1057 95 -593 -99 438 503 351 -33 -966 421 307 -721 -17 927 768 -261 216 9 -316 -86 280 857 1168 -331 1632 -535 44 275 -25 -770 -556 -232 772 -719 -467 -569 -357 -300 -172 -791 -1926 -681 -491 904 -742 -38 749 685 -1038 526 333 -792 227 1047 371 -1376 55 279 222 -141 -1044 73 -3 953 -869 -167 953 -130 1002 -39 301 -132 770 146 358 -84 655 -280 -938 -153 -167 422 68 368 535 -1085 ]
[-676 -199 211 91 -517 -159 354 593 453 726 35 590 328 237 -699 536 -278 -562 -25 18 623 -386 584 1122 -847 818 148 -583 149 -370 -42 166 -609 792 45 54 390 -495 141 -299 -148 -415 574 726 428 -472 -334 -466 -300 192 446 -180 -236 -726 864 -95 71 447 -1054 -736 153 343 49 162 112 -83 -584 54 729 -576 283 -1948 218 -1114 1268 2 104 1466 -1143 97 -357 -238 -335 121 1041 -166 814 296 313 734 199 1066 -561 185 320 -153 782 -58 -562 -304 -795 -245 340 595 919 -475 -535 -213 119 -468 -895 -721 332 -330 196 -407 412 213 1421 -444 12 648 -171 284 -219 ]
[188 -617 -76 826 22 125 216 818 723 287 118 644 17 959 -1175 -555 280 -93 -728 520 -386 -577 525 -191 -233 -555 603 -1052 334 -190 197 504 -287 169 44 333 -707 -249 682 -53 173 424 -310 572 -753 -156 -337 -296 -394 -1305 -366 -510 -430 484 -677 -342 1121 972 -1282 -391 -353 187 4 158 289 21 199 -276 136 -610 -323 550 163 394 -601 559 275 -56 -214 596 235 11 -223 1 483 42 916 -712 719 -1234 1096 -662 -312 467 258 -268 -258 -918 236 -240 -389 -335 -457 -586 -31 611 939 502 223 -502 885 905 605 -35 54 119 604 309 -5 205 -304 -68 -260 -808 -513 ]
[-244 1064 -393 -605 -822 227 -558 -471 -520 -1197 -397 -730 321 482 -185 -141 108 1198 455 349 -1343 338 -578 333 386 1009 202 -469 823 1009 1192 313 172 -697 -944 1047 330 392 486 98 -798 121 -427 92 -48 -82 201 -261 142 -387 -1642 -428 56 591 -139 -377 -782 -344 283 -526 -57 -31 -413 247 -823 56 224 217 -1049 -734 -451 -658 -346 -1019 304 -36 -573 321 -108 682 -292 -691 686 39 -155 68 -736 -463 -449 17 -97 146 -219 683 390 532 428 96 -96 -48 1018 429 -978 -1373 1 294 -464 -337 326 -140 -64 -158 606 -232 -268 708 -812 -1161 9 -243 -1 178 -190 509 345 ]
[454 -298 829 -998 -554 -498 -153 -318 -567 714 -319 -166 931 -180 500 561 282 559 -459 374 281 -305 -1499 1382 -645 -2375 -84 -250 -457 -117 -262 690 -589 -682 649 -27 241 -203 -165 804 -85 -335 -541 -219 -71 416 -748 -160 -564 -238 351 1108 -106 -341 16 277 -485 -136 165 -88 -651 1167 -468 -899 -133 -776 -960 -419 -178 186 634 -1078 769 -455 -55 -189 0 516 -264 173 -17 -110 -461 30 -61 651 119 852 -239 -208 782 1259 -497 -587 387 973 -441 -61 -433 -193 -1184 853 366 343 546 -929 666 -360 -105 623 556 -1419 1061 137 439 -1268 -562 -352 366 -353 234 743 -521 162 300 ]
[-736 -44 -553 -912 -15 -8 555 -163 -282 609 209 928 -45 -582 -610 -585 47 489 -318 63 105 -1156 -1203 16 -1040 -1139 135 -1154 382 -709 -322 -288 -802 930 982 63 997 430 224 443 -735 906 -924 -185 -32 1207 -149 -768 296 -718 786 451 1325 317 418 953 -485 186 796 1123 -799 902 -788 -935 -155 -318 71 -153 -686 263 -403 -1608 -103 -393 817 -365 -561 -535 -115 -700 -207 992 -65 81 465 824 -105 1265 52 -256 -343 290 290 -37 -1838 -3 -33 -240 529 740 395 686 293 225 -288 -162 228 33 -28 1274 916 -74 -89 587 -140 -1001 67 -577 131 -18 67 371 625 948 417 ]
[-354 123 -391 -285 -463 -584 -495 339 -1019 563 -655 -395 -107 391 -253 955 377 1949 -253 657 -213 -17 -1252 129 5 -36 13 479 244 -170 -167 -193 -87 1503 -231 -106 -419 118 326 -848 -482 -363 -182 -368 -463 179 410 842 558 68 -440 1179 844 800 44 -313 319 -32 -502 -361 -54 -203 -334 252 90 21 -35 -546 -552 307 274 648 -63 -47 115 -211 -84 384 172 -62 170 -173 -532 -78 -1575 341 154 36 106 474 -340 -71 51 -125 1356 -49 215 376 -705 -428 443 2151 -150 -74 -206 554 -798 535 259 -719 -255 -931 217 -878 -113 -121 -929 -795 -416 -307 400 369 -392 29 873 ]
[-432 569 -51 282 -19 -1001 -758 156 -212 -55 -787 -1130 631 589 1458 165 261 1072 560 -84 654 -407 243 197 753 -952 -391 -614 55 -121 447 -682 -221 -418 86 556 -272 -457 -29 -240 -270 -97 -353 96 1165 -17 787 -171 401 206 -343 385 -735 -143 -1423 48 -673 -51 498 -210 -529 -92 121 247 570 494 162 -325 -520 -290 1434 -193 180 -215 -1394 493 241 -79 549 303 553 102 176 -202 -279 673 399 160 474 -319 -147 -597 -763 264 1431 -102 -638 -436 -709 -476 120 188 -629 -288 -550 -141 466 -353 387 -710 -103 -657 407 -484 28 -434 -251 -162 -157 -468 -468 569 -664 -564 53 ]
[807 1604 -339 -486 -631 1348 29 312 -388 -540 134 398 -893 182 -774 -296 592 -175 -93 -57 -774 1025 -198 197 388 -332 -463 -328 -1001 1510 -356 214 -8 -318 42 723 43 307 -33 -144 852 -836 254 -750 -248 -380 484 885 101 144 -3 566 332 410 792 -271 686 -496 692 -58 678 344 -528 -348 -913 -740 -513 422 -334 479 -375 408 44 643 1118 239 -439 -493 280 872 188 599 866 -905 939 -15 -1721 -15 463 47 367 484 1124 583 -748 500 1243 -945 1329 -96 345 -197 -550 -1380 378 -415 1193 -335 -465 -702 336 -60 -533 35 647 243 -537 -305 78 722 -526 -335 342 261 100 ]
[170 -992 -107 -150 -675 724 577 -1460 -711 507 985 1425 -220 -1048 -207 22 1006 -495 39 -441 -651 474 -934 340 -584 -284 -186 989 -752 847 341 -327 166 131 -97 -787 -666 272 -375 762 28 537 498 -8 -880 -233 183 919 707 1334 236 421 1110 849 616 295 3 -249 699 -30 -630 -401 -494 -476 795 -470 591 -349 -436 1165 -227 1105 -106 792 944 -588 937 -36 586 -674 371 -556 -229 -142 498 34 -423 401 116 1057 839 12 659 -391 -292 -840 980 833 -319 980 767 196 572 716 573 392 -635 -168 -806 674 375 -167 -403 406 -587 -364 -886 -502 371 92 -189 -445 -297 873 89 ]
[274 917 -53 566 156 61 -427 603 271 43 857 -87 -700 589 -11 467 162 -564 594 -490 -93 -15 -752 304 -494 -761 612 -588 -331 -217 -492 476 -524 -639 443 -722 194 -594 300 -282 -1415 -634 102 685 77 -39 691 -319 -57 -689 -148 -8 -656 -723 -534 -184 -203 358 297 -199 629 371 -1040 -457 816 -119 871 -956 59 184 230 645 889 200 231 321 130 -54 376 184 -185 826 -934 81 -134 258 527 -538 307 181 367 233 499 313 738 182 -583 182 -244 385 -11 -68 262 -101 -303 -827 792 -177 180 371 397 -305 103 -105 -900 -11 -775 459 90 244 114 -299 -1293 -93 97 ]
[186 963 39 255 97 -36 -941 194 -735 52 501 239 -98 -524 -718 -463 -539 537 -854 549 159 -357 -289 269 -1114 -879 -993 -795 45 -577 448 34 -992 685 -770 -366 156 509 385 744 -41 -264 -819 -268 89 324 -242 814 895 -119 -277 -270 -598 651 -1580 221 51 -199 181 722 190 -166 -779 -27 15 -159 491 -682 -670 298 141 -485 -165 -635 -362 -785 -502 344 -892 43 -625 -42 -220 735 -175 605 -435 307 -998 36 -197 -82 766 -163 -1480 441 -475 141 1094 244 541 811 -155 551 117 660 -98 -197 234 1010 1321 289 434 -35 -376 -580 -261 -1403 -907 622 375 101 -77 -375 994 ]
[119 -905 -556 -146 -262 924 150 -59 387 304 436 119 -859 -733 -218 -227 742 -1406 434 28 226 451 23 -1113 1319 418 316 -154 240 792 367 593 -216 177 -122 1092 147 683 507 -184 570 -600 385 -413 -706 566 -682 409 484 643 227 -526 -435 -52 420 -41 366 190 537 -817 -566 118 134 -666 368 -739 759 -168 1179 34 -747 799 285 1789 -89 375 74 -737 757 -600 -19 209 1036 -321 -160 -1517 -114 545 -144 -644 321 -1003 -69 739 682 -650 157 53 -189 -295 579 498 761 -129 -281 -1232 54 -452 -1085 215 579 419 -561 784 666 -56 83 544 -135 -92 -829 -395 -235 320 -450 ]
[575 -137 72 684 555 -413 -666 424 -402 267 -914 146 -121 -148 209 -185 1281 51 382 1266 651 576 437 -389 564 886 -109 1214 -18 -585 -506 -643 -404 196 450 -51 -772 -40 221 -322 303 -660 614 -683 -404 749 0 827 -951 -128 134 79 131 218 840 -351 1066 94 -34 -353 334 -319 1108 217 -57 94 -550 411 56 -803 -952 36 472 570 -406 -118 1173 -713 2 -255 387 57 153 400 328 -786 -379 216 -289 -174 -396 228 280 339 422 -379 -647 181 -817 -449 951 -403 28 -339 -551 136 -402 291 -126 -1309 -424 -105 -230 -914 391 368 176 -674 -1065 -980 -935 210 649 -416 -19 ]
[1171 -396 -543 -315 -364 -576 -149 -932 481 424 88 -97 -309 -358 555 -719 -1326 -24 872 -847 240 35 389 -29 598 418 178 473 182 524 -555 784 -335 63 36 -1057 -1153 -722 498 87 -190 302 451 286 907 582 -1830 -756 909 -13 330 -820 -118 -613 109 469 -976 319 64 37 -653 -271 1033 -572 837 -849 -592 774 -589 521 266 -24 -515 -78 -188 -484 -234 -923 526 -444 9 578 -401 282 730 -266 289 -349 -1268 187 451 -1470 -819 -196 -665 289 -238 46 772 300 -813 245 990 599 60 -359 -1136 -1497 83 142 920 44 -312 61 644 -687 285 445 628 -166 -236 -43 -287 -45 -2004 ]
[425 364 -343 16 -9 -220 403 70 -471 -419 787 -343 -664 200 -648 -323 658 -860 -935 -467 -157 177 242 -478 -206 1274 -67 -357 -432 76 197 -707 -364 1137 492 -658 179 1124 -16 64 -117 505 -179 -396 625 772 242 -93 -99 -501 47 265 638 -442 1471 -435 112 687 66 -105 933 -1125 -292 -316 -117 76 -442 -147 113 162 -298 779 154 102 645 -520 -629 -1003 202 -52 678 299 63 -639 -214 89 -893 981 -692 212 -6 -685 -42 827 -606 223 64 470 827 -251 621 -173 183 -215 549 -85 1131 -1042 -178 -547 152 336 -121 530 133 595 -95 128 159 998 -357 -892 420 -727 727 ]
[-102 -248 -18 171 338 89 -33 -13 -470 -21 296 78 40 -600 -736 -480 -493 -180 -178 -974 1629 -545 768 -199 1053 -23 -7 158 705 163 554 -1258 -518 -100 -400 -568 -24 89 -24 736 223 -667 371 655 4 -1219 -864 -185 57 -99 -892 257 -1211 79 -363 507 -952 1118 685 -223 -656 46 297 -194 653 306 748 17 -17 158 210 -365 324 -266 369 -330 868 -248 -51 -528 -381 -41 -458 840 1248 -442 41 98 -916 418 -302 -11 -301 97 342 -1217 -744 549 652 1114 398 -423 -261 514 606 -611 -130 -327 -824 909 659 1019 -694 663 -195 -1066 -544 569 -556 -817 -79 -123 540 -437 80 ]
[137 59 279 -562 -137 -596 157 32 -1111 -751 386 -760 503 -252 1035 1312 1258 273 -407 959 862 -10 -593 25 512 -834 -78 -1236 -394 81 438 595 30 500 151 446 -534 112 10 319 -418 420 -375 -847 417 13 937 128 -246 565 612 213 -181 -31 -450 -774 -795 -757 524 155 1180 166 785 -1043 -852 -39 110 -398 -541 369 49 -956 643 116 -539 -44 -226 1031 891 475 121 -915 -235 118 -1015 -387 356 649 -700 495 -964 268 223 762 446 455 -67 -279 -717 -510 483 -123 -26 31 -1004 -331 -104 60 198 197 -849 -988 -356 -95 -562 755 -210 100 -884 47 595 -17 -701 1031 1113 ]
[-522 930 -791 181 150 -775 197 -683 34 -889 -341 -465 860 664 332 -65 -593 522 -1346 -612 -497 -457 226 304 -550 1643 -235 826 -67 790 1056 -244 -159 -434 -930 -875 -35 1147 -263 213 524 -355 -79 932 300 118 -1501 412 -43 -420 -876 -285 -560 -96 -263 -93 -575 215 -707 -423 104 -12 441 279 76 336 -657 -302 -935 -64 -354 1316 -1090 -1178 -114 -702 -348 16 425 376 -20 -1411 -634 -378 70 585 -212 1116 -311 -389 210 -522 -985 -988 -107 -298 576 500 -17 -285 -928 324 -393 156 -10 1159 318 -600 -323 -1193 -567 1340 475 462 127 189 180 -212 480 67 -499 -873 397 -850 2 ]
[804 -35 223 -443 -976 1143 -628 212 675 -153 118 -12 -1896 -1005 53 -913 665 -968 993 233 -758 1194 -237 -167 840 -77 562 -11 -793 594 982 -251 332 -412 118 -177 -530 1261 688 612 425 620 -303 659 -844 429 723 -500 263 23 -191 -95 -154 52 149 -214 609 -654 307 -93 323 -308 658 216 38 -212 320 -128 169 360 -1238 897 623 498 77 218 -318 -978 45 -1130 -783 669 511 260 -477 132 535 -386 -570 -480 219 -948 168 -243 -1153 636 -1339 150 1075 392 653 -738 256 283 -230 238 -1172 283 -472 -653 211 1503 -1075 885 1 -522 377 -241 -1643 735 -654 -851 -713 1192 -29 ]
[130 -827 -776 -973 317 656 -290 -821 -322 -380 -244 196 6 -161 -295 -167 -335 366 878 -182 -333 150 210 -575 532 -309 382 -691 -462 227 -623 61 512 274 -81 2 823 -571 142 238 -206 -112 -72 -385 -291 943 657 331 -109 53 -700 -393 656 714 -608 116 -419 -142 286 -258 51 -244 -218 82 1185 -502 171 215 124 435 -556 -269 -445 -86 -60 -251 64 246 331 337 53 541 983 -225 564 -750 -43 -1219 -437 -323 -754 206 -56 109 525 221 -809 328 391 309 -111 596 993 63 18 -17 -267 -289 16 991 911 -520 782 -1161 334 -271 -135 983 -1074 -423 145 229 -154 603 -858 ]
[122 215 111 98 -748 238 -123 823 1037 -276 -38 -58 277 85 -220 -480 333 -100 151 -318 546 144 -49 276 198 -752 599 -952 -31 -389 679 1225 -1552 100 -598 635 510 -350 1017 41 107 -230 -985 1334 104 711 -526 -316 -9 -530 15 -147 -1711 -832 -977 247 225 595 -219 -865 -254 -530 -272 399 388 -78 157 480 16 -582 99 -289 -155 6 -360 -469 -571 -475 -1144 -429 -804 156 78 12 -585 544 38 46 250 34 888 -408 -974 -136 121 -304 1061 -393 1173 -568 -758 573 -97 800 589 -261 -164 -813 276 122 -458 -49 857 591 618 -369 63 -347 1331 640 -74 -229 94 24 590 ]
[777 928 -91 565 -99 787 -376 -662 113 488 -208 1207 55 -27 384 137 507 29 -471 -180 -1782 685 -228 87 -1778 -215 -304 838 -320 859 513 540 182 -1016 -465 -304 -61 225 -716 -218 537 156 -280 5 -388 -501 -524 986 -154 -958 -356 -914 -197 -68 -963 361 189 -814 -103 0 -313 544 -323 1624 392 -512 -509 617 -419 -160 11 867 -1191 -765 -617 -128 643 426 -563 -113 -753 -477 -423 225 -103 -431 -415 -137 -149 899 454 170 312 -666 -904 -200 572 -514 146 -441 -128 -406 -956 838 -675 610 9 -496 907 1293 -290 -124 58 -575 956 93 -93 -660 392 678 -771 -244 76 216 -647 ]
[-108 413 63 -769 -17 -874 -236 556 -240 -442 -236 340 36 868 239 664 -1307 480 390 321 168 346 -583 357 -658 611 -42 12 -131 -735 -718 98 -288 1330 -85 730 1060 -936 -570 -391 -693 -966 319 -312 -23 -6 -325 -677 26 -78 -633 535 -50 177 226 -383 -336 526 467 -464 80 362 -338 -995 356 -612 -825 519 -638 -218 -689 -1124 -187 -1332 552 31 118 -112 -443 77 -18 7 120 -96 16 -522 -402 -220 139 -49 82 1603 -705 444 845 299 -1098 -352 -712 589 -502 204 -127 -530 -391 86 -562 -91 564 22 -280 -759 1156 -290 -695 -65 -713 -160 -281 -1655 -106 903 486 -200 -463 ]
[370 -942 -12 812 -18 1237 -118 67 -209 -467 1001 278 258 146 -1090 -960 696 -51 364 -315 -898 135 374 33 20 -809 65 -249 3 -400 -209 1365 249 -659 -1007 450 -775 514 -349 -62 1082 353 112 -94 -1566 278 269 552 602 1284 -1005 220 796 1282 -222 -64 942 -605 526 398 -279 222 -188 -631 68 529 344 -498 -634 978 -262 890 651 1848 -654 127 -217 534 730 1133 85 251 221 -463 194 -336 703 -1231 1072 -1177 -14 -1029 711 -184 1204 -14 358 -43 -266 925 -624 -554 160 -624 515 356 -374 -96 113 -327 535 1111 -280 411 3 -214 -211 154 -985 -523 358 -277 373 254 -225 ]
[-316 -629 159 -282 987 192 15 841 -189 856 -333 -20 310 -162 254 -798 416 -67 1421 958 319 -629 337 452 645 -361 -554 289 486 -974 -984 1325 -202 338 919 1186 168 -487 -559 -1378 -161 -364 287 -756 178 139 -143 -480 -619 94 102 119 174 -365 918 187 883 -491 -151 313 517 424 670 537 -383 327 -736 295 815 -152 -937 -738 165 485 148 189 551 742 562 -48 100 771 678 -130 936 463 345 -254 384 -1011 -134 547 270 301 540 700 -156 -624 -847 -2 -326 -222 76 -395 72 -51 -242 191 129 -333 -367 -397 -68 -149 815 898 436 463 727 -1255 -632 1357 134 356 -225 ]
[41 240 302 -541 -233 390 1073 -269 1262 -420 641 801 -798 -452 794 -1196 367 -581 799 -1043 -259 75 -567 116 272 617 916 163 -424 -127 -1328 884 166 -242 493 275 -179 807 593 -146 493 -425 711 -915 -16 -214 -417 430 -187 423 641 554 441 -81 1466 0 -144 191 -136 837 -681 970 123 -651 -11 -740 -845 -340 964 86 49 267 661 1257 780 266 592 194 140 333 10 251 441 55 615 -265 -81 341 74 252 -232 186 380 -892 1343 117 387 738 184 529 606 -498 855 97 976 -669 422 -239 -521 -1251 583 60 -607 -207 -175 -168 36 446 489 179 -36 -732 -658 402 -434 ]
[-332 -208 1462 416 -284 -247 132 -493 318 -392 68 -378 -117 44 253 -152 195 -293 507 619 638 -401 -747 -639 -330 -841 -378 -832 -325 -1229 236 -168 -321 -603 -55 156 -411 -893 1133 85 -411 67 393 -183 225 -118 -647 335 18 1124 1354 -687 -350 971 -160 -222 -550 386 -1057 223 -21 -264 116 -757 767 -574 666 -1234 -567 46 136 768 163 180 -21 -16 731 -186 71 5 542 879 348 237 456 326 796 -387 -74 -564 821 496 192 -381 639 348 -1361 1034 -580 201 365 -392 423 109 700 -564 -251 65 32 109 1141 -628 621 -539 -1602 -767 463 172 347 -367 -104 167 -1073 -678 100 ]
[-526 -624 116 94 101 -142 564 1076 374 -294 358 135 75 370 397 -57 454 -172 804 313 -64 -11 212 -283 681 -495 531 337 490 392 645 339 -136 88 754 1269 -676 -835 -397 847 -393 215 -118 257 -62 -580 48 -535 -93 71 555 879 -470 -889 -479 16 -77 -95 -4 205 -440 -374 2056 -908 -840 -178 388 -191 -102 219 -645 -75 207 265 336 446 1019 -206 623 380 -517 78 18 489 -450 866 -150 -410 1042 -629 45 52 -221 293 -118 -857 723 -282 -347 -79 -168 -731 -728 -52 -711 907 729 567 -478 -857 -1043 83 -578 918 169 692 943 -18 942 277 -1304 353 70 350 -43 ]
[117 619 303 433 -661 -214 25 74 -342 -248 358 297 -367 -134 -343 -565 330 124 558 184 46 -206 -375 -315 -517 18 920 -268 479 -599 -68 -375 -741 -159 1278 244 165 98 840 133 -1482 492 -656 585 34 1134 256 -557 687 -927 684 -195 -182 545 205 99 48 -146 -186 364 -794 515 789 -1144 -578 -201 -100 -452 -326 -761 208 64 371 -344 331 647 700 -907 224 121 -465 941 -820 65 -1090 676 -207 123 -98 -549 811 -423 -217 39 -873 -52 -272 1009 226 149 349 303 695 734 111 -112 516 -56 792 -728 496 543 31 731 -256 -305 132 -944 494 921 298 -56 -225 -27 752 ]
[-767 985 -585 -224 870 -862 -775 -102 72 1180 -709 682 -601 -766 189 86 -723 621 -202 60 522 -610 -7 -834 -164 994 266 -269 316 -305 -1831 -171 -544 158 208 -1596 759 -401 538 -216 -522 -408 -289 -354 1087 966 -811 292 213 -849 845 -297 367 -309 463 622 316 -170 -553 269 35 833 -219 226 491 -13 500 304 30 -524 147 -1090 -640 -752 -380 -933 43 -307 -993 -485 -97 688 168 621 749 279 -192 1516 -250 765 -35 -8 658 -835 -269 -382 570 649 782 -853 285 519 823 381 -90 -509 -580 -181 -116 22 1326 -345 137 -1173 409 -496 75 -512 681 -49 198 342 -299 -22 193 ]
[-124 -178 290 54 160 -64 373 -9 957 904 1594 634 -906 -1636 315 -1261 -705 -746 436 -793 -69 -91 109 264 -11 -1036 -523 343 -245 109 -751 134 427 733 1084 -1017 -575 779 -202 77 66 -57 -3 -411 -160 85 693 663 1214 277 431 -189 929 172 -243 1226 737 -124 629 748 -706 331 -596 149 531 -498 -488 -729 1232 703 60 1444 -455 336 -735 132 -105 28 246 11 -707 1518 200 203 -912 -601 -125 -374 49 -1020 -728 119 1483 -1005 -809 360 -1210 -559 830 761 435 1249 1035 1101 -89 195 538 -536 82 235 361 851 -677 572 61 -344 -499 109 523 969 -521 -1072 516 888 -1033 ]
[346 -956 581 -53 672 359 -980 380 99 -611 2266 639 -119 -1124 -493 -1097 188 -1024 1123 -534 372 -204 527 132 -61 -1019 -381 22 245 -1102 -922 -70 -707 992 -155 -346 588 -291 -672 1200 -439 -574 635 -608 -130 -179 -124 -44 237 899 -928 100 78 -66 -605 405 -427 -193 717 376 249 -358 -1248 44 553 466 1678 -232 512 201 -1278 267 -71 -16 467 -394 -191 1301 -210 -789 -399 2 -194 167 725 315 -56 -594 -853 649 -5 1076 736 21 -508 0 328 352 803 941 238 -1004 128 97 399 -429 555 -264 -775 1768 545 -22 -417 379 -316 -802 142 221 -387 -473 56 1253 1081 640 -138 ]
[20 455 645 128 -496 174 -780 79 -823 983 384 -909 17 -391 -1324 549 -161 286 -1726 370 224 149 -115 -180 -332 -488 -386 292 -464 584 -666 -838 29 414 -869 -1012 -576 960 258 427 32 71 508 -381 -611 -469 240 1059 -180 5 366 -1043 323 83 136 -295 335 -327 -884 -859 699 -169 -843 964 15 983 1025 -74 -98 239 372 42 182 820 -4 -321 -1043 -227 50 -532 -111 51 -45 -79 157 -408 496 50 -391 279 332 -109 136 -110 196 -324 532 605 41 -1060 -149 19 813 85 757 -246 -1398 -275 -351 -229 17 -425 -165 -205 51 -405 831 301 -92 181 834 564 111 -611 150 ]
[645 221 355 207 -453 57 615 661 -127 -392 738 -310 1139 -465 743 -652 225 427 653 -1032 -933 77 -85 951 -48 -847 277 257 119 149 160 1157 636 17 -1140 1097 -571 44 -785 -697 248 58 340 -728 378 -895 -45 87 1072 634 -1301 888 286 1530 -959 -36 -788 -1311 699 -93 198 176 -150 -142 466 656 -783 -66 -297 220 739 299 146 -205 -283 853 196 554 668 1037 182 -499 -210 -309 -1604 382 722 -1227 874 -400 -213 385 433 352 1040 -220 635 -815 91 797 -400 -111 103 -43 1069 297 535 192 767 304 -468 833 213 624 -266 887 -1759 -719 645 26 275 -16 1126 -267 -780 ]
[-132 364 -739 -428 39 457 -26 1278 -814 -283 236 256 -123 1001 206 1632 -122 88 -641 -186 453 467 112 -53 -1394 -104 264 -332 218 338 -284 890 -844 157 52 1076 195 -789 -810 -818 -976 -907 383 342 169 -27 -116 -922 -53 -428 -910 695 -434 -754 -58 -312 -850 -196 485 162 872 -386 662 905 522 -315 362 17 -79 -27 -46 -809 -31 -1072 1702 -266 1121 102 -718 13 -876 -662 -492 -121 161 30 621 -534 655 1506 -51 626 -129 232 -448 -1015 1171 -37 -329 -1051 -65 -578 390 548 27 548 -256 352 449 772 -383 -542 -424 -164 106 543 -282 305 -96 -257 -34 483 -322 502 -565 ]
[-61 -231 -1120 157 879 -91 893 372 533 1035 -1079 -49 82 -1229 -265 942 -149 -2 -850 979 424 -264 -113 -696 -367 433 -198 -259 203 -151 200 1046 -310 467 -51 -6 456 -573 995 -751 -492 -56 -25 201 577 -83 -111 109 -701 -595 779 -153 -191 -387 527 -717 85 416 -1471 254 1040 -551 1231 843 -950 -409 -102 74 117 -665 -16 92 -255 218 228 -270 -81 -334 118 -104 -835 -797 283 936 -508 -940 422 181 16 869 -204 -172 111 99 358 -531 336 -309 185 -998 1367 817 300 317 -128 158 -160 466 42 107 5 -426 -554 -409 710 698 944 113 1524 594 -195 -384 -581 -635 -170 ]
[1489 282 504 59 -432 -65 364 36 -1030 -1153 -924 -577 642 -269 -66 1397 -99 342 490 582 -233 460 512 -167 -527 -482 19 -86 109 641 654 -739 904 -608 -855 1043 -208 -71 -660 -241 667 192 268 -1046 735 -402 1 322 326 -342 -140 -9 -320 697 151 -717 -1227 -1153 963 -845 -165 -195 857 -367 -669 345 -897 -71 -898 336 763 -346 469 -795 56 470 76 -131 930 336 1024 -1220 451 -13 -594 -1178 300 -31 -851 205 39 -361 -319 666 379 -114 -488 352 -298 -366 -24 -963 259 -605 357 -248 236 342 894 17 409 -387 694 -584 553 -34 494 -662 -612 -602 385 104 -308 251 193 ]
[190 76 365 567 237 182 335 284 -467 -236 -667 -293 682 -367 73 -835 845 202 321 682 -381 328 181 -22 -246 -230 -890 915 -558 -426 452 -216 -430 -63 723 121 260 252 982 -133 804 165 -101 -334 219 -49 404 1047 -1069 -543 1134 -833 186 -323 -49 143 -78 -173 269 -286 586 35 444 -176 -999 -89 -630 -890 135 -170 -159 915 -18 604 -1123 849 -188 -675 461 -203 185 -486 539 -764 -1117 -478 -693 -33 -19 29 -559 73 252 -105 -354 252 66 -65 -5 436 1598 211 -836 709 -742 -290 -48 -577 227 -353 238 -296 1105 -168 297 1116 137 -945 871 685 -999 169 928 -62 1341 ]
[-1241 -1218 -1028 -232 1095 363 -500 140 351 160 744 -882 93 -187 -215 84 57 -268 -1369 -725 -291 232 -473 -538 226 -84 210 268 -222 -932 635 68 923 -1102 -625 -428 720 252 220 1282 -507 475 290 1441 -760 -409 -671 -1349 -222 815 -1617 1224 444 -537 -567 -152 -283 466 -191 860 944 -543 313 444 144 -574 717 27 214 25 -165 148 147 269 -711 -713 -332 -209 340 -249 -1161 -460 -552 661 -547 73 1214 -551 254 383 -254 335 -1353 -229 126 -124 -713 -515 132 306 -1451 692 -886 -36 -1094 -224 -521 -462 -354 1136 -781 -72 -1025 867 -38 -803 -33 166 -857 120 -623 -53 570 -349 -132 ]
[-105 226 178 -319 -387 390 -822 542 -212 -1206 1636 -734 -460 284 -260 143 -383 -151 6 -912 -244 663 553 294 120 -101 731 666 701 512 -883 -949 199 348 -412 19 -273 274 -473 1187 -9 -409 510 -928 525 67 -860 967 -339 -120 -947 -618 112 -29 328 294 378 -687 722 -26 -372 -56 -246 311 -303 -729 1199 217 878 804 -1400 -186 -158 53 -449 -279 -373 231 588 -465 -1454 -527 115 -66 -158 -236 175 -249 -670 -6 -520 -470 98 445 78 543 852 188 751 1134 102 199 163 119 -80 -569 328 67 -226 988 800 834 -904 -31 386 49 -33 -97 -191 453 801 546 494 921 838 ]
[-816 484 -208 358 373 -433 -198 965 -164 343 320 748 -83 -456 307 -96 -578 148 585 264 163 -659 591 89 -472 469 -190 158 782 -554 -502 -730 339 105 1109 285 887 612 -445 -592 -513 418 -53 482 511 -230 644 16 419 -311 -341 685 238 494 -444 455 1145 -1098 392 727 517 -342 -53 494 -9 1046 -380 -752 315 176 1312 -5 -164 -179 70 795 54 981 119 556 400 123 -197 -489 -119 824 180 -6 772 80 -706 -47 744 -464 -200 372 186 -140 -533 -473 -502 617 715 583 279 245 209 -398 40 -679 -367 141 -356 687 -165 41 -329 -579 175 369 -669 758 584 222 938 ]
[-295 390 -965 3 432 140 383 77 -43 -176 572 8 634 787 -1188 415 227 -118 -618 234 -492 273 118 -364 -1191 441 495 -396 -215 -515 617 300 -474 -233 -569 -269 1141 -712 -383 788 -428 -624 -337 973 133 -718 123 -320 0 -283 -1363 31 -30 -969 894 10 -75 571 476 166 430 -493 -718 -234 -193 -868 -83 -242 -877 200 -327 58 428 -1238 -441 -1209 -525 21 49 439 -46 -382 1107 -267 -536 358 -647 -4 813 182 322 -140 -238 74 -672 -264 -191 305 643 411 -351 929 52 -37 -538 472 926 173 446 938 982 -341 712 185 -19 -33 -85 -168 83 -140 31 -546 -676 -117 -344 ]
[29 -484 -44 487 11 -395 -270 738 687 91 -21 238 -1162 -642 -111 -280 -581 -217 -748 -990 114 -475 323 131 104 -452 90 464 -88 -104 -814 -155 281 1135 -86 -1200 -128 454 -301 521 29 410 6 -1082 547 818 998 140 -105 -177 -593 462 1833 83 357 -426 876 625 -463 673 633 -391 22 887 -323 581 -108 -593 915 79 -881 423 347 -129 162 -669 -901 121 -284 -160 -941 244 -526 520 15 -174 48 33 -455 183 -953 -138 1138 -812 959 796 -599 1 76 779 1162 323 51 -508 -430 731 612 -320 27 158 -395 705 -1079 -309 299 207 -202 -348 406 784 -154 -894 411 123 526 ]
[100 453 427 361 -458 457 -792 -12 115 -33 -275 -64 -604 -274 725 -1005 -131 -453 1695 -38 -516 558 727 118 36 615 -764 33 498 -356 861 -418 434 -1502 27 1093 1135 -648 915 -634 -261 -114 -5 -33 1544 -33 -185 -157 -40 -171 -563 -1502 -580 -397 274 -138 69 -320 587 817 151 -265 136 370 -58 -590 -197 315 54 0 181 -265 349 -459 -959 410 91 -834 130 -233 -172 73 791 22 -170 -340 -715 -829 -364 -887 -329 -280 -729 538 -514 1238 -483 -513 -718 1190 430 1075 502 -567 131 -1297 70 -927 1021 733 288 -641 362 236 710 1213 -376 -320 490 382 -189 376 351 24 144 ]
[-73 -457 199 -204 -134 318 714 -198 779 746 -119 -12 -555 188 -256 -401 466 -537 -847 -988 -76 71 -727 -40 -1058 -212 -187 -473 -750 -908 -812 786 -449 69 112 -495 -88 64 420 174 488 195 104 -268 53 661 -222 -449 -823 -77 1199 -414 1408 -880 965 121 73 442 -296 270 784 -87 -350 88 -987 246 105 -40 1047 -352 -81 -366 165 -189 306 -1172 -1040 -80 -841 -60 43 651 370 -891 252 -265 -193 159 70 283 163 535 -312 -315 -1014 309 1410 -99 532 -271 362 -12 669 1057 43 -821 38 127 -321 765 -363 -573 508 356 -107 667 809 14 561 769 529 150 503 85 1029 ]
[392 691 840 -125 302 -296 -350 472 564 -602 477 -106 71 100 342 8 166 -526 986 52 501 226 -53 1199 -18 -641 193 -671 11 -1295 881 -937 -759 374 172 -71 762 -976 191 457 -895 178 460 -609 1193 148 470 -356 -153 -965 -829 -1562 -1021 241 264 -358 -185 169 296 -704 1086 312 185 347 -147 -239 -262 -182 884 -917 -797 -1263 904 -865 161 323 119 1403 473 218 -862 -41 -643 704 -68 -605 120 -74 -853 -618 455 103 243 -166 548 25 -575 420 -1510 625 408 24 482 311 -233 -688 -122 686 1261 837 100 25 -441 -287 -899 600 -410 -1201 334 104 455 331 -217 -511 1115 ]
[-1128 771 -724 81 590 860 -66 -97 -177 91 532 -1192 1 751 -239 32 30 875 -841 -109 -1 785 -791 -198 439 288 -477 105 -786 -550 -492 504 -58 693 -238 1114 1107 250 -327 -636 290 -179 534 -392 -357 -162 194 721 468 -645 -1031 603 58 113 853 -821 703 -99 288 -376 334 -473 -588 624 -252 -46 226 602 592 -201 -384 713 22 111 -417 615 -1094 -41 -453 165 213 -688 714 -574 159 -158 -798 39 815 -667 -138 146 584 920 296 -283 603 -60 -978 -76 537 976 -745 -724 -85 -70 -60 382 -260 -433 271 367 -1219 543 -44 966 -740 -461 146 471 325 -383 206 -1017 901 ]
[109 -713 -56 -172 -280 846 468 -182 211 559 -538 183 221 394 -1297 -176 93 -631 -37 -869 -613 -403 -399 503 -1023 -261 -348 931 -936 92 542 785 400 -228 -1293 -368 39 -168 662 -225 923 -148 329 1669 -532 207 640 -593 -96 -259 324 473 1027 520 -160 -81 632 613 97 -594 -700 -679 -286 -733 559 418 -496 -571 120 1027 -338 424 617 1223 754 179 -678 -321 -130 -569 523 -954 60 -333 60 -310 746 86 40 -545 24 -279 -1303 -618 526 164 742 481 -130 582 -1332 268 803 157 551 116 -331 -41 -780 -13 -973 -16 1425 -30 -126 -71 525 452 492 -368 -377 -575 -23 -520 268 ]
[-54 -213 -47 -86 -107 482 51 -78 648 -30 974 -926 995 -212 -601 -65 -102 -939 -268 -171 -843 731 -850 170 -862 -616 -113 144 -816 -665 6 741 193 -1052 -566 854 651 -359 196 21 -971 386 -15 821 -1202 -528 202 122 -581 -290 -456 -839 -787 -122 -752 61 793 -393 -18 4 818 -788 -83 370 630 422 588 -923 381 48 -689 437 -342 1099 -479 151 -578 560 869 770 -814 -894 -279 400 -711 -393 18 -913 308 -843 -65 248 -339 -123 227 -221 -798 -99 -31 -157 -726 671 107 1395 1059 -362 -847 -21 146 391 317 80 -18 205 -549 581 125 379 -274 105 181 -379 577 -405 331 ]
[241 -224 361 58 -330 -430 20 468 -503 501 127 827 491 -273 138 409 909 1261 362 1800 -1159 -878 -1448 -341 -312 -1431 256 -668 886 -269 -710 67 -1034 1379 425 -135 -811 41 187 669 -807 1597 -687 -1425 251 183 133 988 244 -566 779 356 862 595 -29 223 354 -1124 -101 618 171 -54 769 -529 -446 522 745 -532 -966 344 -288 -220 372 104 -146 288 -49 934 1138 890 644 685 -498 558 -1125 842 -78 1147 193 -431 -340 -458 1520 -612 568 -153 647 253 -1259 -840 705 625 134 -220 -346 594 -662 991 776 592 -76 -788 -167 -9 -84 860 -280 -923 108 41 -210 894 417 399 737 ]
[855 -37 511 1046 -637 -35 223 175 -614 -353 -582 -63 -220 -553 -358 -136 -76 -694 -885 185 287 169 762 -469 -208 642 -603 1206 -26 605 1003 -733 1147 -228 -1008 -777 -162 403 1231 918 254 209 317 563 331 -874 -692 602 292 -91 126 -1072 59 776 -483 -772 -103 -180 -185 1088 -146 -252 561 -123 577 99 -650 -205 345 289 267 -80 138 63 -34 -392 114 -1081 -281 -35 113 -62 69 371 -273 -432 -499 403 -1178 944 -980 -63 -351 -392 -596 304 -398 686 -154 10 695 -3 310 543 55 127 196 -378 731 1095 -813 -76 420 8 157 103 849 -450 -281 560 397 -518 598 -118 963 ]
[645 -464 -350 844 415 -84 -830 -837 -252 -1100 367 -111 1114 657 362 -1081 226 -789 532 -694 -749 655 -175 980 831 -1201 120 619 -756 63 1073 -421 59 -715 367 482 135 -1472 -285 562 -748 558 149 917 -124 791 -163 -91 239 -735 -1846 46 -949 -646 -313 -570 25 986 702 256 -715 370 313 -384 496 -614 -136 565 -214 9 -1507 553 165 -56 -528 48 -7 -1138 598 925 -73 -77 -355 663 769 1008 -812 -619 205 -537 -34 -285 -615 708 416 318 -815 -464 -42 925 -261 463 -1215 382 255 987 1420 231 743 475 -141 107 -419 484 37 -344 191 -940 43 -402 -755 -893 -327 -683 -312 ]
[505 130 79 -243 61 -88 1514 314 31 770 250 517 -153 -471 -900 -30 91 353 -602 349 -383 -294 135 684 -157 -344 -1126 -441 1117 -326 1018 24 83 415 -1285 -1040 -849 630 676 -97 -114 509 -883 -373 604 -671 -583 -270 -725 1083 824 -340 -23 109 118 -364 387 -918 423 702 -24 -788 -367 789 127 -251 89 -606 -1070 851 -434 1140 -570 -340 -172 -785 -98 383 1181 -1240 -1046 -549 -258 -146 -410 -30 408 485 -1232 285 130 779 342 -398 -453 364 287 -35 304 230 189 485 -3 -1174 984 -866 -1511 -621 499 1025 -453 952 -73 110 135 -712 212 -501 1372 138 685 540 -205 564 599 ]
[455 468 310 293 -5 -237 1385 563 244 -14 -759 514 197 -242 -390 -494 -469 -374 1162 502 -496 -580 552 230 -13 736 35 1310 299 412 139 775 -69 473 -274 84 -794 -508 99 85 214 411 978 -1118 461 -705 -162 319 -279 -407 1198 -1515 -219 536 23 230 -237 9 563 334 -393 -265 875 -741 -279 774 -969 -320 480 687 -659 -1229 -267 -207 402 723 933 -73 500 352 277 452 -60 496 -66 -603 -621 -70 -3 -111 599 -479 775 -205 -494 -736 370 0 -293 461 1624 -1407 -355 359 -616 478 -453 55 145 316 585 913 509 -437 -445 1411 253 -673 965 339 -606 279 526 151 136 ]
[-1047 920 -677 -274 897 -363 -1557 -513 431 -180 -539 433 288 232 789 778 -169 1042 -43 -198 -102 1341 -440 227 -24 1117 1221 59 -94 -511 109 -321 1181 -269 -222 -353 1680 -823 -457 281 -981 -423 273 770 267 -246 916 61 304 -508 -1681 114 -99 -9 -1013 -238 -292 -355 16 -257 195 529 -800 388 1182 -56 -325 362 -233 -157 926 -1202 -246 -903 -994 -890 -340 493 -974 509 -184 -239 147 822 -696 555 -121 346 594 804 -546 -84 -163 -479 621 -533 180 35 -753 -387 -712 1403 492 108 -1231 -66 -1138 469 779 235 -1231 -941 -354 -375 -582 -131 -390 -1136 -568 -705 -68 -596 -36 233 -916 ]
[594 -702 840 -1085 202 -958 1048 976 -699 258 800 193 -174 302 412 -38 -80 -604 -462 -211 54 -712 -183 161 -1141 -1327 -266 -1027 838 -335 262 -900 -10 1063 198 -324 -1172 760 -498 862 -742 355 -54 -483 829 391 564 -891 1195 14 347 1128 619 -303 37 -44 -1392 -23 431 436 -439 84 450 -961 -114 -495 -859 -1025 -362 294 181 -288 603 -629 1213 -526 625 820 1433 -306 -122 -266 -287 -215 -47 370 1848 903 -762 0 -723 486 237 -236 -428 132 -470 -3 -78 -170 -742 -1376 796 33 293 508 1274 244 -347 1087 -655 186 199 58 -395 -1074 849 27 525 -594 12 446 -284 -766 -800 ]
[-33 949 240 -300 -161 -80 1157 -198 625 -203 224 838 718 427 804 163 -394 -368 510 -929 -529 -99 114 653 -934 331 621 -509 -818 -507 -4 -118 -102 321 693 319 781 -3 -375 -99 -910 -942 225 -968 1067 169 -202 -430 -353 -871 -8 -1142 -449 -1625 950 444 -1190 -229 947 449 178 1482 -335 707 40 -525 -1929 73 -40 -313 -317 -1882 24 -2009 -169 -555 -378 1333 -221 119 585 -155 1037 -703 467 31 -133 768 -231 -64 -563 385 344 -344 -1304 717 -488 -100 289 -170 11 186 1017 516 -83 -114 -207 106 978 835 918 -508 -105 -281 179 595 684 -87 64 -831 -580 49 -1421 1426 -1164 ]
[-158 443 368 -926 -866 -172 540 506 20 -269 13 816 42 267 256 502 491 458 1232 -664 -264 26 -463 1198 36 -211 753 -219 511 -60 -373 -1141 -74 256 337 470 364 427 -996 -216 -579 -858 -394 -746 381 -1012 -141 20 -346 -113 -17 775 -570 -94 303 1288 -681 -294 1110 211 -1286 1161 -548 -755 424 139 -111 623 349 793 -163 -1007 422 -1353 821 -14 470 1251 668 -50 155 -20 -859 127 272 915 -267 1648 -741 846 155 924 -594 -344 -322 -467 558 -398 365 262 -1288 16 -369 207 -303 -938 118 409 63 -228 -1218 308 -835 332 -609 -1092 -374 698 27 -1223 184 136 151 1228 -118 ]
[-209 -1488 -572 102 619 223 537 -605 553 927 678 888 -249 -260 -484 -165 621 11 -690 -4 -109 -110 -105 -203 -67 314 555 -701 -720 -562 277 -68 171 -138 388 -484 420 -707 -177 335 -457 709 130 1062 -270 -557 -303 -762 94 383 -756 606 491 -152 471 -463 63 831 -707 296 446 635 -80 719 504 2 417 157 569 -282 -223 206 414 -137 552 -429 300 376 -320 217 588 453 -594 -57 568 709 4 -204 338 691 905 156 -311 -262 -230 -609 1060 -11 -60 -362 -663 137 450 94 733 -491 79 -211 29 469 -303 -424 -497 688 370 141 129 436 530 104 -40 -162 180 -470 -868 ]
[-469 -457 438 560 994 -365 -820 -978 -306 -253 -223 277 -623 -404 -429 374 -332 -31 -652 320 618 384 502 -266 643 382 275 76 -24 181 1176 -758 363 -98 509 -694 -155 442 -355 432 53 514 -60 -253 43 602 502 1037 -484 -421 468 -849 -387 -262 91 -277 -21 -427 -711 -544 188 233 365 174 -600 -675 -94 -544 -114 -329 332 -175 -967 -875 -715 -277 465 -243 -573 124 -340 404 -270 1060 55 -771 -238 170 -1102 691 410 -565 538 -340 279 196 -903 -69 -53 -497 1028 -220 -64 338 -242 457 -627 -651 -51 -283 -68 23 100 -215 -280 233 642 -825 -4 323 20 -197 -479 644 389 ]
[23 690 -509 -472 560 -131 -233 186 1247 -823 -871 320 -411 178 1454 394 185 840 858 -182 520 117 -340 159 300 -117 682 -1595 -462 -17 -165 37 -409 30 -104 294 543 -1310 143 408 144 -960 -690 -403 1327 331 173 -283 -316 171 666 -226 -118 -172 -555 -651 -528 517 -706 -55 716 217 179 -146 6 -480 361 548 102 -741 303 -780 226 -968 372 -873 -5 54 -814 406 255 -46 684 96 434 -345 -827 20 -525 1111 416 950 191 -300 432 -214 980 -87 463 396 953 -439 -690 -832 -303 -321 -152 -87 100 96 -113 -544 -665 -764 84 -14 503 -269 548 -112 408 377 -731 -17 862 ]
[829 1216 5 -175 -801 842 -416 681 451 -111 -407 898 -752 164 79 199 146 -119 820 -79 -238 -366 -1303 654 -255 -1304 578 306 -652 1018 -623 -242 -486 305 413 270 209 485 -1009 -376 -180 -370 338 -549 -942 383 -46 -129 -110 -84 541 996 404 263 -100 430 97 569 367 -87 -662 664 -728 -789 846 510 -497 -374 395 120 49 -804 681 554 1311 850 -31 61 -495 707 818 870 -678 -61 1052 652 -684 -8 449 311 938 71 293 -366 473 500 -240 -984 -302 30 -174 -963 539 -380 316 -9 -235 -122 -422 -823 44 -298 -200 545 -136 -580 -307 845 -716 -264 -970 535 -246 653 -51 ]
[135 -1098 -962 178 916 154 580 -213 239 19 632 229 919 -35 -766 240 797 -848 -601 -453 -917 362 341 169 -331 50 155 1122 -1094 -11 -10 697 326 -189 -536 -1188 636 1135 -1169 471 -695 821 -329 271 -735 -247 1025 497 -1014 -104 -210 256 621 -458 478 -130 784 -118 234 -178 1510 -234 243 -523 342 738 -210 -1095 344 649 -409 600 -13 614 -281 -48 -912 -327 976 743 114 379 374 -270 164 115 -429 680 416 -442 -715 -847 -26 -185 556 -416 -443 319 -726 -745 -780 -492 128 396 -459 1151 79 -360 243 -463 -764 440 -46 907 542 733 421 448 237 261 -879 -1398 479 600 211 ]
[-679 1599 -218 486 -572 891 -305 264 -283 23 4 185 194 627 -180 358 -825 -266 -930 -1101 -1484 -320 -809 258 -190 183 99 1325 -1123 1323 300 740 493 279 -654 -1066 387 852 -530 270 214 -105 488 239 88 -1089 581 768 -253 74 -228 1241 -647 -135 -640 -766 206 -735 366 -180 -497 -392 -416 158 406 662 -158 -245 -123 1359 807 798 -334 161 705 376 -93 131 -78 365 40 -573 -13 143 278 1575 -350 34 927 233 608 573 530 -909 1194 -48 432 524 -915 -321 -465 38 -14 -506 124 764 375 635 -373 -526 -1097 1056 160 500 -879 191 -688 -267 648 437 324 -400 -421 -420 -357 ]
[52 715 507 -899 -37 -969 725 -607 134 262 -328 329 346 1036 952 245 464 386 313 902 -464 222 -611 197 -189 -76 -61 -261 -427 -282 181 488 -664 33 469 -285 -924 159 228 513 -558 327 -391 -46 262 -564 328 326 115 19 1495 -865 -378 -257 -127 215 -895 -615 -716 -1044 1249 760 170 -472 -150 19 -425 -283 -1484 215 787 -310 -314 -1062 -311 -825 -128 966 459 504 976 286 1214 -492 -359 621 212 467 548 -170 97 99 388 -461 -698 -81 384 357 -323 -1020 -426 -851 169 235 -817 425 -1103 667 635 -996 -177 -799 530 50 -782 973 -125 -648 263 -498 -386 -144 -766 -24 -571 ]
[655 -580 -240 854 402 -343 1011 -683 -408 -271 -95 -1182 217 324 708 571 -150 336 361 -48 434 -311 1118 -427 200 930 -872 -490 1417 0 210 4 213 -35 -990 385 394 196 -402 -1533 391 -881 -503 -513 25 424 -294 -640 -47 -177 -1015 -720 -466 1426 336 -37 -437 426 906 -156 -821 -747 54 835 -67 -472 -331 -5 644 -1627 -252 1006 -1111 -578 -645 416 234 243 315 24 324 -1596 150 -1203 57 -1773 -499 -541 -1218 556 -291 64 -210 910 514 -383 -318 687 463 -8 1195 -516 -1120 -1121 671 -323 909 -990 -34 240 595 718 70 -881 503 650 -1094 273 -3 -156 149 -246 73 -154 106 ]
[-190 228 -217 140 -98 398 16 251 264 -1069 -688 178 473 -346 -479 220 562 -295 13 87 65 -232 567 -921 -1527 1057 -286 -832 -92 -143 1280 32 30 -714 180 92 1552 -71 210 -152 795 93 -805 546 256 261 484 -652 -934 -182 280 -486 423 -172 418 154 -725 317 -308 596 671 164 260 639 -1447 386 966 -155 -389 -698 -85 -54 -277 -673 1189 141 -161 -770 -1122 -1082 90 -243 642 -369 123 235 -419 255 -359 871 111 60 2 251 -1098 -302 712 396 277 662 526 -388 -394 -534 178 315 387 313 166 390 43 151 189 940 -459 -303 728 -516 28 252 201 348 661 342 -119 ]
[-179 420 191 -612 -242 -305 -1255 -216 50 495 -92 849 -843 528 899 -1310 -908 67 1360 322 115 -338 228 365 204 -189 -230 -18 909 885 -1309 -1 -1078 -57 570 -125 -631 -596 46 -101 -929 -768 -222 -442 1507 223 -314 -336 295 -359 935 -969 -365 161 -737 1124 -44 -436 26 853 -497 1127 1127 -442 -418 -893 438 319 -119 -6 235 -955 -866 -726 334 73 122 597 464 -330 -929 606 171 354 1131 614 -672 421 -994 134 -250 431 -5 -1229 -771 588 302 -122 329 -435 -360 197 370 521 -827 -301 -718 -296 -170 -83 11 67 -138 -115 596 351 740 0 851 -52 -183 549 256 787 -479 ]
[448 -368 138 96 -568 1004 394 165 -319 68 509 157 -259 -156 -227 341 1362 -515 -882 238 -6 742 -263 163 -799 -521 382 352 -2034 -485 1593 1050 518 -287 -89 807 -651 554 -711 -136 537 -34 486 1283 -1010 286 620 -133 710 1732 490 349 80 275 -259 -1237 157 488 162 -1133 173 521 312 -155 -748 -188 -329 -530 -230 -655 -792 1083 999 -79 -458 -5 371 -656 -555 -88 210 -226 -340 -753 -1587 169 137 -604 916 -546 1603 60 -235 14 -650 65 -27 -756 153 -44 -754 -417 -182 785 -249 348 -340 440 585 -424 -961 63 667 1107 -13 -311 442 -564 -1135 -104 -340 -1152 -551 152 -63 ]
[579 -280 769 131 52 -166 118 222 1245 677 -90 583 -550 -8 208 -813 166 -1137 276 77 185 -347 -393 61 -211 -1270 -62 174 -696 -381 -782 327 -1337 542 716 -616 -482 -227 629 1229 -46 -192 -40 -79 -94 617 0 -87 -86 19 1787 -150 -505 -590 -597 -46 1068 547 318 2 -52 612 422 -622 -441 46 460 -504 30 117 -553 820 -32 619 258 -422 -431 -161 150 -809 106 521 465 -193 654 542 -132 66 -122 -571 612 602 652 -807 -625 234 232 -203 674 -1026 351 -608 665 264 -128 -78 -130 657 -922 -529 106 17 107 369 -119 -62 1696 20 440 77 -1246 88 -44 -180 -217 ]
[251 1209 601 211 109 -73 -422 -1158 -745 -697 -1102 -693 -273 247 -383 -611 -76 821 978 24 -101 967 -156 -525 771 365 -251 36 -313 67 222 -924 684 -726 -259 -648 1280 -1214 988 -60 614 21 154 106 -268 374 -382 393 -76 -105 63 -710 250 679 114 -753 165 -229 851 -83 -468 -461 -400 -343 -2 -321 269 766 -1206 834 -457 426 -788 -731 -144 -388 -490 -1414 -140 -15 396 650 1150 -259 794 -490 -1500 -948 -353 56 -45 620 -232 608 -11 138 -654 247 -193 1037 1117 527 302 -1461 567 -1090 -587 -411 446 -141 1137 -487 244 -360 -699 -660 126 -787 -776 -881 -62 496 340 -258 689 ]
[-607 52 -619 -625 809 -694 194 754 267 142 296 -1317 1330 729 161 589 -671 -268 117 252 -674 -340 496 -727 -125 1393 -508 1285 1362 104 -422 1233 458 304 -740 864 777 310 -445 -1278 -729 229 -728 -196 31 -118 -457 -600 -572 -551 196 -1399 89 -412 201 42 1070 -315 -346 765 408 -120 680 1147 -380 137 472 429 1117 261 -912 153 -1274 343 163 -355 -606 661 892 -813 -996 -1540 410 -35 -753 -572 -541 222 -410 -119 -796 180 -250 -340 -150 -323 371 380 -400 -867 -429 705 -340 -392 109 861 -499 159 340 429 -955 711 -686 -271 777 1531 873 180 920 -128 670 -388 340 851 232 ]
[577 1366 552 -277 119 -1325 104 -99 -169 -296 639 680 -16 -31 840 -1354 -544 581 325 346 -1176 494 101 411 -569 1356 -811 -280 417 584 -80 324 500 -324 138 -722 -1418 -92 -104 744 88 626 124 200 640 -138 -330 -228 979 425 -217 -403 274 510 -968 72 -692 -881 374 727 -330 542 293 -610 9 386 -511 403 -1485 4 97 -45 -418 -1284 -1248 -58 418 -459 -204 37 -214 114 -278 11 89 495 283 -161 22 -311 738 400 -13 -22 -1136 190 463 148 55 105 266 -1129 302 -199 -121 931 -175 3 -35 -913 66 1262 737 227 -1341 153 -343 -1334 145 -146 -164 42 500 -221 -1425 ]
[575 180 404 71 -592 -94 525 -69 -581 -409 -423 -122 -665 -345 -602 -138 -427 1225 -885 586 -277 174 -218 -508 -113 -172 -1316 -546 -445 323 849 -64 400 165 -54 -345 -438 1419 618 566 1234 270 -927 -119 -1238 37 197 849 812 651 184 596 1154 812 -397 -552 -338 -516 100 -222 475 -397 -562 459 -437 47 97 -867 -53 89 -75 1601 39 -937 -403 -789 -409 -165 -640 -198 585 395 511 -1300 -1245 -246 -584 -474 -679 -48 124 1026 756 52 -956 1244 -392 -17 1113 323 851 240 -1367 -1045 -255 401 492 -666 325 -89 285 417 1038 -131 106 -283 -273 -594 -805 713 156 -153 313 175 954 ]
[-326 -1317 -859 652 834 -450 1280 130 318 220 -958 1155 286 109 245 -12 -395 323 383 -632 -63 -724 280 -247 -158 29 -523 -604 541 -407 -878 286 85 414 -426 482 -706 -237 -878 -1078 -215 -280 -207 -1096 578 164 -1628 -287 -46 600 729 276 999 850 -719 477 408 262 -502 808 -485 255 707 -500 972 -433 -301 -781 -135 350 340 200 -828 541 -187 -1067 548 7 442 617 999 -386 71 150 1533 332 -278 745 -323 559 614 678 -30 -812 661 -418 305 269 87 -466 -1334 -291 -376 -9 256 198 -527 -334 140 -522 -468 231 436 -304 16 94 -51 24 692 -1246 -960 107 125 43 203 ]
[317 418 105 -508 496 459 -8 1020 -208 -685 616 -314 -329 726 146 -294 633 -831 -1004 -348 -261 800 -682 -269 -23 -950 -241 330 -408 -111 -318 -323 -150 1030 978 675 333 1469 -846 215 25 115 203 -223 47 330 -546 -148 -925 -620 -65 91 -299 -764 69 -71 368 -59 1246 -307 382 -76 -105 -713 -494 -314 -261 -1063 380 333 -505 382 38 18 -355 -150 -1084 -527 336 -284 -711 -326 132 -1065 -450 372 339 624 570 -950 -362 384 -170 -162 -353 540 19 -180 446 -166 -687 -588 -145 762 -416 -494 -235 -15 -285 -229 -282 279 296 1355 -314 418 918 -63 -902 697 -446 -860 287 603 1545 ]
[-788 -280 -186 -419 459 -787 -175 -57 735 -158 304 227 65 -731 550 -702 -212 169 -4 407 531 351 -192 36 882 485 -11 -230 -246 -1089 -577 -807 214 161 485 -1360 367 -1067 1180 1454 -110 388 -89 203 1439 -376 296 697 -453 166 243 483 353 -1032 679 -64 88 -363 174 295 611 -239 328 -975 65 -925 301 571 -885 533 -286 -603 550 -48 -493 -605 -299 99 120 -45 -256 -273 387 729 12 488 262 1491 220 -411 -1366 -165 282 -782 363 157 -141 -97 -764 1599 -498 1295 206 -732 -639 -228 -410 391 218 -357 -118 -853 -429 -89 -634 -31 -792 -1143 248 -741 -175 128 577 -18 -520 ]
[-835 328 -308 340 -216 -507 365 -1017 197 -128 -1172 -404 821 3 514 -284 84 -1265 -389 447 177 -298 -300 400 -651 572 517 466 -1745 -551 531 521 -35 -454 -272 -204 935 -43 429 608 34 214 605 1381 -23 835 381 433 242 324 913 -238 -334 -660 44 -570 -381 172 405 -348 -166 -117 983 -955 -471 -13 -1169 -130 -206 -490 -680 -992 554 -370 -73 164 -7 -376 -456 1150 859 832 358 -68 -434 -329 -714 654 213 -361 369 -662 -381 -1075 -481 -753 -106 513 -206 343 -711 -365 -545 1318 -992 94 -483 -31 410 8 -270 -455 778 -147 -212 -136 1051 -676 -889 167 -1270 -784 -526 308 415 ]
]
