[[-100 -541 241 -339 340 -637 -232 395 -349 -566 112 433 -505 -52 -12 -448 14 -815 -360 -669 -714 552 9 488 -225 332 -82 -37 -83 -760 -412 -577 -305 -582 311 -49 -456 -404 -475 6 631 -557 -599 22 -211 402 -859 275 -240 15 11 -639 732 -714 -310 179 -482 168 1001 85 372 439 385 -216 -61 217 -686 -221 638 234 959 -48 14 411 -40 44 -266 -148 -492 -1003 -751 56 290 240 138 -668 88 124 -139 -158 -8 -293 -643 -1002 -628 394 841 -915 511 -97 356 111 80 -207 -517 -796 -107 -633 -726 257 -376 -201 -117 -343 618 -1197 -189 250 -55 -195 -731 33 777 220 -442 ]
[261 611 794 265 -327 1214 650 -292 767 256 347 -429 -180 54 474 105 -18 422 -192 -722 -183 -183 260 -101 665 485 -860 490 -343 -195 -103 1181 -229 -49 -65 435 255 -507 -220 -263 -150 344 -336 798 -328 -436 -115 -784 -233 -134 -1004 -321 -135 455 776 525 -435 393 -1219 -804 -375 270 -128 31 -236 -150 219 116 -444 -369 -348 -310 1026 418 -95 132 233 729 192 -35 668 -138 -613 -48 -179 394 44 148 -460 316 -99 200 847 769 -200 -1039 -857 530 -810 252 -202 -47 -249 283 669 374 133 189 794 90 13 561 -57 -542 -891 495 -166 308 32 639 859 565 -165 36 -724 ]
[218 490 1056 -58 -151 232 146 36 708 -30 871 -181 232 816 -99 957 -806 529 813 -534 -308 -908 -119 307 96 439 -220 717 220 215 -429 612 258 -317 575 428 66 -232 115 -224 -1368 417 -376 -1 886 -392 563 -214 543 80 109 -86 -481 551 589 -24 -424 -596 -1112 -465 201 286 -132 265 -331 -142 -452 123 17 -65 -436 -349 464 -7 -293 134 685 452 -167 529 799 10 -811 -1209 -488 688 -393 381 -525 1065 -171 462 691 1375 159 -650 -651 976 -161 -731 -490 142 1004 548 -458 237 -514 615 423 -177 310 83 -54 -603 -92 -350 401 953 186 -297 780 101 -604 -690 -518 ]
[47 -163 854 -966 786 310 177 235 245 -404 101 -121 -1005 553 -962 544 -22 -933 -157 -1371 -520 38 -173 -134 -338 293 -11 715 -480 225 -387 -896 421 -232 722 -171 -488 -836 29 543 319 360 -500 -753 98 213 678 384 -43 519 696 -593 297 -28 -613 -314 -904 -116 -664 493 891 668 27 -135 -4 503 -393 -337 626 -157 802 261 455 -81 -215 392 -186 -281 -885 -523 -658 469 165 -814 6 121 65 256 102 -140 -109 360 -216 75 -50 301 -683 70 -565 461 486 511 -26 -211 -863 -934 46 678 149 698 507 -306 721 -140 756 -1135 187 1158 -8 -446 384 270 314 79 -437 ]
[900 -851 349 253 -270 -1227 -270 754 -493 -47 402 -370 60 -375 -865 586 -385 133 -124 744 79 -306 -390 25 -588 199 618 222 210 -358 -506 -340 51 -348 774 -231 -1097 15 -513 -1101 -268 -253 -340 -1074 -226 184 -180 700 -321 71 670 -112 263 -599 55 -243 188 -718 350 -151 594 333 183 81 -88 407 -1028 -804 -276 1367 -71 181 -309 -276 2 -114 336 -207 363 -613 627 54 -306 -307 -440 107 -205 -177 -466 -78 1019 -241 -273 270 -634 -60 529 -634 567 -1415 10 1015 735 637 2 -745 -255 -276 -265 115 991 -760 -1149 -692 532 -289 83 485 156 -238 -455 -282 -22 2 57 ]
[-281 -185 -19 -212 508 -193 142 91 483 -573 -430 601 -526 838 -405 723 -262 -895 440 -1024 -395 -423 90 10 -607 -532 -147 326 -717 369 279 -1035 577 24 111 55 -1059 -175 -530 521 -401 123 -701 5 1234 -287 432 267 956 477 96 16 -286 -46 -224 -626 -273 657 -303 324 646 273 -522 379 528 -113 -199 -121 1181 32 1022 -209 202 4 -431 319 434 -2 -310 101 -1552 303 455 -754 891 287 -236 -215 219 672 -448 -28 -45 498 -46 1002 339 -846 474 124 -313 -770 -388 57 -1929 11 117 -586 -826 70 -677 -580 1173 -105 406 -2094 -181 13 416 -978 110 -353 106 -453 -481 ]
[733 -428 62 406 -266 735 616 -231 1119 352 253 -288 382 219 -578 1281 -613 -250 -282 630 -607 -274 -251 -598 49 236 -786 69 71 6 -394 -15 1 388 -343 -62 186 -559 -46 -1407 -469 323 637 -204 101 -451 91 -40 -288 487 -118 -480 142 1308 296 600 115 18 -427 -418 100 12 -755 228 -55 335 -856 -331 -137 912 -215 -505 264 -180 -702 -205 609 320 441 -633 666 442 166 -158 29 464 -288 -404 118 -164 561 869 529 854 -201 -498 -173 -1379 563 -283 -530 -64 118 573 -679 -357 -14 296 -332 77 332 -1004 -356 -1120 -633 -606 -410 167 153 -703 -66 -672 81 332 -735 ]
[448 421 228 -184 -125 74 -11 290 -543 345 -195 -914 -309 -733 -348 417 70 -261 -905 -349 -339 -344 -168 -589 29 247 60 211 -650 197 88 -994 -229 -113 497 -833 -1796 226 -863 495 259 226 -735 -169 -850 332 362 542 -541 -923 132 238 459 359 -339 -50 -177 -225 29 109 308 22 -103 -134 -636 193 -533 -647 -514 771 -157 204 242 -597 1174 -167 -579 54 -714 389 -124 -629 -160 -136 321 28 749 463 -321 569 670 696 -258 179 568 27 -875 418 -971 85 -180 333 -275 -179 -158 -699 240 -346 630 -41 649 -74 -41 -57 122 -299 199 445 -323 698 15 425 185 706 698 ]
[-902 -699 273 69 410 -357 -168 -298 -142 -487 -122 705 335 225 -301 119 -132 98 432 -229 297 -354 -172 688 -526 -605 -130 531 -304 340 211 667 -438 -229 62 700 172 -672 338 -486 -806 519 382 -570 1103 481 -532 -306 1107 752 -385 -872 -439 32 115 170 758 -71 -145 472 90 -496 696 738 432 -191 -119 107 556 -311 14 -326 733 172 -785 500 235 452 32 81 391 623 176 -89 233 -557 -712 105 -126 362 -1097 -520 -606 416 301 -99 430 76 908 -152 -216 -283 240 -260 -455 294 464 54 -1365 -180 -414 457 613 703 -309 -470 -60 -110 179 -834 -238 -486 -278 -668 -832 ]
[233 -583 -40 697 -812 372 640 -22 -181 -857 -536 -471 348 -600 -69 204 186 704 54 32 1372 334 -431 -348 -91 -558 -356 88 -1101 326 393 863 62 73 -700 -602 -194 -637 24 -739 -81 525 1067 -422 187 -274 -203 265 -255 239 -1230 -267 -466 -457 67 385 945 135 -1053 242 -269 322 -29 294 -214 304 352 -147 -119 -360 -783 -510 302 13 417 642 -234 429 989 313 962 598 -21 688 -544 -233 -404 87 -287 -246 -182 -971 -83 520 -508 -512 -558 -145 -954 -164 121 455 -11 677 547 1002 544 -232 602 683 -7 440 -533 460 -664 514 -460 -23 -12 389 -398 44 -135 -267 -99 ]
[19 916 -725 102 260 -417 -232 -65 -482 840 -644 -341 -260 537 -191 -175 516 -289 118 34 42 4 165 215 -139 25 406 177 180 512 142 -1299 -60 320 -220 237 7 178 -865 1568 355 36 -1257 320 -234 -101 233 146 405 -414 -21 1033 -586 159 -403 -1006 -1109 906 511 1 229 -362 -248 -387 -132 -313 449 -232 193 -334 771 208 -1182 -465 862 560 82 -481 547 478 -1145 -1072 -553 -713 -183 107 240 278 370 843 -511 -198 196 103 771 227 376 171 232 81 -766 -663 -427 -31 -344 -151 -283 415 -507 -252 -1012 -690 157 674 178 -181 399 -218 512 192 530 180 -327 547 252 ]
[-458 -118 -434 -516 195 -786 -357 -91 -38 -190 406 1300 -205 589 -124 -626 -41 -116 620 -163 -238 -277 274 1536 -803 -129 -322 -182 23 -20 -161 316 74 -109 292 580 1008 1271 486 -450 -362 -1088 -76 758 251 -14 -420 -272 81 948 -80 491 30 -962 165 72 695 -628 805 -12 -340 149 111 -687 211 183 96 979 1261 -167 -33 -257 -307 673 -1053 -1012 163 -786 -34 -196 -812 -90 -81 -871 -154 401 378 178 241 763 20 -162 217 -645 -752 349 1091 74 863 77 -64 -1057 998 -99 205 370 -549 -237 -190 -304 -1099 286 -297 -410 97 -697 203 340 0 60 -161 -26 11 -644 114 ]
[-392 694 -546 -215 471 320 265 -413 -1304 288 312 67 78 -234 721 -911 151 -80 373 -952 -181 196 756 625 -48 422 -686 377 -456 -661 -720 49 99 -650 -292 292 240 -81 -501 689 929 47 -961 1002 -353 359 -962 -338 -1098 82 -1214 43 -516 -594 172 334 -478 764 242 153 356 286 526 -576 14 -351 452 18 -122 -540 455 -308 -445 469 771 45 -246 -577 -599 -319 -339 -951 -516 403 -218 259 16 1328 -200 547 -670 119 -446 -764 606 -830 -658 -103 -320 1230 -241 -596 216 -800 968 104 244 256 215 228 -1039 304 540 340 155 334 326 172 -163 1608 -50 1071 271 312 610 ]
[40 62 456 -270 -518 194 646 896 1312 -349 -58 -537 -452 278 -158 174 -198 -560 -728 -663 1 -261 -187 369 -43 177 -527 662 -585 1 64 -426 -486 -392 -101 599 -736 -732 -641 -48 -656 390 -203 -327 638 -62 -936 -343 660 -37 243 -618 -121 340 331 362 -439 162 -223 -319 222 315 389 182 -328 54 -407 -248 70 -308 -546 -143 878 42 -671 91 348 524 933 -350 400 -281 -505 97 -446 -655 12 -916 -381 381 -713 -1043 805 124 -1019 -538 19 -124 503 -600 345 447 -124 1043 -1027 -1240 -338 -642 -33 1016 -511 -406 183 162 -64 -981 -532 558 988 -1027 -197 -153 358 171 -1162 ]
[-1183 362 1181 -527 -56 646 -229 106 1109 -61 752 699 169 795 376 -251 -308 -476 -192 269 -800 264 -399 587 97 516 -899 -199 648 131 -267 -528 -847 256 496 -48 100 -306 312 202 -968 -163 395 -19 251 420 -109 -261 566 88 1129 -625 1012 1030 446 1388 -828 -155 -314 149 -574 -74 546 985 127 -168 76 279 427 -99 -29 498 1254 442 -562 -928 -153 708 -671 106 479 786 1 -288 50 -1329 489 -192 327 541 -877 1051 300 -615 -345 -87 -94 286 780 -62 -364 -534 249 -4 -1528 -1057 -431 337 -493 -74 133 390 234 -303 305 -770 -134 879 -58 -921 -521 495 273 -266 -634 ]
[-530 935 -519 353 -129 -327 -144 -559 105 271 -377 62 166 -45 919 -102 360 338 456 445 -22 188 355 -71 615 -38 387 -285 884 36 821 804 -587 -360 -249 451 1374 -185 137 215 -168 -492 -599 883 -458 -521 -264 -680 405 182 -763 -667 215 1171 -539 -127 -191 87 168 -1175 166 372 -1061 -240 386 -801 -66 155 -900 -612 -105 -413 -556 30 -308 298 364 -267 819 491 108 -218 -764 174 726 665 -485 -399 167 -469 100 156 858 623 375 -141 260 54 30 55 -84 -267 -513 -357 588 856 -380 -123 -679 -1128 71 -401 -18 64 -740 1182 -73 -737 238 179 1418 -916 -642 102 -705 ]
[736 -463 692 -810 -172 6 624 671 957 -625 511 -40 -260 -38 -699 -124 -48 -748 -847 -1017 -657 237 -429 -1085 275 355 517 -256 914 -509 -231 -28 275 -619 297 -253 128 305 816 -687 235 -951 296 -89 -536 18 -18 -23 -617 -240 592 -530 1252 227 -330 794 -387 -1105 1970 13 758 907 48 -487 -1051 337 -978 461 461 229 182 -245 -419 94 -635 270 -455 -79 -369 -401 508 60 218 1070 -329 -233 15 -543 450 -1315 616 58 -307 -477 -866 173 -421 -36 -202 362 653 742 282 185 -774 -1048 -813 -137 936 1084 560 -3 -923 17 90 343 -207 109 -624 -958 213 -522 939 494 -747 ]
[-877 -226 -897 86 99 1235 427 -720 675 24 -904 49 -243 230 773 37 326 -50 285 -201 -271 -401 569 -268 925 -1059 269 141 -377 -211 1355 723 24 537 -398 -12 724 -887 -35 548 -621 673 1438 328 1144 -500 339 -270 425 642 -165 -779 -603 1527 -488 -146 542 -172 -532 -131 -7 -705 -217 531 183 -25 145 145 -626 -805 -134 -120 132 -108 -677 304 -257 769 -300 659 192 490 390 -281 879 -49 -246 -880 -172 -656 -356 -532 691 411 516 820 -386 101 -1126 217 881 509 -1154 14 59 870 519 -1122 -844 -821 175 245 976 730 -482 51 -533 -821 -463 -586 -20 -907 -156 -537 -396 ]
[76 198 921 -474 -138 -211 383 310 312 -1009 408 -391 38 64 -341 554 -545 564 -336 -648 -119 180 -403 -857 -499 565 -726 446 62 -489 -376 263 322 -796 -100 -524 -259 -136 1240 -954 -160 187 -84 -973 -147 376 27 547 -130 -205 265 -1148 412 1489 145 1125 -336 37 -52 -37 416 1007 513 395 -518 -906 -279 -361 -348 55 -119 -66 601 -295 505 698 -700 97 -859 263 1209 233 224 1073 111 -247 -304 414 59 102 -536 706 -785 84 393 -1267 -587 636 -174 -64 225 582 768 494 -522 -1348 -418 548 732 817 1312 215 830 -212 118 880 -5 737 -610 -532 32 -407 -67 295 -360 ]
[608 -249 -333 -362 336 1460 318 -281 91 266 341 -916 -166 -633 -933 22 -625 -1373 -204 60 -986 -669 -417 324 351 166 -626 659 -680 -30 -1350 -1058 -120 281 -20 -352 77 -157 -334 -99 271 978 845 -39 18 420 -204 8 -1607 200 638 -68 -560 117 383 746 -642 -645 -250 923 224 -13 -27 -475 -325 932 -580 -140 -439 650 -821 -600 -190 -682 337 -981 -230 -456 -1176 -1094 380 -1097 -304 -707 -1147 182 959 -250 -305 -223 847 606 155 157 70 -966 -601 -764 -251 392 146 755 -226 -155 623 -548 -123 1126 222 1275 -758 -507 -820 -95 -23 -1044 77 997 -21 458 -688 868 620 922 -12 ]
[-175 256 200 31 -163 49 -455 415 39 -183 1101 483 -136 -1180 1066 -906 159 422 53 373 -342 219 -407 894 913 448 754 -15 -344 -1055 115 823 -450 -19 634 724 -401 -96 -700 -3 146 -167 -528 -54 -294 879 -539 -51 559 -1006 687 -923 465 -736 814 471 -528 164 -478 -318 -581 -687 870 122 461 -897 79 -534 -947 293 -797 363 -16 21 -396 -340 577 512 -52 -282 765 -723 -366 -27 -572 88 679 -1207 -827 -245 213 -524 250 -432 -966 -591 1141 396 624 -1080 967 1159 -650 23 1201 -735 33 -1204 -91 -211 429 684 -288 -477 541 347 -43 -208 1042 38 -279 347 -234 -216 -332 ]
[765 243 812 1403 -399 21 -378 195 -501 617 281 -345 951 -1194 -9 -463 70 644 -442 477 182 630 -381 -1290 567 165 708 -779 -480 -191 184 533 -772 417 -156 -534 -1051 241 -1113 193 411 -356 -446 110 -160 53 -348 252 -855 -1087 -895 797 463 -831 821 856 -947 663 482 -194 -87 -425 830 830 -97 -205 861 -246 -114 585 -598 39 -395 95 1519 149 -537 1450 414 -667 989 -238 156 670 -719 -709 -43 -133 -690 -395 623 -238 -311 503 -388 -139 -414 -543 -243 -479 -849 191 -596 593 910 1170 1130 -395 320 -136 -693 777 -1708 111 -302 619 -135 -365 -318 1120 -302 1168 -333 253 -284 ]
[-666 521 288 -79 -531 -396 611 339 -4 -895 -720 -765 -199 -1317 255 404 -400 601 -788 148 420 -180 -1115 -182 -250 -511 -181 420 -235 404 70 -98 207 -540 -285 -884 -189 -105 511 -239 105 756 807 -1285 -41 588 698 498 347 -910 703 -330 286 458 -721 -469 502 -283 -857 481 292 38 -570 -602 -3 -328 -219 -775 -1153 -180 -401 -313 63 -739 669 264 -184 -678 -347 1519 -27 68 -144 549 336 -162 128 393 68 -150 -319 1042 -439 357 418 -50 -223 598 -674 -126 405 1194 -384 -6 -606 -620 200 915 195 633 1649 -223 683 434 130 599 -144 310 -82 151 54 -454 67 122 432 ]
[-171 -462 -46 662 207 -152 -402 -608 342 631 -218 -41 699 -523 -756 -9 33 617 362 1039 417 -12 7 456 749 -95 1347 141 672 623 6 624 -768 255 171 656 434 -670 -702 178 -408 1025 -729 -179 280 138 197 -273 65 104 -209 -211 -23 -336 449 -465 105 24 -332 83 -183 -991 651 169 258 301 332 -247 -1372 69 -1017 324 -489 -733 -700 240 931 -219 916 -541 1465 -20 198 -634 -676 12 -916 -478 -432 -674 378 -868 198 1136 325 -939 -299 -114 1008 -972 25 299 -431 -388 1660 316 537 1003 -648 -490 131 -107 55 -202 -178 755 -179 -307 458 254 7 -426 -674 -44 -478 ]
[-886 -827 -21 -648 147 -1213 -613 374 -319 -682 -475 -238 -544 953 -554 770 431 186 298 -411 681 -257 57 -114 -361 -621 563 586 -51 763 427 11 832 -294 384 -98 -925 380 751 21 -664 -54 -547 -1003 -233 434 259 793 170 358 349 20 431 -254 -228 -383 601 -491 -111 905 -88 758 168 -135 163 251 74 -195 542 -51 -74 607 -449 -374 -629 702 5 -1100 -385 1726 291 417 -398 -432 532 -793 -255 225 327 730 -417 -907 -674 500 -85 -377 -325 777 75 -391 110 -285 667 88 -225 -765 -513 -315 142 -336 975 522 832 463 413 559 295 -272 -165 -596 206 -369 -987 -493 415 ]
[454 -866 -361 -234 -34 -62 20 447 -775 631 132 143 133 404 -638 951 -171 -23 -179 -85 -187 -886 -346 -1089 -431 -166 191 584 -646 -371 294 327 1740 -32 -64 -48 -437 284 316 -1469 -759 -222 1286 -921 3 -71 457 661 99 35 308 -633 -187 868 413 -15 1259 -756 107 567 458 -877 -413 786 163 -133 -836 -206 929 823 161 -315 -204 -361 -1088 443 37 -226 -636 711 537 137 333 429 451 365 -182 48 723 -29 121 714 -1147 192 277 -308 99 -543 318 -146 -300 78 688 579 -661 -126 537 -1298 -216 -350 830 -116 512 86 274 674 674 -899 -168 -1328 -497 -759 -166 -231 248 ]
[-244 -177 -99 113 503 30 -48 163 592 -485 347 797 70 -1219 197 -322 -494 -190 -58 387 -128 -4 -222 -29 -607 -298 304 -375 -428 -517 217 162 -565 157 -356 451 -479 429 414 -1023 -23 -183 67 -822 1347 477 411 -38 1051 363 1639 -366 -428 142 180 617 7 730 548 1106 300 -733 483 1006 1441 -1061 1023 -203 -85 180 635 -68 201 381 -280 6 338 1102 211 -747 -199 288 477 681 503 -182 230 -1533 -535 -1063 -659 55 -425 -227 -919 744 1093 -688 1245 532 368 11 -1091 -17 -664 -521 1230 -505 -1189 452 -253 -659 542 681 134 -862 -514 -298 397 -797 -446 -684 313 -318 -856 ]
[323 190 -410 -335 372 713 391 -383 719 -625 -485 -421 336 -311 -218 325 -817 -716 227 -847 108 231 248 -136 -11 -309 -644 190 -149 -125 -597 -808 -343 -676 -446 2 711 -1592 219 910 883 1056 49 -280 1129 48 -286 -690 -261 50 -712 107 -138 258 -233 -459 -133 318 24 -404 954 471 471 -346 -313 251 -904 38 -500 -426 -624 -673 293 478 368 289 244 -402 -119 -1491 -538 203 846 792 -35 118 -1134 56 92 -1363 -340 -195 -469 -363 945 -27 -839 -1107 621 782 617 118 -508 104 -1154 -537 389 1506 240 1446 -1219 -1 1005 643 -85 -1283 -795 280 -203 -319 -629 -206 1012 344 -162 ]
[-427 1035 -140 153 -656 630 120 -719 -181 181 -534 812 161 -77 697 -683 -119 1423 970 672 -448 -458 -58 663 133 -381 207 -70 -535 -752 596 -156 508 273 -332 -321 711 446 89 349 -583 -94 1051 193 1203 -370 524 -137 223 -875 17 767 -1161 -47 812 -596 -311 18 -675 -564 -240 -1202 739 122 332 -632 319 316 164 -374 -842 -52 74 104 829 -634 189 590 -875 331 -551 -328 688 91 -84 778 205 -358 -576 258 -116 427 -188 -214 692 436 878 588 198 -884 -340 -174 -698 436 288 1422 1043 -84 -344 -30 -829 676 220 496 -167 186 119 -736 -145 380 -490 292 3 -790 804 ]
[6 -309 -120 565 274 -236 211 426 -582 -925 280 -656 -216 -1357 507 -106 -80 -689 -493 -870 -11 -677 -81 -369 -300 -370 -368 329 -422 -504 -476 1029 358 -708 366 61 -390 143 589 -547 125 654 630 -632 182 1357 -912 -390 -612 181 253 -263 -365 -307 100 235 504 -922 165 441 436 441 690 406 -353 -464 23 -274 -415 453 457 -322 726 489 606 -160 -858 536 -632 -481 386 -245 150 689 -287 133 -90 -232 -677 -980 292 -481 -916 -436 200 9 -329 365 -1000 498 1278 1755 154 -494 172 -275 -108 -61 457 945 820 229 -229 743 711 387 6 415 -771 318 -381 485 -185 -533 -45 ]
[1046 423 -677 280 -585 361 933 55 -249 501 359 -524 709 -30 4 -557 -510 670 406 83 907 -24 -109 -654 264 181 826 -99 854 250 6 -247 552 541 36 -796 -172 22 -465 678 173 -116 410 -176 -512 -310 1511 1023 -676 -647 -112 1278 494 -34 -46 -722 2 -338 366 -204 548 -22 614 -516 -1314 607 224 113 -869 751 -141 64 -1447 -167 1026 484 -34 -715 173 795 498 -599 249 319 -762 -344 -565 1035 545 858 132 -132 21 223 938 -120 -904 582 -660 -413 -491 685 384 815 -67 -88 -634 398 1499 -401 710 171 -673 188 516 957 -6 54 -938 -75 -498 -143 -37 -82 1252 ]
[437 -932 760 407 -378 -489 449 92 609 588 -177 81 327 878 -1296 998 -60 496 -147 1081 -179 -32 -330 -833 -679 124 -144 -124 669 -68 -702 -916 -71 399 503 -649 -945 308 -610 -177 -713 400 -73 -794 1029 -289 761 310 253 164 710 832 134 480 185 -248 -501 526 286 -500 176 -8 -295 118 -801 268 402 -609 487 806 829 681 -109 -796 806 501 124 380 194 -372 -11 1419 1145 -933 -314 59 46 -134 -288 -195 733 591 131 285 36 875 -64 -563 -76 -1071 -976 442 236 426 -605 -322 -391 1332 -613 597 897 -1235 -386 -1009 380 -521 -884 587 -404 39 -21 -67 181 344 33 ]
[375 285 470 317 -15 135 223 -69 -342 810 -146 179 -396 -205 353 -1007 647 -583 -796 -517 -169 97 1457 -56 -85 -159 -640 -228 -361 135 745 179 -888 663 168 447 -1448 -160 -1190 95 87 -820 -300 1183 -947 -302 -769 52 -392 634 -294 -3 -225 -152 390 248 -39 913 -9 -392 361 32 -507 789 238 22 304 -222 -421 384 1167 336 1485 538 -18 -709 -201 1017 777 -376 -107 -633 -894 1005 441 -449 576 -446 -127 334 -201 -456 866 -156 -763 548 -366 -190 -525 628 -172 -269 -310 -9 6 -532 -210 -1534 10 -670 378 -419 -164 -571 -460 12 -259 186 17 18 593 484 532 -25 258 ]
[-160 -328 748 -40 -776 -1018 132 632 -299 -643 461 349 -10 106 -497 160 624 -29 -405 -230 -184 333 -959 347 222 -229 189 -236 221 350 -665 703 61 -437 650 -391 -126 290 -14 1 -573 -679 272 -562 -82 607 -504 67 -690 -360 489 207 1580 -1206 -289 234 -291 -1319 -120 -79 260 -309 -175 -808 -861 392 -914 -467 912 -172 -503 -252 -578 156 -482 -482 143 -336 187 706 41 171 -713 -301 -1087 -119 41 -102 -448 -548 989 -97 -149 -416 -1499 93 -528 12 -425 -1025 -36 483 1204 -11 -480 -612 -737 325 326 486 742 26 -1093 -753 469 -297 616 1232 424 279 42 651 620 -800 58 ]
[-156 132 36 368 -50 -381 479 -155 516 110 129 -421 306 356 153 552 -977 602 423 717 -92 139 233 141 23 130 -651 -179 1336 76 -762 45 -143 4 131 54 1068 -975 630 508 -613 590 661 -821 1280 -182 -294 -381 343 433 1299 219 -307 300 -294 -144 -416 159 -890 -549 209 -211 613 47 -195 -273 -361 -700 -765 -895 -901 477 120 201 33 -907 560 490 601 -402 624 640 -431 -605 -737 80 -1442 233 -35 -819 -383 169 457 -301 285 145 -453 -110 374 -697 -73 629 834 548 -786 -808 -243 1685 -256 897 288 232 656 -376 504 173 218 1277 553 -49 8 436 386 -856 698 ]
[-186 189 172 112 68 -824 740 547 -283 465 170 54 955 -73 -212 471 -730 -448 -346 -544 -31 -776 -23 -1558 -280 -492 222 302 172 830 145 361 -13 -941 371 253 -583 -357 -315 916 -757 -6 526 -393 1296 93 -328 0 -97 -108 226 -161 117 430 -334 -768 377 -1108 123 -105 1616 -242 219 285 -457 -281 -53 207 -233 203 208 -373 -10 -283 57 -527 -593 74 -643 212 906 -287 241 803 -272 -211 -1137 281 -96 222 158 -342 -36 232 949 36 -1419 44 -338 -207 163 740 1196 -337 -260 -134 -51 -410 228 151 826 -710 1101 408 1191 399 667 426 -115 -606 508 -316 -209 -560 -210 ]
[-558 1380 -336 -440 -550 1326 1499 -693 1065 -720 -501 891 -461 464 134 -645 1568 -29 347 -718 273 327 411 490 443 -350 12 -101 -424 640 1017 -180 51 620 -436 372 -316 -355 -551 891 -387 208 -257 1443 -205 -344 107 -542 38 225 -91 -59 -547 -419 196 -393 -595 252 -1269 64 -462 -60 -355 -124 -91 -50 1260 118 401 -1226 987 53 -111 203 -699 -457 751 -214 1174 958 85 -256 -1088 -141 -896 1186 912 -1004 186 405 -345 -1042 1586 19 -1155 -3 -1266 944 -742 690 478 -1150 -798 -849 749 302 88 116 1034 789 -429 -88 146 369 107 241 582 634 720 626 1170 754 304 -639 -342 ]
[-611 -593 147 121 -612 -270 -670 514 29 -187 408 356 181 413 265 509 -433 121 974 -180 376 191 -935 -22 478 168 1135 -172 44 204 414 390 396 -435 532 -360 542 -400 -288 613 -1141 -195 -101 -652 798 288 1173 851 262 -247 18 731 678 -140 -266 -329 304 -1195 411 773 -389 -161 533 127 -270 842 505 893 381 26 129 9 -985 1015 -246 723 -338 5 -85 325 -50 1552 824 -1026 -660 -1227 -186 -88 -331 -744 246 -1247 -538 75 -215 285 365 -32 -359 -973 638 103 292 575 -562 381 -80 -846 -23 -771 408 9 -539 -77 1183 -339 -286 24 -684 -432 -944 -295 -353 -765 -362 ]
[1092 -215 -625 5 -184 -105 902 -866 -528 134 74 216 -110 -800 -872 -293 -7 1135 -386 208 166 -8 402 -286 -451 423 -224 -398 282 -56 362 1154 -561 892 -383 -13 -209 506 -293 -1329 491 -93 -815 1216 -1605 -391 342 569 -91 -278 -606 72 5 256 472 215 1232 161 913 222 -1375 -938 -330 -494 -771 47 323 -169 -713 201 792 -34 -508 -871 -49 281 -208 206 593 356 573 -583 -38 568 -316 540 847 468 119 373 860 -152 147 201 350 -426 130 223 -202 204 82 -947 208 27 1869 -130 -356 -644 139 -318 629 400 -507 -1335 -907 996 213 -215 -586 1076 756 -631 423 895 622 ]
[-899 -975 -220 -31 331 146 -704 -282 546 10 -580 184 -203 368 -563 1214 -96 -1151 281 160 -557 -155 -725 -97 387 -427 -621 464 -56 -83 -491 -1133 768 -347 243 -590 -473 -59 173 -26 -851 544 -783 198 286 292 551 501 127 155 109 -363 -347 1144 235 189 -108 636 682 1465 -236 1014 -495 1203 352 -848 97 56 753 522 937 -222 -189 -356 -374 739 -75 -74 -1102 909 328 563 624 -932 267 -434 458 343 567 -171 -499 150 -1216 386 864 -683 378 -719 412 318 -1229 -1200 -77 -314 -1117 -607 -645 21 -658 400 -319 -654 1157 46 259 -583 -548 -353 -108 -647 -578 -322 -151 475 -434 ]
[89 2 -977 179 706 -773 -1638 417 -846 1266 -179 -43 255 360 -662 643 629 309 141 707 910 52 316 471 -1218 -226 90 290 -782 798 187 -264 483 69 295 327 1069 1017 105 508 88 291 -368 -877 82 59 496 -360 572 753 -246 680 -760 209 39 -237 262 481 -242 143 -272 -1046 -333 201 720 -811 1266 188 441 81 -481 600 -173 -469 366 98 -688 -568 783 -572 -212 -400 -111 -663 217 867 3 174 308 92 -320 398 -133 -700 246 -534 843 569 444 -50 155 -781 1223 -280 877 254 1002 138 -82 -348 -382 -576 962 468 375 633 1013 -117 815 -60 -159 -103 -1433 226 341 ]
[-340 124 -604 -248 657 971 588 -281 -166 -157 339 -614 206 -620 -191 -647 -833 -1538 31 -270 382 138 -558 110 -134 -167 -925 342 589 682 -784 -1143 -341 215 147 -241 -425 -855 745 579 16 1095 639 -742 191 1524 -637 6 511 514 1069 -501 18 69 -436 719 -233 313 486 801 213 151 508 324 -133 -158 -174 -729 -343 148 341 -168 807 171 120 -136 -417 -717 -776 80 -182 -59 412 679 -44 -813 276 614 860 281 -765 331 -878 -635 1068 -220 -436 -308 665 289 -593 6 -101 -946 -1246 -1112 -987 1230 -460 553 6 122 476 506 680 -923 236 955 415 -461 -353 804 1050 532 565 ]
[-148 540 521 -12 -703 -137 186 8 359 821 -87 -321 82 -62 -780 448 -547 112 -108 822 -229 -487 -27 179 -637 -49 -532 327 665 676 -250 -629 -622 -630 765 -269 -91 139 -873 -65 -350 -841 -971 241 147 -525 307 -233 -943 -2 475 635 831 -68 -20 493 -5 -947 -81 54 783 220 -377 -532 -37 366 -611 -137 -425 -472 -781 19 -220 -101 37 -1287 -263 -854 -257 229 500 -129 -1084 -434 -425 262 280 -46 -119 -46 1025 928 20 607 -868 -360 -1658 -1093 516 -669 -353 -415 314 630 -241 -654 304 739 -106 950 -161 407 -773 -11 -246 -469 490 1023 -343 1222 173 232 526 16 227 ]
[-298 770 260 8 -189 -120 -761 382 -480 -175 -609 -526 -688 -51 635 667 -284 748 473 266 -84 151 113 469 -136 -177 -429 405 -285 -164 417 -1044 1629 -651 -923 -1016 -890 458 -242 1 60 741 -46 -134 223 -394 791 956 229 -505 4 370 -1055 -325 -496 -737 -59 584 -664 928 -22 484 -1501 -68 772 -116 155 77 -23 -333 698 -174 74 -101 898 923 -203 -699 -733 1584 -1586 102 -256 -635 1080 -204 1156 1481 279 1121 -789 1168 65 690 269 192 728 148 -1218 -493 -422 -823 41 -179 -302 1003 503 447 -393 -741 186 123 134 -49 48 -300 843 239 202 1032 -379 1077 216 85 918 ]
[136 682 189 -327 490 438 -194 -313 710 266 502 -545 393 -117 -153 266 -227 -664 -855 -680 -161 -177 -436 5 13 1201 71 640 68 614 -207 -94 -864 -683 251 755 1355 -371 697 3 -70 -521 -741 -135 -565 703 201 -707 928 111 542 -1044 62 797 -162 244 145 309 374 -204 -3 380 278 350 -353 -222 -175 161 -341 -5 -267 -285 74 524 -348 -65 56 -245 395 -778 1236 -660 -580 -817 -974 1071 -430 212 1046 18 -375 602 -32 49 491 -1132 -391 690 1055 966 -348 95 206 -339 -147 -1233 364 763 712 536 -599 -339 156 702 -55 379 608 637 395 -654 1010 -447 -632 594 -1280 ]
[209 -142 617 119 -115 1031 78 -87 -538 130 790 -700 934 54 -767 469 -304 768 174 -114 752 -455 -296 -139 -280 353 196 580 -63 -612 -978 213 -387 319 765 -783 -539 -668 -663 -18 -466 1414 78 -1221 1029 346 760 -353 -873 -5 -83 -26 497 228 769 691 -419 -649 -699 -6 459 -521 947 1032 -343 455 -494 -762 -771 660 -304 -409 220 -201 920 755 -171 160 -528 -50 1277 99 -582 -528 -524 205 -541 643 -325 135 1084 1185 -208 482 448 -416 -2082 -124 -325 -302 -920 235 101 -134 400 272 633 1433 -136 466 119 657 -1039 242 2 -152 503 1387 -1053 740 -587 437 100 -58 -69 ]
[241 231 -401 -124 -1062 380 -88 -87 -281 637 765 255 738 -113 60 302 419 1076 -126 1896 1084 488 -697 228 -364 -388 -641 -373 -141 121 126 442 -547 1053 -160 -617 1260 18 157 -467 90 -362 1116 -788 -553 105 320 -540 689 -408 121 393 503 195 719 196 882 -533 -893 -873 -1138 -1134 -376 -12 6 49 -180 -123 -985 643 -1011 382 96 -134 -102 -386 172 -189 908 715 429 554 -389 197 -591 336 901 -904 904 -595 1054 590 976 -1260 -31 -406 465 -183 641 -1163 -440 -319 414 733 604 -474 -210 271 -293 111 361 531 -1074 -456 -536 819 466 -73 959 53 175 -147 470 258 1002 ]
[-331 309 -1074 -908 200 355 111 363 120 -517 -132 367 -982 -144 -695 -212 201 -1343 414 643 -919 -456 -799 370 430 -177 765 92 350 155 -248 -1440 45 90 238 -294 -351 368 115 659 -478 257 -655 635 -235 121 78 325 493 -8 1463 -786 793 553 -927 -408 -121 -1218 -101 577 -558 -473 -909 -147 104 180 -517 -381 244 253 793 -26 -739 -877 -1203 -1031 392 -1341 -852 246 -955 -90 214 -964 175 545 1252 -345 84 -282 864 570 638 -339 194 530 -41 -332 -10 -517 816 -451 -305 -894 -346 -38 -999 -538 -596 -981 1022 -1389 523 -687 1216 -1471 244 616 445 40 -94 9 179 416 -15 ]
[-478 1204 -761 -639 -244 1699 -116 -28 1218 44 3 -372 567 -268 1000 -441 -615 -484 521 1038 847 645 283 48 857 211 125 -419 784 126 943 -1704 -147 -77 -323 -997 -240 -623 -1070 1452 508 991 173 1153 301 -1055 653 124 -729 -507 375 -238 -205 935 -77 -19 -850 -322 -337 239 -615 415 -905 1092 761 -415 259 489 -1333 -703 -274 -112 138 -163 557 -537 -409 -568 -291 401 614 -415 -256 564 429 -63 255 109 329 620 -222 606 916 -171 -13 -474 -1044 -394 23 72 671 -829 -671 -94 381 832 107 -464 996 217 -766 -323 252 513 448 -204 330 -281 292 -26 -1101 324 467 238 -43 ]
[440 -346 -250 658 -41 375 -22 -43 1227 393 328 -318 884 -169 -512 892 -807 -23 871 558 -461 -722 -500 -1765 627 -347 688 183 455 681 -147 64 -113 346 -396 479 -617 595 708 150 -1459 364 224 216 2210 -524 676 111 463 -121 738 391 -1134 980 280 318 193 -339 -210 790 -207 -830 55 1243 237 -245 179 406 -305 767 -507 -411 -607 253 -295 -298 -9 874 -369 400 822 -131 535 -430 -585 -423 -1103 -778 -193 222 83 -662 276 1583 395 -135 -204 -338 144 -751 -796 -589 -240 322 -546 438 -112 -583 -176 -766 -369 -474 751 -326 260 -149 -345 -214 -63 -843 -144 73 -687 -412 -379 ]
[-882 926 -90 -362 -285 421 -108 4 -45 518 -196 307 465 -381 1404 227 1010 290 -557 186 -512 -194 833 -384 -305 -701 -91 319 -840 -98 1362 26 -188 -718 -4 357 -518 -139 -1083 850 -18 194 898 -152 1989 540 -478 -660 366 -589 -381 404 -674 -67 -185 -1293 909 -350 -382 -1305 704 -999 -258 402 394 -174 -546 22 -258 -381 318 96 1060 581 499 -308 -101 216 -352 156 -625 210 398 826 206 811 -225 -775 -328 -578 -262 240 91 -1016 327 939 -922 -90 -257 -105 1019 442 -321 -427 -546 -1 1310 -699 -591 113 -270 536 797 1157 125 -304 177 -508 -302 384 -24 165 741 -861 740 ]
[1193 -337 -1206 -279 -259 -53 -595 336 -47 132 -1119 -188 -534 -138 15 -306 579 -801 -483 -105 58 277 1079 -797 -429 813 -116 -37 130 -212 672 -992 -446 -404 -348 -309 -36 796 -52 -329 647 -1294 683 444 -21 -414 92 204 81 437 21 284 555 603 -578 -307 1377 -46 1709 -729 290 359 -612 149 -997 237 -528 1108 362 169 697 -214 41 339 570 54 -1016 -871 596 -1229 -576 -385 737 732 -317 23 -357 -540 1013 -933 676 -172 -335 -1161 -444 524 579 -937 204 156 453 86 108 380 -240 -365 -314 -1161 738 17 -816 -367 -412 560 429 -249 -569 -230 -948 -887 -1011 -858 383 279 396 ]
[-257 782 144 151 -261 1246 -204 -452 -198 -483 -340 274 218 542 774 -63 175 -230 1482 -1035 -657 -1448 493 614 955 63 196 594 -219 -185 -277 462 432 -369 112 743 161 244 194 -3 -1608 -45 -151 1449 556 -376 141 -651 90 -117 -210 461 -1291 -7 1218 409 -503 97 -846 -264 -298 -678 -632 438 418 -808 169 509 -74 -543 -312 -747 -74 301 66 -346 1107 -87 -201 769 401 -814 -1441 345 -288 1175 -64 -716 -378 92 -350 75 -356 578 -330 -1494 -540 795 60 317 -96 -572 425 -264 -328 735 -55 -253 765 103 -525 -578 342 229 -415 -235 147 -852 701 59 413 437 -321 -1076 -54 ]
[-458 188 -179 -121 739 -448 -169 301 -732 879 -594 -192 -282 186 -333 133 843 -1250 -919 -439 174 -495 1196 -205 -200 -513 544 139 -221 27 330 -544 142 257 -444 588 -386 -417 -828 150 726 644 -22 -414 -116 -181 -1179 -702 -289 435 542 131 -1045 203 121 -1066 -255 -331 242 516 1202 -409 -185 608 1123 -133 510 -388 -300 -764 1515 594 -9 -477 -495 61 -63 350 912 5 -131 -1009 -1031 288 374 87 -51 -863 -362 -1184 -126 -961 187 -208 -52 817 -749 -616 163 1015 889 602 -182 -438 449 -269 631 -394 -711 449 -155 -1149 380 1302 526 433 569 -1056 757 -208 426 162 -122 102 88 ]
[-699 610 -118 1015 -684 -104 -288 -771 -178 -712 76 49 448 -202 861 433 262 1411 1002 593 446 381 -1059 -111 -1007 137 -288 -68 -448 751 538 387 -280 427 -608 0 696 614 967 -137 -615 -897 -241 -816 345 610 -133 294 835 -605 -636 724 -325 41 685 474 53 812 -860 357 -574 496 13 219 845 -543 807 -71 790 -119 -218 -533 -642 744 1236 711 52 437 -36 1077 -696 -158 95 113 -693 -352 -343 -181 -67 806 -496 -317 -817 924 331 -288 948 -15 531 -532 -701 -611 -659 212 -596 1017 402 109 -856 17 -684 1164 -812 1157 -607 789 -278 -1044 -650 248 702 114 -1730 -588 -123 ]
[492 565 75 64 -472 636 308 279 316 -699 646 -263 -671 -197 1474 27 -14 473 358 -673 -479 -738 409 118 772 -184 0 835 -658 -1221 166 552 -1508 -95 216 242 -961 -170 -801 659 -74 -410 -726 565 650 -637 -215 -619 1232 -944 649 -516 -223 514 932 -487 -634 -213 -742 -1118 -677 -107 164 342 22 -637 -187 -71 -873 525 352 -154 -162 426 847 403 151 956 -881 547 -877 -886 -759 -507 507 -209 602 -1142 -887 1063 551 -335 1273 139 -302 303 942 348 -230 -1224 79 318 -1309 1003 58 72 -190 -1674 -365 -330 -517 419 -420 273 -47 -978 -493 -115 326 -272 513 -174 117 -337 -1004 ]
[1476 -483 -238 204 -257 480 65 485 -56 -77 756 383 -361 73 -101 100 387 732 -395 -344 674 299 -79 708 -102 180 558 -88 -584 -708 264 1178 -129 393 1098 -76 666 -146 -783 185 462 -146 -287 -183 -501 -1191 908 -239 122 -401 -477 200 1111 -1008 -136 -959 844 -622 -1249 -1290 -129 -541 885 -488 -458 575 -137 487 -200 296 -623 82 -127 306 -407 -78 -123 65 321 -725 172 -362 122 -931 -71 694 341 -149 -479 -547 1361 -679 855 -732 -795 572 -190 642 -1414 -675 1712 653 354 343 1642 759 245 -1138 1232 -383 142 1382 -611 -347 119 144 429 671 -590 607 -225 -494 24 -473 -205 ]
[862 415 -249 184 -842 -469 125 587 -326 -291 126 -52 645 100 -296 614 161 1022 -530 217 225 -153 -363 -627 -963 707 332 -6 -113 -154 395 31 463 -15 539 -579 -1068 980 -408 -646 -1271 -328 750 -527 603 179 303 -43 402 -179 869 726 -84 367 -8 120 256 -949 447 -381 -103 -1077 916 599 -1316 -557 -269 101 906 758 -597 530 -819 155 379 -395 -1176 563 596 444 873 -8 336 -780 -918 568 12 -349 174 1434 404 201 488 -590 -496 425 550 941 -596 -1051 -235 -208 1196 247 -255 210 -92 -1059 595 -298 63 4 -690 -91 760 338 1212 1035 -267 48 -709 717 54 -477 250 ]
[-1503 1320 118 0 -127 -279 298 32 -276 555 342 591 232 -469 769 -1326 -86 101 310 -506 -459 -931 437 -162 347 -167 56 -423 282 -153 590 123 -17 -549 88 238 -357 1064 -384 1078 -798 -82 -276 1507 -128 530 -1317 -552 -572 -15 -370 -148 346 199 900 1001 -388 -445 1370 -319 -528 -525 6 -137 -198 -633 818 280 -117 -112 -467 136 -312 -92 232 -924 241 -370 -587 749 176 -208 -368 368 274 232 941 125 -64 698 -116 829 209 -384 453 -255 -914 641 -60 190 -228 -562 175 -363 546 972 -67 -405 -6 -547 55 442 -559 -487 387 1030 -315 -500 91 1068 262 1256 -720 -276 376 ]
[394 -368 124 32 -367 320 -732 296 -278 -927 201 1 205 641 -45 971 246 267 536 -311 -470 -157 -187 -369 -48 -160 550 41 -678 -455 -412 -998 1386 366 412 -1088 -1322 2 1 195 -154 -523 -525 -215 -428 -308 553 1013 -110 -659 -446 -32 -68 -946 461 -300 217 466 -1760 -101 -595 1109 -364 120 -67 175 -494 -1063 293 660 99 590 -797 -324 1263 -281 301 -982 -831 705 357 655 545 -1327 -15 1212 220 417 590 1004 736 434 -815 -94 -90 -336 -80 -208 -114 -874 -84 277 266 226 -285 -68 591 119 736 162 474 1040 332 -487 744 -707 -126 147 39 1069 -870 1201 -630 -414 1025 ]
[-341 -1015 728 -638 543 506 12 420 37 -549 604 387 -664 -162 -615 207 819 -534 -558 -836 -235 500 -523 474 -23 -393 640 116 -1506 323 527 -477 -779 637 1226 68 -774 -452 -691 241 829 656 225 -1058 -283 944 294 763 -634 4 -407 -42 417 -1597 -134 -15 -100 -721 -1110 589 -146 317 1841 -215 248 1467 -107 -73 253 536 284 469 402 415 32 -585 -347 459 -525 -884 378 132 74 -601 -272 -869 228 -427 -710 386 154 -1227 -179 -190 -891 192 37 340 -280 -297 1266 1340 -863 -230 878 -1215 995 -1046 407 530 -168 1191 -281 340 571 -844 -305 534 -296 -381 -725 251 -136 -461 -357 ]
[-288 1045 -873 -46 847 431 -209 -508 247 64 -125 885 -314 -726 -107 -969 355 -853 392 -222 -138 435 381 -718 128 -502 84 -263 -531 150 1236 -634 -640 672 -608 -12 -632 367 -431 489 657 -29 -449 105 417 78 274 767 726 340 102 -1031 507 1408 -179 316 -698 1128 796 -196 431 -660 -436 777 1094 -1519 1409 227 -89 -35 1034 -168 -158 -1009 402 909 -439 -209 -336 240 -485 -1253 355 1117 997 -327 503 -680 411 -311 -692 777 -213 141 593 302 384 -703 136 419 193 -464 -622 179 -161 -12 -339 -481 -708 -723 -270 -339 946 556 288 -426 -716 -793 60 -1097 -51 -835 -493 670 -551 ]
[433 -418 -538 519 312 -395 130 -28 -1346 -40 231 295 -524 228 535 -832 -265 -510 1078 -1111 273 317 1012 -90 -186 -48 -639 -436 -5 -682 -71 588 453 -32 -240 265 -917 80 -607 321 167 384 -801 1151 472 256 -655 -49 -328 193 -923 554 -691 -1476 604 -244 318 776 384 10 -364 -439 124 305 -690 217 71 -570 245 -455 1976 -330 702 531 864 349 270 409 60 -638 -1060 364 90 461 144 -111 -128 -151 -792 -372 202 -727 -670 -588 208 756 600 -992 -295 -100 -230 -87 -557 -49 200 546 -50 -670 -713 60 -922 329 -137 -617 471 -468 -422 -245 -235 880 -553 708 379 -486 810 ]
[312 905 -571 -987 -194 217 -555 193 -161 -593 433 -228 609 214 437 -185 -278 -37 -527 -92 120 -162 -448 -574 212 -501 572 -946 108 477 355 -642 1167 -298 -725 -879 -298 1180 1029 429 -122 -114 1091 -76 -479 -425 485 -718 -248 -1158 646 839 865 -340 636 -372 311 -1192 88 132 -232 -342 -421 -390 -281 447 -537 429 902 -468 -1727 -150 -959 -595 -275 -542 602 -506 -549 1240 -799 -1221 -314 855 886 107 553 112 568 -13 82 799 143 -947 305 656 -431 948 -148 403 -60 -680 58 -119 -894 934 330 -385 1020 -171 -621 1031 -101 898 -209 40 1022 -1050 -201 -358 44 759 510 537 845 ]
[-190 -941 155 -241 599 -522 107 -46 -130 -228 -344 827 -394 -501 -1148 -637 927 333 -475 -331 130 366 -278 765 -1584 -1001 486 24 -1549 460 431 -93 -113 918 216 192 -54 379 -1178 407 569 315 -305 -208 479 548 949 1159 -400 1054 -537 778 -470 -1280 -68 -341 393 979 70 1079 -125 -304 -6 -328 194 600 1361 -176 241 -156 1146 195 -1084 -632 -41 582 -787 -143 419 -258 -499 -117 739 -144 -792 -123 946 -210 602 -18 -74 -763 35 -137 -502 924 553 -310 -261 417 683 542 -1078 -175 796 -526 86 122 -918 438 43 -58 293 23 424 -375 -707 596 -923 174 108 -298 -339 255 -244 ]
[-838 50 -122 -367 -16 414 637 -315 -558 188 -426 -203 -1649 -1369 -624 -962 529 -428 -1237 -1787 -671 -834 173 57 -338 965 58 1101 -1410 -415 471 541 -277 -584 713 5 -694 306 -397 -1148 -420 -1079 -1211 -88 -1699 920 141 120 -892 873 9 -1659 1050 303 -204 943 302 101 284 404 445 -14 850 -224 -183 163 89 -482 -898 725 -82 394 869 644 130 113 -515 -782 -968 -238 404 -110 110 -851 707 281 1117 226 263 -46 518 1051 -1092 -298 -194 -342 -446 275 -1120 872 117 793 -1410 -328 1330 -309 520 -525 -175 46 822 113 29 96 212 796 -1003 347 -1184 1043 443 -99 -592 338 -618 ]
[1026 -101 672 -1234 187 -229 559 -31 1195 362 669 290 18 -196 -443 539 -824 -50 -325 -405 -499 -395 623 504 -909 -569 -669 516 -117 11 -184 -883 328 -902 -188 422 -119 -210 652 -905 -161 -284 542 42 305 -878 622 -453 177 430 936 34 -1028 -386 306 -1574 858 -845 40 -280 1160 594 -52 -502 -348 926 -973 724 123 1213 -64 -147 603 370 -1072 -365 1062 161 -244 -1138 -603 -196 72 111 363 399 319 -287 -62 27 -201 160 949 -143 53 862 636 234 477 -57 86 -94 517 474 -903 -1113 244 95 570 587 -361 -1312 325 -5 -162 -1222 -222 294 -67 -1008 65 -658 1169 396 -297 ]
[-77 -1148 -58 682 -420 -726 -250 73 -604 1256 -863 -559 406 -714 -946 965 210 544 -324 737 460 -9 163 -528 4 -814 486 -26 -708 1415 658 737 -557 -254 -39 -370 12 18 -963 -89 -412 -21 150 -292 332 -843 316 324 -332 599 -639 -73 391 -85 -1016 -222 1132 -514 177 1063 590 -407 -1548 -173 204 326 5 85 313 -49 -743 -228 -658 -432 -460 319 -617 530 521 309 504 -324 -385 -388 649 -476 -213 395 -396 -228 847 -235 411 1372 -459 539 -654 -1086 -806 119 -578 -436 392 -442 525 891 1221 -472 -973 -869 212 -353 -121 147 -872 154 344 -50 -205 607 400 -805 -173 190 -436 ]
[-118 -1058 756 920 70 -633 -446 94 -861 73 -468 51 467 -623 1016 93 -157 320 -170 -240 421 648 -193 912 654 -785 -381 722 -314 -890 -402 1643 20 -530 336 -260 632 -2058 -1310 -117 770 785 160 148 -628 -244 -595 490 -230 123 -1307 -1176 -277 -463 451 -747 -326 1156 -1110 -103 764 221 130 370 772 -647 -718 -884 -1013 -8 1000 -493 -274 -238 -424 831 485 375 373 178 1298 -122 -1363 -394 -243 -652 -658 855 -555 216 -907 -809 -4 436 -442 -534 696 -738 -206 -560 -16 1188 258 267 592 527 732 -1038 -985 -535 787 -116 -83 -505 -169 471 -45 -24 498 348 -439 -430 22 -328 -903 ]
[101 1100 103 -782 -464 -272 -846 842 -639 -193 435 -602 -215 7 -250 -114 -637 -22 416 -390 449 -250 -508 479 -335 105 -116 296 -373 819 88 -364 221 -681 127 294 520 -25 296 314 136 296 334 -981 249 577 -513 -4 14 -329 35 930 19 -894 -129 -504 -562 -1136 -113 -192 134 -278 724 -1283 -200 567 -696 260 765 -1402 -1340 -549 98 -296 492 -317 -98 -489 180 -300 -810 -606 -991 19 -940 246 591 165 -655 493 43 -36 -5 -135 -171 -701 478 772 682 -942 245 -149 468 446 265 602 559 500 23 705 -1218 768 -961 1093 -46 -978 1289 1030 525 335 214 1042 152 120 -233 ]
[264 -547 267 -425 -76 530 1420 -907 111 -322 -534 389 -38 424 -881 -374 469 -16 71 87 234 -1025 -352 316 -566 98 105 754 481 439 11 -63 16 -29 240 -158 -616 -805 -870 -930 -218 -395 765 5 -144 -498 1531 -95 -166 1005 648 -576 678 571 -565 316 -15 -534 -490 168 1261 -16 -981 -74 -452 848 25 87 583 9 610 -508 -288 -160 -330 572 472 -372 -79 169 -352 518 -1080 -801 -329 560 322 -56 706 469 345 736 884 1205 -791 544 -911 -305 -726 474 -573 287 -677 147 -361 308 245 1125 -225 591 380 -593 -1590 561 -862 -880 458 792 -471 -334 969 -421 486 -478 -1379 ]
[1239 -560 719 -166 -467 939 798 -583 546 746 995 547 65 -208 -254 -292 142 1241 352 145 -557 120 78 448 165 654 200 189 872 -1539 -19 1660 -220 906 8 722 576 -858 354 -1389 -434 -534 -384 -846 -519 12 141 312 -131 77 -214 -390 -17 981 72 830 -535 407 309 -356 1060 -749 1804 363 -325 -518 -1192 -201 -1148 884 -441 -70 438 578 -762 754 957 1617 145 -330 1619 164 -249 517 -239 -53 -438 -51 -701 -357 -202 -270 40 455 106 -841 86 374 -200 -319 -416 244 21 244 52 -1017 -391 46 -176 -515 929 730 -450 -299 -1515 1120 -170 17 -215 -66 341 -1305 594 -349 -387 ]
[-523 96 516 -22 610 597 -343 -623 -159 91 593 -200 -131 1653 588 -508 855 -1012 -887 -275 -826 519 801 346 798 776 -701 -112 478 -343 -766 -782 -449 1 -487 706 195 -726 -364 1388 1061 716 -757 112 -597 673 -1069 -135 -1197 -393 -533 464 38 21 -186 232 -1782 1476 -404 -845 -481 9 237 -515 160 477 99 -369 -350 -515 389 375 430 417 756 37 -205 30 -428 -1140 -1669 -451 437 1006 321 -88 -533 -45 -94 -575 -118 -79 -302 -881 541 -717 -455 -639 -8 1312 118 -208 -867 -1289 -187 -1280 -1011 1125 -238 298 -345 -899 993 -725 -567 -263 -107 -224 97 569 438 970 693 1093 34 ]
[-15 -1151 -947 569 731 500 457 -38 -526 418 645 -47 750 251 237 -746 112 -43 599 311 1039 1 276 -457 58 252 602 61 967 629 -490 9 697 508 -506 428 297 97 -67 164 532 514 357 -344 332 77 743 -672 1134 620 -14 544 -289 -691 -682 27 -10 939 314 1134 214 -707 619 59 -495 60 674 696 -108 162 548 785 -349 -75 145 1028 604 381 925 118 -162 290 352 375 165 -586 -1125 625 1158 188 -1967 -452 -154 -682 789 323 -72 504 -88 1026 -869 -28 66 -1276 -292 1150 280 999 -806 -177 -300 375 504 1569 -149 438 458 -874 192 -804 248 127 -124 -192 726 ]
[38 -227 255 1181 -641 -108 436 -239 251 -821 154 1004 345 -22 19 84 -482 599 -188 760 -272 389 -449 -432 452 411 -975 -531 -85 -875 -416 569 617 -100 -597 -519 803 200 -282 -912 800 -383 -399 659 234 77 -217 -139 -67 -674 -886 -407 327 115 206 780 93 734 -517 -180 -892 -245 395 309 -396 -959 -192 632 66 -238 304 21 411 -405 371 -554 -557 1159 -481 -523 76 324 1408 529 -281 895 -580 372 354 -135 663 937 -279 -75 553 -665 601 -1208 248 -395 -584 -255 28 -18 607 651 -69 -86 -330 877 131 465 430 -988 -416 150 304 -166 71 177 -876 75 -222 363 46 ]
[-262 663 206 115 -1167 714 382 -75 35 147 -926 -41 -187 59 -303 -1884 504 160 226 -83 623 -968 564 59 70 -390 151 9 618 56 639 103 -839 520 -35 573 -811 1007 -599 770 -1302 -3 -291 1633 -180 -866 -1353 -1001 23 178 -44 -23 -288 469 1380 330 379 145 -80 -611 -587 -695 -568 693 -41 -395 253 720 -1321 -629 -857 202 1253 -412 -524 -935 271 -406 459 983 540 -745 -235 1131 720 -440 989 -951 239 19 141 47 619 138 229 -333 -429 264 -102 -217 199 -353 -1420 -359 716 1063 -1230 -468 -52 -440 280 656 -35 529 -790 1575 -670 -455 -439 417 542 423 380 118 179 ]
[-440 460 489 -1057 -931 695 -78 -533 -1123 93 654 212 673 1830 565 362 222 724 513 -114 -12 -140 -28 756 114 1410 -981 39 -1000 -437 471 -19 108 102 -920 -194 -112 -372 66 -668 -1253 290 1325 -297 -301 37 -737 652 195 -220 -825 -1076 -221 1312 -165 1062 781 -321 -1279 -743 -605 -403 -433 -143 -954 519 -677 221 -46 -436 -1233 -309 1123 -319 71 27 -290 -338 -210 1552 1003 289 -231 -125 201 -104 988 685 -52 1948 -763 917 241 -166 779 -732 7 589 -944 -242 -455 259 1021 163 383 -355 -739 -72 647 -1033 149 -11 143 -643 -378 592 533 395 682 168 -46 -70 231 247 788 ]
[934 -520 633 430 -116 -545 780 -554 251 765 -450 228 -338 -347 142 -85 49 386 -876 385 -739 141 -255 -807 159 339 -956 -433 599 -664 -609 1059 63 578 -731 578 578 659 171 -1559 1284 -533 461 345 -999 -387 -406 -276 -255 -404 156 548 -476 -118 574 -280 -272 1079 346 -498 -352 -382 -580 -855 -227 -397 -29 110 -332 495 915 -21 -250 -124 -209 152 421 401 953 169 803 -840 -510 78 -601 420 609 -148 -83 -389 553 136 52 162 -852 -125 1018 -76 -82 237 -246 580 -112 824 1566 -459 -351 208 59 318 227 -226 -936 -1348 -641 1321 -310 -862 193 391 867 216 392 476 -641 ]
[1057 -987 777 -833 -312 -482 -974 544 -2045 -149 1052 -294 109 -953 227 348 -150 -6 -280 -1508 368 -649 209 -212 -164 916 98 267 -870 103 -1006 1082 -167 -1113 641 -43 -1017 -347 271 -935 200 -585 -574 -360 -688 244 -397 248 -488 51 -923 -154 411 -1568 66 -368 1491 -1511 50 541 -4 349 -64 -57 -538 594 -1190 314 71 470 99 -278 887 531 873 507 -159 93 -538 -305 221 -110 -153 662 -254 378 91 1333 -783 270 1351 -451 -1409 -964 -261 -926 -729 306 -305 258 -188 44 1707 -353 1008 77 230 -757 908 -439 252 143 -347 -447 125 -772 262 327 161 897 44 198 861 -412 539 ]
[-374 191 -1004 -303 -773 179 1015 -569 74 774 332 125 -62 -103 38 -607 -81 -750 51 -528 -823 -847 394 1175 89 923 -431 316 644 -414 -368 -654 -57 7 503 -149 656 -485 -1028 253 -1396 -361 -447 404 -198 133 184 192 -215 225 95 -74 1389 1235 -96 -70 139 -322 999 -376 274 -130 -254 -348 -1309 -15 -729 -527 420 252 672 -669 -569 274 -193 -477 726 -999 224 398 -17 -959 -493 -261 -355 484 -454 664 59 347 59 540 -204 -231 376 -43 -536 -863 676 -130 -909 -183 971 432 -1353 -1491 -1108 -200 -314 -407 -29 -914 88 -678 274 -822 -477 619 -476 -330 -560 -967 381 -150 577 ]
[257 625 -381 -480 -1108 884 631 -80 253 -319 -578 -232 -548 406 82 -999 106 341 -710 -54 -306 59 651 412 135 154 -505 -83 -551 197 876 -1044 210 79 -937 -1427 -874 594 -484 618 -1344 -564 572 696 -312 -873 310 420 14 -280 381 21 -155 252 -32 10 41 759 -265 244 -692 -206 -377 -306 -857 739 589 294 124 -358 -82 13 971 -64 955 -638 71 233 3 200 -231 -659 -265 -219 -207 -310 1038 -99 -54 743 -371 -418 1552 -518 -537 62 -183 1320 -1545 -22 -164 -594 98 86 537 606 179 -396 436 -154 458 -53 -265 -130 -382 293 274 860 -292 631 -575 1308 987 240 746 ]
[-149 -382 -1091 -684 675 214 845 -329 -115 290 -399 -363 -112 -778 -473 252 -44 6 111 113 267 -1132 383 140 -248 -463 839 347 322 -115 151 -357 533 295 1057 -431 -136 136 286 -123 -780 1093 787 -822 360 390 418 -149 2 663 773 -43 -808 -115 -306 -764 798 -658 -540 -610 712 -111 45 -50 897 238 -36 -900 -1156 400 -786 706 503 -785 -652 -1129 197 -98 -648 -76 340 -234 215 -666 64 1678 -574 -133 -459 -1013 1026 122 569 195 1414 1355 -291 386 -604 -185 698 1021 -23 -807 575 81 -149 -430 626 444 1464 -672 406 36 774 204 106 164 305 460 661 -386 -316 -248 1381 ]
[-589 750 -415 -166 394 -607 269 472 1103 -785 862 353 -411 5 517 -672 -532 -978 326 -848 -902 142 -307 231 -356 71 254 -214 1118 -162 369 46 -648 -335 14 581 1277 115 398 1227 -462 -411 -276 -98 663 176 -202 360 -43 693 1271 -319 356 1149 -718 839 -1955 -191 1346 26 380 -197 -45 -702 255 -732 268 642 36 -295 467 -476 -1394 435 -98 161 -88 75 235 -300 -684 -490 -489 -161 -427 -926 115 -966 -20 -577 -898 -85 373 -695 -802 265 857 -171 96 543 1195 323 -308 -330 -1218 -424 -731 -44 -1276 -107 -705 -743 -664 318 706 -210 -18 841 -367 -459 223 -257 -130 -442 -1596 ]
[-828 109 720 220 524 911 112 -820 1283 -9 704 524 367 419 -418 748 398 387 156 -253 -306 119 -310 -267 443 -325 91 147 -545 1048 251 33 -110 560 -341 -202 206 -1051 529 574 -378 991 653 -1391 1311 899 728 569 -276 228 248 -56 375 859 454 361 -1138 435 -625 800 510 -276 597 508 338 -384 738 102 2 156 -415 651 294 -517 34 483 357 983 -697 -116 486 330 817 243 -213 -211 -462 -637 -422 -582 -247 -77 -834 802 429 -292 -976 -47 719 -16 -118 -217 -44 -459 -710 -580 43 1150 44 535 636 286 372 157 21 -275 167 498 -296 -1098 9 -734 -533 -410 -456 ]
[-1106 -376 -183 159 382 -1003 340 -1002 -128 -997 -244 593 121 -332 -180 -142 374 658 176 -170 934 634 -929 460 -948 -993 -514 -10 -847 946 677 -552 -710 -448 -366 -773 -754 1279 298 -379 -36 52 -467 -877 425 450 597 -104 69 633 -444 605 405 -390 193 429 -151 907 293 173 -42 581 389 -365 501 -389 1689 -324 1250 -121 -579 -270 -849 -210 764 217 479 -582 551 577 -423 281 -401 -214 743 -441 -500 -241 -305 30 -827 33 -661 298 -773 -44 708 202 565 205 -1462 -1339 -825 41 -311 452 1371 881 -255 787 -1515 346 95 905 -593 14 -761 -233 -370 388 169 176 -361 -253 -498 ]
[1003 -100 -454 203 -337 1341 561 435 1288 479 61 -144 503 -670 366 152 31 -297 -606 -114 -656 -678 409 -739 974 -861 -493 -235 229 -1423 -401 -61 -307 908 -604 807 -191 404 142 78 686 -23 638 1254 186 -39 -688 -792 -108 -1271 -11 296 -557 1102 561 755 -187 663 509 -543 -295 -1210 -385 -46 -207 -931 -1268 -572 -884 726 387 -1005 541 42 86 -646 384 796 -327 -109 324 -892 -566 688 176 894 888 -1222 -592 -260 945 194 332 507 -663 291 -37 -435 603 111 80 97 -1318 -215 316 -506 162 -1017 284 27 -108 -383 -519 210 -925 -634 -377 -557 -100 -782 -178 -384 887 114 -486 ]
[1375 -420 120 359 693 -560 -538 248 -207 575 -353 162 110 374 -2194 -79 24 -735 126 138 1203 -803 81 -156 -898 -1120 434 273 -382 426 -115 -317 -1372 623 497 266 -1827 341 -590 323 530 -139 -1045 -284 555 -202 -131 225 212 774 195 845 -678 -596 296 -498 579 -98 821 344 885 -420 734 1311 58 228 300 214 -430 1344 951 115 898 16 300 -100 207 335 583 -953 443 215 -588 -668 -179 -136 -102 8 -411 393 524 -1062 -234 731 -138 -328 -545 -303 501 -395 -688 -382 429 686 212 -294 551 608 265 23 -452 -531 -660 283 -175 -1162 224 775 199 -104 -483 -535 131 -155 -297 ]
[-81 -10 -766 27 -672 -570 156 61 -98 286 479 220 807 -1020 -48 476 448 417 -243 513 165 -26 -336 -287 1029 -63 316 -767 167 387 -424 -156 -317 278 -208 -20 -396 197 115 496 290 -387 306 -210 -327 413 -865 -38 -378 -1322 -991 409 902 -69 -61 319 500 96 514 152 -299 -79 -86 -1124 -883 -125 -355 -223 50 162 -1327 -531 -970 -678 648 193 710 -89 463 763 442 -652 -421 867 -666 -66 -155 452 -320 -442 407 -301 -321 76 332 -528 -631 325 555 -132 -761 -479 390 -434 517 -379 -406 355 712 301 -458 941 -296 -146 -466 940 -613 -247 720 389 -32 443 -187 173 869 ]
[125 401 227 -278 -38 532 1925 109 1298 450 728 172 143 -755 70 652 -601 -173 -282 -336 -460 -294 -684 -242 -987 394 -172 -282 -227 646 -122 -980 568 -265 -132 371 -8 -253 -508 -245 613 394 -683 -76 -441 57 537 -468 -525 113 97 -322 252 -641 -455 -338 -64 -554 -1451 -28 829 -231 -86 -1388 -131 523 -636 -206 -1263 804 -819 148 22 -151 -893 -1149 1076 -54 735 -1056 -298 424 1007 -52 533 1347 -247 -707 -159 -68 669 781 546 -231 -45 159 -544 -957 453 75 1072 668 -851 -454 -611 -1462 519 42 287 520 795 -1425 854 -1119 651 -967 -136 381 1264 483 510 -449 767 178 34 ]
[311 -220 455 111 -85 372 292 -141 455 -353 450 -202 611 680 -328 519 457 595 -436 -647 142 -719 -746 -49 -110 -129 8 410 101 -372 279 152 429 -191 623 -255 -970 -153 -174 -418 -276 353 -293 444 -475 139 744 123 235 -475 271 -36 -760 302 531 329 346 -580 -69 250 -1411 -959 103 895 -756 144 47 -230 397 650 1456 606 24 687 -35 578 -715 1278 -490 1411 1075 107 -361 -836 -388 193 913 618 627 1406 -509 3 -180 -111 95 386 -610 1520 -1310 133 112 -202 684 120 -698 -565 592 -923 478 -277 937 107 -533 194 -8 -280 1052 -80 -817 120 -351 788 -234 -11 -566 ]
[-51 -802 -7 -538 286 -706 666 167 938 255 -935 -12 -997 -623 -880 705 -291 -120 -304 477 -1141 -1302 34 -248 -666 -666 258 1067 -741 237 474 341 -650 -260 264 7 -375 1282 -221 -984 -1158 -40 198 -87 1396 -420 -222 -246 -110 880 1147 401 91 1077 -91 -53 449 -537 242 -557 4 -113 -469 -696 -31 -140 7 -179 -321 -154 -1089 -1 -289 -1060 -733 -887 409 -663 332 -55 944 125 -427 -1213 631 225 116 -1333 -835 -969 854 138 597 1035 -1221 -54 80 434 638 -285 427 278 -450 629 527 172 549 -133 -524 115 129 -811 635 65 -59 232 -616 163 -76 -10 963 -514 -613 -379 -1056 ]
[187 -807 48 146 421 -31 376 416 131 -623 -272 313 306 794 202 320 -379 -192 95 382 -445 -103 135 -149 49 -513 -143 342 -30 -641 -212 -384 703 -1085 -403 -444 -466 -90 201 -781 -529 766 648 79 1244 -654 -108 404 -433 522 -307 -986 -851 145 102 -141 -269 -107 -725 -484 188 1052 -47 605 658 -280 -74 151 635 201 273 48 426 -289 -108 248 669 228 -460 -639 253 678 1106 684 871 -41 -809 72 -181 118 -637 61 -37 -85 183 -449 323 -530 224 -620 -399 461 -48 678 -286 811 -265 -58 -318 11 126 -1112 823 -356 277 -49 -518 -262 294 -778 -611 -281 47 -544 -484 ]
[-249 328 171 -289 231 -451 526 -414 478 -774 -777 293 -1112 32 -107 -1351 723 -286 -534 -1113 -241 755 504 -131 13 693 255 -229 1411 -911 471 -319 601 18 -788 519 412 -736 439 -500 753 -164 -117 444 -699 -622 -592 -156 238 334 -503 -935 -188 103 -1147 -1055 -476 212 1303 -246 349 1049 402 276 -538 -47 -423 -21 577 -1046 2094 -273 172 624 -251 1116 -449 423 690 -126 -636 -226 587 616 58 213 -1112 662 1017 607 -852 -848 62 -168 448 795 906 509 -632 674 44 263 -457 -382 -12 188 -584 581 -298 458 -427 -69 98 241 277 753 -521 -746 -323 -374 139 -84 161 221 -1134 ]
[149 610 110 560 43 410 1143 796 431 -427 829 -169 -129 -316 1084 -1050 551 -828 -668 -1422 -846 -579 10 -449 784 146 110 413 466 -809 -743 780 244 -584 -754 166 -304 1294 205 -296 139 -405 -840 805 -542 151 -659 55 -558 107 159 -227 -5 660 150 1052 -600 611 722 -327 835 461 229 -210 288 -524 1011 -210 -1065 452 1193 -169 -10 623 341 177 264 -87 -425 -271 -861 -516 115 560 290 212 -319 -401 -557 -327 -195 -111 140 7 -450 -877 -354 85 -603 1057 261 752 -896 -389 -743 -338 268 -317 183 -277 750 -1388 30 -342 -4 675 -658 -8 -634 830 493 -296 627 -81 -922 ]
[501 152 -1735 254 548 -165 69 -296 -607 -1448 -195 400 -42 -972 -82 277 516 -566 911 278 74 499 506 -616 -571 -638 -41 -705 -1430 -1068 940 345 -175 486 -1409 -407 516 -86 803 -113 801 170 735 -34 1117 432 -1175 95 28 1232 354 -1082 -495 430 -348 539 711 729 -39 -399 479 -128 -436 1197 731 -1409 -746 -572 -808 93 -352 -233 -370 321 -207 179 316 316 194 -854 -50 191 783 231 -16 1111 -209 -1676 41 -1824 981 -614 225 -466 137 476 27 -1431 -274 -95 954 813 -674 376 730 -50 -282 -1027 -487 -145 -420 -270 -95 -819 445 -249 -349 -119 581 -282 -94 -701 -62 -867 305 ]
[-236 -1402 683 -724 923 -649 121 180 -611 -707 1142 869 648 -140 97 -185 -1263 367 526 -1636 959 -1013 228 419 -666 -907 1084 62 248 -401 63 560 630 -508 604 462 -734 -282 -417 36 139 345 -278 -963 1344 683 937 433 173 -129 160 854 167 -1569 349 -610 1092 -722 1202 1396 1117 -357 901 -15 -180 914 -65 251 3 454 1160 -751 -745 672 14 997 319 -40 -743 -92 -443 347 -236 140 403 -256 -791 1107 -400 -213 -246 -421 -882 258 -346 1484 -1143 38 370 470 786 481 442 -48 -508 116 967 -405 27 -33 87 841 -333 615 403 -1036 91 -61 -1408 -569 -590 -290 358 -1256 139 ]
[-541 -103 581 -219 77 11 24 574 656 307 1454 571 688 851 673 118 -683 287 454 -449 -552 519 -351 -88 104 498 -387 -71 -272 -1097 -732 177 113 -259 -822 1019 493 611 -261 -204 46 -221 -1254 829 1341 -607 -819 31 593 -1079 -773 -193 -451 -129 216 1244 -570 768 571 -136 -68 -407 137 -431 -373 -190 204 307 -168 -740 -63 -772 -482 18 -191 682 163 296 -389 -366 25 192 203 -193 -92 50 -253 243 -922 144 -510 -18 -148 197 -821 -655 -286 -579 551 -431 377 217 518 488 462 302 65 -652 102 407 -1112 -530 822 -186 454 -507 -721 -1240 386 179 -679 -599 -111 456 -542 ]
[843 -982 247 -132 151 176 -59 -259 -655 758 978 463 498 578 -184 352 180 273 454 528 -1405 -255 198 -638 -368 1044 -638 -348 714 -443 -780 -569 399 549 213 -230 -685 16 -56 -237 15 41 299 106 -365 -27 -618 195 19 85 210 -84 -210 994 88 426 -190 208 228 -593 -228 -299 -504 69 -1330 165 -1315 -406 253 976 -43 533 223 -882 479 319 561 728 48 -687 148 -71 485 -411 -4 388 200 1025 19 389 -147 1273 -201 -684 931 574 243 234 -845 87 201 684 1226 -262 -1036 -307 -683 204 27 -223 948 -315 -81 -1202 -108 205 -277 -585 -185 -493 702 344 33 723 953 ]
[83 -14 128 494 77 407 -907 -225 648 -815 913 643 1083 -366 985 4 -205 691 1417 189 -8 384 -404 -140 151 577 -120 -1165 1349 23 -47 913 586 608 52 177 1083 270 1570 -1063 -430 -154 404 448 208 478 1079 111 1324 -161 502 715 116 -309 504 1400 -616 576 280 155 -1149 -623 99 880 218 -1027 395 529 375 -146 -295 57 13 950 160 377 236 1217 502 196 387 490 78 640 -213 394 461 -554 859 -806 -747 772 -772 -224 -458 445 1024 813 888 555 157 -899 442 190 -1066 509 -335 688 235 400 -658 1110 -1131 -169 -325 -200 106 -580 -70 -797 549 520 -344 -902 296 ]
[323 -746 -482 1913 435 380 445 -667 316 233 -494 -195 104 -642 -608 16 343 661 -634 765 1056 -163 727 392 -319 -1035 -621 666 419 -508 -314 1160 -31 -50 532 -11 154 245 -917 -662 394 725 -962 372 -426 336 -532 -1078 -1168 903 -1023 815 15 -490 1188 386 -338 990 101 -900 -95 168 712 1104 218 -1218 613 -675 -1112 912 -187 -86 333 845 305 671 67 -44 457 -1178 231 -110 278 -459 646 734 -348 193 149 -517 1079 -175 -259 397 -369 -1138 -606 -785 -85 -508 -502 -156 -889 -191 1442 670 -132 731 -5 878 233 375 -764 -30 -796 1062 -236 -220 -433 1066 11 787 -95 -74 -1024 ]
[264 -506 -756 -76 307 -447 674 -43 593 79 -597 24 473 144 -193 157 -632 146 -575 -136 480 131 29 -156 84 -168 -1200 -89 -607 -69 -698 126 -548 -85 -1610 263 440 529 714 -1230 288 302 640 1041 666 -1144 -358 -245 -24 283 -1361 -7 -759 531 70 -240 1650 683 747 81 -165 477 -576 -498 -610 112 393 -3 472 -629 575 -1529 196 -473 -380 -31 702 -496 881 375 330 5 -116 941 51 -407 -509 246 -208 1117 -995 -600 236 510 -171 -991 498 -480 863 761 -1420 -889 439 412 989 237 639 662 200 168 -1702 -955 1060 -353 -904 179 -898 -319 120 -413 -223 -1297 224 527 -254 ]
[-194 -20 1096 49 569 236 891 152 -626 929 1170 620 621 -766 -613 239 -82 1048 235 534 39 -774 -255 -489 -1296 -527 350 126 309 -333 118 806 -369 385 1208 -539 -29 -157 52 -419 -405 -286 -158 -253 28 -208 612 7 -178 705 140 476 134 287 201 447 160 -746 -154 -381 694 301 1209 1038 18 -656 -489 -684 -811 914 224 599 -454 -94 183 -787 607 1405 88 257 1646 1271 -904 -614 160 853 -603 936 -80 311 107 1424 -85 -6 1079 139 -1427 559 -135 493 -825 494 687 -146 -144 343 996 147 -259 -231 1674 713 -549 447 -818 1005 202 91 -584 1162 879 232 -839 -466 463 ]
[451 549 707 -902 470 563 -878 34 398 -241 -458 232 -310 -132 -44 -581 -347 -577 -620 -1385 85 1001 778 315 649 420 450 -507 -186 -132 403 -884 -336 -56 8 -357 371 -715 -30 789 977 308 -375 242 -386 -433 291 88 595 -348 596 -421 981 154 -816 -305 -216 16 -170 -385 350 -530 31 -72 -91 285 -868 350 -263 -263 211 -269 1374 428 -578 -192 14 -777 -200 -1331 -1103 18 856 960 962 367 169 -383 188 -691 -80 377 81 -621 -795 427 -868 -103 320 339 942 -393 -626 -805 216 -21 954 -236 1243 -589 3 -293 1459 -904 219 -1294 458 521 27 -978 -748 -492 1442 132 533 ]
[-446 779 339 631 195 -404 -409 610 -470 -330 169 342 405 -1043 708 -1817 69 -66 8 8 110 -74 -104 342 -274 563 197 90 481 -918 -951 11 -51 -566 -151 847 629 422 543 -379 753 239 -40 620 -413 824 -1363 -967 -366 -86 -322 -536 67 -812 866 577 -362 521 322 -390 -308 -621 712 242 651 -588 290 -212 -722 -29 482 313 369 497 404 -536 -468 -483 -194 -1098 -292 -649 423 1402 -268 4 -623 -218 326 -375 -436 1047 -528 -970 -156 27 763 -343 1353 228 294 275 -587 -587 368 853 -49 469 -564 -168 -87 -100 -129 -137 713 706 -628 -523 -342 472 -928 818 -925 378 -124 ]
[1018 -153 -216 -162 -109 -380 61 212 493 -136 1204 -1113 74 22 281 771 -1222 1273 -3 294 -232 -180 954 71 38 499 -1109 -926 -129 -1171 -118 681 417 178 -1003 -611 693 1140 1006 -1127 -356 92 481 964 119 -1054 -133 523 -647 477 -564 -352 -604 767 430 882 924 -627 369 -755 -936 841 -486 255 -1140 350 -1158 412 -824 225 -1326 -537 218 -384 135 -468 -259 1459 -112 -149 1017 -409 -578 -189 -101 872 105 1280 -176 327 638 800 1623 -25 748 178 -428 554 -1007 151 -108 524 1523 1257 1253 882 -977 -467 724 -421 4 -45 -585 -948 -659 307 -335 501 -555 412 -362 -429 -236 188 924 ]
[17 250 739 -176 218 -783 -930 -171 -1593 -738 246 288 882 -512 -631 -927 -196 -498 466 162 -20 701 -628 106 -500 861 746 -720 -28 729 -642 -526 -765 521 -391 -904 -110 302 781 398 -403 -334 304 -554 478 102 -420 519 72 -334 135 -264 -470 -250 -325 806 -222 -364 207 1006 -73 -647 358 499 -95 635 -235 -52 401 -797 -113 -107 936 -874 1393 -553 -692 439 90 -276 413 11 260 401 -831 -717 -400 270 -988 213 -528 -336 -1178 -535 266 -3 124 721 595 -500 -557 -253 1023 -607 -213 1314 382 369 -258 -468 -626 16 -357 1 210 -414 793 415 359 -77 -767 129 55 -60 988 ]
[-1279 234 852 908 -816 504 1061 -354 453 -731 -280 322 -707 391 1225 -149 -243 302 202 426 256 -294 -11 192 1060 -526 -247 -217 389 -94 810 371 -11 -347 309 -817 -184 -108 -1120 452 -673 -118 -388 1310 -431 -881 42 98 -592 -103 -137 17 286 -1026 501 -116 -698 277 -1019 -494 -952 383 283 175 1288 -292 998 166 -677 -483 -115 412 728 -145 -314 -932 -141 745 -328 752 -214 423 -100 183 750 -421 -41 -427 -688 -15 888 -250 734 733 -335 -49 87 -573 -484 -585 -215 -383 -1490 22 -6 1077 87 -1522 -416 73 379 -365 -488 -559 -291 545 -441 -407 125 1256 826 415 200 -825 -843 ]
[592 696 113 394 -27 1077 125 66 807 1791 8 -108 -272 82 -228 -464 -686 178 -361 357 933 43 195 186 -528 1178 -553 447 363 788 -349 -361 -66 125 -729 1147 1937 470 625 -710 653 -55 78 509 -632 -598 1117 -727 756 568 280 214 -228 517 288 65 1107 647 -483 -234 -527 -589 -174 97 569 18 1019 523 -559 -561 -358 626 642 979 -1014 -141 302 -415 1527 -1300 -521 -1 515 99 -354 113 -63 116 1020 -217 -397 389 148 142 203 -589 182 -329 850 912 -89 -115 -511 588 -108 -754 525 908 1077 58 152 -16 504 -392 59 1001 -697 -203 -5 -490 -109 119 -136 307 -233 ]
[-872 105 -545 152 -253 -218 -23 619 -508 693 -580 -498 221 483 -76 -462 -209 -96 228 688 840 -463 324 475 178 -144 51 -59 101 549 916 -1587 -802 56 233 -412 -984 649 -732 586 -1299 -40 -108 282 215 -428 -596 464 1640 -179 517 779 -540 -196 100 113 12 737 1436 -381 -920 -75 310 904 -66 -4 458 -43 786 -245 -495 387 354 -162 370 34 -202 611 879 350 -352 -555 -427 -111 497 -514 663 566 428 1068 -901 -44 60 -232 605 811 554 578 708 -837 -1534 -1008 -74 1178 -1211 661 -134 -1400 -604 -3 -1469 -318 -724 1084 -401 -409 -502 -821 497 -709 83 343 -174 524 46 ]
[260 36 60 498 169 -148 -384 -131 -1045 798 -506 27 -458 386 -275 -707 -516 -169 736 -605 305 -616 408 1431 -831 198 -80 568 -503 -401 -367 20 310 -556 568 155 -323 5 -1097 106 -806 162 -707 346 619 -599 261 431 -387 666 -327 445 -1357 -1109 984 -1133 52 495 -461 -230 870 600 -253 594 292 65 115 -388 537 -5 294 -719 259 245 362 270 574 -381 479 -396 -379 -1257 -213 -1050 -408 697 429 -67 -943 423 -173 -491 -807 465 -330 163 552 -673 28 -118 -743 97 60 844 80 1028 -87 3 -587 274 -1382 -728 -405 -94 -139 -1013 -479 439 -158 822 -111 214 -227 -606 -179 ]
[806 -327 -563 346 -160 209 718 302 484 -66 400 -1103 117 -925 -1121 510 -54 -342 -1102 392 972 -358 -838 -546 -570 252 -398 -163 -476 716 205 456 -1031 96 -1206 361 -332 965 389 -1720 -216 228 -28 -440 331 327 -709 -850 833 172 53 -591 -322 991 -643 1290 1367 -102 744 -6 -480 -677 -1115 -78 -442 -137 -765 -610 -643 113 -1176 -911 197 -124 1 846 -73 91 2072 191 448 -273 -110 373 14 603 167 -1566 152 -456 829 -272 408 849 -652 -662 43 -87 -214 344 -576 85 -765 758 488 -253 -172 132 -439 955 -752 -364 -721 162 -1798 454 -862 -707 1128 192 279 -361 133 1014 -901 ]
[45 807 -805 1025 -631 462 1087 144 537 767 -192 -285 832 -344 379 -365 -844 788 44 743 723 -426 342 -935 -54 -125 -616 -556 873 -448 136 -251 467 803 -92 -495 -908 604 230 -80 -173 -772 756 232 333 -445 -264 642 -1261 -393 504 1180 -326 617 294 566 -167 39 416 -351 697 715 299 184 -142 -976 761 -98 -954 425 -316 -35 -287 317 969 -1162 -803 600 -237 477 828 -217 498 648 -476 58 -665 -104 -107 1120 370 -141 147 232 5 -436 -856 -466 -430 -229 -877 -2 591 810 491 -158 -884 -692 1236 147 672 -452 -90 -246 102 1079 -25 -54 -282 690 -628 410 -347 -200 1289 ]
[73 187 -1088 677 -90 302 -113 -396 -505 1444 -380 189 -42 607 551 -1070 669 173 624 2042 366 -803 457 -61 -299 -647 93 -362 828 689 742 234 1284 832 -85 915 958 1103 214 432 156 -356 1518 778 414 -189 178 -611 -20 304 -333 1551 -1117 -902 595 -1362 1038 -273 -350 -240 -705 -1085 -1204 -11 836 217 1233 745 641 298 667 194 886 -64 139 -1196 48 -671 14 -159 -1124 -96 1388 1243 -18 772 66 -681 21 232 4 -307 -96 -175 754 66 806 -117 179 -444 95 -429 259 -194 1033 1221 55 -471 -192 -851 597 -749 239 -623 -151 878 57 -1233 172 415 -273 565 -404 -723 1386 ]
[-96 -526 -252 410 -8 231 485 -178 355 541 679 -398 708 369 72 455 -216 382 -56 -405 1353 -199 1031 -1219 -513 -150 -970 50 -556 929 -46 1304 377 -231 -452 765 -415 113 524 -491 -34 779 67 46 620 -272 -810 -430 -701 981 -930 -202 -455 224 963 194 1109 845 -783 -293 -761 338 -207 442 359 -195 1265 -150 -280 -552 107 296 1101 77 327 417 -402 876 252 127 553 -416 469 1057 379 417 -814 -143 -354 667 -123 -260 -141 162 282 -576 -859 -226 315 579 -86 -110 106 423 673 -274 -115 33 151 371 386 -37 1071 -451 -439 703 -808 -471 40 -167 625 -204 -943 134 -433 ]
[345 192 -467 24 793 -116 83 41 313 108 -457 654 -809 -110 -312 -212 398 286 -964 -97 -340 433 489 325 -633 -85 522 -485 -263 -257 -115 -252 815 147 -484 -205 -498 271 -226 77 1392 404 -1836 -213 -531 -136 1079 66 -996 361 -261 743 462 -424 -90 -996 -1356 1208 -404 -14 164 -530 984 245 1137 -647 1446 -427 469 -136 1491 1055 318 310 11 275 715 193 371 -1233 -1516 164 1725 801 1286 387 -229 396 -590 -749 -172 -120 -730 -753 99 223 -71 -244 514 785 207 -589 -1105 -376 -314 -320 2065 610 -201 -151 121 -818 2039 1 609 -752 -114 -393 165 424 -667 -210 226 -772 -108 ]
[763 727 -634 204 -413 -496 610 166 -158 68 34 -387 -91 67 -517 724 -330 761 72 -404 -377 -614 -884 370 201 -601 378 -4 -638 53 137 78 209 135 214 -518 367 845 101 472 -528 -616 -440 -788 118 -257 1006 514 258 -214 -619 755 314 826 -478 -259 -521 -280 -199 -1168 896 325 129 -805 -588 -257 -427 -208 215 433 -1237 -775 -611 -480 830 -77 361 -136 -110 358 -476 -903 -97 -538 292 1055 -610 366 25 523 547 1004 613 1278 614 -5 135 728 -489 -862 -1468 669 -427 1614 -711 -32 -503 295 397 -227 -80 -104 -184 -203 -595 -219 -426 1006 222 -326 595 -1103 -183 -263 -154 ]
[-435 -1028 -124 991 -355 -346 602 158 831 -1208 -106 351 1089 -1450 292 280 -1268 483 1168 1374 408 -639 -442 465 -111 -1231 346 263 463 -109 -490 -68 -143 -226 136 -756 -33 -996 -382 -1175 -546 870 574 -494 1140 -476 -9 -313 541 602 472 -1462 -468 -218 -52 251 1136 -254 -1192 -191 88 332 -698 714 857 -133 -969 -850 -1812 941 -1227 -331 -581 -589 -709 -104 1176 -84 974 592 1030 356 -700 -165 134 486 -1225 -53 36 -511 473 497 136 741 -291 316 406 -1089 318 -721 5 690 -71 243 -996 554 418 390 -1081 586 706 -113 155 41 5 -559 -836 -819 831 -576 -1017 -576 -190 -320 -392 ]
[391 322 -356 480 -50 60 622 -90 1113 392 -648 12 28 -771 -519 473 750 -537 -1551 143 -27 362 -494 -826 -378 460 -748 -46 462 941 -311 -547 -279 259 -56 -641 134 443 -15 108 455 -23 -396 944 -1056 -621 961 -85 27 -240 280 -325 753 256 -355 61 1069 287 -104 -96 -374 -16 -649 114 -266 -276 642 377 -38 -139 -164 576 33 -1019 -90 -411 -302 -587 665 332 28 66 933 137 -795 501 280 290 1367 -866 264 569 -269 -294 339 -226 -1087 -247 -512 1140 -125 -356 187 -145 -415 -61 163 150 999 1090 8 -11 596 -163 -2 583 -164 334 -126 451 593 -677 434 646 227 ]
[-593 -414 124 -386 51 118 339 144 -42 -368 -3 -218 -569 -256 795 835 -136 851 28 -704 -1223 -734 -226 1608 500 130 -463 579 -460 -1183 -327 930 -93 -757 596 158 34 -77 -325 -918 -495 470 -267 215 278 618 -1217 91 -162 -142 -983 -465 -404 -590 -158 274 368 -800 853 -134 -1271 -748 632 -985 -9 613 -1038 32 142 416 480 -751 238 507 -588 102 683 -268 -1035 691 115 456 -750 -1202 397 -190 149 1889 -732 1659 -167 510 -234 47 -477 -42 85 707 -290 -732 316 -499 1078 -614 487 468 -72 -909 -290 -690 538 271 -476 -972 163 -1134 110 525 -212 1046 -778 -199 248 -486 -106 ]
[-1206 77 -783 -749 251 -1021 36 857 -498 -310 289 -565 -566 -295 -751 -239 -371 -172 406 -86 -29 -365 -331 583 -1067 374 -101 985 63 1045 -584 -287 330 -1391 -202 144 1451 1462 1305 222 -990 -58 159 -1174 1274 736 69 179 115 904 1490 -178 -175 -697 -187 294 -72 -529 -165 1306 166 26 21 -632 316 -133 789 124 974 -1086 -836 -302 -549 -73 222 135 -145 -1487 -296 -412 -298 -642 378 -543 -1108 -89 -666 299 -134 -337 -992 445 -957 -287 -317 -1303 -108 154 879 85 -320 173 1168 -98 116 -354 294 1328 -564 796 -984 -468 757 1379 651 -79 621 1299 303 18 41 337 -378 -728 -328 ]
[1073 -46 -1011 460 -671 603 -170 -178 1025 -935 59 -736 -457 -58 331 1309 184 325 461 196 -164 350 -397 245 132 -134 -926 227 -88 -579 43 -65 -271 -94 -128 -430 875 -949 103 -524 203 277 -320 800 -497 -957 528 -55 721 757 -1224 -899 -315 1477 -801 -10 -51 -94 -661 -318 -838 652 -1147 -177 -1344 -422 -1545 -394 -398 290 816 -673 -559 -533 711 940 10 402 1026 99 642 274 -1225 -1132 130 1255 131 84 -339 983 78 -147 989 212 -233 -499 496 666 -992 -760 271 -427 1074 575 -256 77 -335 -543 -543 -431 -47 -826 -439 -479 -1005 -1241 -334 685 -17 6 -536 -950 -352 464 -1036 ]
[-985 81 412 -1106 189 715 419 -93 260 266 604 836 -16 544 329 -910 -144 -104 1228 -426 -308 128 -694 -440 -124 -34 194 -481 709 406 235 345 -70 1017 517 -205 979 633 1168 794 -733 -917 208 -21 -521 112 117 260 754 225 597 4 904 1122 38 1079 -1039 -285 615 -424 -470 -110 309 -375 201 -630 748 514 322 -196 -71 567 -513 107 -648 -153 -511 -203 -534 933 452 740 358 -104 -302 -192 637 -977 725 -163 156 179 222 -430 40 -387 138 973 312 277 119 -291 -112 -565 201 787 -796 159 -647 -680 740 955 0 234 643 1065 312 -166 -75 -415 1472 326 -675 -245 -356 ]
[-143 589 -179 292 -107 169 1082 417 737 143 170 1356 -583 337 55 -1198 603 -5 -911 -111 -747 262 -59 458 -704 -611 109 -373 -365 -712 768 277 111 316 -548 585 340 877 -106 -122 226 -907 158 -116 331 653 -1184 -725 174 202 -657 -20 127 -691 -221 261 -50 539 925 -630 647 -912 1512 -685 340 274 328 48 486 159 601 969 540 903 -989 -430 146 1127 250 -903 -957 386 1439 42 182 -142 668 -710 -1162 293 -336 -840 585 -967 -561 1198 1158 30 -85 -279 527 355 -670 -171 -530 -42 676 -1450 -852 -927 389 -58 -518 61 57 -280 -466 -270 266 -90 -279 175 324 -502 -711 ]
[-1474 76 -188 196 -866 -651 -685 952 139 543 -428 -235 246 -10 1905 84 -46 184 -343 1620 194 355 -448 -421 125 700 15 -734 623 -361 499 -397 821 -40 -725 -199 1053 -191 -365 154 42 -552 409 -273 -150 -430 182 -98 938 -874 84 266 423 468 -734 -219 -202 630 -185 416 -200 -8 -1451 -135 608 -572 343 214 -160 -801 490 545 -875 -657 22 101 -153 113 1272 1261 -271 679 -683 596 529 -522 503 55 1056 -164 -576 463 440 -1322 -186 268 885 -280 321 109 101 -544 343 10 -522 283 9 -633 -1107 -130 247 -315 410 627 243 924 66 -1535 781 194 -388 -311 -237 635 430 ]
[547 -705 315 -364 -864 -278 561 690 113 1036 -362 -910 -14 113 -630 -1080 268 -633 -1437 -716 -510 -155 833 -247 980 727 313 485 187 24 -1036 216 -746 -180 278 -54 -335 96 -1410 -42 -193 -746 407 833 -510 -605 -793 -346 -2201 -110 -90 240 709 -668 507 179 -923 -258 1447 -215 196 -27 -36 -1440 -1168 1636 -492 850 -132 789 -399 438 -281 2 -136 -604 -516 -260 31 -701 876 -1492 -1155 270 -939 -1365 343 -92 -513 488 887 -1064 1317 -886 -1304 -1069 -260 172 27 115 -716 43 595 -87 1477 -652 -321 -42 514 115 -811 -445 -1073 -675 -343 589 122 761 -118 218 -27 399 1139 542 -248 ]
]
