[[447 727 1106 -468 290 -149 169 431 271 -398 18 -205 -104 441 -959 -61 278 45 796 -656 -36 492 -331 73 590 997 -50 24 -337 662 -521 -281 -13 301 -62 389 521 -147 -1111 356 -77 -240 -19 -623 -33 409 -276 57 347 423 -37 -860 -936 -493 -807 -883 -103 -967 470 -286 -306 -452 111 291 -484 -37 692 -73 443 828 -264 -81 -253 333 -154 -305 220 476 -141 -17 1421 -559 719 180 -365 -203 4 106 -215 -564 167 -156 153 90 -304 -661 -705 -433 -226 148 -796 46 412 521 348 -371 301 240 610 -17 -70 -17 414 -659 -143 393 -145 53 413 468 31 14 175 83 280 ]
[192 -395 -254 -304 -314 517 -103 -104 489 245 317 208 -88 -477 -97 -584 176 77 169 435 153 204 964 -380 -249 1152 -622 -442 -303 -723 -636 251 264 -416 -212 -629 -426 754 391 153 -476 -274 -721 -380 946 -397 98 476 -377 278 646 -125 -374 -122 570 -211 -601 21 373 -720 336 -513 502 133 481 -575 -497 994 550 -346 344 471 216 -547 -438 -613 -335 735 403 188 -485 -1146 -1054 -357 -46 277 -152 231 -506 -337 925 -772 -53 -110 667 842 580 -83 85 -15 242 -480 358 243 -481 -844 110 59 -665 257 -540 -424 15 -115 325 556 293 629 88 -354 495 -373 -376 233 84 ]
[398 -157 -524 1230 -720 -233 563 -426 -340 -386 -326 434 277 35 1134 -160 430 -179 -767 -807 1340 -418 20 540 -231 -465 139 -52 488 2 -363 86 130 800 360 549 516 -311 577 -214 503 -379 -300 -166 -199 116 -116 -289 12 -508 -144 633 706 -79 88 -99 968 319 -1500 -72 95 1135 670 -494 -15 659 -307 -464 -497 -341 742 17 -539 -69 294 282 211 -479 -301 -557 -120 752 454 -298 -591 -604 688 -779 193 125 444 13 -637 -236 -250 -347 -384 443 -350 5 379 425 -866 11 133 203 -524 -1 919 36 472 385 27 145 36 -1096 -102 128 -384 243 -13 518 -288 577 -358 ]
[-19 446 958 -1113 948 97 49 10 136 452 -434 -179 -62 -278 -925 -282 115 -1016 335 761 -1264 290 -1050 235 -643 733 690 -200 -846 151 -508 424 -255 -167 387 -877 -499 363 -168 276 -685 305 162 -191 174 49 760 499 -305 -12 482 -418 -84 -260 -224 -132 -282 48 -63 129 212 423 -972 508 -772 -875 467 -746 -72 464 -1027 331 -465 479 385 -63 -211 88 60 910 585 123 476 532 -452 428 -527 -47 397 -261 47 103 567 6 -239 -157 -78 191 253 -168 -584 202 -115 723 261 5 594 -232 -403 -193 -573 1043 1152 -964 129 1135 155 80 374 -245 413 371 456 -232 167 ]
[-340 89 -237 718 -180 781 -170 620 -802 -186 619 -495 178 -464 -409 -189 -459 -502 -252 -141 -310 46 755 91 -538 -138 -752 424 350 147 216 -835 200 -671 -216 158 -501 753 -20 222 -916 515 -22 89 822 -244 -444 357 123 482 251 132 638 632 667 227 -344 192 783 -138 -687 -1131 -804 373 1089 -250 -97 1573 -147 -106 596 -126 658 -727 -813 -62 495 364 573 -529 -672 -82 -112 -30 579 73 744 -373 -627 -758 -287 -515 -376 540 388 724 162 262 310 848 -206 -777 1160 -567 -294 -151 -170 -422 -903 177 204 -1094 -605 -263 519 310 276 57 15 14 42 -246 73 -1042 127 ]
[-621 -678 -406 -39 217 -110 836 -583 281 -534 81 -578 -409 892 452 435 40 16 -409 282 353 -336 348 72 338 -25 992 -219 462 552 734 -28 -83 -163 184 248 -434 -729 -153 -550 349 -485 -509 352 -700 83 -227 -769 107 -355 -404 288 500 333 -43 161 538 1041 -16 227 141 1410 252 -397 -524 768 -173 -891 -493 -97 -1006 -1084 437 -69 591 -205 -384 -494 -575 443 -326 -245 284 -13 -228 -21 -508 -179 694 633 28 52 -293 46 -321 -173 117 -11 441 -1382 -323 13 -61 -896 -189 275 -380 -275 -512 -1362 505 180 324 383 -7 -716 -616 -409 -542 -18 -1108 -488 -145 24 795 ]
[656 651 92 396 -9 -224 315 -699 -961 -477 -757 672 560 212 3 -416 303 69 -821 -104 -3 -37 -273 -39 -123 -596 66 765 -366 -180 -68 -51 295 103 203 375 969 79 210 279 -807 202 359 -246 207 223 -240 444 -244 -1098 387 363 817 -231 656 396 -317 -699 -1030 277 789 -422 -274 -199 817 252 -75 763 198 -133 550 84 165 -358 -6 598 -56 11 934 -93 310 812 771 -397 -666 -151 635 -586 313 -1106 -287 514 305 -231 -442 490 -1030 -17 -879 -45 405 -342 -950 -183 980 -325 -262 -604 223 -37 221 -253 375 -129 22 -894 155 518 79 -10 999 610 -17 153 -718 ]
[345 389 -1100 257 467 63 65 -102 -438 425 -113 1103 -364 -157 1007 673 155 63 -204 -144 931 -944 -355 -695 169 -915 -219 343 -627 -647 215 458 -526 510 114 -807 479 -9 524 -200 832 514 1319 -437 -185 -32 297 -915 276 -934 -403 163 819 -143 412 452 -531 295 -985 -309 1207 490 248 -11 145 233 -624 -239 29 -270 316 339 588 215 349 165 29 149 291 83 -272 1131 -340 84 -595 329 -517 992 918 169 -548 657 -23 126 170 -393 -250 658 -827 -208 1186 566 -1851 741 339 620 249 -77 -198 223 -351 336 376 407 -445 -1351 185 525 -436 -513 1189 172 -115 970 -1187 ]
[978 -535 -36 -94 -759 131 1159 -786 45 -1122 416 91 -194 527 2 -430 -282 867 -514 114 633 -151 -126 136 737 -201 404 183 245 -371 843 -280 453 -6 751 294 248 -239 -582 -242 -151 -14 -171 105 -290 190 -613 -550 656 -756 265 -24 -565 -421 -115 -653 -365 165 -615 -186 292 981 426 -1036 327 1111 82 180 547 -397 265 -784 -1195 297 76 -116 -505 396 -168 42 312 -233 -152 102 -261 -31 242 -109 874 -334 -236 -336 -216 -273 -332 527 -204 -939 -302 -980 1172 -1023 54 -1023 55 -283 -1304 469 399 -804 1187 -168 -34 773 -5 -1113 -709 -618 159 530 -10 502 -410 234 91 ]
[-410 -522 -175 -548 570 579 206 -1520 300 11 -348 1093 336 89 -190 -252 347 -27 -558 2193 -741 233 661 -274 -669 811 1154 -222 323 59 1 811 35 -906 -922 -364 94 266 346 -89 -616 -467 -430 1 430 -266 8 665 -1311 -509 175 596 73 -141 1071 1129 -811 327 -56 663 1525 -124 408 -858 -83 -427 -688 -266 678 -441 -640 -183 1055 -1050 435 -57 -808 -264 -32 693 -47 -286 -413 -812 282 91 -817 -907 131 569 167 166 570 -403 -261 700 631 166 1009 -1509 -503 -157 -717 566 -1114 -124 329 -132 -584 -173 -752 371 943 -285 560 59 -585 647 310 -885 -380 6 347 143 446 ]
[-762 -370 205 -179 -413 -923 -512 -207 -136 64 -1018 -282 -259 220 -44 -17 544 -686 107 -895 -442 298 -94 1547 -1076 -216 503 -324 162 1304 -476 230 -20 818 289 148 -118 -100 250 365 527 -1092 -673 -685 -18 -442 -336 538 -699 -57 -778 636 -238 570 -17 -255 1875 98 -726 1013 -450 1238 345 1250 -639 106 1201 -1200 -442 382 -151 820 -862 834 -2 206 161 -663 -91 -92 663 1029 436 632 -234 -140 368 -743 -250 244 762 -30 582 269 -660 -307 -312 512 451 242 -1001 543 -421 162 -138 642 1095 -144 1673 -292 -41 1257 67 -691 526 191 371 -162 -16 522 -967 261 -214 -235 -108 ]
[44 -769 727 -1792 -431 -22 297 -308 757 -489 -881 -1264 287 486 -270 -58 -871 188 458 787 -969 757 361 261 1144 301 329 -154 -534 -409 194 -384 540 -154 972 -183 -534 300 -197 545 -730 88 -490 192 -114 -394 -986 737 185 -806 326 -615 -584 132 811 -437 -832 187 1007 309 -222 41 -965 249 241 413 190 -741 637 80 -230 -197 -556 710 -236 90 -1195 81 1044 1008 615 -110 -409 579 -74 -785 193 -533 456 -798 316 -351 726 -150 141 1044 -39 -1134 -71 -1253 -71 -835 410 -2 442 -728 -51 -103 251 -885 273 168 -73 290 258 54 -143 -73 624 603 491 -443 -379 -261 770 ]
[51 -115 -1141 186 86 -660 -222 195 -17 869 147 546 -390 -75 1066 32 560 -1019 -146 -110 639 103 -653 -423 -308 -104 692 338 -936 -298 -243 964 -136 1024 29 -918 22 525 496 -606 295 331 -353 -241 -126 56 813 -513 687 -3 -30 1201 -227 -758 -392 -223 794 955 -1235 -28 577 1337 598 238 -657 187 -86 32 -562 -548 -519 762 -849 136 -6 206 -232 -682 -160 226 -987 188 -814 237 -1056 803 -1094 1403 6 576 -503 279 -214 -444 -131 -82 602 403 69 386 1331 774 -1116 -525 539 660 546 -186 290 -4 -390 944 830 -211 -123 -636 1451 427 -728 -380 370 473 -263 148 -1108 ]
[-91 -713 -203 465 -827 479 663 447 -114 -380 -130 -892 391 365 684 -214 -272 -655 -222 -587 376 184 12 1444 127 -530 223 505 924 561 -48 -204 441 -579 879 -287 -517 1146 -820 33 -79 592 -543 -979 -380 -254 -630 49 955 -581 -311 642 295 134 168 -1330 380 886 -624 558 -877 292 -82 60 221 328 828 -358 -65 118 419 29 -1510 16 -11 741 -135 -827 -287 -726 -38 827 -412 1020 -137 -274 655 -1104 -272 19 -503 -552 -1174 392 -782 -227 133 870 726 -393 192 165 854 45 34 444 315 275 742 46 1033 1025 204 -276 1052 -165 -65 -953 134 -265 -279 521 -352 -814 334 ]
[-820 258 205 335 281 -171 119 -1169 10 -830 -664 -734 -204 1231 371 -406 517 662 -306 773 64 309 303 648 -567 -459 526 84 943 8 -72 1257 397 66 76 348 399 -686 425 -768 1011 -634 -249 -576 -380 219 234 -208 -844 -914 -327 344 716 210 807 338 695 -97 -1279 208 655 789 298 -518 -191 -127 -324 -692 -556 -67 -237 -214 106 -699 1124 338 -690 -648 -1065 329 -565 225 32 -104 -980 602 -953 -1063 -153 941 216 186 -131 -517 -431 -882 -146 1131 680 -1217 -244 172 -286 29 -827 -53 -91 -195 190 -157 581 849 383 39 597 -117 -513 -325 -1051 -639 -530 -169 -298 584 435 ]
[791 -99 -295 -376 28 60 -40 -31 407 255 477 958 -6 -454 -268 -340 -271 275 -165 -13 -247 392 490 79 701 869 -94 369 -432 423 148 -404 -245 -1287 -502 -1071 142 940 -404 611 -65 4 -604 -846 291 -84 28 442 342 34 184 359 -1092 -521 -6 -231 -195 -79 419 372 140 -1508 709 471 -229 283 1112 1297 1849 -39 398 566 -141 -173 -773 -272 -274 -395 657 335 686 -641 -1297 329 52 -150 -1067 338 -758 -296 -699 -61 618 877 -243 761 162 -382 258 -155 173 152 543 723 773 255 466 508 455 -491 -141 -108 354 -235 508 -487 -208 -110 713 92 -407 559 269 -118 -372 ]
[489 550 607 1078 -171 -178 33 -289 97 216 -199 46 173 291 392 -190 37 176 -848 -1004 -153 156 -1132 26 259 -428 1032 743 116 36 304 -771 161 -468 -745 1131 438 -314 -935 -331 -63 728 -183 147 -1013 169 490 -324 760 118 76 220 66 -988 -1079 -527 829 -871 7 1359 -158 -949 332 -1096 -327 -8 408 1306 337 -192 237 -423 -661 -398 768 580 637 -916 -733 -266 819 -539 377 -480 425 -450 -506 -256 -627 -115 -1305 835 -402 -72 59 50 -286 -799 -131 319 477 132 1183 -543 1600 126 -731 219 157 -212 1005 -659 -359 -115 -136 -309 -199 -885 241 -318 -901 788 740 -842 -389 ]
[-478 323 -439 188 -602 -1025 -282 651 968 62 501 755 -38 140 488 -373 1110 -544 -52 -924 988 252 -287 -692 993 877 70 -460 -211 631 -417 341 236 185 501 -307 133 362 -245 377 -507 -469 -888 362 -393 1040 407 196 139 1159 204 379 -1021 -958 -1144 -563 948 -83 -141 -1306 -573 -68 1168 -320 31 121 481 492 -34 430 390 246 -198 -170 -598 -533 236 -304 -57 -259 -744 -769 -465 -174 179 -440 538 402 -396 431 894 92 -346 -1137 -731 -22 -182 84 170 495 -24 678 7 -598 -137 -23 240 311 292 430 -570 -26 583 23 -364 249 10 715 -25 602 107 -26 -285 448 -33 ]
[-138 -425 319 282 953 687 317 849 184 187 -181 -191 377 677 -114 1349 -35 413 544 -386 750 -287 458 -672 925 -111 -474 27 901 479 -351 154 -473 841 -174 1010 266 -1434 35 -132 1001 -498 921 367 -914 -443 -145 -477 100 196 31 -747 519 377 -245 198 -382 220 646 -875 -951 -191 162 -490 -359 -141 -584 -1582 -587 556 -285 -581 1299 681 348 -63 -328 200 -334 -316 -217 80 812 -602 200 -137 277 188 -104 553 353 -356 -482 283 -237 -1249 281 234 -502 -428 -686 295 -819 786 -47 -476 271 -924 400 767 -266 318 -345 607 -664 -160 -94 242 -434 -52 -104 -789 -502 693 -360 ]
[-1373 409 79 622 -145 378 100 79 760 -614 314 -127 331 870 343 -151 1020 -1028 -101 761 765 425 298 -1171 31 922 412 380 -59 161 -1020 1069 -150 783 109 45 591 -462 197 -155 -728 -545 -877 246 286 458 9 30 -720 1261 415 325 -377 -438 -163 856 293 -8 -682 -947 128 714 418 -1315 52 -111 -464 208 -189 -90 -436 -473 737 -547 -238 -201 -489 394 -360 525 -831 -1264 -135 -567 -740 -149 -23 -699 -388 409 414 -557 -580 -1213 -615 -770 597 605 -144 -1107 -302 338 -346 -1046 -631 -826 22 -1277 500 382 -913 45 1097 -278 -171 -179 713 1269 -554 874 -185 -473 -611 866 -117 ]
[450 44 -679 65 712 -140 521 -384 -1199 -353 352 785 27 789 -419 400 861 633 547 -1022 277 -695 97 148 921 -2 -60 126 963 1498 1270 31 -421 -641 -1414 378 494 -787 -1492 110 656 -738 518 -483 -530 374 -1191 -276 279 -83 -982 136 -889 -129 -680 -518 -287 -596 648 1074 456 -463 1094 617 -1169 836 815 -386 529 252 -839 -937 437 483 -455 -347 547 208 -175 -489 594 130 549 -330 22 633 -743 660 353 366 -821 734 123 935 -942 -210 -711 -783 -51 287 -729 300 -1017 426 562 492 1132 83 488 175 -78 -17 -115 -408 -72 -973 -627 -821 352 -311 -671 -168 479 622 -342 ]
[426 904 617 522 820 168 -245 -154 -583 -950 559 17 184 391 -540 -735 -563 520 248 -25 619 305 248 -387 980 454 264 -250 596 -505 1137 -284 -109 272 -326 539 653 -650 -35 -353 499 -63 452 267 476 185 -512 -133 -146 -114 82 -403 -123 -1042 879 471 -1153 -1242 288 -668 111 -595 -690 -452 -325 437 -841 604 313 -292 556 -641 412 -360 -751 -401 -289 1030 -663 634 -332 -90 349 -649 649 0 -664 -170 75 -109 -451 214 216 122 553 -110 -246 -959 304 240 -159 -688 814 514 57 307 -1333 342 -165 -241 137 -637 -688 116 -235 -787 -1068 -279 -18 569 -252 -727 819 428 -306 ]
[-76 549 910 -116 491 263 1027 213 -77 328 31 -2070 -622 61 83 -149 -637 73 787 210 -155 -280 -179 -204 32 -404 -529 42 -614 -1481 -382 126 -109 -317 205 -302 -1117 -362 -369 241 -47 840 -105 -483 -332 72 496 -289 603 210 471 -1395 -16 837 -40 -287 -952 325 750 -161 504 279 -1121 388 125 -370 -817 193 -23 -271 -1397 -179 249 -138 693 46 220 411 -406 501 -440 -911 -877 182 -1254 395 -1194 -354 123 -791 -391 -313 -179 430 678 373 182 -155 -530 -809 493 -78 857 344 112 -836 -836 -52 -1676 -273 342 -505 -241 -304 -39 501 -331 -724 -209 -806 887 -673 71 378 1441 ]
[712 -909 -816 121 -318 11 -733 -124 355 855 545 123 500 -107 395 -576 177 1054 189 -520 153 -5 371 -1000 411 233 -980 -1050 1056 -1052 788 685 484 -912 -506 -569 -916 208 -423 -500 285 -59 -263 1308 617 256 1126 42 -192 -286 613 -33 -43 -608 530 -828 -692 -338 426 105 -661 -910 812 -415 7 -736 -465 -48 -266 -159 609 146 156 141 -474 -490 -22 209 -746 -356 -1683 -183 -520 -780 1050 897 32 1048 275 395 737 74 -792 -195 331 -452 416 -645 376 449 336 -207 838 -86 516 -373 239 225 -738 1138 349 -432 -1013 828 -514 521 -301 -438 -190 -960 -53 -454 116 469 -275 ]
[299 1111 815 147 400 -52 176 254 144 -246 -652 -185 -257 -165 654 346 531 -663 1408 -17 846 -20 -928 252 1125 266 353 -332 -359 331 65 468 532 1245 259 -112 339 27 -821 -171 851 -135 984 -576 -512 -28 -644 -497 572 132 -1395 -213 45 -798 -856 -660 -128 -642 -314 94 664 556 -789 55 -1785 -329 -420 -1429 -226 327 80 -773 -459 79 111 246 407 -137 -626 -92 360 1136 117 25 -218 -746 -681 94 145 139 460 812 -270 -565 491 -825 -436 -18 745 838 -281 1090 -585 1384 -950 585 390 734 259 983 -634 772 284 -710 -384 310 -520 -66 -129 -553 832 -328 861 158 131 ]
[-614 319 1032 8 151 421 529 994 256 12 -202 -1125 349 18 -24 622 -354 -674 537 511 -532 -412 996 270 -617 12 -599 541 -290 251 -867 117 -85 -218 300 351 -266 75 -118 553 -180 55 -318 -1117 -205 -638 -248 -31 -54 511 -146 -287 334 1219 102 55 510 97 644 1232 -379 79 -669 919 -409 -265 298 62 610 284 -285 -147 518 -1144 230 315 69 -958 328 -77 264 -118 184 550 -669 -485 -283 -1738 -1346 -316 262 -340 -572 1191 458 641 239 588 315 -481 -1223 315 669 192 -258 -488 375 -917 3 -773 67 -586 108 -263 305 172 296 50 10 -514 -364 -183 -179 -730 1120 ]
[485 208 679 -202 1117 -220 359 -498 -471 -769 151 -559 -283 681 -877 312 -441 198 731 -531 -215 1009 -128 219 802 32 279 466 417 797 1102 -202 256 684 -544 385 71 -519 -1238 13 584 -447 -476 -50 -539 -437 -360 73 696 -309 -771 627 -1110 -13 -484 -204 72 249 838 573 306 -407 -28 697 -393 965 742 229 488 -116 -1430 -143 433 938 -212 126 -223 48 50 382 541 514 105 -517 -392 -85 -2022 973 24 -1163 -1218 243 494 653 -234 22 42 -700 363 188 -286 -439 -253 -323 629 -193 -92 -316 615 -909 267 285 -128 -424 -44 -606 -247 -292 566 237 -1099 54 503 -454 180 ]
[-273 123 403 -323 75 -155 92 -255 993 390 -327 584 -1388 132 -613 83 757 747 79 -1181 276 -110 -569 232 -586 -211 -462 -571 -451 397 -801 512 169 402 735 -142 -290 -1 43 640 181 -863 -401 -631 -520 -651 777 463 -359 75 412 -62 -716 329 -573 -1195 572 -180 -328 -942 -100 -629 1267 346 817 -729 697 379 95 357 -529 1434 -282 714 1042 -87 443 457 366 -334 357 -346 -590 -396 -261 835 -147 1905 -466 -434 1517 -777 800 -38 -350 -144 280 1313 -643 -424 -61 196 -871 -309 -406 -1083 853 -155 -189 628 89 1150 545 -86 190 1490 238 64 304 -747 718 179 -967 613 145 ]
[1122 -121 774 831 559 -170 467 -48 1073 26 -284 89 -352 182 594 -202 -538 183 123 -186 999 297 156 -633 424 -74 228 -273 62 -608 -438 472 -285 1400 201 749 362 -139 811 -181 744 -268 -727 -363 -644 -637 561 403 133 -119 271 -8 -404 -744 919 -566 189 -205 236 -860 91 271 664 -374 -449 80 -833 306 549 -296 886 446 -5 -555 317 -81 -474 -237 -424 -123 -916 445 -386 -637 420 -363 -322 0 -304 -743 773 -37 43 -144 418 358 909 56 268 -339 360 305 -644 567 14 -217 -675 -113 512 -205 787 276 19 285 -308 -762 -69 619 90 -311 404 346 -512 -205 -435 ]
[-544 958 700 754 701 641 -184 -293 -184 -23 389 -112 -1390 -237 -886 414 233 29 137 -637 -801 -303 -1452 473 -400 -281 150 491 734 1889 841 -353 388 -336 -164 505 -63 -114 -1636 -4 160 -43 1283 266 -778 -426 -154 273 68 185 -582 -761 115 471 -1143 -309 900 -350 605 200 -215 -971 27 -185 -135 -855 1139 140 -285 790 171 25 575 81 638 314 1306 -454 -715 -947 312 1107 239 -336 1411 -203 -138 339 496 -379 -471 986 -106 -312 -336 -265 -61 978 496 519 -743 -36 20 95 -996 158 649 -211 -314 820 488 53 128 -988 121 1261 -1087 -1330 407 -493 83 857 159 -1259 382 ]
[582 -588 -95 76 659 432 585 540 79 -651 858 689 84 -516 -1005 -201 -195 491 -825 -28 -195 141 386 645 56 405 228 -390 193 257 458 -1578 68 -489 342 76 -206 132 -267 25 398 391 -416 143 34 186 17 -720 669 801 761 -582 -228 55 -663 -383 -86 953 308 -1187 -1309 -233 124 -148 96 53 -156 310 -291 281 -71 -856 -670 249 55 -612 -395 -427 -285 -446 363 -510 -149 307 617 382 146 -300 -750 484 210 -1541 294 667 -403 -417 -4 125 926 101 -344 -556 1738 -156 -872 904 -1044 861 -726 -221 582 694 -154 325 884 -29 -1112 -413 -251 68 -841 47 441 -278 668 ]
[591 -513 -809 580 333 -719 -48 747 -821 -65 422 1090 486 -486 291 -81 585 175 -376 -566 -556 -313 -204 243 948 -584 -429 885 -222 1028 1159 -149 188 97 76 100 183 36 61 514 359 221 822 280 -373 -337 -125 -513 838 244 329 310 -500 -206 -1321 -549 761 -297 -245 523 -798 -493 312 178 -811 14 1074 -162 135 345 164 54 -994 281 -1209 44 -111 -1030 758 -512 -212 608 -687 145 58 842 147 470 -594 793 -383 449 -144 242 -821 834 107 -639 -45 1343 575 153 -548 -81 1081 972 866 -32 741 893 436 417 -5 649 397 -857 549 -1422 -371 -214 -469 367 -14 -320 -959 ]
[-693 379 -734 89 668 731 -343 -904 140 196 662 -236 -380 243 219 374 -485 354 178 519 -371 -1036 336 -760 -845 357 29 -48 26 -558 -52 -212 -405 -1616 -1493 152 -206 -116 -412 -722 334 204 -651 444 -244 452 328 -176 -53 413 -378 -489 644 550 -364 768 305 53 1074 195 850 -942 772 -47 -39 -49 -239 715 72 -224 -1304 -523 1170 -300 1216 -216 334 -365 -672 64 93 -939 -336 -501 -297 560 -1423 885 882 366 -740 648 -303 -371 566 -915 739 1212 38 -221 -704 536 385 -151 -236 45 329 -641 -1476 -10 -584 -765 207 -907 -108 39 -509 187 -174 -669 -577 -235 303 329 1203 ]
[-284 -433 -1398 -19 -1559 974 -894 -475 101 635 618 1326 534 -928 1038 -175 592 -196 -440 47 527 -804 448 -719 -674 371 -801 -910 -146 -1198 -67 -231 -223 -98 -815 -132 355 530 102 29 -117 878 -119 468 1122 337 -542 102 -405 5 441 -229 -216 -465 1370 242 -445 204 504 1077 529 70 339 -114 223 478 -1258 103 404 -1155 1661 169 528 -493 -394 42 547 47 245 23 -47 67 -112 -893 812 -1248 641 -1304 8 305 -311 61 -36 301 1035 402 -224 -589 -995 -410 -7 426 -152 670 25 106 -230 204 153 471 -983 -982 -162 67 -165 -1384 -329 238 950 292 1115 288 214 568 -143 ]
[458 31 386 22 852 -1100 -43 585 -133 416 222 1166 946 -565 229 343 431 162 406 740 443 304 -479 64 -332 -408 -686 69 -393 -459 -299 866 -228 1462 -411 -361 1481 -435 -562 -185 878 768 67 177 60 564 1041 -1049 396 -27 -293 -82 -245 -47 -801 456 -576 377 -1388 -133 806 1192 63 54 -421 -211 -952 -1111 -162 321 -446 441 0 -583 97 478 -263 -122 -790 -678 -166 825 816 -115 -639 231 -482 31 -190 1234 -598 190 138 -301 -300 -1304 -39 -8 67 355 449 1109 -538 703 -99 1459 -612 1151 272 547 -650 586 216 538 -636 -132 131 158 -856 -834 -213 473 966 405 243 ]
[7 116 -421 825 -106 -242 418 425 -967 85 409 -1184 -143 320 -695 149 -495 459 -521 108 -113 -744 708 -257 -537 -965 -643 -119 756 -72 1047 258 -100 -192 24 -447 -639 -513 7 -79 -649 -159 -244 688 140 428 129 -7 129 -377 918 -157 -14 1166 534 740 -66 441 -27 749 -541 448 -163 570 160 473 -34 740 -1078 -163 -609 -439 662 -380 -859 -425 498 -328 -378 -292 -2014 -97 -130 783 -107 1129 49 221 -171 -91 315 -12 361 300 -158 752 311 -678 226 -131 119 -333 334 -1432 12 -152 -552 -1146 -437 31 1132 -899 -1416 95 -96 111 -45 -671 -915 -317 -255 -227 -415 31 423 ]
[-608 943 520 732 264 20 336 -246 203 -600 -1368 -731 -279 661 307 -554 326 408 -205 -636 712 -477 -461 675 631 -297 -360 -385 124 -290 432 44 -32 -234 192 -142 179 361 234 295 314 -266 -259 -1431 -118 -518 56 270 -496 58 -618 -137 -179 39 417 -911 -255 -1607 678 70 920 -439 534 210 14 -375 -310 670 242 -166 115 -173 317 -419 182 -160 771 479 -103 433 265 431 -593 -11 -27 -126 -444 -497 -460 -162 768 508 311 -78 283 -63 -113 913 -191 -262 -58 702 -106 734 -190 -760 -122 84 -329 833 -6 102 -150 -257 878 555 -417 -500 278 -529 151 -1022 147 335 297 ]
[657 -920 -270 689 -1313 414 581 872 -55 603 218 -703 159 -438 577 -704 -490 -154 121 209 1213 219 509 712 -49 -19 -776 681 649 -26 -399 247 851 -73 -8 -130 46 1351 -445 -556 -353 107 -1577 218 771 349 534 345 1017 -212 294 1384 534 -59 118 -1092 -214 693 -872 -639 -799 371 93 -797 781 588 -612 94 -404 -652 638 281 -1354 -228 -363 424 92 -226 -50 -1023 -732 -128 -792 -405 -1138 403 827 425 -12 -134 125 -799 -746 -272 -322 -659 983 654 224 673 1055 132 1034 -774 85 -560 -797 381 -213 864 924 -585 -474 7 467 494 551 -607 -575 5 456 316 -369 -313 153 ]
[78 -749 -4 810 -1030 516 1371 262 -296 184 776 -332 -223 -331 1420 -12 -300 -2331 122 -1000 1242 -29 -127 -82 425 -82 579 -240 126 789 895 -769 407 1265 192 499 -912 993 -1397 -78 -957 337 -397 1091 -106 -118 -43 -665 1347 260 -427 400 845 -473 75 -789 -142 1374 1089 -578 159 1651 -842 -717 182 578 -1138 -595 -107 -376 435 -889 578 474 -306 -519 688 403 49 -332 -201 968 -618 -920 -82 -839 630 528 1913 -576 205 205 -888 -621 684 256 -2 -310 539 440 1242 90 302 -17 -140 662 -1132 119 -1060 -50 -14 -1037 151 -448 -394 -603 -583 293 -7 337 512 -525 709 -630 292 ]
[907 -903 -825 -64 -96 910 108 -847 -2 103 477 826 294 54 917 286 -271 1166 424 -199 508 -365 1027 -358 163 -448 -627 259 844 -82 291 374 -535 -972 -1000 382 45 411 744 -433 1011 40 224 81 -472 13 -153 322 -17 -815 -559 650 617 5 825 815 -358 -44 697 305 921 -1270 1307 9 225 681 -488 -42 1162 -847 247 -66 1030 -390 983 85 -470 -330 455 -284 1071 -190 -852 -877 351 -382 -71 582 542 -120 -522 785 -660 869 21 182 51 201 -672 -412 -115 604 -631 1152 614 -235 314 200 -90 -105 15 -105 30 52 -181 -1094 -366 32 709 -292 810 32 -371 593 37 ]
[-471 69 539 82 494 -722 -215 -43 161 -794 269 -296 -996 598 -744 -380 -4 133 592 -993 -311 498 -255 429 431 231 -297 490 116 1282 713 -207 298 -304 385 137 -477 -20 -1216 63 -403 -238 -550 540 -684 364 70 70 701 -342 -1000 240 -24 214 -605 -551 1037 568 142 -616 -362 -286 -242 398 410 604 566 -116 138 662 -235 166 164 -40 -396 10 43 -47 399 -319 -293 188 622 169 81 -186 98 354 456 -980 -335 689 -199 -251 -973 552 -859 -244 301 503 -973 -317 754 -932 933 315 -24 426 -239 -771 698 -614 1 217 -271 -322 -614 -1161 -72 -137 -607 268 238 -941 822 ]
[-402 576 -295 -1049 -799 908 -555 -1209 62 -228 -241 1091 -766 -739 -349 -314 701 251 652 558 540 -140 -902 32 -81 198 -256 28 -761 -303 290 890 989 144 711 -1036 -140 810 -198 -368 -67 -155 33 133 1152 103 -519 274 4 50 -739 871 -784 -612 733 -610 -297 303 -361 25 1206 848 86 -485 -302 184 -520 -429 357 -1105 472 88 -952 359 -104 -131 238 1084 314 910 428 320 -319 -127 -475 -416 -206 1274 593 -188 -140 -191 239 -108 268 169 -245 164 456 -21 558 -687 -753 -886 -1696 -1037 144 394 402 607 -834 252 544 240 -262 211 931 81 439 172 1541 215 76 475 -672 ]
[598 -1217 -742 -140 -808 -134 462 680 1227 -146 336 -637 -211 636 1658 620 424 69 899 -417 1367 -11 654 -646 1308 536 -103 -378 122 -602 -506 -574 977 786 -579 699 55 -297 -1183 60 760 504 -368 134 88 512 -166 -1865 1536 71 -778 -766 -82 -509 -403 -1831 -816 691 691 -792 -364 815 680 -254 -55 523 -648 -944 49 592 324 -554 -68 -94 567 -353 -299 -229 -720 -1127 -237 293 -413 -659 -537 -360 -325 -253 220 541 611 -667 -1078 -681 912 -1150 452 -369 533 -134 375 261 116 398 -541 838 -50 1202 -568 179 547 -322 123 716 -370 -798 -466 1015 -1350 -268 -32 -348 -300 205 522 ]
[-1373 676 120 646 -19 -154 -808 -883 490 -897 -126 -351 99 374 753 -775 933 -175 -253 -31 -645 608 409 -533 305 912 10 683 253 -473 -413 330 661 150 -638 -309 -122 -543 -194 -62 17 -417 -957 773 730 -19 -79 -12 -510 19 345 164 -418 -745 462 308 81 -154 4 -162 33 -636 246 -1006 603 89 -1079 296 47 -1055 81 289 464 -198 -441 -146 -616 -330 309 894 -573 -931 -653 -924 -676 -656 -1862 -997 -167 -317 -24 -258 -811 -1092 785 -4 472 -199 315 -106 -250 -418 -95 -564 562 -842 28 -814 424 18 129 -336 28 161 62 -849 266 215 -324 1002 -879 -288 69 1057 -396 ]
[381 -397 310 -652 237 10 -56 -325 173 791 -653 -319 763 -1092 208 -206 -832 186 486 1274 -707 668 -9 771 -462 -975 -682 -846 485 -980 16 654 102 -356 -309 -491 -1053 965 1067 -87 741 651 -283 373 -110 -663 1096 899 -191 -1 134 832 -29 106 457 -353 -407 360 560 430 272 -556 -555 -155 -201 -914 71 -598 611 -316 -477 944 -211 362 392 -137 -24 142 -313 515 -132 565 -1086 -395 37 267 -559 55 -240 516 -365 352 614 73 183 248 1138 299 1196 513 678 -19 598 1788 -960 123 -533 1072 -886 945 -455 532 -671 14 865 1305 -387 -647 1062 -893 -23 -191 556 -428 416 ]
[-1126 1214 -14 -433 -189 -190 -402 414 785 395 -508 -884 34 -94 917 395 -354 -724 -429 643 -345 -249 -610 100 204 -180 270 -123 -138 -679 105 473 -367 11 322 -443 -50 -167 520 -644 591 545 -482 1422 -494 775 583 134 311 544 416 426 222 -358 155 105 646 -580 -387 864 -1020 303 -883 -610 -961 -347 -340 -11 -376 -438 281 -434 -987 163 334 -41 43 -1183 -673 1775 -568 -612 -74 502 -413 -79 -977 373 -194 1526 -412 379 637 -554 651 -945 701 -351 769 -11 358 823 800 -573 197 424 -744 -581 6 -334 172 -102 -274 -13 184 684 650 -677 -444 1257 -34 -240 600 538 -117 ]
[262 -3 -431 -697 -421 -682 375 -1232 994 -94 -540 819 -104 665 276 309 473 35 -614 -63 -128 131 444 -413 -229 1356 1075 -777 -1066 -11 -1128 -333 -29 -1040 -197 90 -408 -593 550 -142 -308 -1184 -448 25 -127 512 -269 -61 -1060 344 -288 -16 149 -61 -327 -195 1286 331 -841 185 59 383 1306 -287 -178 -190 123 369 621 216 716 -307 -62 16 854 -1100 -81 -135 440 288 598 -1426 434 -188 -645 -550 -330 14 157 311 835 16 463 -427 -444 742 -942 -684 13 -320 -358 -739 249 -654 398 -493 455 140 -76 -1038 -26 -1157 -274 270 29 -641 -414 829 -239 88 -284 -48 205 473 -65 ]
[97 58 316 800 466 286 446 361 -84 -592 992 -704 576 440 420 -348 445 -512 -204 67 -141 739 13 739 1117 727 287 92 1613 1897 515 492 424 -566 -476 825 293 125 -1380 -259 81 -570 -35 21 -377 68 -258 455 -63 418 267 283 177 -606 -84 -584 676 -283 87 156 -989 -816 -408 -669 -935 63 934 -145 -278 568 615 -1591 -266 -208 -555 115 -460 -734 -537 -300 -95 -432 469 130 608 -397 -50 -1442 -456 126 -327 -206 -1371 131 -398 -520 97 296 287 266 -775 553 625 532 227 -136 491 -278 742 -299 1039 672 699 -640 425 190 -733 -529 336 493 -778 664 140 -923 381 ]
[-597 809 -884 423 20 -144 -415 97 -258 387 958 238 -1070 -388 -2 931 72 -666 -232 -1182 467 -575 -315 924 -1252 -921 -218 -520 420 1404 -196 -49 -5 224 3 -226 -121 -472 850 423 603 -118 668 63 -443 -645 447 -58 -408 75 18 266 365 704 47 711 1267 1119 -671 -991 -132 -163 264 584 635 -32 1581 688 -526 729 162 1521 884 303 1177 -477 921 170 151 -844 114 445 -235 395 225 533 -664 1200 -439 1232 263 -22 623 695 557 92 35 1415 -8 562 84 287 -527 837 -502 1115 132 393 -424 -353 69 187 44 -424 -146 1094 -923 289 -654 -247 493 768 -540 45 -276 ]
[337 1000 547 451 222 573 662 -656 -1093 -142 -209 -18 695 -482 -472 -1300 228 136 -652 391 322 638 -837 837 1194 507 -240 939 351 421 -289 144 476 -634 379 -741 1310 -278 -273 3 -479 291 909 -113 390 -97 143 482 -238 -612 613 -89 746 -795 50 393 -902 -323 -812 -744 -363 -768 -1591 -469 -708 -586 445 -257 210 188 201 136 -49 -402 -575 1198 -94 56 -325 293 -301 161 728 -328 -735 -15 -89 -920 -349 441 -902 143 38 292 -549 -1359 -710 42 -68 -274 504 503 333 799 639 209 -1148 -255 291 521 -740 435 1378 -92 -181 406 -210 -1210 -32 565 397 497 323 376 -1077 ]
[96 -270 -492 -877 -23 746 -1273 -246 -180 649 414 123 -673 -605 -327 176 -273 -913 172 -19 -1089 528 -783 445 -1507 -124 416 -1232 -13 -138 -64 161 125 602 -486 475 -715 101 -422 565 144 828 107 486 600 208 -11 420 91 380 176 -286 -410 302 445 -420 302 697 265 600 -772 194 -1158 335 239 -589 744 -275 -171 339 628 677 -775 1311 -31 -255 314 328 -428 337 -66 1112 130 -179 612 356 27 182 135 -384 -806 -891 1291 110 612 301 412 -159 237 695 -240 -803 -125 519 -327 437 738 595 112 101 -148 1122 -396 -707 548 144 466 498 510 346 20 1351 650 -637 -310 ]
[70 -255 72 -601 900 -850 -568 737 4 618 -202 468 16 -72 -415 12 400 74 603 -403 95 314 183 -1223 1042 666 978 489 -496 784 -463 117 397 -3 -175 8 -209 -86 -151 742 -187 -587 -289 -731 133 49 492 -437 202 17 -266 520 -64 -213 -1493 -187 -370 -368 224 470 -130 -56 256 420 -500 -90 109 -421 -132 478 -1900 688 644 -165 -389 -312 81 252 -183 -231 -17 125 -106 -579 -288 785 -213 1033 -464 -316 -241 -107 -86 190 -960 -28 356 -390 513 229 -993 97 -323 -649 360 -372 1044 -559 -211 186 -659 290 138 188 -763 -13 830 650 -129 -945 -1490 -1037 287 -186 253 ]
[-232 -540 -441 -1247 603 305 -449 -1055 696 545 -1236 33 -876 -531 -468 -441 155 187 63 773 -731 156 65 155 158 413 17 5 -995 551 -91 -441 -90 -904 -429 -980 -409 -27 893 493 -177 -357 -629 -42 182 167 -78 601 -147 -108 -207 37 -404 320 973 -235 126 1571 1212 -814 176 286 -325 860 -642 285 -345 -32 879 -138 -101 211 148 -23 611 -1025 -604 588 1112 658 -266 -847 -682 599 -360 295 -1001 350 -292 374 31 -276 1865 498 95 1203 235 -289 318 -132 -346 -358 -628 236 -104 -47 274 -117 -683 -119 -784 143 -41 84 332 58 170 742 -79 -129 557 403 -210 190 -740 ]
[382 -802 -83 -1207 93 -215 1062 -212 330 783 -226 -116 -662 -77 -209 573 57 -48 -513 743 -750 -870 354 94 -455 -561 -482 -586 -256 721 -17 623 -53 -1032 1227 -1064 -1196 604 -336 -93 -862 -94 492 -78 -303 -369 -170 207 -488 -1397 479 -220 1980 855 420 -559 -560 930 -352 64 -21 325 -478 833 930 -1203 773 290 151 582 404 252 558 -401 -156 271 -289 346 1247 50 -1922 729 732 235 85 342 970 943 1026 -1141 650 -48 279 343 -64 1364 163 486 106 -1251 173 -601 -791 -1104 -458 -199 792 -790 -2086 -1699 602 -66 526 334 -408 966 52 -270 -188 -882 1049 240 -895 -1196 260 ]
[-212 -495 882 50 -555 -980 -155 275 1760 221 -126 -1575 -1744 977 133 637 -536 868 601 -289 -291 313 103 -29 -398 -142 -209 -162 -525 -51 -366 834 -82 357 183 106 -617 -680 76 189 328 -440 34 -679 -43 -869 666 50 360 42 -513 -403 -975 1264 297 -809 785 -270 556 881 -442 526 617 328 -90 -229 441 -728 376 -115 -261 440 -138 -604 561 145 120 -846 -270 -73 465 -736 -824 875 178 458 -597 -161 -473 6 992 -493 -33 309 660 285 552 17 -629 -981 -280 274 354 -674 250 -801 716 669 928 -422 1421 -253 -131 804 -39 485 711 -1174 -307 -429 -546 95 -1015 -553 655 ]
[-1077 575 -494 -1084 -53 -337 -1233 468 -64 449 167 892 458 -679 148 384 383 -746 -68 -754 55 -681 -992 -205 -123 -543 176 -319 -379 -398 1445 382 -171 -401 440 -1612 -124 588 38 145 314 666 -159 -16 183 62 159 -93 -429 422 206 885 -608 -457 152 684 -566 -444 103 861 382 897 478 808 46 136 -40 922 -122 -1325 396 250 -307 851 -28 -720 77 -191 371 1096 43 343 -662 95 680 250 -1408 681 598 569 -498 191 470 191 969 -5 54 103 12 339 666 145 -11 -553 663 13 341 358 -581 -845 -590 575 -267 353 -140 171 666 591 386 661 -135 -437 818 716 -1344 ]
[-670 325 36 -276 -444 -20 -282 -175 -190 -543 83 -242 -388 -157 -465 -174 157 847 -49 223 -130 -868 -41 -53 1114 197 -922 562 -683 -212 172 -1297 410 -1806 402 121 97 -355 -526 739 -398 107 161 -57 368 228 -925 296 715 -169 261 -597 50 234 -97 -464 -207 -618 1316 -696 190 -1600 -465 -354 456 465 857 1010 93 -66 -76 -1028 8 -57 110 -70 250 222 991 550 1034 -857 353 147 -429 -541 202 -193 477 -368 68 64 18 477 774 128 -777 575 -746 232 -167 -883 397 -347 346 -1063 98 180 -669 -386 -132 -1263 117 65 -11 322 -549 -406 114 254 48 -383 -163 244 -103 ]
[320 -695 160 695 663 -215 30 -538 -817 -531 -854 36 161 354 650 126 325 670 -697 -660 218 -285 153 309 -102 -760 336 269 109 -262 219 -768 -413 -608 -592 24 2 -153 737 264 519 -305 381 -1115 104 -832 150 -45 -464 -834 -851 396 1522 238 1036 741 -376 -347 -220 885 1249 35 -50 600 185 425 -775 185 157 -849 355 -1182 788 260 384 244 -299 331 156 91 142 934 -55 88 189 -447 -198 -1760 65 -641 -577 608 -37 895 -251 66 -1040 40 -622 -413 -456 571 -551 1083 902 418 -265 325 -156 237 86 151 -184 -35 16 -1408 -1171 -54 -511 -1128 -490 -638 509 -141 -40 ]
[825 420 319 -141 -852 -140 213 561 442 228 57 -1443 -482 396 310 -774 -776 -452 309 -272 464 378 229 788 -305 941 -10 -163 -434 -410 -1476 -216 -467 637 243 -269 215 754 383 -624 335 -2 -814 -1318 224 443 -38 64 725 -88 575 -279 105 -415 207 -771 -57 -857 -560 -551 -233 428 -516 -232 62 36 -256 -328 -138 -62 138 569 -1491 33 -110 -29 324 133 -80 117 1435 -1000 -485 1229 -1141 499 -321 290 121 -400 429 -852 -348 -55 825 -767 193 1042 -572 -382 778 610 845 446 908 -260 -251 287 792 -989 398 100 428 -1095 71 345 193 -92 -15 826 423 27 -200 314 712 ]
[-236 981 523 -736 162 -131 -77 -936 -1867 -321 478 -236 -528 165 -901 -681 -399 -598 48 -94 -360 789 -851 967 -817 -336 196 -14 252 334 628 149 -233 229 -163 -296 225 -4 -639 126 -16 314 1354 -532 465 356 -291 -249 -637 -929 -589 226 350 -20 794 462 -633 118 -1021 608 258 719 -1845 1248 344 149 357 723 367 -73 347 486 -280 610 -218 -193 557 721 -477 315 462 1129 1104 110 -520 461 -1350 -445 1051 -900 -1257 792 878 617 40 -325 -1053 102 155 -134 479 -613 334 68 259 812 -419 56 -323 -1870 535 158 243 -971 -31 -382 -834 -343 80 1096 -80 505 1135 -223 -134 ]
[214 -604 393 -228 735 471 832 39 219 -32 108 -356 465 368 748 454 -69 -665 139 638 210 351 1 -752 1167 334 642 430 -360 84 365 -534 -255 -199 -85 -133 111 -100 -1192 -185 233 173 -207 -64 -21 -376 -1083 -728 12 148 860 -1126 -300 -250 -61 12 -1155 107 215 -362 246 322 -217 -1112 -8 -384 -882 -57 413 -153 34 -901 701 -124 182 -620 -1117 -27 -68 -80 600 -818 -708 4 336 74 -401 -191 1275 100 48 -185 -465 9 -24 -118 202 -371 -26 -1908 619 -326 573 476 429 -553 82 -265 -966 -726 321 -126 332 -42 -64 -260 -660 161 -361 -547 574 -790 -40 441 204 ]
[-707 -334 -1443 486 897 655 394 -233 -279 -257 32 -371 -379 108 867 1014 164 -23 -581 -182 -50 613 552 11 1065 73 -421 246 356 641 166 -318 591 -98 -666 -353 -80 -118 -906 176 565 212 -135 64 -648 -237 -788 -320 677 674 -269 292 486 782 55 21 164 1859 391 -390 -847 -930 64 -594 681 -152 -6 151 -396 666 134 -621 1530 -619 -184 288 44 -1202 169 -802 -1119 179 -701 -32 562 -298 -151 115 -938 411 -226 -716 -116 483 -759 -149 119 614 973 -426 157 147 -268 -75 -307 277 804 -40 -161 366 152 632 140 662 399 -526 290 355 -652 -1050 -543 -37 -233 -255 304 ]
[-148 60 -42 -242 560 -1213 60 -191 224 222 -934 242 -268 136 62 900 648 1007 287 -434 -16 -467 554 -1096 111 -914 -448 174 -999 -175 -555 267 93 136 -150 440 -563 -686 1198 58 -254 -539 1320 323 -1006 -576 277 -401 439 391 -505 111 891 558 -43 258 20 -92 -17 148 480 -300 19 398 237 -417 -809 -44 -41 128 -138 -430 1112 -429 390 232 133 374 822 -295 -380 -808 234 20 241 176 472 -322 -934 -72 38 132 -276 143 -120 1131 -512 -1300 -304 343 27 -124 -914 -804 -396 195 -83 -168 -252 130 -208 -1067 -162 1383 -904 -228 588 276 82 -877 732 -781 -423 -237 -25 ]
[430 -758 457 -235 -849 120 -202 913 1534 831 -135 -218 100 -857 -35 -755 133 -633 528 -468 -1076 447 -498 -126 -20 667 13 241 -615 -120 327 -135 328 -21 -178 -1079 335 937 -1517 -354 -620 307 -588 -447 462 -891 479 -604 -52 979 -403 -525 -692 -474 -1254 -937 -1063 -245 445 320 -47 409 585 -203 322 -796 -64 129 255 292 192 903 -838 299 102 246 264 75 224 -1114 338 272 -1078 -309 936 -278 -214 714 -295 -358 188 -495 -270 -350 781 -304 389 229 52 -5 569 268 719 -475 671 -304 632 825 -507 279 60 282 -168 172 -327 1828 510 545 562 -209 -66 41 242 -567 -122 ]
[2114 -707 56 78 82 693 1298 -1052 -184 1194 -454 612 -210 -532 -217 -1142 141 -105 294 792 357 -61 -701 -404 -325 471 339 -96 -102 -359 -116 211 -45 -1004 -640 -397 -195 707 -599 320 -498 98 -691 433 211 1070 326 777 199 -61 821 505 -476 -531 -127 -842 -896 -437 -975 275 378 -241 -379 -1073 -663 -228 -320 -222 974 -338 -83 2 -1482 141 223 654 376 -317 122 -333 -30 -33 -617 -1050 -929 770 -257 199 1016 -727 466 412 719 -41 -863 -184 298 -461 20 -303 555 558 -437 613 42 -445 41 471 -422 922 -130 -290 751 -987 177 118 -548 -543 558 -887 1614 1239 665 501 270 ]
[1553 -396 -1001 36 627 -1341 234 -295 -305 1180 -1061 384 38 -661 835 307 271 227 -230 675 466 170 -1244 -9 748 -569 -665 -444 -1855 -991 -130 126 -107 -91 303 -2060 -71 492 793 -696 735 559 56 -608 270 318 543 -37 245 -558 -111 503 388 -262 -674 143 34 505 -944 99 924 709 566 973 -454 -449 108 -223 -516 -934 -533 134 -215 -84 -753 531 -314 -1134 -37 211 -849 710 -931 93 -673 299 -833 296 503 -274 -553 805 443 6 -723 78 25 330 -715 37 1926 1035 -587 240 806 128 163 355 -441 262 -528 955 430 -85 -288 -964 47 -554 17 -748 931 441 157 -382 -1045 ]
[-254 36 -656 359 -418 887 -471 74 -448 534 38 489 48 -883 909 1167 309 -172 -738 403 48 -499 488 -487 -636 -437 274 1087 -345 282 -628 -712 60 318 -1143 464 748 607 358 246 -353 378 327 -250 341 -27 -1276 144 -498 -309 7 131 892 139 7 1693 -318 659 -361 -466 878 -267 164 -840 1401 204 -988 946 -400 -276 955 -299 1451 -652 -6 37 920 533 616 -549 180 -368 -67 -774 554 -1097 1535 114 269 -671 -222 -30 -5 -694 640 426 143 -334 -857 380 698 -343 -968 -15 -201 -347 345 -121 -874 824 -731 -689 -564 -276 51 -569 891 1386 -78 410 346 247 -248 28 -922 ]
[-226 294 -11 -1016 266 -590 -618 -565 342 -1259 19 -926 34 682 473 210 -383 488 224 387 -598 67 -363 713 -422 130 -155 159 -349 -251 270 643 97 -613 913 -10 301 -134 1547 1 1274 -204 -393 -365 -218 434 379 333 -714 112 -656 256 -501 518 282 123 1431 -751 -1032 72 -30 1100 256 450 -362 675 1381 -1213 -16 262 -259 144 -1596 446 214 -351 -303 -881 -684 1094 829 454 -146 837 -668 422 -570 -401 627 989 -115 10 -49 -118 -359 -595 -15 1103 33 -412 -203 25 -897 -232 303 -220 468 328 1171 -768 438 1242 1267 432 226 -538 274 -346 -147 1091 -1076 781 19 277 732 ]
[1050 -91 223 -992 138 -1255 -143 -413 229 -1253 -519 -628 -323 3 -1135 -1178 -493 1052 200 -152 -376 582 477 979 126 104 416 -694 -220 -259 60 -927 -63 415 630 49 741 337 1006 -510 566 -896 -1565 -555 -145 287 350 260 95 -511 -64 561 -672 -509 -914 -203 293 -1119 -112 -1098 132 343 357 360 51 1283 416 228 116 -207 -1058 510 -1567 1228 -195 134 -880 705 613 364 1339 -866 493 1033 -566 985 43 518 73 -773 542 -198 984 -57 -51 -372 -228 -282 -86 328 -428 -293 318 -737 560 334 -887 1124 455 -1664 364 550 87 143 14 68 -278 -168 805 670 -1167 -254 -563 43 578 ]
[320 -165 -340 -556 559 484 464 -272 709 -87 4 134 1290 -1076 109 -137 -486 -234 -153 1694 -616 -226 985 -280 252 889 -156 -208 -118 -686 -166 -46 -687 -1201 57 -1178 85 163 477 -584 -1060 354 -1778 1353 405 97 -501 1416 -17 -287 593 7 244 179 822 917 -615 -94 53 4 458 -1237 -220 -449 -825 299 -170 -166 358 -392 -890 -715 -217 -459 -402 96 -1405 148 1330 1324 -177 -1473 115 -107 -10 -726 467 793 397 -261 -31 -450 68 245 -84 468 622 -404 -597 -402 -992 313 316 66 1086 -164 95 -827 -366 -443 -548 -57 -174 -594 542 308 771 107 559 -49 631 -154 262 356 723 ]
[-51 7 -241 -869 -315 -363 -75 451 364 251 681 539 252 -267 631 30 754 -708 212 274 79 -146 -460 -1618 1476 513 410 -347 -571 -349 -98 -89 -463 1036 -307 130 35 379 -694 945 -619 1309 547 368 23 964 -462 -930 496 402 1003 -871 -1334 -1413 -86 -1108 -959 318 1341 -141 -159 168 -212 -522 -801 356 -204 -545 503 640 -499 -294 -52 446 -65 -881 34 585 289 357 287 -455 12 -335 -332 -27 343 75 295 652 211 -69 -119 -219 406 -206 -148 -1189 -292 -340 -167 331 -844 1005 -155 290 694 280 -372 1084 -476 252 769 29 -319 -524 210 742 519 132 353 -229 -131 1016 -155 ]
[583 574 -581 1009 674 199 -81 788 97 101 -256 97 -140 -302 562 382 414 -238 -681 621 550 -782 295 67 -722 300 -1193 365 -620 -519 -565 259 -595 201 -693 -295 860 -301 719 108 876 -30 -223 -730 1107 833 20 -110 221 245 408 -123 551 595 133 353 136 286 -1097 -602 330 -68 792 948 209 -89 -732 1315 262 -312 851 -268 861 -1257 274 -998 154 -327 436 -271 -551 85 112 473 -928 -95 -202 -304 -836 -117 208 -151 539 206 268 26 499 748 -578 867 112 423 -656 187 -159 -18 331 -733 -192 139 -22 82 -372 -504 625 -186 579 842 -878 75 659 350 -592 441 -623 ]
[-38 -767 -932 1309 73 -597 132 -816 358 99 -281 1076 -161 -187 855 -408 951 445 -1090 155 481 673 593 21 822 -304 1147 595 118 822 -188 -669 -196 257 -367 816 193 -108 778 -496 588 -351 -1103 428 -599 -31 430 -599 138 -119 -172 1082 -8 -764 -272 -29 1178 1314 -660 -368 145 24 522 -1647 -675 785 -685 -324 -196 -193 49 -156 -319 8 -52 347 -811 -772 -243 -441 273 -951 -104 -620 -69 -266 -202 -1003 -852 551 -490 -572 -167 136 -499 349 108 -87 431 -895 -36 -501 104 -844 254 597 -518 972 -98 -923 763 163 41 917 662 -1481 -494 13 -244 -11 -1428 687 118 70 -841 ]
[-1169 58 -582 -333 -242 -953 -653 648 -384 948 -11 515 825 24 154 -96 1188 -882 -295 -230 -156 -169 284 -185 -1706 365 -685 -1038 -362 -179 226 749 203 -14 -68 -1200 -902 611 -631 500 -744 -276 -226 21 819 -43 54 165 -832 866 406 401 -234 233 -198 328 690 412 -257 526 -28 491 185 1503 1022 -556 635 921 123 134 -277 570 604 11 -1036 -501 233 251 259 -87 -793 -24 -312 -131 579 101 138 -336 -215 -447 808 310 -499 28 -342 1272 91 294 -368 768 -116 -54 391 -357 -343 137 808 -953 -482 135 -1501 42 -383 -844 401 419 206 798 448 -170 479 -170 -244 -309 225 ]
[141 -835 -159 -451 -611 -191 -1525 -321 769 767 -1419 -88 275 -1359 248 946 -535 1042 289 652 -173 -559 65 194 -1128 -166 -1435 -926 -881 -1153 -339 -925 -224 495 -434 117 -189 42 1290 -297 1025 -477 -1007 1100 311 -857 200 627 -272 -93 153 419 620 886 -230 785 1053 -225 561 865 104 -319 305 1086 162 63 -314 289 -381 -590 778 605 298 262 538 149 -33 -270 468 -52 860 -80 249 -807 935 -1143 498 545 168 -378 1007 429 857 -19 1391 349 837 -277 -1027 747 -362 480 -113 -170 544 -494 -280 -71 -8 331 -749 -419 -1552 134 -331 1003 250 340 167 -98 65 154 -322 -322 172 ]
[185 -570 -340 -468 -345 94 498 -307 684 87 -40 -938 180 532 1131 78 175 -489 -788 661 -1144 233 -1167 -677 635 -402 1144 -480 -48 -944 939 351 -354 -280 649 -1040 -663 3 -60 -560 -913 1295 520 1385 -404 296 233 -103 -144 -517 502 -174 140 -635 212 155 -520 559 10 778 -322 440 -89 -1195 -316 -218 371 -309 -199 -499 -1021 -1067 -448 560 1032 -341 -624 -936 -366 857 -243 -591 -576 677 361 211 85 249 911 566 388 498 -108 -555 -228 25 319 -727 -213 -1487 398 -107 229 -438 1344 -53 -189 30 -1138 -452 802 1021 176 -24 102 133 253 -460 308 299 299 119 -348 351 -186 ]
[-966 499 -383 -681 42 -463 201 -461 517 -328 -275 42 215 528 1263 119 731 -241 -373 326 -128 -681 1054 381 -100 -126 472 -282 905 -209 -495 201 -232 -997 265 -26 205 -877 48 674 135 235 -95 -355 -297 146 -249 -341 -972 -1221 -302 -423 571 811 841 662 -589 -733 -95 513 929 -1 354 234 446 89 -547 -502 570 -265 -201 301 777 -456 875 -256 -512 -380 284 693 430 74 -143 -1 -299 143 -1008 -1501 282 476 -197 124 75 -267 772 971 -386 466 -87 -799 -685 -260 -14 947 436 341 167 -175 -485 -1258 152 -279 -539 126 500 -479 -1217 -1 -521 -257 -209 -490 128 1154 552 ]
[475 17 -483 1426 -61 -162 703 -227 -419 -631 -295 8 1424 -179 1080 -252 366 -862 -492 319 -88 233 640 673 24 -307 299 282 901 77 143 -443 -96 -175 -562 -6 -271 -559 558 -432 263 80 -1137 905 -561 594 -204 142 719 -263 -311 720 23 -276 -393 380 615 1501 -387 543 46 -41 60 -1021 -656 846 -573 -1064 -979 -611 -1212 -791 237 -226 320 473 -292 -1530 -117 224 -15 97 274 149 -553 -820 -283 -1078 -480 540 -582 -180 -821 40 -706 -486 -297 -489 1020 371 -435 705 -374 605 514 550 -436 238 586 597 233 788 341 -183 480 -787 -42 -82 -141 -417 -1070 462 450 902 273 ]
[1140 -395 645 478 523 237 411 198 -360 1071 -257 -189 242 -519 131 -541 -1580 -245 -444 557 -516 247 -1527 -281 852 -591 749 647 -419 -317 615 402 -311 876 665 1164 370 -61 1043 -81 -367 372 1507 1090 -796 -699 1142 697 -250 -16 446 639 755 38 -405 405 375 -569 161 1283 -109 473 -881 -470 -656 47 -293 -95 71 -649 -245 58 -579 444 430 655 -213 -665 882 446 361 1099 287 -38 -39 -799 306 134 171 -910 -431 1298 123 -107 -11 973 599 -283 -1252 694 774 158 -503 -183 1552 -688 -870 -762 619 -605 588 244 -287 416 -920 -132 713 -434 253 363 149 600 -22 -1184 -298 ]
[120 -774 263 298 370 1847 187 -596 -135 657 -506 306 465 -578 -214 94 171 426 -353 1077 626 408 838 376 -368 4 -801 -67 269 235 -869 252 271 -1011 -755 -755 -521 897 547 166 -503 67 -530 -324 -142 338 901 805 -319 -1082 351 961 1643 218 958 584 -30 1399 -108 -443 253 -1202 -138 -18 458 -428 -1034 1039 -154 -532 667 -42 1197 -780 547 -65 -133 277 231 138 -972 -431 345 -980 -628 -810 376 -232 -599 -995 103 -126 -201 1181 137 -240 236 280 411 228 -226 89 -120 741 584 -872 166 -302 -1429 347 34 62 -157 -205 73 190 383 873 -221 -1394 -52 573 234 -375 -669 ]
[-885 444 -13 -846 9 -1583 -983 -209 362 -1106 -492 -467 -1166 2089 183 144 1122 1045 698 -681 -164 -71 426 -740 695 -700 -318 386 -231 436 -94 332 217 8 158 611 825 -513 -1221 396 461 27 -596 -350 -779 771 -486 -279 -114 -1011 -1517 -632 -123 -46 388 -394 453 -959 809 -251 224 -253 623 803 837 662 472 308 -139 1177 -279 -521 763 370 292 -199 -753 314 334 141 -434 741 421 346 -696 821 63 419 445 -76 86 229 661 -268 -836 -675 -964 -642 -95 -301 -1170 406 -397 -925 514 428 586 -499 709 132 1010 -665 10 453 -859 -1344 -120 -80 -906 -67 -448 -461 -479 159 7 ]
[-649 -38 -841 547 -225 743 -273 -769 -330 -867 842 -481 -992 614 35 673 -1142 -513 -150 -508 255 -372 255 685 -923 -677 528 -1186 1036 1132 972 -388 -557 -201 -490 881 -635 -69 352 -733 498 168 398 285 -694 -53 54 -642 -59 -195 -1429 234 517 549 560 522 888 669 1175 -38 -158 -234 -302 221 659 279 258 -71 -643 -229 650 -98 634 179 43 -105 566 11 -324 -190 -144 440 293 186 734 120 -315 621 326 657 -605 420 5 400 717 -3 102 252 782 271 -860 -39 -176 269 47 1028 76 780 -534 -1043 985 -405 -268 -239 36 -498 -1245 -1045 -181 -457 -1391 -135 522 -1195 743 ]
[172 -543 -228 1309 -520 -660 -412 -209 270 1834 -920 -474 -557 -694 1002 244 523 -261 98 -407 -296 -17 -402 -306 -539 -447 395 129 111 83 -1492 495 -85 -86 -757 -203 -1168 -439 1672 492 496 63 -187 70 -74 135 1828 -75 -767 281 -202 639 378 205 -1093 717 1126 -97 -865 125 -366 -2 735 -454 -24 -1027 146 58 -860 -330 195 1361 -239 114 194 404 869 -1444 -158 -552 -433 -80 -882 -776 -304 217 -1131 -406 -745 41 631 589 202 -196 503 47 805 417 87 784 563 719 -482 59 645 -447 636 595 -467 286 927 -240 -630 298 -298 230 532 -220 -1135 156 -761 732 382 -83 -962 ]
[-328 684 155 304 942 -558 786 362 160 -324 433 759 -133 -19 116 223 1285 -1314 -625 51 -15 151 -128 -869 -421 -156 495 -365 -321 633 677 388 -637 301 56 -454 -240 983 -1086 143 -1007 931 74 122 -624 -642 363 -847 192 -239 -194 840 602 -652 -510 499 -722 -225 -165 754 901 128 -160 54 138 -782 -716 1349 201 35 -769 -917 1545 -597 329 -255 184 -101 -33 372 -311 -127 497 -500 436 628 -287 -326 -48 -902 -119 684 -165 65 -417 -94 -661 -888 686 -165 -212 433 669 -398 659 701 78 -233 -1627 -848 215 -476 784 -462 -96 -254 -700 -201 763 -1369 -638 -579 768 -823 25 ]
[-728 5 798 220 -565 424 314 326 -246 -442 225 -370 -3 -488 301 377 -315 -945 188 -1315 1140 -345 804 961 -358 -277 -1459 -364 357 144 115 273 515 80 1493 -698 -904 964 -601 626 150 141 -315 -490 213 -1210 -560 145 -143 -296 432 219 673 425 214 61 392 647 -269 -479 -953 678 9 843 649 -595 736 984 697 -105 567 718 5 -5 -592 -509 43 527 -566 270 -560 -146 -957 283 245 330 300 -365 -194 -81 1006 -458 -441 876 589 137 266 46 401 -194 404 -206 1466 725 -437 -194 -699 -472 -528 271 6 150 -90 -225 256 238 -749 -997 569 64 -138 -299 -310 253 -6 ]
[180 82 -534 1543 -742 -132 -723 -340 -468 649 -1270 412 89 -773 194 53 751 103 -630 76 -29 425 -559 -211 -701 -570 347 63 -360 -713 -163 -398 557 519 -856 -53 -383 -321 447 -888 -4 709 1117 385 477 166 817 -1125 126 -75 -227 153 1475 -260 615 716 573 236 -480 772 657 68 -598 -403 -590 -97 -718 -924 -2118 -155 99 -286 326 -174 -344 389 975 -730 -273 -287 -447 552 511 -312 -471 -821 171 373 -149 -428 142 559 -269 -1083 659 -716 -562 100 31 1525 630 428 -256 -86 -121 485 160 65 153 1048 159 -308 -443 13 -704 -240 1047 507 -1309 -928 -95 168 672 -648 -1196 ]
[299 -615 -91 -829 133 -124 690 -238 -274 565 180 289 -99 378 -121 215 -869 515 404 289 643 -821 -645 431 401 -498 -127 -58 202 148 1612 827 133 -71 448 -236 279 -660 -110 -804 -520 -539 -121 877 -311 -446 -233 -119 -283 -757 -195 1057 -248 153 108 -50 -1086 1368 -1060 48 587 1505 277 173 25 1366 -348 -1053 289 -909 -942 64 -708 103 -456 413 -444 7 563 -262 -922 309 551 -595 -17 269 -779 1151 -9 258 -13 445 344 -92 -68 1903 665 -131 -490 -661 477 -522 -671 -1568 230 -662 -638 -146 -152 -1032 199 610 -592 1300 -1039 448 -169 -954 37 116 648 225 -228 519 465 ]
[619 473 818 -714 -212 1069 260 -717 618 -124 -108 330 -388 -233 -43 346 -208 -358 777 174 -321 197 -536 435 -495 -128 -426 -444 234 -239 -57 543 -252 -428 223 -565 97 141 -1022 -248 526 -210 979 -1022 424 -1081 -526 -452 -264 -638 -1157 235 -349 -427 350 -991 -874 -480 -202 482 808 -332 -522 -9 -278 -897 -102 -448 978 171 165 -341 -394 799 731 570 78 944 -285 363 1609 -52 577 256 235 694 -1243 1184 410 28 -404 -286 87 617 916 -1313 -704 203 24 -490 422 243 -139 871 -769 -700 783 325 362 180 -371 403 729 103 -358 1123 65 -388 1268 -748 583 -111 319 333 -644 ]
[1217 -237 556 1050 286 -1193 1095 -302 245 -123 -256 175 800 -11 111 -554 486 1944 -61 -128 820 -978 180 699 726 124 107 241 1117 125 458 -477 426 -284 -293 749 1279 -1065 -882 -60 508 -718 -557 -272 -966 102 -112 -483 -231 -421 -538 -737 -279 1 -1182 -533 505 -792 -11 -89 368 215 962 158 -999 772 -513 -697 -50 231 -72 -975 -445 -1058 53 669 217 -987 -346 -1570 134 -124 1585 -708 685 -617 -152 -652 8 374 999 388 -1440 239 530 -346 -498 -502 -575 538 -333 770 122 -700 648 598 -742 285 214 -775 768 -261 -71 868 -355 -260 -1046 -918 -318 -337 -801 516 251 36 759 ]
[1044 49 1093 442 295 384 168 230 231 187 -781 -223 639 -231 -433 -979 -904 -204 -378 940 -63 570 -533 565 485 959 677 334 -992 -949 -961 -551 -43 465 564 -243 669 324 575 -63 -655 125 -85 -779 476 410 229 193 -101 -371 985 -285 -87 -712 -699 -28 -700 -149 -1417 -1031 -234 -910 -271 -207 301 204 -627 -60 -132 -240 23 923 -2023 46 -42 797 -454 -591 456 -292 996 -686 -521 263 -984 -352 -92 -536 -965 -539 120 -882 353 -206 -252 -482 600 303 -745 38 365 168 67 633 765 -390 -314 -88 913 559 316 1129 241 -234 304 387 270 -239 677 643 620 602 -6 530 -15 ]
[-239 107 -152 990 169 769 154 -180 -339 52 19 106 356 -290 -279 -342 -43 797 -256 2047 150 -204 208 -484 -984 -20 -621 -247 430 -866 263 537 -325 535 -380 714 578 -373 1241 -201 433 -142 364 -322 632 226 110 176 -1181 283 678 202 -215 832 660 902 122 -497 -173 -264 37 -124 146 -916 -293 -254 -450 -100 -320 -388 365 125 786 -1240 75 268 560 -208 -737 -226 -1238 -29 635 -1047 -33 753 519 -1199 -508 279 364 137 350 -489 -406 -132 1252 910 -318 -44 -13 -372 -278 89 -1572 -716 -563 -411 -681 621 -452 -502 -361 338 772 -509 149 -326 729 -268 -489 261 -650 169 124 ]
[-575 214 71 -1055 1077 -31 435 880 -50 304 358 -184 -944 -411 -510 257 215 -603 487 608 -299 6 -461 -355 430 -211 -66 -594 -515 -245 423 167 -964 665 471 -1200 -637 -488 -576 -137 659 353 -290 -321 393 162 216 -588 -164 906 675 -500 -393 -451 611 -354 -730 939 -195 -1269 -199 1382 -750 985 -858 144 18 -42 109 90 -250 -521 -255 977 -708 -323 -975 789 -518 1269 -1550 -470 -683 310 -450 1007 -848 9 372 67 -493 -954 1802 528 -430 -400 210 107 -237 -907 752 -231 397 20 -835 591 -317 69 -835 -824 -235 894 510 241 233 -154 -219 -149 -352 713 506 -299 -37 638 -468 ]
[-199 -723 -47 465 -1438 -619 -20 -953 505 -415 535 -474 -1570 -139 160 111 -416 139 -97 728 -17 850 603 294 -351 -246 -370 -947 -40 -284 565 441 351 702 195 -4 -1092 -273 738 120 748 -742 -579 172 -10 -150 914 -136 393 289 265 468 -587 899 97 583 1385 761 33 -106 81 975 118 -975 173 -112 36 -495 -969 -628 -331 -3 234 444 -65 -319 505 -866 -793 680 -344 -204 -1373 -15 -721 488 -865 189 796 272 1368 -54 899 -1099 415 -452 525 98 681 -413 1024 165 -41 -418 -1084 -112 -758 689 333 -416 733 -467 69 8 -225 -237 -153 -482 -763 510 -1375 -130 -53 -190 886 ]
[650 216 -129 -2 261 1154 385 -22 257 -67 -528 271 -531 679 -862 429 -176 349 -118 -297 798 -444 89 -774 1097 64 399 963 -484 818 705 -903 -376 284 -1024 183 1267 -14 -1302 656 -112 649 -230 -859 -273 731 -308 -496 1173 388 -222 -465 -1336 -188 -26 101 -883 -61 820 -836 54 -955 611 -728 288 698 396 1396 865 620 -31 -493 483 396 -329 -82 314 491 203 -327 484 -513 -329 47 -64 591 30 829 -327 -426 -539 -862 1628 469 -435 -1094 376 -591 -144 -981 171 386 -334 -401 265 556 -338 -21 100 579 -67 -75 364 -38 -395 -1022 238 513 -425 919 37 544 78 358 -758 ]
[129 -433 689 -157 -294 445 642 606 395 -573 737 26 -94 -174 -491 -113 394 -65 -317 -871 -207 476 -112 685 699 912 602 108 806 1113 119 -791 982 -1213 466 443 -682 389 -36 413 -334 -270 -78 -587 -465 -340 425 458 -187 700 -43 -323 71 -129 -1873 -126 -514 -601 431 -842 -172 -801 685 -703 524 -1046 449 633 413 481 75 -684 480 -300 220 -357 362 132 63 -312 835 -221 -736 -969 1605 -120 743 -351 -1225 66 769 -561 -512 53 -278 632 -59 -169 623 395 -65 -593 1487 -421 -844 -412 -79 713 -521 250 323 306 197 395 528 1823 -896 -299 84 -244 -608 -638 319 -674 787 ]
[-30 196 -53 69 -67 -533 -327 87 124 725 -1209 -516 -151 23 46 -632 -509 51 -121 721 119 -360 570 152 994 352 -662 -311 -145 -75 -390 341 529 -973 745 -356 -499 492 407 -86 -51 -332 -1089 361 -486 524 685 1492 259 -1058 450 87 1204 107 897 20 792 -39 979 -239 -676 -865 -790 220 -192 -815 93 186 -370 187 813 172 15 -878 -226 999 -724 -1458 501 432 -1778 761 87 48 -225 -308 423 -945 -162 -174 462 732 161 95 186 177 345 403 812 431 -478 587 509 97 487 -323 -141 -576 -362 21 223 -771 -64 49 -346 57 -140 -362 -405 -698 379 205 -253 -432 4 ]
[-306 -133 -2136 -452 -1099 188 -1452 -47 -250 -432 1458 1314 -31 -1490 -373 -249 33 489 -348 570 -1266 -550 495 16 -410 -379 -635 -722 34 -358 667 -844 357 -678 -977 -625 -261 616 383 638 -469 753 233 633 1080 1185 -666 -379 209 982 679 -113 -1434 -209 -773 282 71 121 629 581 -697 -923 246 258 343 538 1465 1320 1143 -525 191 515 -772 -51 -1485 -1383 1227 107 73 4 -323 -564 -1063 940 828 368 100 68 -1155 434 -681 187 518 154 545 1175 693 -879 791 1085 123 -713 408 -245 -1340 1106 377 645 246 374 -155 -417 -512 -4 639 -538 -120 244 1207 703 -1030 641 69 27 333 ]
[471 111 -277 -1588 855 -950 -339 -534 -274 664 302 1294 -1000 -104 -1314 349 -423 425 -245 1237 -786 -26 -457 -69 -576 171 1055 298 -340 421 997 -148 467 -385 182 208 776 418 -842 137 -373 -621 -425 1340 3 575 -504 511 -593 484 411 232 -936 637 204 675 -335 91 -860 -50 484 -268 101 -378 679 533 64 -49 769 -57 -465 607 -640 475 135 -132 -40 -789 816 -45 203 606 -191 454 395 418 -326 946 1060 -192 -110 93 1663 -679 -722 1287 308 -323 953 -332 -103 -619 -286 -921 -1337 286 -542 267 -291 -913 -30 -29 66 109 -258 197 -564 245 385 -242 453 954 536 54 1434 ]
[-602 354 -280 500 -926 -540 670 -435 -367 -454 -254 -1096 69 459 939 111 288 -213 -60 -926 565 566 244 621 906 -715 59 12 1074 458 349 443 1114 652 764 698 -140 -1051 -997 169 370 -605 -1179 549 -803 506 -404 173 -302 97 168 -228 -1032 589 -50 -236 1118 408 128 -289 -476 778 650 -935 1075 -13 300 -339 -948 -101 384 -99 328 683 299 63 -322 -136 -399 -92 -628 114 -639 -552 -718 -179 -299 291 487 432 -280 -727 -697 -196 -390 -210 -468 -119 -1 -409 1127 -709 -617 -622 142 -1459 -115 -420 369 -193 1127 -267 -412 491 551 97 -198 -238 -126 645 209 -125 -670 299 -235 ]
[510 -1286 -50 -131 -503 129 1016 -1080 -208 -907 -1227 -436 408 -121 342 -76 222 19 -1227 -572 2 -23 230 1245 -175 -537 25 -539 272 -110 -413 -800 735 501 540 1181 210 -770 803 161 -301 -481 -1385 362 -400 -1347 -908 724 314 -1230 301 534 1486 639 124 -201 165 635 13 117 244 598 -445 -48 291 34 -653 -221 -588 -479 -132 -852 318 747 1012 230 -306 120 844 358 10 625 1105 -954 -329 -793 1044 -1120 -45 -888 653 -826 361 163 258 608 -590 -1124 -131 -473 -30 -667 -83 -399 1170 -192 -1294 -439 -277 -826 -53 243 -840 469 334 -324 125 106 327 -144 -671 -633 -128 -623 -92 ]
[-384 241 111 -380 1473 1665 704 -570 -872 -1201 833 387 126 506 -1519 275 -383 -810 401 712 -44 220 -453 135 -905 548 51 -95 33 504 -249 -587 371 -773 -115 -124 -789 -129 233 292 -661 699 526 614 -187 691 -314 91 502 256 284 133 712 -265 93 -201 -477 1147 70 -1413 -230 -1087 -950 -309 492 -138 776 294 -390 792 -973 -38 245 -201 858 -358 -246 475 306 534 170 15 839 -1221 -638 233 -756 572 -74 137 -802 -650 179 618 -891 -17 107 1061 943 -121 -663 -955 132 612 -780 697 -114 -159 -1405 -224 -76 1034 1353 -418 620 64 -504 568 -205 -723 755 348 608 -254 434 ]
[443 -234 167 751 813 -91 1321 -443 -679 338 -97 853 15 -309 -277 102 -970 1359 -893 -1340 981 -932 -137 578 739 -483 976 327 240 269 708 -1114 -142 -385 -716 1493 792 -849 -574 -238 573 -36 403 -80 -1049 -757 -53 -741 972 67 295 -836 880 260 -130 -407 -363 223 539 -62 37 -224 583 -410 14 776 -590 -165 362 102 -857 -448 -187 131 1079 30 158 189 -323 -588 967 -281 507 -312 128 -642 144 824 486 681 -643 -329 180 1023 237 -90 -384 314 -407 -595 301 144 -335 769 -157 555 -1656 666 -178 -221 542 147 -482 187 -147 -286 -675 -610 72 -64 -338 -17 530 -179 693 ]
[-1657 734 636 -599 -227 -935 -1152 -367 423 -358 -1170 -705 -434 252 -9 376 692 281 554 -608 -453 -255 -29 148 364 -1263 463 -381 320 156 -62 -245 138 405 689 334 -386 -993 -511 99 1228 -437 -23 -423 -1059 -442 -1180 248 -1054 265 -1339 -237 -191 272 -1412 548 740 -963 711 177 -181 262 138 243 920 -552 -26 320 -721 -188 -280 -14 408 894 494 348 -173 426 75 126 655 -369 187 -188 1063 -347 -405 -323 31 101 403 -265 422 -175 426 -723 -3 -790 -83 -124 -722 -265 516 -1524 -458 -52 -25 -247 231 -975 63 8 -1026 568 -599 821 -328 -196 510 1266 -1046 -1223 347 670 -275 ]
[226 -386 6 -671 336 -309 129 40 -284 673 -127 -437 -1150 -228 -145 -299 376 536 201 -201 34 -672 460 -596 812 182 332 42 -350 161 1065 433 177 477 -498 405 -551 -212 483 -140 285 -1022 61 113 -43 -1725 -59 -143 -14 289 177 424 -90 -298 37 -823 264 -67 545 798 216 856 168 268 -1156 406 12 -175 102 -524 -320 -519 294 794 -716 -931 112 623 -48 442 -554 -497 -261 -545 53 1036 -69 364 622 -430 -84 79 266 521 365 1555 529 -1803 -123 -55 408 -798 -374 -987 557 -793 -277 -552 -846 -945 373 -1125 -518 892 -151 -406 721 -870 772 116 -546 -766 -758 -831 -621 ]
[-1222 -357 -899 -270 -178 -17 -857 457 401 -113 47 249 150 270 647 71 1407 335 -132 -696 -1413 -193 78 -1164 364 -724 -990 496 -293 -316 -423 65 -26 -166 -86 6 -291 -248 68 136 -158 459 397 -241 -611 1 -116 -844 -294 722 267 -31 -756 -242 -539 -986 640 -143 557 256 -809 -1211 203 307 753 -193 322 269 -235 273 -335 115 -193 153 -426 428 111 -26 758 -204 -1124 -954 -8 350 385 512 579 572 -1145 228 -540 -146 -1135 -32 -193 79 -564 66 -511 81 -165 135 -901 -959 575 -697 1521 -1058 70 1378 -312 216 328 856 -130 -487 1524 439 316 -333 -160 -245 -1050 192 -756 ]
[46 172 -45 -113 -1022 122 11 -643 -667 -544 61 253 294 270 -298 -907 912 -159 -796 781 -491 -949 -578 501 -1139 -107 343 -469 8 4 327 304 91 -936 93 -7 47 145 179 278 -1223 -531 -563 123 -115 993 5 349 -1209 484 244 497 263 -33 -210 1167 849 -769 -802 646 776 579 20 531 -239 222 571 536 -508 -318 683 -1234 -658 543 169 -171 -63 -155 294 -118 -481 -142 102 375 -226 440 1027 -1443 637 142 74 396 619 -277 -535 715 -544 -718 -230 677 3 355 198 -1358 743 205 -203 41 -429 -454 50 -750 -37 -97 -364 -329 -690 3 -210 -207 -49 555 -204 135 -482 ]
[281 196 665 803 -83 325 -719 510 175 -264 175 -1669 940 -176 16 -142 -83 -368 1436 576 -221 984 207 614 631 -637 -134 414 1292 1343 -138 400 -85 437 -143 181 742 -244 -297 59 808 31 501 -505 -250 -425 -304 333 -4 -161 -897 454 35 30 -197 307 -152 -650 -187 836 -299 -803 -1085 2 -818 171 561 -410 -116 333 328 -114 89 71 -209 768 272 602 25 -526 530 1005 54 459 638 -828 -288 -1226 -1020 -181 -1542 -252 -718 431 824 -979 660 371 -37 1189 -250 711 303 395 91 64 763 65 2278 722 96 250 -760 -337 -75 617 369 -479 621 446 -1305 181 148 -994 -306 ]
[-781 -542 -430 1585 -287 109 482 220 -394 -455 239 -302 157 -213 761 -142 596 -299 -1 -470 999 -594 795 425 -290 -356 -507 -227 1882 93 -601 259 -784 284 -824 710 -570 -773 243 -321 542 -1087 -591 -444 -39 44 -423 -85 -623 172 -937 264 614 539 -24 169 381 160 -511 -34 485 383 220 -648 522 230 -869 -461 -920 -424 -267 -522 768 455 178 257 273 960 -880 -179 -622 -43 129 -1242 -265 -691 665 -1360 40 -118 -602 -394 -1093 353 -265 -723 317 264 -58 149 -664 567 -550 329 -835 271 179 -113 87 524 71 91 -365 -229 1 -210 -581 -484 732 159 -1045 -1029 156 588 731 ]
[-1028 -138 -120 710 -633 185 -262 -921 -465 -1017 523 -874 -781 671 -93 -415 -455 -85 -273 146 -1592 1262 -170 340 -334 -1403 153 748 1067 616 1171 -633 -695 -63 -465 618 -195 -453 -227 -602 296 74 859 269 -719 9 380 -34 -187 160 -1484 575 -445 284 122 373 1251 392 582 -372 -272 -630 -275 -503 680 250 1467 801 823 487 635 -217 83 660 -149 658 -335 37 17 81 -250 209 -448 198 482 -5 -353 -760 -350 231 -1448 532 668 -139 -384 42 -614 338 564 109 625 -1003 391 -957 -672 1067 -295 307 443 -637 698 -428 -396 155 330 -822 -434 -568 142 1226 -1513 452 33 -465 -606 ]
[-24 786 -186 893 -507 -541 894 655 -719 31 -7 -298 1171 809 284 -173 -223 -82 -381 222 111 -419 -190 -258 900 -857 -393 847 545 -170 -260 562 269 261 818 349 610 62 -270 95 -713 482 137 -315 -1462 415 -476 1242 313 -300 819 481 -64 -173 171 -75 689 55 872 -51 -638 -645 388 18 238 882 712 309 -519 -579 170 10 382 -22 -139 855 -201 -2092 771 -414 -1152 1354 -170 -242 -741 -403 338 -702 -313 -351 -324 663 -357 -478 -841 943 -439 1128 -475 501 428 143 -541 141 737 -600 -317 -1153 860 656 34 93 -534 -27 130 -1085 -436 136 394 273 1110 360 -752 33 -747 ]
[-155 -590 -439 -237 954 197 -171 -287 810 404 200 1102 322 -947 657 101 1034 34 -579 1207 -489 14 150 -336 100 323 282 78 189 557 158 295 555 -479 -329 -800 -269 32 230 443 638 -216 -473 -51 -578 -140 118 -489 -73 -296 127 -220 126 246 -1215 846 128 710 281 -757 1013 -450 275 -92 107 -1428 -228 391 468 143 -426 301 1324 -649 814 -280 -886 -268 343 61 -1059 189 -1241 -810 172 330 -1521 476 -506 1000 -523 326 27 -253 300 911 859 361 1078 -34 365 62 -1343 482 -674 -169 821 -621 -1181 183 -1222 556 803 -71 235 469 -505 558 -503 -1906 -137 -149 230 121 26 ]
[-358 1504 263 170 147 695 -190 920 -584 130 817 637 -356 -256 -842 -35 927 -447 787 258 213 -221 -21 -23 -202 1332 -768 -196 -15 709 -1097 653 445 678 -1003 753 751 -457 -310 458 -788 -686 1146 70 279 664 248 261 -235 932 175 -658 151 -273 -235 -380 -500 -1160 -28 -884 -225 -788 -1157 108 -898 -1110 -91 42 -243 1139 143 -521 -392 -888 0 318 660 1108 -143 -131 -683 -980 960 -461 -610 912 -45 442 -1406 820 1166 -549 -62 -231 892 -142 109 190 75 1807 -876 172 -1206 886 -920 215 702 -302 -545 1689 -892 -473 960 -915 -290 1602 237 822 -775 -527 1173 550 122 530 -329 ]
[-517 -635 -711 -188 -1973 174 -629 -1075 305 289 -29 92 -554 -361 1052 -1614 636 -638 -379 -104 -480 136 -53 143 -1086 -244 358 -523 102 -985 104 407 -93 114 595 -387 -641 28 145 -67 342 -105 -36 -564 406 10 531 -112 -1496 -776 132 17 -527 -161 433 84 595 934 -898 16 904 1492 162 157 898 865 -338 -38 16 -680 768 1172 -897 1291 268 -119 -23 814 382 77 -292 434 -1526 284 35 -489 -223 -925 765 -266 -184 101 412 -333 314 811 -403 -98 -1004 -494 1326 -393 -492 151 109 -374 -221 108 621 -185 -3 113 -654 83 35 -533 -1640 38 683 578 805 493 -424 1219 -555 ]
[427 115 262 -11 -197 -668 -37 410 -268 -983 394 451 190 208 -490 -305 391 -247 272 -759 -383 653 -449 -735 444 501 -738 258 -693 -263 842 -53 1288 561 -107 307 -122 153 -950 721 -1578 426 -109 1851 851 845 -138 580 747 359 303 -61 -1533 -44 -1095 -853 -203 -440 254 -375 -454 -262 -198 143 1161 390 208 413 562 -157 14 105 -570 -158 -1190 78 214 -80 1043 -222 -896 802 101 -1214 129 -544 610 274 553 -1179 305 780 43 -1160 -404 1549 -75 -1500 -242 1244 -146 -1128 -641 -1422 485 -312 -158 167 -486 808 298 -1206 392 -142 -139 -460 7 -226 -366 458 1525 538 10 -221 609 ]
[-70 172 -1144 951 546 460 -604 88 263 -339 857 473 147 -84 764 -316 830 71 -536 -52 -308 -153 412 -1036 408 1049 -1186 -94 -28 757 57 -455 -569 -790 -1346 -617 548 892 -415 139 -796 655 -638 536 375 909 343 -169 -166 188 517 -479 410 -219 208 885 -191 -725 718 -359 358 -2223 412 -955 827 -218 -542 1763 14 680 781 -636 1703 -1089 -356 -1240 226 153 532 -276 401 -1392 -454 76 546 52 441 456 -663 250 130 -105 -218 16 96 229 -181 187 -566 0 -853 485 645 472 1295 -127 231 276 -1192 118 294 -854 -239 -434 188 -418 -303 609 -298 -268 -611 33 506 466 509 ]
[440 -544 175 392 1006 50 -434 111 479 -265 51 -60 893 -168 173 618 -878 -10 655 -1408 448 -593 -108 -717 176 -122 -689 -825 -188 -1425 612 258 -479 728 278 -321 -1020 -1029 -38 -576 1174 340 697 1063 -77 -741 562 -883 337 391 233 -761 -99 -236 248 -383 -78 494 -664 -552 -571 214 329 -295 -571 -527 285 -694 -690 644 -39 146 -651 1042 415 -577 -714 1642 -286 302 174 -198 631 469 365 460 -83 1737 578 569 526 -524 -580 730 805 -1155 345 -337 -1054 316 -103 -391 -100 664 1164 430 253 251 265 393 360 850 -641 917 -682 283 98 -103 -129 -451 0 -240 406 917 -422 ]
[-58 -1556 -781 276 33 601 204 -329 217 653 -165 1097 56 -1015 238 188 764 -351 259 214 922 -78 -421 211 263 727 -1010 -57 -618 679 -968 565 -855 511 -223 -833 304 260 638 205 83 -715 -383 -202 69 -468 -332 607 284 381 -114 404 -60 135 -176 -242 -197 871 -436 137 407 754 1058 -40 -897 -783 -165 263 554 -867 317 238 -536 -106 -645 -255 232 947 12 -38 -684 -600 -429 -260 -379 -356 369 619 -467 255 342 82 361 -223 -531 250 1127 263 -356 -55 167 745 -1804 199 -262 -411 1200 -162 1043 1197 -1217 1053 -12 -200 16 120 1364 46 310 110 404 130 -306 148 -843 ]
[1021 -252 935 -261 33 199 348 -91 88 466 329 491 197 -629 -78 -709 -623 882 -386 -613 455 -178 -454 374 -619 627 -164 -592 81 -891 -234 -368 -213 -562 855 797 -212 207 532 -368 204 -147 123 -114 -850 -526 1465 16 -244 163 411 230 746 -174 -334 -611 521 139 211 -214 -312 -490 376 1006 -370 462 -393 -56 -205 -535 810 -266 -1125 262 1566 -259 -32 -842 311 -427 571 137 327 194 4 -523 161 186 -398 -365 521 -51 -397 156 262 255 -427 955 -751 1035 -258 615 836 976 605 -349 -1314 135 112 59 322 608 -431 204 -246 177 -430 22 494 -381 438 513 -39 -284 863 ]
[-395 80 53 -797 110 754 79 -1074 -1025 -1242 -351 245 764 36 -1007 419 934 450 -6 592 -264 -406 1409 658 -621 382 -1050 -367 222 511 300 -78 1339 100 -304 -436 -375 873 -744 -39 -325 -330 -49 -55 1062 -517 -1314 -263 -500 -1050 -390 402 795 210 1226 251 -175 370 261 150 961 236 241 1132 797 -84 -782 1094 92 -163 554 -913 491 -201 -191 -1032 -61 1448 133 7 175 -105 375 -623 -334 -322 -100 -543 206 -620 500 -221 -310 628 879 912 -517 -345 610 260 -77 -1730 62 -444 -951 -441 229 -901 -780 -37 65 -877 -1010 -417 646 -141 -742 510 -206 -62 430 -510 173 -535 48 ]
[-671 -24 -1097 464 -1373 327 -1549 320 490 552 419 -641 55 -571 644 -781 435 -875 87 -412 -3 494 862 285 58 686 -778 47 398 -281 509 -298 394 -203 -382 -262 -32 713 211 -476 130 -184 183 205 933 -876 -444 223 -276 412 -256 682 -471 -42 699 311 486 -9 516 -62 -749 -412 -248 264 -258 139 -235 832 -382 -893 1516 433 -302 850 -610 -15 123 -96 724 140 -426 -552 -1277 -22 540 -355 -530 -1239 -616 129 -74 -200 -294 138 1573 -133 -43 143 -251 1383 436 -65 1464 176 -57 117 -57 124 286 281 -829 -1018 -795 -310 100 -147 76 103 253 1362 372 -315 -105 457 -1125 ]
[192 503 241 -726 260 596 370 884 -404 854 356 -726 417 -1027 -802 791 -848 -969 745 -475 -926 -995 -1268 -309 -1260 -132 -1214 -651 -104 -923 -1246 -234 -1593 -859 -308 -373 -573 -426 360 23 -157 648 980 194 339 555 1067 462 -179 1587 -36 -1028 -555 725 170 -146 -726 217 1837 -204 -685 7 -941 1148 -562 -525 302 -775 -95 23 -541 281 -108 806 115 89 1335 529 512 174 141 444 1333 742 -98 -619 597 -54 328 -277 -190 141 -305 1513 1096 -692 -426 342 -852 1187 -824 852 -748 1222 11 -652 682 190 -36 266 -952 -156 -109 -36 -939 1160 1188 392 872 78 874 58 528 -125 -210 ]
[-678 -336 615 -920 -59 -1524 -1004 -108 -236 1131 -342 780 90 699 -20 347 -262 1000 -522 802 -487 106 -508 -217 -542 -1388 498 95 -351 854 -547 974 -555 257 -86 75 682 63 656 -24 -639 -425 -36 -344 -472 -729 161 941 -539 -388 551 691 -667 -219 902 1163 -447 -363 -180 380 336 317 97 475 193 -175 454 -619 58 -172 -434 923 281 -191 -478 785 -553 330 -1069 -279 -661 38 -379 537 1105 1434 993 205 -274 821 -1337 -89 922 -366 -1337 251 1177 91 -454 -1337 734 184 -708 -645 -315 615 -92 -508 1015 474 -941 748 264 320 -621 355 611 -313 940 487 -245 503 -910 -596 -648 ]
[264 246 -634 910 -302 -647 -201 -17 -21 -303 -303 -1229 550 1198 1162 472 298 261 -299 -1644 1132 442 742 548 560 266 -597 -272 531 416 226 -428 803 222 -86 635 208 399 -131 81 -96 548 -1097 542 -446 378 -687 320 425 -811 122 476 606 477 187 -617 1063 577 76 509 -762 -892 826 523 322 703 737 955 -1100 691 -203 194 388 -533 -219 952 58 -1352 354 -1016 -621 -83 1056 -362 81 -1104 738 -197 -1498 -334 816 -186 -345 410 -122 -184 -404 -591 -252 164 -1532 314 501 -457 1208 -94 -160 27 119 -435 601 -282 -582 -576 -22 -514 240 248 -390 55 -41 690 -311 -136 815 ]
[439 -615 -1205 -76 -276 631 1375 -281 704 -15 1044 796 -479 -660 731 160 -286 345 17 827 792 -1035 1270 -867 647 966 -96 -339 -607 -651 238 -72 240 -928 13 -553 -28 -626 -316 334 63 514 247 194 816 127 -485 -597 536 42 136 -1213 100 573 513 32 -1123 504 -315 -108 480 -134 -3 -924 64 348 54 -410 666 214 -92 -245 -185 -1013 25 108 9 -115 5 -41 -223 136 -857 -572 -48 -614 159 32 291 205 70 -378 -567 801 415 221 655 -177 -51 -1244 -23 -88 77 630 -622 363 -263 764 -542 -695 533 -842 413 284 6 -616 -663 -444 -260 -407 554 55 -39 392 1366 ]
[-378 131 -440 -84 -183 -901 -319 -478 633 258 -144 340 -356 -646 362 -508 -71 550 374 684 613 96 936 -620 246 -505 -118 -56 -789 -579 -417 392 -115 -505 786 -826 -271 248 756 -291 -930 -446 -330 738 460 -591 523 631 -188 -824 -591 1236 1297 252 92 988 211 -18 -193 -563 954 -620 -170 560 184 -235 -171 370 440 -323 -846 454 1121 -684 -340 739 -390 516 692 310 -1067 -65 4 -165 -177 160 127 1199 267 -818 27 640 -485 -332 411 28 -223 625 -267 -165 -23 486 -39 -1236 250 164 -123 -402 -872 -731 -921 -590 351 309 -689 401 325 223 -162 -217 65 -538 -176 -21 138 ]
]
