[[-406 -152 -297 317 -634 -221 -954 99 525 785 -80 -218 605 -1145 210 801 258 677 267 422 -434 -214 -606 -34 -236 188 356 296 485 321 179 -68 -814 -28 264 -242 -369 72 -456 351 351 311 -98 -584 -3 474 -378 -163 -192 94 29 208 892 319 -847 314 -252 508 -161 618 105 -280 29 -346 555 56 -865 -71 30 -287 417 -597 607 232 159 68 193 -97 -198 -211 230 -686 -1102 407 -158 598 19 -221 236 -69 227 -181 203 -603 -455 212 -73 -645 210 96 -686 1168 -808 -291 433 399 -571 -244 757 1 660 390 -347 -21 526 789 348 504 -144 166 -201 201 -21 36 -221 ]
[-377 263 -314 482 782 -281 512 12 129 -573 349 -100 -486 611 -17 318 22 318 224 -389 -306 -664 -361 386 87 -193 29 -894 -431 -409 -189 -353 -55 -69 -976 336 349 526 -14 -186 670 -437 595 -169 234 -314 -2 -296 -667 1048 -287 491 -309 564 359 555 -899 219 -337 -215 -359 343 333 24 777 -718 775 329 702 -333 612 775 328 -525 28 182 -722 617 -334 -241 663 370 498 209 488 -662 -517 -166 -1084 -601 352 428 201 -82 -710 175 321 -210 -689 269 -28 -484 773 736 387 -215 987 -59 63 -430 -220 377 308 -606 168 -118 130 -331 -640 -193 198 -487 82 -586 9 ]
[-185 -304 429 -625 277 -140 548 -613 -446 244 367 408 -307 -41 220 548 33 126 36 -291 -773 -191 348 85 -880 -638 475 -515 -144 -432 452 887 -340 -163 -39 43 434 175 322 551 293 711 510 629 350 -614 189 133 -1162 243 -188 109 290 -223 491 -318 -290 254 -614 447 -1010 489 -342 -441 -305 77 267 -784 -64 251 213 21 267 -387 -217 296 423 682 783 -510 734 330 318 399 488 -302 -170 473 -531 -388 -101 1077 312 -954 -741 288 -215 -37 -739 193 -482 -495 91 -745 -442 227 558 275 59 -424 -13 112 1071 38 461 -695 404 -405 -390 -736 191 -54 -631 -313 100 ]
[-473 -284 -1191 225 -1315 262 -1506 1001 574 -12 -318 -637 1010 -462 76 -108 -184 292 129 94 490 48 -146 -645 197 136 -279 178 373 122 -163 117 -203 -27 360 -599 -31 318 164 8 1175 -248 144 -879 -182 -324 499 508 1175 -90 -107 -359 -217 187 -748 -239 -432 -432 -358 -224 740 -148 -112 -220 258 -265 673 637 -629 -503 -259 -308 -50 -134 354 -401 618 -42 29 326 -569 239 -520 240 -1173 119 -420 -265 615 601 438 -24 -698 -295 130 66 366 429 588 226 70 557 -173 -920 -475 17 -446 -554 -492 83 600 -57 -293 177 -283 746 119 -316 354 -278 587 -249 244 238 -637 ]
[513 156 455 -186 274 114 634 -145 -111 447 -111 160 -421 126 30 -73 123 -305 -414 516 129 323 -255 799 -1004 -286 -680 -449 -491 -621 400 -276 87 574 1059 632 -610 670 -267 -376 -424 335 -126 1056 88 261 -640 -904 -611 -409 92 239 -306 71 36 126 -138 75 -234 490 -650 13 -26 899 334 173 -318 45 -180 533 537 -17 162 495 -429 -405 643 461 -791 53 544 -75 -196 -831 66 -750 828 145 -402 274 -264 -1459 298 450 305 104 -759 576 442 -594 97 -651 -271 568 -510 -28 551 -28 -549 744 -421 -303 -397 -633 355 405 577 751 -400 595 -27 661 -428 243 270 ]
[-160 1049 -446 56 363 -428 337 -219 -169 5 432 37 -563 -299 -63 325 524 123 -182 161 -880 -24 -75 976 -236 -818 218 -572 187 -670 1010 -502 -271 395 320 362 -706 899 -583 -558 567 1060 350 -34 693 404 -1027 -656 -897 272 -460 620 200 -326 -397 610 -14 464 -625 327 -727 -714 -615 1010 134 448 -444 669 458 345 1551 -128 275 347 13 -378 362 181 658 -308 -36 -461 -161 -290 205 182 658 376 -81 -939 69 -878 128 -60 -387 645 389 -460 -700 99 -29 380 -407 391 148 427 1055 -439 680 207 201 791 313 -285 117 260 -52 901 -983 149 98 578 -346 -272 522 ]
[417 -83 1048 -234 292 206 -85 -405 -596 52 -151 74 -128 -36 -538 -1000 19 -201 -73 -250 152 -377 -203 493 -198 109 505 -47 -815 677 -294 737 673 249 -819 -289 -17 -1240 122 384 -1059 -23 -1040 505 -367 -253 -123 -421 -105 -849 739 -251 -1064 234 923 -375 864 -116 334 306 -310 -315 1222 -217 -417 122 -419 -734 -437 -318 -176 214 243 81 -378 433 -283 -825 -735 659 -287 -40 310 -475 341 -152 952 224 -509 347 -663 649 -733 366 -176 -984 -547 653 269 858 31 -546 882 28 -389 -290 -88 1287 470 -123 -644 -99 -419 235 166 -983 112 -716 658 -104 -483 -93 -99 26 58 ]
[-453 997 -492 53 -81 -514 471 221 -406 175 383 183 361 -75 -893 704 718 483 -34 -173 -1072 -357 421 581 638 -634 -334 -871 -1145 -992 79 154 16 214 600 623 -252 426 -210 -45 273 362 166 304 763 283 -1091 -928 -731 171 -230 833 -155 -167 208 21 111 779 327 30 -914 -83 -439 388 -150 -55 -998 -251 172 -604 1472 -8 403 -57 -779 -119 337 633 63 -234 -105 19 -101 -516 772 40 1063 0 -1002 -91 -208 -895 136 -172 -341 -8 321 96 -125 102 -231 -777 551 -154 42 461 978 -237 1193 -317 -779 452 301 -82 740 -25 -287 307 -665 318 -750 -405 -556 338 621 ]
[-126 -869 -103 42 -698 -77 -91 85 -177 -63 -614 280 639 -203 -161 458 -86 -30 1114 -181 -835 -12 313 -437 670 -284 -424 773 -240 -327 -606 338 -182 -579 -192 533 792 -42 -197 1032 734 -570 140 -638 315 -774 426 692 374 330 -608 -375 1112 -194 152 -222 -192 584 800 379 649 876 -383 -720 -120 109 -438 459 725 23 -1059 309 645 -407 -178 186 315 159 -16 -663 96 236 -367 764 223 741 -1285 -207 -122 519 569 353 107 -5 108 359 -341 297 238 -145 54 141 -115 -550 10 482 -936 -355 687 -561 110 -642 340 -893 99 -424 -73 -708 -346 -314 -523 -753 544 368 -756 ]
[-154 -243 -1353 -337 -226 -649 563 716 -393 -619 107 302 554 798 -156 -177 -165 -473 584 -436 18 290 -196 -560 610 -698 -970 -1089 -690 -977 343 -569 42 -489 566 1229 238 1159 -160 -760 1697 -571 914 -96 -491 -1229 34 187 386 292 -900 224 -558 -838 246 -129 -750 591 443 -1488 -311 183 -1108 815 676 95 564 1337 558 582 760 384 -419 -405 -659 -146 -42 1388 -344 -114 -253 513 73 -227 -407 -98 617 807 353 313 919 -1044 224 267 350 339 1206 616 338 -408 487 -1225 527 96 -82 8 987 -918 510 5 -209 -426 58 -1094 -326 -76 -496 -539 -381 -440 712 -201 66 -312 -476 ]
[245 715 302 227 1148 -261 938 -120 244 -323 356 316 -576 396 -546 -174 -87 -11 -271 349 1094 573 543 -423 770 289 -513 541 -882 -261 -613 -398 931 -313 97 -199 -931 -84 157 -188 -1219 -1187 -495 819 170 172 755 -974 142 406 962 -125 447 374 531 743 -256 -254 -129 -640 310 891 466 54 482 -647 -272 -317 21 -641 -562 255 -15 -636 -248 31 -1455 -580 103 41 206 26 577 -335 473 -657 -613 94 -721 174 -244 -1418 485 759 697 -879 -281 -202 -89 -1435 467 -395 836 561 292 -367 -365 137 -624 183 -1411 -58 -67 337 -563 57 408 190 328 1346 -836 -102 787 678 821 ]
[140 309 1156 -892 771 -180 1255 -52 -591 -115 -107 729 -271 962 -2 30 71 -37 -400 -763 -673 -472 716 1025 -239 -551 -118 -401 -850 -154 -457 11 -192 466 325 655 535 -120 -13 -281 -392 950 167 792 732 769 -762 -822 -179 -516 -505 -32 294 -529 -262 -215 94 -586 889 423 158 -540 -691 51 -141 722 -64 -471 673 253 535 -141 -308 130 -594 -256 388 221 355 -868 -26 370 2 336 1119 -391 -156 -276 -712 -317 -273 146 292 -80 -239 172 -738 -179 -92 618 7 -1423 134 218 -190 1 -5 -803 -41 -20 -282 356 367 -544 766 -168 -485 266 -1506 -113 -161 697 411 165 109 ]
[-571 -365 -329 -540 -365 343 -805 -411 -332 -508 351 -344 13 -306 110 -120 574 -219 -989 -743 -138 -569 192 217 -774 -740 929 40 492 80 677 746 257 309 -394 -1434 664 -773 898 -58 -131 1047 -359 -320 396 585 170 189 -431 -685 382 -640 -714 -176 -305 -568 823 -857 -298 -272 292 -1537 -364 -227 -132 294 1236 -109 -737 136 156 -554 -492 499 696 197 372 -1159 615 -379 -1161 -27 657 484 238 479 -238 1032 795 -799 -93 1791 -576 -204 -1016 311 641 -245 -582 1124 -361 234 -258 -898 256 -133 579 -313 -105 -475 226 213 66 812 289 112 -402 -755 218 -1224 1675 -370 263 277 -127 ]
[18 161 98 -499 109 594 434 -416 -190 -607 128 553 -326 390 -689 -565 -134 144 -131 -864 114 -850 -457 608 161 205 343 547 -260 102 -710 429 227 -629 -698 281 604 -40 336 680 -905 -556 -510 515 -15 -668 340 -356 198 200 666 -466 -2 228 94 291 -21 -356 466 104 417 -1007 -247 120 472 -223 871 529 49 -145 -791 352 1019 -449 163 130 -813 -635 -364 -52 -197 92 62 621 318 -147 -1148 1137 -113 -232 170 1269 -870 -71 -699 359 -124 145 -538 301 83 -324 -136 -673 170 -414 -267 876 25 -488 -246 861 -386 -761 -145 -155 48 -1130 -695 -45 907 -551 1166 447 -575 ]
[184 -187 -191 822 341 141 987 104 -535 -668 -207 -333 -234 673 -771 -84 229 344 320 288 -363 238 -128 627 303 -317 -803 -283 -399 -721 328 -1106 705 218 -932 724 590 -586 -763 -73 510 71 991 -627 516 -262 -1133 -30 -636 115 -914 699 -1162 -759 1403 63 636 725 673 -101 -86 -3 284 568 283 -314 -231 1381 439 441 323 533 101 -112 47 -732 220 -514 -665 382 -590 101 343 -1213 83 -4 1525 54 -580 -113 -629 -452 402 535 306 25 14 552 130 122 513 -277 777 1111 524 152 1229 -421 537 -649 213 -612 -89 48 -489 -498 -1006 212 307 -863 -249 -655 -9 6 612 ]
[-255 552 -312 160 -522 604 -189 -596 483 -837 48 -734 -540 -218 548 -389 376 -607 -513 165 142 -40 843 -324 110 -306 409 162 237 -19 285 1001 279 -75 169 -884 529 1477 1128 -510 -347 121 227 -416 530 -164 326 694 -40 -420 438 -880 -833 -16 -349 -251 -269 -1399 -1109 -83 30 -72 -391 780 -699 -555 1331 887 -832 113 -171 137 213 -162 -227 610 93 -4 519 -277 7 301 738 436 -418 -165 -642 0 394 -930 12 -107 -382 439 42 878 600 370 -711 139 6 402 189 -793 -153 -800 452 480 -1325 287 -218 -155 274 -427 -375 230 -146 -251 199 517 799 -211 371 -206 232 ]
[-1 423 -136 690 47 -908 442 -381 -112 -440 -199 -791 -294 -358 664 -172 357 -85 810 -143 -971 -114 -166 472 211 -870 361 -170 97 792 -58 -112 -635 290 -1033 727 329 212 -862 -58 60 -142 -16 -1465 648 -427 -1102 317 -273 19 -855 555 -151 -423 829 110 772 1507 78 325 -218 59 746 520 -215 -164 -620 1714 194 436 230 410 368 -103 110 130 -452 -241 -1000 -29 -736 -443 -33 -756 -81 491 1374 79 -304 -1043 -1091 -378 259 780 -163 -42 178 -748 -489 864 81 885 1014 991 798 -164 282 428 1608 -260 -112 727 -389 -75 -401 -934 -485 398 192 90 -569 0 -149 -739 323 ]
[208 255 606 481 -266 492 1004 -653 14 -221 5 525 -177 -46 -874 43 506 -41 -680 515 607 162 470 -271 392 461 -233 813 210 -97 704 644 839 -190 857 319 428 -17 174 399 -2104 301 271 410 341 1432 -200 14 -618 -85 856 -43 -863 -560 354 -453 368 -121 1164 -287 -399 220 -988 560 -753 128 -663 -216 -252 72 -1062 -907 123 295 409 -87 240 -1000 453 -104 68 -764 48 -64 989 130 285 430 561 126 -488 -262 949 -391 185 295 -453 340 -121 -360 -657 362 -204 -706 800 -380 182 510 389 -669 141 -435 226 455 -125 -369 -492 -61 693 654 -356 -848 379 565 387 ]
[-535 564 -463 1080 -510 332 364 -455 673 -1097 157 -590 3 400 614 784 526 -156 -265 -73 251 -366 10 -207 -181 1016 -200 245 716 575 -731 613 -184 248 195 797 949 913 460 774 -354 -1271 -456 -207 232 360 703 1013 92 1368 144 118 341 856 -662 23 -72 -438 -22 -76 276 1127 138 308 -586 -686 901 -367 400 -100 -1210 -16 605 46 741 581 -70 1095 -1123 -229 794 48 -35 633 -170 467 -809 -509 24 -483 104 350 209 782 149 863 -545 -344 -515 123 -164 684 73 156 543 -785 597 513 -883 -106 37 168 27 -105 -152 419 128 -308 92 532 -498 -474 220 -191 -694 ]
[391 104 214 39 -208 411 -299 88 -203 -69 -543 -196 -486 -423 20 -950 -40 -474 -64 -174 1292 -421 1078 -757 1124 146 244 576 -889 466 -158 1120 627 -58 1155 -836 -60 34 966 -172 -637 -709 43 -593 -210 308 154 -206 59 -1040 326 -818 -831 316 382 -392 -306 -914 642 -206 458 1234 -484 -295 -894 -51 -545 -610 -745 -657 -1011 595 -414 -172 -560 312 32 -760 180 19 440 353 909 -29 -107 -234 -677 -484 -218 923 110 -848 -243 -281 328 -641 -289 798 377 -221 402 -213 613 -997 -1120 -288 -1019 82 -470 219 -568 -631 300 -560 45 -908 164 -720 610 1151 -298 114 193 427 227 ]
[56 -815 902 -210 -149 743 -147 -315 96 -1072 -193 -149 1052 1113 12 -790 -643 -259 -54 -724 859 34 -674 -267 -107 586 -623 336 303 -253 -537 44 697 -310 -1122 485 1618 -674 356 238 -112 -299 -78 756 -312 -601 727 593 684 -443 140 -438 -817 -653 99 -188 382 -776 757 -490 693 -1369 -79 449 86 262 663 -50 -55 107 -410 -394 128 226 -104 428 -400 -546 -1224 468 -414 236 -278 377 -327 379 142 375 696 -411 -29 1321 -739 783 398 99 596 708 867 288 126 -259 35 559 163 -750 248 -81 -766 -828 637 -844 -1087 -809 -878 767 -435 -1399 1088 -1291 532 151 560 -54 -1007 ]
[211 -1113 -381 -119 -440 128 -266 -194 -131 546 -136 575 342 1001 -107 376 73 -1147 457 399 -126 500 36 -1135 75 -1166 -1616 -1027 -163 -1421 1040 983 395 -285 450 415 778 647 91 -225 -195 -1002 72 402 -525 -350 1292 35 -294 200 293 -112 -1169 -132 890 -1065 -586 734 70 -237 -674 954 -367 -192 -187 -279 539 -298 -555 -141 102 332 -382 126 59 780 306 131 119 -230 -30 565 -33 228 1063 -775 -1100 147 323 524 771 567 -60 -293 279 270 76 827 224 -672 -235 -822 141 37 -77 879 308 468 11 -368 -349 -1513 274 -686 -178 -532 313 -863 398 -379 374 -1258 -791 -44 -534 ]
[-191 304 -489 639 -369 -628 195 -449 -451 173 -201 -840 494 -937 582 -154 120 200 91 -834 33 95 734 -113 406 711 454 169 881 1552 -2 240 -106 620 113 -663 -544 -94 -136 492 -702 615 187 -1506 -147 1069 -280 877 82 -142 -596 -292 -569 -102 209 -932 1089 254 888 -234 -763 484 124 -45 -1483 895 -721 -345 540 -46 111 -625 -685 688 170 70 669 202 609 -400 45 -902 489 -791 174 1191 1472 -452 341 409 -531 -83 771 -73 255 -30 -502 -732 -545 851 -220 707 -55 238 534 164 157 271 1201 -91 241 227 115 2020 43 -1065 -595 915 641 160 -1126 238 -401 -491 604 ]
[627 503 1112 -197 698 866 -88 -1343 -652 203 116 -252 -125 540 -71 -127 437 6 -90 -1180 -185 -856 -657 744 -262 912 811 576 583 466 -845 775 57 191 -1160 7 123 -665 -158 889 -432 485 -617 1126 -730 14 352 -96 -420 161 109 97 -23 788 157 73 671 -544 273 1125 -431 -570 564 -780 -813 433 170 -2260 816 -141 324 765 332 357 40 1095 -205 296 -97 -674 1377 -236 731 569 17 553 -364 -221 -876 -23 125 1679 -858 284 -405 323 -984 -418 -679 325 410 -927 -789 812 -890 115 177 897 372 -400 150 660 -225 -1 404 -39 543 -547 -126 -711 -225 181 -723 -348 253 ]
[-422 145 -1167 -455 -339 -96 -483 -618 176 139 -45 -95 -1183 637 945 342 -316 -639 133 53 -574 -196 -243 -261 8 -1236 -308 -523 1015 -1189 329 -255 0 103 -154 3 937 1036 671 -75 138 -1153 156 -38 330 -526 58 662 -733 1154 -358 -183 313 680 132 -58 -442 999 -803 -167 24 96 -254 251 -17 -947 319 -141 -558 176 -265 1029 174 -248 366 280 -125 359 134 -104 -913 656 355 3 719 -60 -1087 586 241 -1540 -218 1312 -503 -231 -997 642 1316 -928 -509 -1029 817 319 -235 406 483 426 386 240 -689 -428 -368 2 -91 -440 -113 455 -171 -514 33 -161 946 -733 -466 -162 -657 ]
[344 487 -856 389 489 202 -202 -186 697 487 -110 -464 -652 844 94 134 543 -287 655 1050 -940 -177 -760 -278 253 368 -513 -63 577 -416 48 -1040 382 871 -792 -497 -817 405 -429 -756 140 -700 -238 551 -160 391 455 -347 -290 1045 773 -246 -647 617 -74 700 -313 174 -1137 318 -706 460 1624 -242 280 -861 339 -1027 426 -308 1021 1150 40 366 -80 191 -126 664 -307 -41 708 368 -196 -680 245 -608 -136 -1498 -673 -273 466 -284 -218 718 170 -264 -162 -679 146 -590 939 -522 -67 2385 170 605 232 849 -368 536 -479 9 -591 -31 260 602 269 964 190 972 -8 -314 -858 -422 316 ]
[-668 853 -392 375 359 -693 -923 -137 1105 -659 -170 -922 -618 491 1052 -277 -711 -28 -814 -1011 1476 -590 -275 -173 -342 -166 264 70 937 1033 -866 -144 -141 308 -912 -786 311 348 153 -612 -137 -329 -349 -362 215 1057 652 147 675 1116 -151 -167 -127 1070 -292 148 -1206 -437 282 -295 457 517 884 -201 277 -96 824 -689 320 -340 -294 148 -521 -672 942 464 -902 -313 158 -823 24 -294 573 948 152 -176 -1584 -846 -204 -894 -246 614 377 472 -415 -56 183 -788 -691 478 378 592 990 917 476 -285 428 -277 -858 -283 -155 232 -279 725 -222 232 518 -182 264 -178 -493 -803 240 -654 -618 ]
[16 470 1033 168 664 -29 -423 315 967 -820 570 -383 -80 296 -260 -774 130 501 -128 -224 691 -271 229 349 601 -41 936 616 -470 305 -67 201 -169 92 -644 -610 -770 255 285 -1204 144 535 401 586 849 269 -191 -1011 314 -829 292 510 -727 -364 94 786 -562 -371 -335 52 344 -293 1111 395 548 145 809 68 -344 -879 868 -6 -474 -149 59 -484 -775 -1216 458 305 318 94 390 360 -659 -1359 -226 -1169 -592 -328 -296 -337 -411 -261 111 -905 671 427 197 458 -68 -171 1029 555 -901 -986 -508 385 -526 -37 -145 692 -76 -475 194 461 477 -124 472 859 797 482 525 -186 1130 ]
[-407 -253 -66 555 101 262 -744 206 20 38 396 -2 464 195 575 170 202 1002 276 -1021 705 643 147 452 158 -36 -851 -247 -198 508 -575 -51 -972 -51 -106 66 -679 288 -879 347 464 -863 -355 -270 166 -193 428 -766 1167 -464 -509 747 793 472 -226 160 -55 -184 -416 657 1526 128 395 -391 383 4 669 242 -449 -1033 493 50 -210 -555 355 -90 -378 -685 19 59 -510 -171 -26 43 -441 -338 -752 -110 -642 274 234 -207 -751 67 278 -607 -873 -664 -36 -304 712 -76 285 367 -1115 534 -706 -771 -783 235 -53 1212 -55 896 -245 345 82 -82 -59 -432 354 1122 605 67 807 ]
[-841 -83 -120 847 -167 -283 -431 -248 -273 -846 -7 -302 -500 323 802 144 383 -780 282 -656 -563 -308 -202 -119 643 -554 -369 -916 -406 -864 22 -491 24 282 -749 401 736 41 374 -1175 -297 -1148 -406 213 -301 366 -641 532 -659 154 -287 565 -745 550 650 -62 -281 985 553 -1311 -268 240 1361 330 -57 -329 -62 -211 -58 -482 561 543 -902 368 55 759 -694 449 -1260 724 -946 127 1063 -680 714 238 1089 -658 -913 -804 -541 -181 -54 946 -424 -750 1155 -641 452 -563 780 -586 913 1173 936 -594 1384 197 482 -549 -1330 -543 -701 -324 1053 -43 -695 -564 1014 364 375 -528 -581 -230 -75 ]
[-654 270 445 -260 -835 187 208 491 -201 -553 422 591 340 1000 85 461 -115 -338 490 -863 -1105 -642 428 219 -399 -143 -567 -567 -67 -480 -278 574 -167 286 246 984 1073 714 604 561 -594 -737 -27 681 -109 565 314 371 233 1197 248 142 51 -335 -518 -50 -358 316 -186 495 -984 192 -50 -43 -618 -177 34 -1150 -163 -831 -182 -280 119 248 81 614 634 1305 25 389 242 692 -939 88 1030 -110 -450 -144 -246 -300 33 1379 -588 -1052 -320 -263 -266 -214 119 410 -94 -462 -155 -326 -442 316 393 565 -373 -999 296 497 290 -989 230 -245 63 -493 -1033 -163 46 603 -429 -326 -1577 ]
[-241 627 -101 363 34 -465 -52 -460 206 -1327 -340 -161 -269 -367 -197 -101 878 -328 233 -463 -881 -649 306 616 -11 -1456 246 628 -257 4 499 757 -202 391 -479 -255 -41 543 -258 -74 37 587 -261 -1191 329 -13 -394 -771 -728 -19 -404 294 -505 228 707 -272 -189 367 -222 295 19 442 783 -267 -126 -288 654 1149 233 -68 -83 480 199 -439 825 237 -424 -623 459 -690 259 -135 765 882 161 -290 -991 -377 -496 453 -611 -172 265 254 -563 -226 -938 443 -1054 571 -403 -25 864 -661 -450 15 343 120 1119 -175 -1018 236 228 -336 433 -1253 676 40 -1069 568 461 -783 776 146 460 ]
[285 369 269 184 -210 276 68 -412 -73 -45 116 -523 -198 48 294 -273 243 646 26 1025 683 -835 -441 589 -640 755 1364 10 250 789 480 1025 -534 -42 -767 478 633 -257 -572 1220 643 89 558 -416 -182 -839 -45 1052 -689 5 -628 624 -63 83 232 14 -342 -24 -396 810 -124 -28 -263 -88 -150 -330 178 132 119 285 -244 402 1121 -470 333 -537 39 -321 395 333 101 -144 -236 944 -1064 390 977 829 -59 -996 -612 1642 -397 -935 -821 1224 119 -499 -617 804 -289 509 -75 -782 -390 -198 -72 812 800 -558 1567 706 237 -368 -517 -63 364 -486 474 -1127 -688 -126 -134 -696 -353 ]
[-135 -1386 -529 -921 -803 159 41 -58 -278 309 -162 -81 624 7 193 451 120 242 1029 -2092 -749 -202 -148 -465 -260 -148 -758 337 119 227 -456 566 -146 -300 345 995 1301 -265 74 872 315 -424 189 -162 753 -185 5 532 44 167 -730 -64 244 -300 332 -6 424 1122 831 348 -86 317 -439 -855 -243 320 149 -442 97 438 -1060 -231 69 198 490 218 660 142 -1109 -680 154 244 -494 -218 445 -182 -1209 875 201 272 241 1245 479 -221 -613 103 -152 581 293 369 419 -106 -271 149 -194 493 497 -340 86 -1297 254 529 108 -62 228 -435 44 -667 225 -873 1127 -46 -669 334 -637 ]
[192 341 631 248 394 -177 -190 -298 252 -74 326 221 249 569 -419 -278 77 -610 -992 359 505 519 856 -393 78 -983 -466 195 348 -1213 344 1161 273 -342 507 -83 -645 -498 -175 -414 -58 572 -316 832 1037 -109 545 -292 495 23 281 147 309 -789 624 -135 346 240 361 -350 387 32 -772 93 -166 1047 3 88 -511 -199 -584 -97 -920 118 524 -605 113 -1383 1031 -509 -1318 -37 729 112 -184 -446 -443 16 458 151 -522 -992 -424 7 766 -59 25 234 -84 -184 -129 337 67 -1018 -386 62 -1174 -429 217 -486 43 -146 844 681 -485 -415 339 -886 692 208 -159 -796 -118 591 854 ]
[-221 -174 460 314 646 -101 463 -285 36 -648 335 40 1096 784 -444 288 -583 -243 -1166 -1045 229 -308 568 54 -78 -166 -1455 -575 -23 -133 -256 274 63 292 429 332 600 -653 179 59 -876 -623 -729 297 317 67 -494 -1047 -641 -490 264 315 -717 72 889 -830 587 194 748 -203 216 233 -25 120 -295 321 -169 -1122 -422 -288 86 -221 -775 718 86 -16 7 -514 -966 -105 49 443 432 -388 967 -283 -234 -319 -305 5 -664 -266 212 376 412 -334 -502 431 -169 416 -208 -460 189 275 301 -140 -174 -296 -647 -579 -364 -604 -37 698 253 141 -155 -254 454 -49 -75 164 -75 357 806 ]
[257 -563 415 -543 -260 236 922 -662 -81 794 322 420 -596 559 159 412 274 -137 -160 122 1433 824 968 -860 481 -507 -369 -117 -514 -58 234 853 870 -709 904 239 1156 12 628 710 -1175 -464 585 513 -261 742 218 357 -440 -628 -115 247 185 -386 783 -718 446 -3 1083 -671 -731 921 -1415 125 -969 -170 -784 -1496 -619 510 -675 47 -358 -519 -47 747 -242 -599 307 -289 -455 -10 717 327 1116 548 344 1205 683 -150 -6 138 1131 209 50 54 714 -266 573 -1625 403 -916 383 296 47 491 1037 56 -105 42 -442 -692 179 655 -432 -123 -653 -113 1053 -738 -361 -928 -570 151 755 ]
[16 -52 -44 -705 882 -223 581 -141 281 -186 300 1209 209 999 328 22 -630 302 -451 -443 312 624 628 -663 69 596 -770 -516 -1095 -890 44 -237 -303 -1013 991 766 116 -148 254 -665 128 208 526 1477 303 35 353 -522 -1 101 -555 385 150 -290 64 210 -778 -137 142 -379 60 -259 -1137 -327 -242 242 -399 -605 -283 -154 772 -177 -427 -474 -655 -77 -976 810 404 91 183 374 284 111 583 -1103 -253 -27 307 -288 -2 -323 315 -681 480 -476 589 393 279 -817 -322 -610 405 -244 -216 649 350 -730 -1005 176 -372 -296 911 -3 36 -1029 160 -113 -4 399 -527 618 -997 -61 258 ]
[304 251 -663 -105 -118 496 390 -39 282 -588 451 -165 527 -165 -295 -542 59 901 -265 -57 -153 -707 193 -202 -637 1463 1212 803 -664 1215 -755 -483 -144 -448 -785 -204 212 -679 7 247 313 171 24 -390 -57 -421 -420 969 578 630 508 -365 -376 -436 -252 398 243 -817 -499 540 100 -224 360 -664 293 -881 -303 121 -61 -96 -288 973 674 -1132 -563 163 -395 591 -59 27 716 -269 -122 -100 -1127 89 725 476 224 -275 -4 732 -312 -296 333 162 64 240 -329 1010 -31 110 326 -1306 -180 309 177 400 -587 125 672 797 308 -11 188 -650 -830 38 -85 -723 -510 -47 58 -650 -389 ]
[236 46 994 -227 873 438 998 -211 553 -31 167 716 -167 583 583 -169 -295 548 -423 1027 425 327 -344 32 -214 920 -941 -415 -196 -624 1046 -1023 -675 313 258 322 -350 -137 -1061 -918 -1033 -211 45 699 1009 779 73 -571 71 -379 1168 476 123 -1638 -799 480 -481 -518 -302 446 3 -490 -944 379 293 655 -508 683 111 -641 768 -635 40 279 44 -1233 -14 -969 374 604 348 -336 -1474 -519 52 -1069 189 -440 -475 -459 -369 -1104 112 -294 958 422 -938 -516 853 -568 -480 518 -113 58 257 546 -563 -423 -669 372 157 303 -356 -87 -367 261 -419 891 226 854 -502 1403 -327 163 360 ]
[264 250 970 -1035 979 -451 -100 300 153 254 212 320 -760 586 830 155 -180 -435 11 -904 -375 245 -38 -208 181 -225 123 -936 920 -360 -841 3 -31 222 -319 397 648 -413 543 -625 87 785 323 -256 529 792 -211 424 1149 581 -720 1391 497 458 -663 -141 535 -13 -368 275 439 -715 -693 -955 -786 -534 288 -665 26 -404 -182 -122 -1107 155 470 72 -393 736 737 81 -173 768 352 74 469 -1025 -1509 -379 -149 38 -761 964 163 -323 -410 70 586 -226 -158 217 -368 -405 121 749 -288 -392 -572 -950 -166 19 -400 990 621 886 -5 -349 -513 -134 -360 -23 438 495 -1107 -114 415 ]
[321 -640 -125 176 375 347 551 222 -95 -1319 595 306 -955 1340 -565 218 -204 -395 -348 39 1291 -129 -813 -1 585 660 816 -95 346 1017 241 -488 442 -1202 -230 487 905 54 406 -193 223 -1081 995 -913 -1777 140 91 554 463 428 22 680 -679 -409 26 -389 188 -523 451 -864 698 175 -406 -111 728 -225 1495 351 1077 643 -600 -78 -421 -444 884 948 -899 -156 -279 238 19 1069 230 943 -181 282 -659 689 1029 293 1335 325 -119 -92 296 723 102 354 -504 262 -217 105 -76 698 757 -617 112 873 -342 -129 1206 -188 744 -240 -881 60 -923 -960 -471 -620 694 -272 786 -448 -77 ]
[753 -224 1054 -279 377 434 1201 -380 136 -35 -199 -66 -97 826 78 -367 -480 -206 -407 637 146 242 -915 340 -1328 662 -257 228 1249 -298 87 -523 120 544 759 223 -56 -402 -149 542 -755 917 -93 1310 -281 -161 -258 133 -39 866 570 -135 -519 -485 353 -123 1192 260 -49 -689 -902 283 805 363 -397 -180 551 -1182 -89 1361 -1574 221 -307 -160 203 -164 876 859 -851 -41 150 670 293 -1399 -566 -112 1622 -179 698 872 -873 360 465 556 637 -924 -695 335 239 -96 13 -593 -199 380 -388 -355 539 683 -1154 406 503 -322 -332 1109 -171 246 -281 335 535 -579 332 -73 -499 53 -146 ]
[464 -70 -742 -38 472 -1608 -549 74 -131 629 30 243 85 -979 -177 28 -345 -296 156 -626 -396 -8 -329 -893 448 -1213 304 493 -135 74 -945 -829 671 255 -644 -43 -534 -448 392 -253 -203 -628 -808 26 900 267 742 -501 657 904 252 -505 389 993 117 259 229 1939 450 -22 262 141 362 -100 792 56 -1305 -65 410 -517 28 469 183 289 364 8 -677 -575 -365 -802 -399 -791 175 -429 1750 -129 -861 638 -974 -494 -79 261 696 188 -263 -264 198 -638 -186 -397 -167 652 434 1400 2010 -307 -595 -411 1723 -412 -1159 -304 -269 -142 80 57 715 -272 280 442 -813 -1133 133 106 -482 ]
[-310 -279 320 1131 -1046 704 -1482 -157 117 -425 74 -621 643 -242 -247 408 821 85 -39 120 1129 450 172 -450 773 -129 37 939 469 621 79 218 213 9 573 -621 299 274 244 -396 -447 -514 -513 -740 -127 1135 41 -126 1073 -83 359 -279 -382 -366 -623 -954 525 -426 1231 -349 1278 741 303 488 8 286 -97 -397 -88 -138 -601 218 -742 -65 12 1229 1 -1443 131 -1201 -21 -933 248 104 -44 1011 -334 -376 316 254 297 -519 533 881 1115 -57 -167 583 17 79 224 1070 396 -80 7 -88 -467 -504 -278 -366 382 -1449 -178 195 -461 897 -898 -313 1106 -650 -614 -1194 1173 -408 -273 ]
[420 520 -180 831 -14 149 488 -124 -54 -289 346 -910 -204 -910 490 550 358 154 -160 -234 864 145 -189 -211 517 975 652 1312 829 588 -1399 -18 -570 -512 681 5 150 105 380 -105 -1434 -233 -496 -777 -281 933 449 404 711 956 22 16 339 851 -669 357 -69 -347 695 294 -204 95 38 -60 -190 -742 194 846 523 -512 -1181 -61 192 393 765 340 -920 401 -396 -455 1383 -759 269 -429 -957 464 -764 -75 -751 -86 -551 -754 181 604 597 988 -627 -1305 -367 -307 -496 859 -199 -843 749 -477 -364 268 -83 830 -438 1003 -913 424 164 -232 -402 590 -100 1099 -294 -578 4 411 -52 ]
[372 -63 -111 83 740 273 140 656 -328 -132 -145 349 -614 -534 56 -912 -472 -766 1330 -786 277 709 388 -356 1301 -255 -1594 173 24 -280 243 -509 964 -424 -80 -316 147 -480 -8 -499 -635 -417 107 -776 -620 261 1075 -602 912 -162 -237 -419 -1178 -143 329 867 -308 -224 186 -356 -562 385 496 -21 -728 260 -216 300 202 -928 12 213 -5 535 165 456 -889 -882 340 876 180 230 89 -584 573 186 -960 -78 38 289 277 -585 -83 568 596 -1224 -75 93 150 -167 808 179 443 1168 -242 488 511 -262 242 205 -617 -612 -422 30 -1579 -2314 43 364 122 684 -53 1001 51 -110 -66 ]
[59 195 428 541 445 1284 507 -282 635 85 349 18 -1310 -849 -204 1170 795 616 462 579 11 -468 -263 78 740 911 -30 179 143 -678 100 -188 -294 -684 -572 199 445 -805 301 -407 -1009 -667 -119 -181 -38 280 309 -177 -475 853 827 779 659 438 -299 1054 -152 -70 -319 153 -202 137 926 -417 648 -1238 400 -448 -41 -583 -111 579 1138 -766 607 415 -1492 -727 9 835 820 215 -143 595 -73 -96 -998 -773 -306 -265 127 776 310 453 -252 187 -43 -12 -970 -646 -574 871 -695 546 804 61 1023 1580 -62 431 -34 220 51 91 43 119 -235 644 -356 671 26 -946 -207 535 486 ]
[395 -192 -31 591 726 -47 304 -17 -283 -100 78 69 551 -511 830 253 -145 118 333 -705 783 628 450 -1486 727 118 -555 -357 818 397 603 68 -584 -40 420 -179 75 258 -603 201 457 -52 746 -1237 -162 -82 1521 -116 378 442 -241 87 21 -451 112 181 97 126 -640 -973 7 875 -1098 -620 -225 -4 104 -651 -514 -519 137 29 -418 -551 426 622 -290 -28 358 -277 294 -44 -32 -82 -703 190 319 -87 777 246 771 38 440 -359 767 -1218 -127 -1258 -486 -325 -414 502 244 399 -95 293 -75 -952 171 530 700 242 635 1292 -1252 -860 112 105 512 -368 51 1265 -462 -1037 431 ]
[-341 -13 171 -886 -579 -965 -468 -354 231 1625 -109 22 481 -1075 807 320 -8 -385 351 426 44 994 -75 -1210 175 -346 360 424 -295 407 -207 637 -36 -321 461 -69 -13 -110 737 -568 -1301 82 -585 126 -959 -53 -201 527 49 -848 95 -24 210 578 38 -983 -283 969 680 -488 -878 452 486 -578 -344 -107 -1669 -319 -241 -390 3 -1144 -288 264 -551 814 -1025 247 138 164 525 -684 -167 622 512 119 276 268 124 -269 -1457 -409 672 -289 -259 -261 832 -318 310 -766 -903 254 27 -993 891 -266 -59 818 1812 418 -1434 -808 -1262 217 693 -336 481 211 924 736 -813 -734 -442 269 -126 ]
[-899 -961 -93 1681 -417 72 -891 404 1205 204 -696 -800 592 -522 218 584 -362 1210 522 1041 152 -288 -283 733 31 647 -258 -282 -150 -1412 -104 46 -651 -224 157 -919 -27 363 367 948 928 333 1436 -514 841 1038 -283 -196 -837 557 -779 334 195 948 187 87 -1459 -249 374 533 249 317 4 -42 385 -932 -54 517 -124 -686 139 139 894 -558 -375 -515 309 760 155 -267 1256 232 503 1 507 -383 -144 -1519 -1037 856 -88 51 1041 -1247 -356 -51 -163 558 242 -261 -1117 355 317 323 -23 365 -364 -839 -512 -731 713 -1058 315 -506 845 842 448 217 358 97 -889 -822 240 431 283 ]
[603 -362 696 -1235 420 328 368 23 -569 617 -929 249 -648 272 866 -454 -1313 -775 532 -790 -508 -227 -115 -728 639 -39 -45 -575 200 651 -691 -323 -904 -1294 -181 661 907 -274 -198 -637 252 30 735 -130 -115 -1582 -91 1228 801 -785 -758 -664 414 -826 -543 -180 -151 -156 27 -43 489 -144 -484 -238 -905 700 381 510 415 1448 -948 593 -773 -1085 -831 387 52 631 202 -401 -621 983 629 614 -232 32 -1077 -243 466 -471 328 486 -102 222 -150 895 629 315 -455 173 574 -132 -535 250 -106 -487 -563 -42 -218 -458 829 -66 730 -99 -951 -914 -1095 -416 -322 -596 304 189 -776 -727 -103 ]
[-618 -749 -684 -567 -293 -531 -551 428 -165 1252 41 -650 1106 -152 168 887 -161 736 -84 -414 398 358 -11 -826 36 10 -324 1038 -289 -82 -39 460 -1005 -321 1335 -987 -729 -73 -23 454 368 -432 -393 -33 467 -340 -53 -1228 -647 -804 -190 -92 1016 -123 105 -41 -109 649 -45 441 422 861 172 -714 277 -510 -19 -1037 -820 64 308 -578 -421 -410 -389 -51 -216 -262 204 -1190 462 477 -148 13 -139 -516 -1207 232 -245 303 -229 -62 495 -1020 84 -403 291 -458 209 -719 257 -420 -111 -292 -417 918 -858 -671 -358 -366 -354 -120 14 700 662 1190 636 166 654 -683 888 135 -468 1018 612 ]
[489 -663 738 11 454 29 42 -451 361 30 834 -901 891 273 -159 321 -159 -147 69 333 810 137 -786 -254 -1742 32 157 -101 433 1013 361 34 0 499 -961 -203 790 -1156 -106 512 44 -63 254 176 -955 474 571 164 -307 231 417 320 -986 -185 475 -489 -329 -173 -330 966 -1397 -269 690 -838 296 -386 207 -766 6 -212 335 -61 -100 189 157 523 -182 289 74 -256 2180 -764 -344 163 -322 -47 528 817 -383 -469 -736 1076 608 -164 231 673 -307 -214 -295 1013 -1068 -290 688 508 -71 60 434 106 224 -679 921 -592 -716 576 -564 -450 8 389 942 -1386 -687 155 -934 -1017 112 ]
[163 -638 -262 -449 -228 -494 -460 -163 955 206 -208 632 -207 219 304 -466 -1218 -618 -776 217 -93 -577 -547 608 -1145 -1650 39 -621 230 -467 108 226 -249 -861 -501 -297 673 749 272 643 502 59 483 32 376 -324 315 -123 420 676 365 -140 -87 -143 38 -92 -786 275 -732 763 492 -133 -557 -391 772 151 97 442 -329 46 -509 604 933 -304 424 -192 191 -160 -16 -274 -1045 484 -462 1089 1110 -410 -954 839 860 -486 582 1001 -334 -748 -1070 280 -180 242 -74 35 -72 740 -142 -21 219 65 -863 -192 -300 -711 667 -392 698 -1262 -300 -22 1011 -948 -570 -460 396 -452 837 -80 -930 ]
[-76 253 -432 293 785 -534 386 -214 547 151 268 -100 -456 -552 373 322 -519 307 476 395 127 52 354 794 602 -354 -713 548 -210 -848 340 -876 -166 -355 388 192 165 1061 -543 -214 -426 -449 483 -922 753 -61 -846 -820 -501 603 -961 502 1208 187 -124 1030 -443 811 -248 312 190 -258 -24 583 120 -854 -873 1007 -176 -57 891 1556 778 -498 -1042 516 -1650 -680 156 -561 -231 -402 -162 -119 186 -239 -289 558 66 -961 -877 -896 1041 9 346 649 989 -561 -784 -990 139 1369 -132 967 697 1056 -726 -858 38 -257 -285 -160 -27 -1178 -1208 76 -49 1358 -246 530 -960 879 452 -466 386 ]
[-761 -205 25 530 -209 -156 -681 482 309 -484 38 -386 -471 203 -348 -1008 -670 -797 252 25 -50 418 369 -186 649 -1374 -1077 -575 -20 -462 198 285 475 -550 -1553 -567 -40 47 -317 -126 1094 132 506 -150 635 -986 964 -66 921 875 326 -475 -734 -743 617 523 -557 64 -580 415 -529 830 356 95 206 345 123 930 104 -387 164 276 233 -945 209 -14 162 -731 734 435 -823 308 -505 -109 -22 311 -612 -467 335 -1081 563 -300 -715 33 210 -1110 754 556 313 414 1087 301 1335 753 -792 568 162 119 -253 97 678 -548 585 -284 -1187 -1650 245 -1499 714 -626 -174 -421 -211 -768 -210 ]
[-317 -499 108 642 -353 -316 -1002 -255 965 -127 -371 -274 392 -715 1300 140 -90 -80 1456 -286 -1283 291 -86 76 347 -282 900 -583 -118 61 -606 53 -631 -462 -1482 366 726 668 -107 -608 762 307 271 -843 503 270 -187 1486 667 56 -877 216 173 -28 -719 -435 -808 157 339 752 -73 -301 79 -105 43 523 -573 1353 466 -599 681 328 85 681 -6 219 199 946 84 414 572 -723 -127 193 -138 213 38 -644 -463 -292 459 -36 -60 69 -321 398 642 239 660 213 -363 943 46 538 214 -98 104 43 923 -131 135 -352 -38 -1270 924 -127 -192 370 277 282 -378 -404 -49 -814 -405 ]
[-468 -610 -347 200 116 40 283 -518 188 343 -132 -18 -225 667 108 938 83 101 1260 -140 -623 640 551 -1091 230 -309 -470 -338 523 -393 820 -554 284 -42 -1113 27 620 444 202 79 221 -1180 928 -11 -11 -306 794 701 -902 277 276 -371 255 -541 5 -466 -231 397 -33 -257 -42 252 5 267 543 -668 792 75 -734 -8 283 61 -183 -221 -125 363 -271 293 480 277 473 -326 -100 -75 664 293 -884 270 671 -938 759 1383 770 162 -353 483 1410 -458 -164 -526 231 -339 -47 1330 582 296 623 89 -454 -980 71 -579 38 57 -204 338 -1173 163 401 -468 1178 -644 101 -458 32 ]
[-271 -731 -169 -203 311 -538 325 213 62 -642 120 -40 510 1125 -3 56 -577 213 4 -341 1099 -243 320 -650 481 799 -795 -449 432 401 -59 -952 164 384 -247 -815 515 -203 838 -399 -521 -1241 900 -312 -322 516 170 -512 328 -14 183 390 -1178 -864 77 -310 -226 175 1064 -547 -108 884 839 117 77 -51 -174 -1359 -109 -530 957 426 -974 280 -1067 30 -321 307 -525 466 738 -337 -453 190 252 189 508 -1384 663 326 37 421 1037 -146 718 -302 546 -264 707 228 -100 -262 664 1719 -215 390 -587 -191 -499 -301 -257 -1121 -829 143 -346 -291 -1245 268 572 -172 -418 -63 473 -599 -181 ]
[-15 605 42 -913 987 -301 179 74 178 -545 -184 -262 67 354 -545 -264 36 54 -182 -489 1094 -683 -357 -87 -385 943 -368 -187 -531 1170 -260 -621 766 580 -492 28 -397 -1675 -762 -138 22 -778 -696 349 -1002 -29 -140 -601 139 -367 676 234 146 -434 56 421 -6 -233 523 -299 -150 -377 317 -920 1346 505 -403 -1455 -54 -76 674 658 -205 -174 -609 -62 -900 -460 -902 493 -392 -61 -633 -488 -726 313 1379 773 -224 318 -762 -1283 861 1145 48 -628 -403 -35 924 -599 1231 -705 338 1181 -560 362 -324 -124 421 -426 -644 548 -888 637 -154 388 201 366 537 185 -694 982 -91 -59 441 ]
[-110 -1015 267 221 614 -243 -13 -474 48 1221 589 123 -269 63 18 1210 46 547 411 169 490 -298 -1309 -1192 43 659 36 -428 221 440 359 -315 -803 -1335 -69 57 -108 -822 -575 23 -379 -620 -25 -2 -1128 56 135 -764 -1602 285 322 361 485 526 110 442 -1310 412 447 34 -1024 611 -390 -1217 445 337 -856 -1090 1256 200 271 -246 -686 577 -109 531 -1517 -439 -216 -685 1608 -707 182 1060 850 -1 -1126 192 -41 -167 757 -294 959 -601 -1010 707 290 -971 -171 -524 -461 199 -686 575 802 637 -77 -12 1230 -333 725 -607 12 640 265 -421 393 88 621 -207 153 -814 -1553 -112 729 ]
[325 -191 305 357 206 -740 -645 -157 54 -380 -126 -392 -94 423 -332 -990 22 -1426 -185 133 278 338 -684 443 312 -1385 -91 225 207 157 1355 284 1280 717 -153 -288 -429 -536 -245 -40 107 -647 -541 -1199 -487 -118 -800 443 -373 -1130 -422 -9 -908 -583 901 -548 1295 678 595 -145 345 134 51 795 -926 601 -1125 732 191 779 -128 315 -913 279 454 861 -325 -1174 -772 580 -355 -80 395 -319 -3 -118 204 84 664 309 -337 -328 -854 42 428 -579 287 1111 238 389 -391 972 778 632 -262 491 -480 45 1051 -257 -464 -846 -418 -542 -780 -699 -61 -1120 457 -156 300 240 -237 -538 232 ]
[-721 417 -78 213 -816 143 -1171 584 -279 -543 743 -1044 640 271 -723 945 1196 217 266 48 -446 -1223 524 508 -40 -410 442 -621 -438 61 778 1120 -125 419 -436 107 745 -191 -723 873 1718 -285 287 -1252 887 -205 12 38 -908 602 -529 816 36 25 239 236 203 588 -379 89 -36 850 -991 -861 458 371 134 -450 807 -775 231 -144 158 715 887 -585 948 -967 -154 -1066 -136 612 -374 856 64 751 -723 360 -70 -634 408 534 -424 -277 -997 98 659 263 -160 1427 -40 282 267 -735 -997 516 320 -802 828 -1441 1322 88 794 -463 -354 18 1014 -1052 27 -964 -239 -286 -464 -77 -249 ]
[445 673 1042 -816 532 68 302 210 84 580 733 -492 -975 39 -225 -302 38 35 -986 48 508 -341 -367 509 -367 -219 250 -117 487 522 470 499 205 303 789 -441 -97 -559 581 -608 -1135 162 -138 270 892 422 -1102 -1050 33 -18 616 -1 -204 16 -229 967 302 78 -668 776 119 -676 -98 69 266 -495 -213 -8 -433 89 -665 -176 -12 191 -67 -204 -238 -1401 44 -60 -783 -262 -799 -821 -121 -1382 -192 597 -241 -1243 -1337 364 -325 -845 -356 507 -2 17 -721 1412 -256 988 80 -624 368 -906 -269 -69 -902 -257 637 1044 78 402 -833 352 81 377 -79 317 164 1094 6 -231 292 ]
[-241 295 814 1068 143 348 -794 -15 78 633 -322 -161 579 176 -49 496 0 227 174 654 -816 204 -660 914 -320 65 -415 245 791 -210 -733 304 436 598 -1215 -257 -448 464 -414 430 1154 407 -328 1207 310 -101 240 -517 -158 223 438 -431 397 599 -101 459 -467 -724 -721 669 -241 289 1237 538 -3 653 -161 -1402 368 -546 638 130 703 1050 -308 201 935 570 -283 -184 562 -70 -198 -155 515 1 506 -1657 -1480 12 584 -714 -519 713 -247 -107 -1453 -121 649 -154 1347 -32 -417 1235 -418 -390 -243 25 -521 -601 63 -127 10 -392 543 1312 655 -110 185 -208 -76 369 866 -762 102 ]
[368 316 -41 -28 439 149 391 718 703 -1175 3 332 -646 731 328 -979 -641 -194 -55 49 717 159 -683 733 -330 -275 -566 466 -638 465 -662 -286 -239 -400 -448 818 496 260 -623 -294 123 -752 175 -23 105 -1024 -69 -421 1305 -232 83 337 -582 -651 473 221 -725 -16 -655 831 1126 -323 -603 54 937 -696 -10 1775 -1060 -418 -36 238 1185 -707 -720 75 -594 10 -1463 840 -336 483 -575 -44 -699 -882 -8 499 -33 -119 -439 -798 -1125 191 649 -581 -638 663 380 709 -61 285 1351 -386 -783 -306 -1273 260 -886 540 120 132 138 -933 -935 -761 498 -729 -247 527 -155 881 490 98 -518 ]
[60 81 22 -73 762 174 759 -1280 -83 -253 534 -687 -968 -400 320 -276 -736 -168 -763 -421 221 479 246 509 138 469 904 1140 -16 292 -129 -1036 236 -870 -253 -990 -590 -145 431 443 -1506 -681 -499 -513 182 -270 -136 312 -535 253 57 -585 662 518 409 626 291 -267 269 -240 -349 441 323 547 -155 -180 -227 1033 436 414 -836 440 305 -155 723 -142 -920 -246 542 96 541 -189 1131 -145 428 455 -341 549 -101 -1038 -487 -526 80 267 337 36 69 -719 -688 -1389 737 637 -547 -519 1054 231 650 852 -965 829 -975 78 -565 133 332 -439 59 482 -316 714 717 -436 690 366 899 ]
[77 746 -147 -13 -14 238 -746 88 116 800 -77 -1048 -213 265 72 259 673 694 442 204 798 693 454 159 422 -766 -25 -137 -36 334 -683 40 138 273 45 -253 -557 783 47 711 1061 -709 1115 -828 772 -469 -247 -167 630 -297 -1420 353 712 82 191 -150 -219 -17 -719 333 759 788 -324 15 944 -434 -37 -261 -271 -512 396 509 216 -298 562 -919 13 -868 628 -289 -612 834 227 94 -318 -822 236 307 -911 -332 -426 -818 -386 -723 -160 118 -142 -499 83 -880 810 -110 678 748 -467 -493 -428 -1176 353 -194 -400 -1 136 803 -1030 1127 1176 665 -6 -57 -782 317 323 7 1119 ]
[-501 -397 451 -335 -678 1460 -144 221 -278 372 -216 386 -288 -129 -81 -218 636 516 528 -635 -35 -301 164 298 -22 914 642 149 -508 1269 444 670 -259 523 181 -11 723 -877 266 -305 131 -72 -268 371 68 496 -173 -270 -29 -498 -259 41 557 -916 21 40 634 -665 1120 381 125 -59 425 -426 -670 1147 89 -1070 -538 118 -46 -252 356 43 -178 487 471 -290 -597 698 182 -306 -1205 -40 -693 272 1090 -930 120 -70 343 658 -237 -299 575 -668 -327 857 623 944 744 784 -207 -130 -569 152 380 297 -812 307 783 238 0 -692 54 -217 163 313 201 -258 -82 1107 -189 -120 -718 ]
[-753 -543 -487 -159 -246 201 327 718 -222 31 1040 965 832 -1207 -824 877 280 231 -467 853 -819 703 347 -731 -470 279 450 289 -879 -268 371 -261 -233 -948 230 -487 -605 -1168 738 -311 101 536 -914 1522 202 -606 588 137 -460 -46 1907 -589 425 -1731 -423 -59 345 -364 -792 0 -698 458 -294 -16 416 155 -336 -409 -783 470 207 -282 -141 -539 -1066 409 -114 911 692 289 576 -359 18 -337 -402 239 1074 819 430 99 579 -148 635 -43 691 -839 248 353 246 -635 -420 -146 228 -1013 -118 205 353 408 -143 30 -446 -966 643 691 433 -356 -612 287 394 -882 -63 -429 -273 -270 -40 ]
[-228 636 294 -504 264 -248 808 -654 -694 13 124 333 -1553 -171 347 -1041 -748 -914 -618 -708 972 523 -382 901 -411 -883 380 -42 533 -187 960 611 76 -36 333 -137 -1259 1410 258 120 -1114 594 -321 1533 -268 -252 89 -745 -673 28 434 -786 322 -486 380 639 -257 288 370 -797 -1272 709 -398 2391 -339 1393 143 306 354 908 -123 -924 473 57 -61 -265 433 147 226 -411 -63 -822 730 -511 264 760 148 525 708 -433 260 -505 -393 546 19 -420 39 487 -342 -413 595 -422 123 373 -646 -807 1817 1208 -189 792 -894 74 9 -489 -493 -447 790 -614 -270 285 391 810 323 65 -191 ]
[-257 81 201 -57 -258 -278 -669 373 -81 -101 565 -193 823 -571 -116 -307 -357 -429 -649 -490 771 328 -391 -743 -2041 -747 534 -83 68 -422 469 870 -378 -132 690 -311 -232 -667 -331 -110 280 574 -1454 1295 -586 -204 547 -855 140 718 641 -111 -127 -322 -103 -29 -735 -212 -596 305 -714 481 527 -815 445 -98 317 -855 -994 -443 -1003 -500 -618 119 690 -307 298 143 109 -422 481 -461 171 -716 -1370 -848 35 1303 -313 336 -491 -758 -370 213 224 -804 -560 291 454 611 284 -649 908 -1471 -1122 -553 430 -909 -439 -164 -128 -38 188 1341 126 -226 843 -362 796 -755 437 200 -877 197 -363 ]
[42 458 -955 442 -312 -102 130 311 289 -777 233 -454 266 -254 -213 158 354 -621 450 13 -288 -241 403 -580 360 -288 -681 -202 -209 -1280 169 707 467 -237 -188 -443 3 353 688 -628 294 -1056 102 338 -84 -844 596 506 -151 420 1063 -58 5 20 351 208 -1149 -741 -1582 -1107 -780 506 5 -541 -499 -1007 409 -440 -687 -834 46 515 331 -262 -652 513 -948 955 91 899 825 773 778 131 -553 -494 -193 -570 -596 -114 -530 -507 -271 957 -134 248 -149 227 -641 -323 201 -170 718 -323 -567 -92 235 460 -281 -597 -955 286 551 -343 -144 37 -66 -595 693 922 -122 -158 -797 607 299 ]
[-432 516 57 883 534 -725 -850 44 362 637 -172 -591 -38 -358 -321 -91 -603 558 1061 138 -470 -386 -555 86 1218 -520 873 198 381 518 -204 -459 20 285 -1306 -759 -84 23 55 589 848 -57 888 -1286 625 10 -397 -1117 -19 225 -854 -27 82 29 -148 282 33 879 223 848 -432 -479 831 529 510 123 -872 -4 726 -1218 1013 427 975 -132 152 -608 -529 -1340 824 -61 -439 259 -569 -337 1091 124 -147 -364 -1233 -1089 -514 106 -309 -1007 -681 -9 519 -517 -199 849 251 980 849 1659 1067 241 -302 563 1149 -268 938 410 -50 351 -729 295 -128 -172 228 207 -1127 -216 -241 -970 784 ]
[352 545 -841 453 -593 31 -815 4 -460 305 -195 -532 -1362 -925 338 -176 1179 -855 779 292 -811 455 -695 1112 -526 -697 187 -412 127 -128 471 -357 -186 1136 -268 174 -840 222 -1007 -772 760 -246 -1629 638 1454 82 -423 -391 -167 -29 46 301 221 483 -93 1115 917 565 -406 441 401 514 1101 875 109 857 -414 539 104 607 202 477 397 1270 778 -428 1266 -606 -992 144 -437 -1185 137 -782 -424 291 364 360 -322 -160 628 -453 -282 1736 87 -486 -372 -262 213 287 1580 525 368 1810 -182 -271 1101 -512 306 149 -880 -77 -618 -379 -60 312 637 965 289 664 -355 55 89 455 -290 ]
[-13 271 934 372 20 939 222 514 -559 45 -1049 -436 306 297 -272 -606 -606 -553 377 180 -25 990 549 853 480 -956 -1510 -196 283 -136 -76 -172 252 382 -603 -168 450 373 -255 -2 -638 396 404 -595 32 -748 -341 -460 319 -536 -506 -1193 -633 -371 802 -531 -102 -662 -208 208 241 70 98 1303 90 31 -140 1596 -385 165 -564 13 -63 -438 -49 -518 551 -253 363 380 -619 316 -190 -848 -297 28 283 -569 5 119 -478 -347 -423 271 675 -602 60 924 77 -587 1046 -156 -142 -102 -871 26 448 18 -1089 737 530 -1158 -416 -332 -1092 199 -325 725 -71 -884 243 503 1048 -28 -277 ]
[-256 258 -567 -221 -1073 472 -625 -477 24 -561 -322 -7 532 585 -60 -64 109 -453 -63 -332 631 82 951 -1122 1207 -538 -57 1314 148 -1032 255 -242 267 -104 158 -192 359 535 318 -264 296 -87 1059 -799 -756 1311 376 823 182 192 -397 -464 -399 -876 631 -717 -122 601 1020 -1054 -107 -606 -1168 -450 -441 236 -509 -28 87 -339 -222 315 -834 -419 587 623 -365 -835 1124 -990 -842 145 775 471 262 774 -392 -113 848 400 542 31 -317 266 300 -229 1020 -620 608 -1552 502 -50 16 -1191 99 1238 -85 -397 573 -379 71 -502 -442 37 179 340 -579 -194 -172 -228 -48 -1260 -266 56 -328 ]
[-764 762 -471 465 -1141 89 132 1060 267 -574 -678 401 940 -582 186 -239 -536 -34 660 -370 196 416 922 32 819 92 -1202 612 -313 -725 -882 678 -379 -685 34 -493 -158 594 457 191 -268 23 57 42 -78 -277 933 849 1529 179 -339 -694 597 -853 92 183 -452 -164 273 -660 -316 38 -258 -92 -670 106 572 388 136 -303 -488 -433 332 -695 -513 -308 -387 563 758 97 -489 -74 66 -89 4 484 -527 -506 330 739 -286 336 20 628 406 -697 -3 186 -169 -6 -143 189 385 -803 -892 138 311 454 -63 -303 -440 -146 -64 614 -665 -837 251 31 -186 383 -883 -919 431 307 -894 ]
[264 707 526 269 -1246 807 -835 -177 646 861 -705 -430 -100 -721 125 -772 -8 837 -487 -118 1057 -743 -192 621 120 1261 -352 731 725 1133 -896 -193 151 278 -326 -70 -402 -641 -352 693 -1177 -301 -596 163 -501 761 -358 862 755 176 299 367 524 964 -573 105 503 194 733 83 737 -158 512 -163 -851 -248 -1230 -1008 -510 171 -1221 220 118 -753 728 -219 251 212 -387 844 63 -1585 -295 649 -354 873 181 -1262 653 1097 -658 1063 38 -156 -262 -373 -590 219 213 -96 -121 521 -739 -498 -842 260 -322 431 56 -76 334 750 -691 238 203 563 65 418 440 57 -1143 -453 187 182 -443 ]
[565 -1052 -269 503 951 588 89 -627 299 -510 -510 -200 -567 -1045 -461 -609 -543 221 278 -712 316 -164 281 -150 381 49 173 1378 270 7 -615 -513 1366 -284 -613 -523 685 -845 810 166 -1141 -19 271 -90 1250 655 264 177 -862 -144 555 -968 -505 362 1383 -92 -14 154 -13 296 -78 -258 367 -441 358 -373 73 -77 -346 495 -832 309 -11 -237 88 -144 -149 -807 -669 -232 949 -241 897 -827 506 -686 -947 22 -672 287 -98 -427 1167 545 31 -308 -183 747 -623 134 -150 864 304 1372 556 -37 -78 693 -334 -308 -488 -358 88 411 -491 -266 198 316 1529 321 -34 -999 36 -60 701 ]
[-704 334 -845 -582 -436 -155 -614 1080 145 -493 -583 -706 161 160 -144 96 60 75 313 -731 391 -286 -298 -144 788 755 -191 494 -239 943 -1377 -282 -226 -336 -262 -806 -662 -344 282 -23 1331 -653 -91 -404 166 -424 457 147 1659 619 -231 -122 980 -187 -84 714 560 113 697 -978 349 307 504 -570 551 130 977 120 693 -242 -481 -27 40 -824 954 -278 -421 338 -164 -388 -337 799 46 270 -415 -53 -663 -480 68 1542 -104 -298 211 261 515 -669 -254 298 415 -198 674 -495 564 180 -304 -158 40 -106 32 -19 -741 672 -289 931 11 118 506 -172 -589 565 150 -232 717 576 132 ]
[-981 -228 -97 -97 -379 66 -390 241 556 -641 721 -549 263 512 -263 679 780 801 -145 -624 -800 469 771 -4 -18 17 -797 -412 -746 -660 -10 158 415 143 -349 20 -434 626 364 258 1005 -775 378 645 1002 -531 197 466 269 690 491 418 297 -182 490 789 -31 89 -1316 -371 798 546 113 -652 733 -433 1289 590 -70 -740 221 -182 332 -1117 -282 722 47 557 -366 -9 1 261 -528 -208 -804 -904 -199 127 -465 -319 126 -181 -12 212 373 -634 7 -113 -328 -190 -195 -599 948 510 -382 -161 423 -564 -638 -1052 -465 648 132 209 -471 650 465 -337 327 -59 466 652 571 187 871 ]
[-721 1233 -4 478 -128 -25 -149 220 462 469 -387 -453 -1144 -505 1001 -546 20 -501 177 1275 -332 -358 -954 951 1031 114 451 100 1157 -241 249 -566 -1339 1156 258 -101 -856 333 -508 -391 -978 -69 -980 -417 558 1692 -550 -147 -422 335 656 413 561 171 -942 325 596 860 -303 482 -59 -884 101 273 -1235 -191 -186 495 -103 -249 -102 132 -278 772 452 -839 363 -61 445 525 -819 230 54 -1186 285 286 199 -994 -166 -293 -404 -317 -669 271 -598 203 732 -1205 469 -553 685 847 -763 972 110 21 -935 507 684 645 -138 1118 -989 37 138 818 -49 1113 158 1259 -332 455 -805 653 202 ]
[677 -37 488 1236 206 -101 -633 317 -277 -401 -257 -247 -626 1156 408 -857 -53 -685 895 258 -197 -185 -581 211 498 -69 287 -483 1115 -102 662 58 307 373 -2005 345 207 293 -1210 2 613 -526 674 -496 -80 156 -129 1642 341 561 -704 481 -1218 -741 963 456 -756 843 -4 239 -404 697 316 615 -207 -254 354 932 199 299 22 853 -978 449 531 -444 334 -121 736 245 -775 -603 456 -698 -198 -374 211 -399 -314 -640 59 1470 -474 -449 -283 -416 744 -762 169 500 798 -95 994 816 -493 209 -147 314 1014 -1537 535 358 329 -420 -448 -369 -783 -1034 936 -790 939 -456 -32 -1831 -669 ]
[-1068 -1039 300 -62 283 929 463 126 630 -87 259 500 -1259 -389 681 -32 -811 208 -267 658 805 260 693 -1016 -109 -36 -224 827 506 589 -106 -198 142 -35 -803 -1574 857 -564 614 -426 -545 442 973 211 339 -314 985 325 495 -510 718 -906 208 -809 233 -17 -866 -747 -282 -161 34 1181 -66 -1057 -608 321 1312 6 -875 -421 -964 23 -534 -645 44 -682 516 -1140 1073 112 300 182 579 387 381 -98 -1182 -1078 -605 74 -32 189 490 -610 139 -346 -229 -112 60 -295 148 573 110 -632 61 -655 -677 -45 -1047 425 271 -673 671 1071 -183 -719 -141 -24 921 -337 472 -230 807 115 304 ]
[-71 1262 -233 367 227 -447 -105 -338 601 130 -927 -355 16 325 -550 -553 -481 207 566 -119 -242 -123 -224 998 974 -525 90 -143 -702 242 -828 -304 685 448 -359 -89 -280 1233 -115 -153 199 309 661 407 529 457 -926 -1230 137 -254 -484 -372 -628 499 431 -240 -714 71 639 122 106 -617 331 387 572 311 -140 219 1007 -778 854 -519 418 51 -15 -1169 130 148 -150 -487 24 -26 -388 -355 847 -752 -143 -1000 -1073 146 -54 -1281 -334 193 -602 -214 -115 173 70 475 111 -461 1031 1883 379 -473 -543 667 844 -104 -217 637 -203 25 569 1036 -59 363 -119 1326 -1195 -85 754 -144 584 ]
[-322 776 471 -263 34 110 95 -794 529 181 109 -293 -441 -720 -793 -203 280 619 282 -440 -976 224 -472 686 -408 761 180 1351 478 1424 -782 244 -434 -154 -375 -107 -1022 858 -1042 1012 -760 1231 -324 143 836 -59 -1499 -1243 385 748 811 -218 399 -157 107 867 -190 154 -55 1404 -859 50 603 129 207 -48 -431 164 72 124 -336 -374 1635 -52 249 280 -62 -699 740 -277 618 -760 -1184 -242 -123 -305 108 669 629 26 -632 -841 394 -819 -269 -709 -1129 27 -544 388 613 288 34 -76 -102 201 -826 705 576 93 293 1247 2 1037 174 -904 398 577 -446 613 -279 271 428 -20 811 ]
[323 -92 -299 214 -425 667 458 -111 -658 -430 -565 -512 -427 161 -415 612 1405 -778 -69 429 -789 -306 639 537 -114 -572 -757 643 538 -834 915 -155 -407 444 890 -307 445 -551 -674 649 397 229 25 -498 952 536 -124 430 -312 25 -54 42 12 -731 312 100 866 412 479 590 301 97 -1240 -748 -876 -34 257 6 -247 1357 -70 715 -235 830 163 -554 1270 -2 150 -667 -327 -250 310 -535 -47 1247 -96 -133 905 -37 468 382 152 412 -215 433 -10 -388 -723 456 -39 531 -507 225 -606 1367 -671 -1248 526 -164 533 -966 596 -58 174 -787 -130 496 -161 -530 386 -536 -730 722 -91 ]
[-81 -222 457 -1231 820 -146 708 -1104 -29 49 -784 -643 -914 -311 1229 697 297 -161 206 -839 -1276 -287 -295 689 -614 -866 77 -43 -13 -11 -166 382 -880 -173 -957 -800 46 -137 -107 -113 305 892 116 -475 496 -769 -213 -862 -1200 -335 -691 -795 689 -856 313 113 52 6 -316 550 -85 -539 654 -516 1027 960 815 1009 1315 1165 474 -60 580 -83 264 -11 -457 -238 -81 -1334 205 104 -313 -49 -479 -113 -961 -458 -528 -326 -109 139 143 806 -674 457 -1291 -288 -940 440 -596 209 -65 246 572 5 25 31 452 300 -766 468 61 498 342 -767 613 1085 -1574 38 491 333 589 -45 451 ]
[95 745 -385 -999 -572 -34 -304 -78 -7 -264 32 -78 -711 -4 -179 410 166 370 -1160 89 42 -10 -64 -252 -63 -16 440 407 -200 -1099 371 -290 -816 -244 1086 -175 -452 1090 1045 141 304 -207 177 817 51 -521 -164 -476 145 405 227 172 -193 180 195 590 -997 920 -524 -441 -70 130 -796 -164 210 -908 1324 698 -943 418 131 869 579 -746 -562 -98 -571 1075 189 -346 199 184 888 -359 -544 -985 66 259 -223 26 -506 -109 -58 264 -362 48 589 -14 -263 -1225 -50 -806 664 -999 -673 186 249 391 -635 542 -1431 -45 -179 148 396 112 430 -87 -704 560 1109 -1358 -487 199 326 ]
[364 265 576 -238 92 -242 838 211 733 -1020 -231 136 -504 662 239 -398 458 -250 -717 1222 142 -232 112 -214 -878 126 -309 -283 230 -829 1334 128 38 817 -44 142 -194 -234 -180 -1236 687 1515 740 768 -161 394 -31 453 211 -283 658 537 -1085 -1604 -200 -276 115 -273 -336 -142 -327 -212 -201 40 -186 383 1394 730 -561 975 520 -382 -748 -148 183 -447 875 24 594 391 -202 489 136 -234 -843 -495 1161 -1036 194 882 -411 -315 643 132 831 918 -559 1038 747 169 -935 -380 161 -322 -31 -350 555 -237 -62 -90 62 -599 559 -196 -77 -3 -523 26 45 -257 88 -107 -590 -10 -145 ]
[97 372 399 683 63 507 -717 -315 33 -561 -48 -1246 -569 263 99 -495 309 -1011 -551 -1321 124 -1038 -1013 839 -583 -723 -187 -445 422 -709 -21 370 201 331 -266 -333 -689 816 761 -923 22 362 -72 -48 399 377 -99 -413 -507 508 -37 -509 -1175 -607 173 304 -698 -105 422 515 -690 -278 611 1369 740 1161 1574 534 1234 489 422 345 -842 863 381 -64 -113 122 -784 -784 466 -83 663 -550 -303 -771 -584 -563 -836 78 86 -755 -278 790 -45 687 -271 731 -41 688 547 34 599 1296 -315 -1039 894 383 108 -618 -241 -525 -507 -882 -76 157 834 -661 34 465 1075 -712 -745 -590 -265 ]
[115 -744 438 -875 342 164 34 -684 -249 721 -561 920 308 -516 -184 161 63 346 -789 382 -242 53 -964 -104 -1525 332 -371 181 436 315 225 -114 -884 83 1186 284 -15 -525 -994 922 -381 778 -148 611 -564 471 -1475 -721 -586 -1023 153 82 -38 -156 246 -88 95 -214 1545 31 715 -296 -1015 -5 509 326 -590 79 -210 812 -456 -728 549 311 -361 -443 1014 -181 -949 -1168 539 -730 -826 339 285 889 476 769 834 778 -66 -923 962 -107 -169 336 -1140 8 133 359 -874 -994 -850 -689 156 129 -623 -862 495 58 319 -266 -966 520 1086 -174 -415 -256 -450 -154 693 236 892 1210 354 ]
[806 526 749 739 421 1131 132 7 614 -635 -5 -247 67 181 377 -226 -191 239 267 -112 822 -728 380 46 378 1117 99 174 317 269 -87 -19 -205 -214 144 556 1387 111 -304 -78 -1395 -104 -378 -878 -168 1204 70 -365 -222 -278 518 16 -716 413 -431 -115 -74 -1240 391 583 859 -905 -537 741 -700 -973 -175 -60 -850 -520 -698 -42 223 269 687 -346 -463 -719 -123 612 647 146 -357 -53 -53 77 -1186 -574 568 -189 350 412 -200 644 337 228 97 482 -219 377 19 363 -586 165 -21 -39 -212 378 -1423 805 1177 406 -538 -909 -555 674 -645 832 -51 -32 -104 865 -44 186 -429 ]
[875 -248 10 -274 47 -462 1041 239 687 -551 571 631 790 360 43 250 164 -668 679 23 -1503 442 1448 -667 -44 -146 267 1123 177 207 -134 174 -74 -240 -244 -140 100 -699 -515 836 428 320 -51 -698 -240 236 152 1072 1320 -433 -250 294 1607 -1452 -74 -361 820 189 -689 588 -204 247 -191 -1481 -1147 217 -483 -55 286 330 -365 451 -882 -43 395 -420 341 172 1192 -305 -841 809 128 496 -245 601 -258 43 209 694 -605 -341 568 409 1041 145 -360 -230 220 -556 248 -95 -352 -343 -213 813 -1360 -204 874 245 109 -15 1255 839 -117 -189 -240 1088 -482 -133 -526 226 -729 514 691 ]
[-1011 -472 -274 300 -458 -213 -1000 -686 -97 -62 7 -35 -105 -9 477 995 446 325 -223 -361 -1026 -371 -494 489 -885 -546 293 -180 126 -797 507 -962 -421 298 378 47 -346 321 400 823 1889 633 22 341 -231 -19 -402 118 -1134 252 -1196 186 1276 535 -451 128 -512 862 380 766 -692 276 -790 -68 -7 1122 90 -425 873 784 1250 554 3 120 -179 136 903 1462 -21 -488 380 -405 679 931 480 1199 92 -777 -492 107 629 -83 118 302 -656 519 -241 20 635 -1000 281 -415 -651 242 -856 1242 1717 -776 142 578 97 -939 -205 -579 1310 707 809 18 -1275 -946 265 -391 -1241 -184 86 ]
[122 -382 -598 860 447 -3 94 561 1655 171 399 546 -1559 784 473 -300 -427 73 -302 1115 832 128 381 -103 -322 -147 -181 -1268 393 -464 17 -64 -130 -148 -370 -75 -212 1590 270 -717 -426 -543 806 629 889 243 1082 976 510 905 221 628 -629 345 181 -415 -1331 -258 -436 290 -340 885 -178 1215 -399 -848 1641 875 -712 49 211 528 209 -389 93 -461 -234 326 90 708 284 347 479 -621 -13 -1320 -664 -658 -464 -697 311 385 99 -176 135 747 678 279 -139 16 -816 127 866 656 -67 -396 -107 760 -1653 906 -560 59 470 -295 -592 -538 449 174 469 804 -243 -1061 -450 -565 3 ]
[-987 149 -572 944 -1053 277 114 -408 694 -382 -139 -449 -196 36 464 497 174 880 -269 204 -198 -438 -461 133 -913 653 -234 -258 423 306 116 447 -116 315 -161 -84 1093 245 935 1134 -342 320 -108 -459 71 489 85 179 -1354 278 -257 135 -314 692 98 -188 169 -241 73 23 -293 -417 847 259 -923 -398 724 407 -506 -291 -156 -432 940 -325 168 278 -223 157 -756 48 -171 328 430 714 922 47 412 -430 154 -24 -902 1122 317 -168 -792 744 -26 195 -602 317 -433 757 196 111 1695 -52 1717 722 -284 -250 144 -150 -289 484 -113 327 203 249 -76 -940 -443 -553 -52 18 -160 ]
[491 349 -252 -151 480 -893 1025 -68 460 -31 -343 -213 31 64 -608 276 119 -301 -842 556 297 -835 31 471 -830 -253 -469 922 363 120 -649 -416 220 885 345 460 -155 -1261 -663 1293 173 -306 -330 136 1042 855 -545 199 -36 851 536 724 877 -94 407 241 -297 618 89 365 -130 1139 250 -998 284 -363 -1360 -1052 653 523 -1572 202 121 -653 574 -952 404 187 -72 -343 502 -349 -81 602 -220 312 -313 166 -276 259 -1008 -690 1402 526 -579 47 -1173 -842 24 71 -153 -69 605 -255 316 497 -1198 -919 1160 -631 -359 558 129 1226 539 18 -119 149 151 196 -1442 -1134 73 882 82 ]
[223 534 509 -290 454 71 749 -367 -524 644 -164 -488 -1663 608 456 -280 -240 -78 -151 265 422 1119 759 -284 291 -545 520 304 324 1040 -195 -130 -453 29 -405 -588 -328 702 121 0 -478 66 804 -344 216 -101 -251 140 637 -132 -276 -599 712 -289 841 -106 572 -341 -136 908 -436 504 -886 403 -898 -487 540 967 -801 780 194 666 111 -753 -722 399 -508 -292 1305 -886 -694 -89 865 -696 208 333 396 279 -183 -930 -1002 5 392 230 882 373 -273 -1098 -292 -619 1150 -148 665 716 -191 384 -65 64 -993 386 -380 -167 535 506 -962 -1004 -543 533 -382 38 -273 202 -491 -464 1237 ]
[690 16 634 -334 6 101 -976 -895 -129 937 -416 241 44 -232 1434 -522 -577 -102 -27 -207 -58 61 -1496 -1200 -297 367 31 -254 1637 73 421 -266 -940 284 962 120 -632 234 -634 -858 -963 468 -1111 612 -1017 -636 139 -560 46 -641 703 280 -123 209 -758 -221 317 900 -298 139 183 -829 450 -239 -380 196 -137 -657 -1111 106 309 51 -689 503 225 584 127 16 -349 616 345 -747 -1137 -869 -891 -318 254 -497 336 851 -268 236 -586 -546 482 -502 -576 -1080 693 -272 -171 160 -1022 -327 -428 -164 -1191 341 -131 938 -239 768 -1439 -71 505 458 139 463 282 604 691 1096 -787 -572 -253 ]
[-437 -521 -616 1324 -92 214 -93 275 558 -411 221 -55 1062 606 -472 688 249 -23 -556 75 -29 145 -42 -254 289 7 -637 -47 -187 530 -732 397 -488 229 -400 431 1118 -153 -284 24 -357 -753 -720 415 764 161 191 705 464 -380 620 662 -123 -130 1233 -263 162 547 1025 -976 -51 722 315 -251 -700 362 315 -318 -512 -132 -215 763 -619 -82 -559 278 422 180 -1507 70 -458 101 820 115 -360 207 799 -448 -125 470 473 -565 94 1466 795 -109 300 -203 -531 684 -359 -466 655 254 284 -72 233 318 470 -28 -381 -671 -329 749 -218 78 -145 -69 1116 -411 -746 -1256 -501 -269 505 ]
[-756 -108 -65 263 -458 156 -708 846 619 502 258 -337 -174 62 521 196 -209 351 -1193 -919 726 -852 -892 1266 -944 486 -509 -1447 -194 136 -558 183 -456 316 355 489 29 -172 498 -430 26 -716 -806 1194 -90 -318 -610 -471 -326 -659 196 783 -114 1169 -219 549 -864 662 317 590 306 5 709 534 754 291 286 -648 -96 192 375 13 -433 587 -344 -416 -95 211 -2086 294 -69 -198 345 -106 159 -953 -371 -319 -862 -329 -123 975 164 563 -1091 -113 375 1215 -73 808 81 236 -105 651 -417 -1109 372 120 -591 -302 -225 -51 -470 -48 555 1095 1312 -476 122 -106 333 -333 -582 -733 -719 ]
[-790 -833 450 -793 564 -31 -952 175 -699 -534 793 -233 890 -1577 351 -39 -310 408 178 -661 347 201 437 631 -1066 63 1035 -445 -224 366 392 287 -502 -519 -336 -1463 -141 -813 -417 397 413 1438 -141 218 -340 -574 721 -252 -1003 -1122 -438 -1 113 143 -635 -109 -115 -1010 -1291 -248 -17 -659 690 -347 73 264 439 -508 -786 -309 631 -882 -369 259 -360 526 -201 -545 818 63 -322 -141 510 380 -435 1350 638 1189 362 -668 -195 465 167 48 -596 -608 978 -315 -339 700 -313 336 -97 -657 -793 -111 99 -1083 -686 -106 171 142 267 634 15 234 308 35 937 -1161 320 1379 538 -51 232 ]
[123 -238 94 497 389 227 202 -1111 23 -172 282 -1323 280 -392 1004 -427 -84 -357 -891 -615 898 -48 482 -744 -1360 -482 -435 -419 11 1249 -44 1709 -216 870 156 -195 -225 -189 206 157 -136 222 -235 -33 842 -381 1491 384 -480 -333 597 -1323 -1244 585 -51 -1156 169 -1192 -942 816 -99 880 434 -239 -706 18 1108 -133 -811 -107 -721 -2 -458 -292 78 63 983 -288 -11 -909 553 -516 573 96 -301 -523 -528 195 -468 -590 160 542 91 173 -232 864 -903 686 -761 1127 391 178 609 -922 -558 -915 197 19 -1191 -72 22 -76 691 436 -279 -794 940 -593 1047 -588 -87 -112 -477 -244 28 ]
[298 -39 790 1086 409 271 19 190 -412 452 -607 -334 -672 129 973 -151 -739 -474 638 -49 500 419 -220 -109 -125 -562 -238 -309 29 383 -881 412 -1173 -147 -29 1051 -217 779 79 133 653 -676 -81 -187 454 -1429 180 -522 -97 -455 -614 -29 298 1562 -139 515 -1181 223 -1244 1171 717 1191 -47 177 -146 -832 186 658 -982 -537 -985 768 -212 -44 -267 -418 43 394 -857 522 1227 556 1198 122 10 -1199 -1885 -1233 -883 -302 230 -395 -735 352 -713 72 -377 170 36 -309 751 148 695 -8 -1221 -980 -489 -31 -1071 892 231 165 399 -861 342 -150 1019 -515 -124 476 721 516 -596 -415 175 ]
[201 1093 969 89 272 -77 -439 208 1028 149 -197 -101 448 498 -24 967 -36 499 -720 1224 -253 141 478 -408 716 117 760 -196 -153 506 -505 -232 -363 -904 -321 -610 -359 -132 -94 -273 -181 392 -177 -258 -632 294 -379 -550 472 -126 918 -88 487 304 -1165 -220 201 -1058 -781 362 1560 -409 -402 -1215 613 -415 42 -710 31 -144 90 -223 -802 -23 -107 597 -494 -414 1049 -321 -347 459 -275 1176 50 462 -581 -624 708 -441 296 -377 285 492 -214 26 -26 -1029 -234 -223 -410 73 -348 257 286 -494 -1596 -448 -104 -297 772 -186 429 862 -304 1183 -87 1063 -675 410 -698 -225 648 -47 917 ]
[428 -176 -235 -220 -322 56 1110 -20 -227 286 498 581 3 1579 -751 -174 -143 -484 -16 310 -19 -526 -210 596 450 854 -470 137 -10 -728 -136 -392 1232 445 -350 744 668 243 402 466 -637 -1117 582 262 -961 578 -295 589 -61 551 -30 801 -972 -296 280 -413 248 88 1041 -374 -846 176 517 246 -371 -680 -8 -900 781 -74 -154 528 -29 631 -60 -647 180 1016 60 658 711 408 -385 -85 388 -529 249 166 86 603 -3 695 -312 -626 -3 213 57 248 539 -219 492 -1433 -183 596 -161 45 -55 1011 286 -536 -349 -236 -648 -903 181 -316 -520 -238 -264 -11 235 -181 -62 -274 -367 ]
[-315 -1232 139 -565 823 -396 298 -652 261 -64 1022 1001 93 679 -150 605 316 -604 -398 40 -554 571 -1 -112 -1588 -431 -185 -24 178 43 1304 -647 179 -442 -750 -368 194 -1350 -253 280 137 727 32 698 324 1007 730 -161 -586 197 183 525 1149 -1214 340 559 489 437 4 173 -255 -1089 -477 -596 -83 743 -302 -275 -28 1010 501 -928 -656 -25 236 552 -607 -188 -149 -479 -13 -554 -597 943 930 304 -648 743 1790 -761 921 404 794 -299 -203 -88 536 -602 461 81 -916 768 572 762 643 1630 227 -1028 139 205 484 -471 128 192 119 -915 -100 -187 201 -1071 188 772 -656 -503 -317 ]
[-47 -159 476 98 400 -138 -911 -590 379 1063 -428 -400 52 1225 -463 554 -333 237 6 73 -182 165 -361 -25 -638 -337 -44 -2 172 926 -694 261 627 21 -1139 -318 603 -377 -443 618 1097 196 585 400 468 -633 -826 -343 -159 -184 -869 -262 23 709 139 -284 -380 -457 625 1379 502 358 617 -676 533 360 -272 -1429 77 77 854 -6 288 502 -26 179 722 -328 163 -53 174 -40 -670 1149 464 11 -627 -922 -245 -927 -216 629 -518 -1332 34 370 -219 79 135 1073 306 -166 -149 1340 176 330 -692 32 -360 -903 1372 -601 201 17 500 835 -24 -283 -147 -1126 -722 -257 -210 83 430 ]
[146 13 -244 -778 792 -98 1453 -62 -659 -482 -226 495 258 451 -479 -519 -1401 -330 -558 -677 1175 -201 477 -182 569 580 -487 1472 6 -92 -1456 -1474 1093 -709 -109 497 278 -424 479 713 -631 -341 737 308 -291 -39 -670 -215 92 -231 79 -557 -330 -1040 732 218 1249 312 1729 -573 666 -651 -858 1056 14 148 -1002 -6 -42 637 -610 218 255 -113 -1390 378 -245 -149 -738 -209 -841 344 389 -779 239 1508 1062 734 1151 306 49 -126 339 563 478 560 676 101 446 -1102 839 -236 -894 1135 693 -316 -602 -480 -175 -905 -79 -1146 -703 -763 -769 537 -916 -101 -32 -414 -180 405 1676 819 -300 ]
[-296 207 8 -220 -522 -123 376 -1039 -53 -461 -767 318 317 -206 768 266 -9 722 1788 -817 -680 200 -74 -281 997 271 -19 -138 -444 -427 368 110 -511 -108 -169 1016 433 1428 -597 666 67 -194 395 17 197 261 72 250 -856 -28 -1152 -59 451 -263 -187 172 -915 139 546 -439 -497 -535 120 961 -872 267 -926 210 345 -246 538 -629 768 -177 -1211 354 -222 719 1098 -189 431 -1017 -599 359 176 555 830 177 168 -239 64 443 322 -66 -280 305 1044 -260 -158 -760 -161 -164 283 -136 410 256 761 273 920 -581 -209 143 -114 -365 553 215 -543 721 152 547 -140 441 415 -53 -517 ]
[572 -178 800 439 -699 -26 -1260 584 1239 -393 158 -509 214 -684 146 -1093 -360 374 1086 1152 940 49 -560 -864 962 349 947 972 207 939 80 -364 657 -642 -230 -510 -532 228 465 23 431 -155 398 -661 -1312 -331 24 216 247 -363 194 140 -678 924 -375 425 -131 -64 -1777 275 -69 -542 691 -100 -610 -1255 -597 196 -608 -252 -277 266 -54 -320 348 402 -997 -1230 -201 786 213 271 98 100 -335 -263 47 -258 141 -126 154 42 -586 -455 -13 -722 1354 462 734 -205 -421 892 250 355 -501 -687 -804 533 -500 256 927 -14 -302 -183 -643 921 386 -20 1311 370 148 458 -223 -1140 332 ]
[-721 -175 440 -449 -132 437 284 -42 587 -21 685 -52 560 -945 -390 725 -112 1077 763 -569 -966 663 2 190 -438 1553 -71 594 797 751 -175 -840 -360 -101 296 -134 -1141 -131 416 936 -383 91 -14 763 775 100 -321 -413 693 351 361 -178 1161 -447 -964 782 1242 258 -235 590 -225 -267 642 706 -109 476 282 -194 660 705 -87 -933 275 324 144 -263 -298 305 101 -206 1156 -423 -905 -296 -102 288 -246 -180 579 268 -153 309 1183 272 413 311 -32 295 -222 -79 -363 1007 -955 980 -3 -198 -197 264 -599 -299 -74 191 -221 1274 -802 637 -316 1460 -473 -22 207 1128 676 -114 555 ]
[-401 1605 -598 298 -337 -197 101 -263 33 -1253 -75 16 317 1546 -19 -345 265 -692 570 446 -142 -117 -39 -795 746 -134 -853 -805 -298 -997 490 60 130 91 368 896 -508 1685 -367 -1095 457 -1240 515 552 -279 -639 329 -65 561 783 -225 123 -1046 -528 378 -187 -690 447 331 -991 -149 70 -71 1422 129 331 448 914 655 -460 749 366 -248 -983 -340 214 -702 572 242 -872 -363 975 225 -363 389 -369 488 -273 -795 -656 -84 -1625 34 542 893 619 552 -80 -789 -790 833 -152 263 581 390 -278 270 609 839 -467 -119 3 -346 -1133 -647 442 7 -749 -53 766 -269 -614 492 -449 -237 ]
[-205 -79 292 420 411 -772 147 -581 -131 342 147 -891 436 -1056 741 690 497 -312 -825 20 -279 -868 -281 843 -1563 -86 71 -671 -124 -265 -5 1134 -797 817 -92 -787 -805 -124 59 580 -179 562 -836 764 650 954 250 -1401 -896 208 492 571 275 720 935 372 -642 508 -623 655 -538 241 699 -343 844 60 320 -449 414 -263 572 -407 748 558 -30 -502 948 367 -186 -1134 401 -275 142 -296 725 -301 550 -370 -1567 76 -209 -927 983 220 -333 234 -1514 -453 -796 287 -715 -397 8 597 599 -520 -129 -107 696 33 -379 -78 55 163 1388 631 1927 515 -110 -179 -1382 153 83 644 251 ]
[732 -73 -461 109 -78 567 867 289 14 -251 9 467 736 403 -271 505 395 303 -41 -561 -385 -723 -224 -492 -241 -18 -358 -720 -1704 333 -201 210 -900 -237 -481 871 1394 665 -1008 -205 -588 -371 392 -174 33 -360 -206 -302 261 -547 607 848 -1398 -10 581 -446 -486 155 -275 -28 106 1039 222 -1170 51 -1066 1271 419 -388 -178 -264 495 261 -539 269 399 -73 457 -1173 -129 158 580 82 307 -33 -1166 -138 -30 -834 587 48 649 336 586 -368 -386 -1096 712 -295 413 181 -1534 1060 -675 -162 -217 1144 212 80 131 -1096 618 -73 -361 150 -560 164 329 -530 -570 258 -937 -581 -9 -74 ]
[191 1064 -23 906 -77 1017 603 178 -760 -930 134 -732 599 250 -773 331 664 236 347 -124 -254 -483 1365 170 1898 596 141 384 191 -12 339 776 91 240 -1010 -65 926 -329 -186 141 521 165 716 -611 433 -799 169 194 -1106 -437 -433 606 -501 -509 1167 -179 694 -475 -11 -227 18 220 -103 321 -1362 -41 -15 -697 -242 -886 1026 263 551 -120 86 -127 -321 -489 1082 728 465 971 1050 529 -530 986 1114 -1355 -575 -570 -274 828 -808 -10 268 243 450 136 -871 144 599 -434 132 -71 -613 -268 714 708 200 -624 565 154 804 -373 -429 341 -450 233 1003 -474 -439 517 -277 138 1243 ]
[-1207 418 -1305 -90 -60 554 207 -1052 -437 -229 -117 179 -746 -313 -297 -93 166 429 -612 -1037 -20 -469 -195 1201 -284 -55 49 701 808 -451 110 -423 729 486 -915 470 705 -327 -206 691 -97 178 -219 -6 991 -306 -448 1174 -400 818 -1269 276 12 379 572 141 663 710 710 -390 611 -547 519 143 -668 193 283 164 353 247 -779 1140 368 32 651 -746 239 -643 -293 130 -1843 -626 1078 139 -258 -85 151 437 245 -35 -425 1426 -662 192 -865 1206 988 673 -792 23 494 878 -94 -709 617 -73 1221 407 139 -844 -497 282 -35 1036 163 -648 -245 -225 -11 -843 67 -1069 184 150 -622 ]
[482 -405 950 39 -593 101 556 93 -101 1409 -1171 -556 757 42 -821 540 -307 -269 -311 600 -714 663 861 329 157 303 -565 83 30 -700 -449 1014 201 -413 1304 -474 65 495 178 1032 -741 904 -251 32 329 84 -225 713 70 -345 -581 -550 201 684 228 -647 174 -750 753 883 -726 558 -878 -299 -829 15 317 2 889 1108 -1061 -231 117 737 -164 -891 1524 1067 -227 -1073 545 244 -172 -81 57 -406 -582 -625 -895 984 -217 -1203 971 447 378 1089 -886 503 512 -219 -125 -1069 -884 -369 111 81 -413 -18 -641 288 319 -956 -1 497 1189 1045 507 1195 -429 247 -340 -1105 -582 627 575 ]
[202 -262 -976 65 -107 -98 686 215 67 -524 140 -190 -821 598 930 -99 -75 -559 -25 -553 319 -453 864 676 -959 -246 -280 -71 -322 120 639 -366 206 793 899 119 366 873 372 -1011 98 -145 292 -721 275 819 -273 37 171 -162 -1726 227 -593 60 353 168 -333 16 262 391 95 163 369 134 -171 620 700 334 804 393 1017 767 -676 756 -337 -689 736 -162 -52 -662 -448 491 25 -80 261 -705 -645 -1144 -17 -316 390 -476 75 -252 790 897 -216 110 -406 310 749 580 -234 770 236 591 94 -134 -1207 613 423 -343 117 -1297 492 -29 348 1177 -1235 81 -190 911 -345 -424 -760 ]
[-665 607 234 -71 298 745 582 -1060 -218 -1289 283 -202 -429 1062 -1222 969 484 745 -621 495 -1070 736 -301 988 649 443 -113 281 9 -1292 -158 -46 427 -404 -355 80 658 190 281 276 -173 943 208 859 1513 -690 -888 -29 -811 337 -404 257 451 71 -45 297 155 -573 176 346 81 -600 -182 507 -275 98 319 593 740 588 444 -401 987 -542 -600 146 -124 80 800 -605 137 70 325 489 271 -304 -177 505 -849 -907 -1286 248 199 154 -113 796 -228 512 -994 -877 -60 253 106 -170 672 -260 1451 449 -970 -613 -489 -565 486 243 181 538 -476 -143 -77 -291 81 -865 171 529 1177 ]
[-410 83 190 14 -82 37 -18 436 -339 -201 295 411 133 -53 -284 -307 247 759 197 -483 -496 -209 -347 1495 133 641 231 -311 -265 -575 553 -223 -1069 -470 -475 379 -618 -593 -719 106 426 521 676 559 -262 -514 -1129 96 229 -43 -173 998 -300 -320 -118 181 -161 419 -226 -625 76 -829 509 -170 41 -84 461 778 -25 -245 581 200 -202 -182 437 -819 -460 281 1126 1033 -953 -54 188 -490 60 -344 1244 59 -246 -52 -321 1533 -63 -1337 -720 -400 504 -27 -855 415 -166 -440 -420 -615 -188 66 58 122 1380 -616 89 890 660 147 519 -465 -653 49 -348 -535 790 282 527 241 122 ]
[-659 -1127 -578 307 914 -479 567 -637 -1 -772 413 202 75 -1598 397 -16 -16 645 469 380 -465 -593 -575 391 -1205 -692 905 -133 -512 113 345 -190 -625 -341 -672 -360 -577 -456 -286 1638 887 -51 -79 -718 741 -975 -387 -499 -1992 239 464 -63 187 55 561 540 270 1148 -1399 221 -354 900 281 7 1219 56 -400 678 704 -240 -502 -194 1189 -37 359 -458 275 -808 -1146 -326 -176 74 510 -46 305 1503 36 1215 -545 -624 558 -197 288 173 -1056 33 -298 -849 -282 302 -594 905 9 349 224 -171 452 -257 1552 -203 84 374 282 -156 -234 -607 393 -736 218 -585 183 215 217 471 673 ]
]
