[[173 -382 -26 -402 341 158 -29 90 219 -576 -621 -326 -42 -300 -199 -302 -513 222 38 -317 397 -368 -184 243 602 444 -832 -126 -277 -324 -1067 -362 -316 845 -278 -242 257 465 -170 -252 -134 -929 -380 -358 386 -336 -189 80 -599 -808 526 10 414 -51 230 5 -4 -70 197 831 -70 867 -189 -395 -617 -181 1359 290 463 -70 256 -54 -417 -56 -508 165 248 -286 454 202 -615 -262 -412 568 659 121 -506 275 -570 -31 380 -257 526 -298 -346 -614 -83 544 570 252 -379 -88 245 -239 -989 933 -210 98 701 231 -428 222 123 -83 225 -656 -174 334 -569 296 -176 338 -68 157 415 ]
[-345 398 665 -215 -300 22 -300 -540 -255 -350 26 102 -340 259 -233 1054 -267 -573 -153 199 -92 -150 -464 677 -351 -496 510 320 348 -539 -109 -676 -607 -253 -171 -49 76 -679 504 149 -66 -368 225 574 -736 58 -651 -1141 379 -19 161 235 -379 467 164 1253 791 -30 -409 147 -425 172 503 283 740 379 196 584 -72 5 -42 -548 97 307 -64 210 -159 -400 -946 188 476 577 85 -521 -337 106 -433 -45 646 328 85 -563 -53 150 -348 567 357 69 -426 -392 -922 512 433 -60 708 -419 -423 77 326 -125 412 301 -319 -442 256 871 300 -409 71 589 -76 403 -14 915 -357 ]
[-198 -436 281 -40 -159 294 -3 520 534 -439 711 314 640 80 -100 112 226 -105 256 389 -299 -166 -626 -377 504 712 -258 -316 -582 -200 586 232 821 576 -787 -93 498 6 -812 148 4 26 365 -342 686 378 -210 911 -80 -62 -313 780 315 -153 518 -798 -877 1134 598 846 365 129 142 -126 -918 484 -46 -95 297 -605 -162 181 -494 75 -218 760 -289 256 459 -681 -737 -95 -88 123 186 231 396 -579 -979 955 466 374 150 -486 -277 -238 -806 685 322 -668 475 -386 -98 106 -756 698 80 -274 301 56 -88 622 365 448 -288 -789 -659 -227 -16 -183 282 295 588 192 -568 ]
[-176 -297 -860 228 615 19 -37 -82 231 -530 -268 -265 -192 -222 262 -990 630 -541 16 -156 -221 454 172 -305 -390 505 -85 -293 -226 336 -949 512 113 139 289 326 -492 403 -313 203 -422 -69 -249 -504 -400 -92 332 514 293 -392 331 -142 -360 -226 -587 -819 -101 -997 -426 54 353 -831 -1144 -312 -13 -637 102 -561 63 159 -1047 201 -168 1074 232 -309 931 159 -232 482 -371 177 -491 682 600 -306 292 484 291 -447 -151 142 255 143 -101 -516 283 -418 -107 -107 32 167 -403 501 -200 -537 126 -204 -555 154 -668 -1048 426 426 -239 -364 -567 -131 914 -28 -885 -212 -430 221 871 ]
[-77 -256 293 100 -14 418 426 -62 234 -512 537 -168 728 142 -547 -355 -83 -359 760 670 -264 -766 -669 -572 734 109 58 -98 -173 -219 -644 95 653 880 -541 180 -314 -17 -447 -265 -234 185 -180 358 257 610 -370 -101 -658 -646 21 114 -305 -342 305 452 -1512 1124 764 -438 -94 -378 -433 -275 -192 232 597 177 746 -1156 -245 -322 -55 648 -562 132 233 -111 -156 -199 -602 -313 -121 -234 875 136 362 -104 -95 928 639 395 521 -129 -568 480 459 802 -294 -357 -258 -720 346 254 -642 310 -22 -1181 11 94 -1304 -20 667 495 -394 -158 -1173 -14 -200 -68 120 -356 11 -493 31 ]
[-510 308 342 -718 -311 381 -545 -661 401 -273 136 467 135 -95 -46 -10 -573 439 -544 89 584 -541 -1567 355 615 -137 -525 12 360 -987 306 -1057 -364 253 -633 -1524 842 -1027 554 -37 529 -849 756 -682 -130 -649 -297 -182 242 201 178 421 751 547 747 -261 568 131 -510 826 -356 1265 367 428 172 121 344 -125 331 357 470 33 -935 -971 -132 920 -4 -819 614 -311 215 -323 -335 4 324 405 -810 77 -42 556 516 -76 1056 80 334 67 -963 750 562 -181 -80 162 202 -677 342 1044 -31 185 738 -418 947 1173 -93 -121 523 445 566 542 -402 618 -214 871 1076 340 -232 ]
[612 -232 -739 284 115 -215 -5 -313 790 -352 798 166 -123 -142 -145 -867 159 672 64 972 -260 195 -737 -350 223 -165 -460 553 130 -487 -506 803 -108 1145 460 -247 -202 -256 49 251 641 103 -21 -555 762 1100 -36 1014 296 -67 -451 396 -129 -870 353 -149 -1227 121 -275 -83 -227 -356 -341 -235 -88 236 -83 -915 230 -1062 196 -94 -438 185 508 -7 293 -2 416 -383 -130 -559 159 -135 434 -1 55 125 305 28 164 763 556 845 194 -179 -567 312 -577 -732 710 -528 -754 199 531 112 427 -641 -343 -232 -132 -17 642 676 16 -58 -577 753 232 -789 318 -464 -453 -550 254 ]
[-449 -732 280 -479 -146 308 -113 130 -115 -280 98 -259 1 -153 307 101 1174 -1393 634 -863 -98 519 25 -750 -617 643 366 -201 -558 808 574 56 1011 110 318 323 -646 337 -1198 287 -725 449 -161 -396 90 -650 541 443 -408 322 -10 206 -78 -590 -931 -947 -613 854 516 724 152 -544 -342 47 -596 159 -260 523 533 121 -118 310 -590 291 792 -627 -240 542 108 197 -1436 -119 -256 -41 425 565 1183 -353 -798 432 -715 -187 170 -841 -395 -351 658 125 -298 -117 -230 723 488 773 -1446 336 138 -478 33 -86 -467 181 412 1068 -366 -670 -653 -751 1125 217 214 -3 187 110 -36 ]
[-281 390 -830 1059 340 31 506 67 -156 -577 -200 296 -587 251 840 -130 -140 213 -448 151 -297 -18 189 -678 -154 389 -45 -180 891 225 -278 559 -496 -215 -233 -115 616 448 333 -249 242 -316 226 -183 -826 -56 -596 -107 -95 151 -52 -728 39 87 154 295 -728 -302 -547 -1128 705 -439 184 196 -169 33 -884 -541 3 -465 -604 326 222 -378 93 163 805 222 202 -474 765 -864 -41 12 80 -1106 -257 770 76 236 280 340 -630 286 -40 913 -332 -202 -47 -33 719 -1179 420 -127 888 -548 521 -458 -879 -125 43 -342 -141 -225 -29 -147 -676 -41 66 -253 -562 -578 468 146 -4 ]
[899 38 97 -892 -61 210 -627 -39 439 34 -59 -686 226 -216 -756 -552 82 44 -58 521 -44 -65 -455 271 -684 -610 198 584 115 -738 -1081 -228 -14 -308 599 210 -211 -393 164 -391 -105 -465 221 -176 -565 -420 401 -90 940 -20 1297 439 -93 172 -464 910 -167 -547 -577 -41 151 80 -47 105 215 355 460 -39 228 16 34 174 -717 -223 172 -1400 -164 -275 -45 591 694 -333 291 -326 -32 -30 413 452 522 -872 -513 211 571 320 -607 -352 703 294 113 -430 -659 382 364 68 176 11 -247 -565 26 199 368 222 293 -202 -77 815 152 -150 503 634 871 -207 -610 -63 626 ]
[34 289 -219 -471 -414 334 -850 -147 -16 -73 150 -747 -47 102 89 -700 -247 450 -630 -193 227 -128 575 82 -431 -797 414 -287 522 -97 198 -310 -178 -352 520 -353 88 -519 -409 -432 285 -917 542 179 -1492 -737 -371 -658 233 137 261 408 -558 579 141 188 -1039 -265 -976 -67 -284 517 687 -126 237 349 -391 516 -314 33 89 -246 -700 -1157 152 -738 87 24 -613 6 559 -957 -323 -652 -303 -250 458 665 1082 -216 87 -168 -284 -262 -478 712 86 265 -510 -39 226 446 488 -196 810 245 275 -87 361 -554 0 -62 -670 -149 -18 1086 -527 -126 36 348 48 -72 790 -236 132 ]
[320 -429 -819 223 -411 -1137 457 278 323 573 43 296 -271 -660 518 -91 73 540 85 -283 -239 708 269 220 -220 -230 -212 632 310 286 148 467 -203 -968 298 -335 10 -86 150 -367 586 388 -963 -194 1305 -371 -160 1276 -129 -13 -98 -494 20 -370 -195 188 1140 -869 -36 -577 735 285 -411 -94 -51 -997 -683 -463 -944 -26 187 530 170 -259 283 17 28 531 598 -482 743 -224 349 738 -514 -876 -592 -690 -890 -659 -228 24 -96 930 820 -852 -407 -533 517 -16 239 45 -323 116 -31 -494 395 154 -383 1 837 47 -635 183 866 -586 1216 379 -667 -821 595 -609 -1071 -682 509 ]
[367 -21 508 -173 278 -290 296 867 238 205 342 235 427 -69 -85 480 237 -1343 388 928 -746 527 -732 431 -387 -95 -138 -414 696 -830 -234 539 -181 -330 -160 105 123 -88 -852 -314 -50 755 -447 -311 379 396 -623 656 729 -260 563 610 -156 308 -593 805 1080 -278 479 188 -233 -194 1 -5 -9 -487 21 -380 -627 601 -561 -447 -680 224 -350 94 160 403 -663 -54 412 1162 678 141 -551 -559 -317 -679 -441 -447 -201 27 606 167 300 -10 511 -72 -404 -682 -514 413 -229 479 646 -947 -582 -119 -371 610 666 39 -45 180 27 -163 711 -406 360 -177 377 474 -421 859 220 ]
[199 -93 76 536 774 -291 -458 114 -238 331 -1004 54 89 -21 310 -56 -530 1146 -990 -217 252 -416 1279 1012 111 -297 -514 -92 -1313 227 -617 133 -50 215 -196 325 542 455 166 -88 -427 -753 897 -272 -309 -336 563 685 678 104 -104 -715 580 542 21 -319 257 -564 -762 40 517 223 457 -167 106 -223 205 -1093 -877 118 -94 736 272 -260 346 57 -482 263 814 470 313 -468 -526 456 -105 -251 -159 157 79 -1226 -271 45 -573 -498 -257 -382 -932 -520 293 529 81 -172 -220 -912 892 -273 25 694 -199 -491 -228 -957 -53 -617 -207 475 -198 -56 -274 235 -823 -105 93 203 308 ]
[40 -168 1149 17 -68 322 740 395 -784 -14 464 372 -530 -318 63 497 526 -553 626 -404 -402 485 -30 -384 217 126 1062 -128 229 499 654 267 -843 -944 850 310 -531 13 568 1194 -380 1282 65 673 -227 148 559 -1378 -1330 -96 -533 -257 -331 -283 -381 639 111 392 1025 -536 -791 -744 526 227 -251 435 -263 1188 -143 130 410 -344 1113 141 549 -215 -506 198 -573 93 179 359 422 -902 -258 747 416 391 215 592 -152 -928 -601 -216 65 1299 308 -734 -646 880 -302 -51 186 -189 -19 -378 -357 416 -289 122 -53 47 8 -5 90 -98 213 121 541 -822 -525 32 -338 218 -379 ]
[-289 307 620 -70 -777 481 696 -67 -952 -242 40 723 -28 -243 -336 485 261 -532 505 -1010 -303 -78 138 -245 1107 74 584 -310 83 287 101 -587 -1066 -1102 -330 92 97 -254 804 162 -453 957 -455 250 -561 -347 -62 -521 -854 -434 632 -634 15 -112 355 1261 1088 -10 529 -1530 -151 51 -522 235 188 -123 -192 1057 596 122 161 -135 397 201 -470 15 704 -13 -360 -855 428 633 399 -163 -42 -504 -1228 259 -543 789 931 -551 -463 227 -160 358 23 206 510 -14 -396 -600 295 215 -488 -367 -370 391 -183 70 257 -95 -358 -856 25 -349 536 -1036 -836 -166 -55 217 -205 231 -483 ]
[-500 -204 -475 397 552 -403 -165 -146 -153 320 -453 343 -673 417 192 1026 -624 -140 -705 193 200 544 -273 -291 -155 -22 -490 -353 1063 -209 959 -267 -373 457 848 -830 -51 522 64 27 380 -133 -384 25 558 648 -176 -805 495 830 -1257 21 604 -113 147 -730 331 -416 284 729 -738 668 1197 791 -266 296 77 -159 -249 855 347 -370 -678 -1107 -373 645 -609 -60 511 11 -39 381 450 -206 -933 -36 -324 551 72 -724 -1180 277 396 467 981 639 -683 -48 -545 574 429 25 294 -322 588 470 -86 962 30 -51 -42 -160 162 152 734 -566 873 816 -272 -130 -302 286 403 780 -229 ]
[-37 -861 -401 17 110 -329 -531 -290 -197 -766 -240 -82 -187 817 702 -243 279 622 707 304 -472 -589 968 145 508 349 -322 -308 -1255 436 -450 -42 78 1686 -768 724 766 935 -416 -470 -408 -613 177 -147 -255 892 113 852 107 -225 -814 301 -126 -703 48 -79 -748 103 -259 631 87 -261 511 -191 115 315 1186 -517 296 -1255 225 20 251 706 83 -683 136 -139 840 -413 -1363 -145 -180 140 799 165 70 -130 -348 424 72 448 -247 -750 -790 -996 -242 129 -220 -1046 627 -393 -263 508 -788 -346 700 -374 172 -16 -1149 -394 401 378 -979 -411 -1107 -813 -559 337 403 -377 -37 321 -295 ]
[-211 -494 230 68 -62 -454 -461 -1156 -17 97 -757 459 -575 -262 403 -936 -86 542 151 131 389 233 -385 660 933 -707 131 749 76 744 -456 250 -434 333 272 -427 -575 4 604 -21 99 -27 470 -106 -293 287 512 -81 -1476 -157 -971 -533 -417 -32 -124 360 52 -111 515 -685 -1178 -443 -129 121 257 -671 45 441 -143 -232 1194 -347 714 -218 720 -602 -701 -329 508 404 -299 -795 -297 -689 771 392 -36 32 642 52 -264 -233 547 -162 29 123 659 -894 -829 259 63 -4 92 -541 825 -365 8 124 -47 -613 72 -192 -181 895 -279 392 -398 516 -542 221 -106 -999 -353 -981 305 ]
[-338 -287 252 -804 -779 92 -547 1187 698 981 372 232 1439 -235 -397 -1652 -185 1123 231 477 -405 354 85 306 464 -949 1041 -434 626 345 668 384 1194 -1520 -316 -529 -475 -1223 30 -623 737 241 507 223 254 -725 1083 689 -227 -241 -328 -172 607 770 512 -1340 -241 -390 779 -634 211 317 -149 203 -478 -504 -801 -135 -901 326 -772 -855 22 -721 -945 -60 -745 279 446 -738 1217 -358 160 -300 -533 -405 424 -52 -537 -213 96 517 464 -192 741 654 -343 -608 445 482 833 -79 4 -822 -58 280 66 673 -215 -35 -391 -53 -693 85 -215 275 264 245 -916 -272 -8 -651 436 -1106 60 ]
[71 -670 -204 -282 454 730 161 110 -405 -637 64 -264 -1062 -263 -349 -72 396 -346 124 -1005 225 387 -191 -541 109 684 -1070 -258 -418 -888 20 -259 -1018 701 992 -67 135 756 556 1056 -291 -49 -1042 -293 -54 -129 1172 18 736 96 295 435 712 -136 -108 20 -99 -140 177 382 654 223 -579 -225 -1175 -80 477 -184 369 817 -516 480 -410 -434 1 -106 842 -337 704 117 -63 57 -20 182 -310 -16 107 1600 -709 -928 -638 0 401 362 142 -325 -720 59 556 214 -272 -352 -782 206 -1037 644 -357 427 55 607 123 -69 570 -607 74 -901 809 -47 794 -6 -482 397 -342 356 176 ]
[699 -670 -386 -581 -122 -531 525 832 -317 340 447 -1214 504 -376 707 -1728 679 -218 829 -150 -1084 -527 1159 -614 -1130 217 313 -765 881 177 -112 513 141 -339 47 569 -578 486 -991 -617 -160 603 -673 -73 121 -538 -425 -19 -994 -441 801 330 -399 -865 -987 67 -720 -235 200 -336 512 -1046 396 -1051 179 -757 242 -3 -202 -154 -172 -136 356 410 252 -884 722 823 -1326 439 -185 -249 438 -199 30 -236 30 -126 -248 -16 -555 88 -370 83 -58 322 1249 -43 -555 255 204 695 678 208 -952 -611 1201 -696 -934 410 -1019 -371 -124 436 -187 -288 -772 -64 399 -592 123 -450 -994 -350 1339 ]
[477 355 -234 211 435 285 816 907 -495 123 180 -100 -656 471 372 294 492 588 243 -923 432 545 741 -283 152 -171 -433 399 -370 -37 -377 554 -683 3 659 -374 426 -20 606 929 156 -459 148 -633 3 -339 837 756 534 569 -15 -536 398 54 -141 398 -449 -507 -337 -901 318 -133 328 62 -24 230 -725 -867 -317 -240 -448 566 -703 -1123 517 -629 460 427 1370 -560 398 -559 -382 349 460 -638 79 547 -461 -725 -195 402 -81 56 277 307 -1130 511 -442 -303 468 -492 -394 213 350 261 -264 -349 -513 339 -211 -287 94 -423 308 419 46 -540 45 -632 -337 -170 584 151 98 ]
[158 -159 375 -662 -333 34 -633 -592 -346 -667 -140 300 -1012 283 456 210 420 292 191 -723 43 240 -226 289 730 -331 965 594 -651 520 139 -40 -760 826 563 -388 384 -243 194 356 -615 162 -137 1081 -1206 28 345 -377 -608 -329 -1265 42 -519 -522 38 557 -460 381 -465 -162 -754 93 -90 -27 564 255 389 357 -198 -315 1204 -301 788 -43 1175 -245 -268 -925 -676 49 -628 -60 -366 -694 693 497 291 62 815 -79 612 -639 -10 -588 -740 -15 724 -799 -360 -360 -561 351 -626 365 12 -258 369 -264 854 -638 -25 410 -232 278 -62 746 123 579 -26 -121 219 -468 100 -359 -914 ]
[-73 49 -380 -156 -630 -439 -88 -554 234 206 -58 50 94 -80 -401 430 181 14 156 -785 564 788 562 495 -752 -933 -17 768 -338 359 304 -215 998 385 444 109 -405 -592 603 334 263 -216 -260 -124 317 -96 1338 1115 1149 977 -358 -295 131 -213 -324 -1000 963 -884 -1566 484 288 114 -505 433 786 -224 -184 -1062 -555 244 -792 -48 -836 174 580 -611 -385 -426 1323 -604 418 629 -133 404 -345 -54 238 -542 28 -1039 -479 678 211 1187 255 -654 -687 157 -220 224 -286 288 -245 217 488 -76 -285 90 -555 8 -5 -194 444 -112 282 600 1068 -74 537 -32 29 -86 458 -133 623 ]
[-379 -192 -711 -249 -131 -128 -65 -286 148 1208 -253 -277 133 877 -325 424 174 423 -189 -769 396 320 277 -528 105 -1067 538 246 -154 -267 738 -455 622 -1201 758 -296 -378 50 -719 -1192 -432 293 -732 876 -462 -633 -407 -380 971 834 -572 -428 -229 -37 -530 656 -640 -122 75 -1653 215 398 325 107 371 307 -818 130 -322 46 492 866 -135 -840 -68 -977 -107 146 572 66 54 -539 146 -468 -661 139 1221 -105 308 -863 -524 259 626 -81 -255 -285 227 -76 -307 -402 -222 118 72 260 336 -326 195 -778 350 -84 267 -129 -37 540 529 269 419 -320 -882 746 1068 -1433 -28 -999 42 ]
[1025 305 -807 7 388 -423 -298 431 242 975 -52 -967 -1090 840 -928 165 150 266 -216 -198 60 545 1087 265 -845 -175 283 533 -878 -183 124 27 101 104 1300 484 -1011 604 -884 64 -933 -307 -529 375 18 378 107 -3 1381 383 -74 518 -877 127 -361 -99 -808 -310 -308 357 397 -393 -123 -577 -42 262 -31 -177 -1005 315 3 543 -285 404 -58 -416 -269 182 -348 612 -90 573 -198 -303 -419 -173 815 198 651 -1195 -630 187 -147 1023 -711 -896 -601 168 -213 -1031 -347 1045 -465 673 336 101 -360 308 228 516 -872 -456 485 -283 768 -105 -137 117 -375 -64 255 -815 -759 485 446 ]
[844 116 -356 2 185 -435 -378 -435 541 712 -163 -495 -675 66 -258 427 99 109 -241 501 81 380 292 352 -400 -984 1233 333 -38 729 -506 305 -163 716 714 740 -973 -435 -823 -781 39 89 -56 919 469 111 -451 7 -202 -942 -405 -296 -623 24 24 162 -782 508 -169 -409 -902 480 47 629 -109 864 217 -95 -466 -449 1029 -265 228 281 696 -694 -913 68 -241 680 296 -249 61 -718 58 -36 254 -444 652 -438 18 -349 116 -234 -91 212 591 -910 -848 -193 -556 763 -165 570 620 -492 248 -477 320 -832 -650 325 103 -220 598 232 -158 1108 -1061 -306 820 -732 -907 -322 -189 ]
[-587 -248 -595 501 253 219 556 -745 -466 -526 -416 -170 606 698 666 182 316 -776 3 -759 -289 96 559 -279 -213 -150 692 -1183 797 -30 -190 572 255 850 -392 582 -265 106 1 -199 263 41 -151 350 -779 1307 -662 -371 85 197 -554 86 324 -870 -246 -712 -222 -389 -686 -713 -424 -483 301 28 1231 753 319 -415 327 -264 -495 -149 -303 1131 44 83 794 -243 -53 -300 -268 758 -45 -573 -195 17 -486 -105 -164 248 -100 575 -292 -627 -35 790 343 -470 -973 382 -52 -618 721 425 118 -758 574 -526 -846 -154 -442 -1123 1273 85 72 -277 -939 -601 -336 222 -711 217 159 608 315 ]
[708 365 -329 -199 -421 751 -182 262 335 -177 212 -466 -201 390 -217 -803 -216 507 446 1072 1018 573 -575 -73 142 269 -983 831 778 -502 -1016 332 -355 153 222 -517 564 761 233 -257 389 -566 322 -903 -263 398 480 109 195 311 75 370 -267 705 298 827 -723 -678 584 408 -597 347 349 331 -563 123 165 385 452 578 398 -630 -358 -1527 73 -1227 286 -416 275 228 181 -987 570 97 101 -247 114 432 552 10 -58 440 697 -581 137 -368 90 271 -10 -265 966 -124 -225 -198 159 799 -509 129 75 642 906 931 -952 -12 -632 79 631 433 726 582 418 214 513 -508 -236 ]
[30 964 -79 -207 -555 564 -331 116 71 -1176 515 -376 868 353 -1037 -190 -11 333 -98 -173 366 -3 161 374 534 288 -16 523 -592 -301 -561 16 1078 -132 -951 406 232 -116 -154 507 -977 -54 536 360 -1403 516 -433 -565 132 48 299 1556 -720 419 736 -117 -869 238 74 235 526 -297 -597 -1010 272 -54 -357 957 507 -355 -812 -466 115 445 -443 116 533 -187 -1184 -216 -168 368 -337 -162 -275 -217 149 -314 793 495 1664 310 -413 -274 -1504 -520 1028 1236 -266 -821 15 21 -194 182 -520 112 -448 -548 21 816 164 61 -906 -91 -1095 440 -476 -852 998 1227 501 418 1021 -29 265 ]
[522 622 351 419 22 -658 369 -302 -157 -225 -1165 937 -794 493 -424 1907 -579 522 -76 -661 283 450 78 1336 95 -89 -99 1486 -150 294 -1047 367 -356 187 -9 -538 -340 178 505 -206 -360 -301 -251 -53 122 153 -301 111 284 -215 -623 -887 968 -805 255 733 1000 469 8 627 -158 1252 -189 -220 -66 518 -501 196 -339 -186 917 -210 151 453 615 492 -961 -528 947 -289 -568 409 560 -504 -49 126 -898 -825 -1102 133 218 -435 397 -133 -454 -726 47 -85 200 173 -789 30 294 -495 67 677 -501 748 720 -303 421 261 -77 -206 415 -710 341 -246 -1277 606 499 -356 -161 251 -405 ]
[164 -392 479 -45 -560 -29 -139 396 -316 -376 613 -225 -380 -257 307 452 -539 -304 846 316 -160 -719 -678 -559 540 -108 425 -497 -473 94 673 -856 -546 338 116 -420 500 112 -1486 -293 317 684 -963 1080 483 145 -1024 -1211 -1022 -206 -603 269 -596 -267 394 1100 -870 832 965 840 -1135 552 108 527 439 -202 1383 962 472 -462 1105 -211 59 128 -791 113 182 -168 -1612 -290 -684 -442 270 111 -58 258 -27 -266 144 1433 606 -964 -45 -1116 -106 235 483 465 240 -248 -315 729 527 916 -987 95 234 -254 1040 1 -252 861 -812 1268 831 -294 201 701 -135 -712 690 739 -355 -188 -688 ]
[96 -980 -1342 309 -1232 -149 -88 352 -174 -174 529 -295 -512 956 -373 -767 936 -194 643 -911 -97 358 806 237 229 2 -103 -427 62 445 843 -210 393 558 -728 269 -47 771 -810 -74 470 155 -677 -415 591 809 -150 970 -68 426 -540 790 -444 548 710 -727 -376 -76 667 187 335 -152 -187 -293 -1062 -553 -228 422 -241 -211 -400 36 66 348 -861 -380 232 608 -180 -942 -286 538 439 -31 -560 -1135 -140 -603 -945 996 500 988 -733 259 -182 -1209 -1273 205 -439 -1610 880 141 -636 397 -571 -293 183 682 -8 684 221 50 -782 -74 -436 -1441 9 -1150 -452 -134 367 -165 -15 194 424 ]
[64 11 -558 1247 -175 -747 516 223 427 -723 177 -230 -63 -287 4 418 -175 1047 457 1019 -52 -322 1258 85 -439 224 -462 -304 -497 497 -374 -287 394 1061 -1092 937 474 743 -637 -651 764 -1272 -413 347 472 694 -788 529 -383 -854 -752 178 -796 -414 982 163 -710 -286 -759 1660 220 113 206 -582 -477 129 847 -734 -9 -856 -433 -574 700 1516 245 1 231 -114 -545 -296 -520 -215 461 468 -94 313 30 -1230 -193 1425 1084 -585 -614 -203 -392 -741 -551 581 -78 -285 603 -345 -599 -213 -78 -127 542 -298 314 277 -669 47 -516 115 -34 -883 -390 -149 -521 -657 -429 -547 -90 17 191 ]
[69 618 1270 251 668 586 328 -288 -217 -427 -544 84 347 -1052 -590 649 49 650 0 -359 879 -312 -375 -205 982 -211 -693 -179 -716 -556 -1117 -960 -957 -429 -272 -149 939 62 901 -200 -131 -146 1170 -648 -727 -843 -24 -753 -100 197 929 -512 571 -215 -43 1147 572 -235 -596 75 -576 164 -369 -77 63 223 427 -586 1255 -203 382 784 -408 -237 -200 -621 304 -802 600 -30 161 -610 -10 484 251 992 86 563 278 517 747 -482 698 -136 -373 -149 -413 1436 -141 544 -915 -654 205 -902 1045 136 -534 -381 359 371 908 -34 110 -309 -339 144 189 -530 715 729 280 42 519 397 578 ]
[315 652 1088 -766 169 20 -593 -511 -760 178 193 751 428 -665 29 273 -701 -144 -317 1196 -200 180 -296 411 916 -607 -753 -492 101 53 250 -868 -99 -435 205 105 530 260 456 13 357 504 -103 -255 -248 254 65 -246 -691 -185 42 500 -467 30 -233 813 1555 -405 115 419 -1363 679 230 -21 -108 -320 817 1592 337 407 864 -549 387 -444 -6 -272 -300 -723 394 -77 -427 449 197 -382 -225 1059 -112 95 608 -345 539 -1334 -78 67 577 -389 1052 8 -123 479 -347 -207 -305 -456 11 -724 -695 213 556 -132 624 6 -288 390 -997 780 890 -519 279 -70 821 969 421 -51 -300 ]
[965 1563 -543 -432 154 -120 -156 689 483 1563 831 -420 925 -275 86 -958 -639 1141 -1285 1137 -461 -991 179 53 -1102 -336 237 486 -168 525 493 72 1389 -844 -44 -577 -205 -599 0 -241 251 353 676 26 188 -861 152 54 292 206 289 50 -41 122 -340 -1378 -638 86 -445 -585 774 -13 -43 -463 542 -529 -1405 -846 -303 -125 112 359 197 -672 281 1124 393 504 -179 526 343 -498 -571 -282 286 -201 -337 -358 670 -1165 207 655 -103 248 427 216 566 85 682 -257 915 590 -300 -454 22 404 510 -478 -273 33 -904 59 -45 -8 -33 1366 -239 694 -374 -444 203 -126 131 -690 409 ]
[-872 19 1029 -354 118 -159 -498 -297 -372 -126 27 146 449 921 370 470 523 -631 478 333 487 112 -1256 843 564 250 475 242 450 141 -424 403 430 874 -711 -912 275 -318 180 -54 198 -124 813 -182 -1010 97 356 -491 -232 331 -1112 445 234 610 200 335 370 -83 318 784 -610 -595 -205 735 675 -375 392 -370 -544 389 -631 -145 278 431 -804 252 -1044 -1096 -249 178 272 463 -421 -204 894 -162 516 -711 -189 409 -359 501 1210 -1029 119 365 873 116 -856 -83 -853 394 835 305 520 -62 -311 -808 -96 149 151 -233 -213 501 -691 624 11 -78 541 872 -295 385 780 296 -179 ]
[-263 141 63 153 376 721 -108 333 180 -521 -939 261 339 -1170 -117 -81 -346 -116 -669 508 168 -98 -810 -805 581 309 -81 -207 615 71 -499 -453 -315 -849 -854 95 1197 -283 -52 -357 154 -1069 -115 325 -228 -632 -633 376 -694 -734 1351 172 358 1305 637 404 582 -214 -139 -755 600 606 -797 733 -1178 -59 129 641 827 146 9 589 -871 -625 -2 203 216 -449 -938 10 840 -644 294 295 77 -909 -540 106 -228 521 1474 -523 -191 -592 -363 26 974 274 1051 -6 -167 -764 310 88 -240 -366 -201 -625 240 131 1368 1076 -121 -521 329 -283 -127 -63 203 28 380 189 375 214 -423 ]
[235 -349 197 -417 -201 128 -120 205 394 -374 972 861 975 211 -278 -478 37 -70 118 794 -347 140 -115 578 1627 -155 -483 -128 294 420 -452 596 283 938 -266 474 -514 -297 -282 -122 -180 1286 -62 -1171 638 1113 159 1040 -971 -905 -624 480 -199 -197 671 -335 -25 -267 1018 553 -1249 300 3 -235 -506 341 1180 862 -126 -618 63 -1315 -163 646 -822 40 -550 120 497 -805 -458 646 269 83 272 -188 -620 -370 -97 485 1047 357 358 -66 -199 -212 -861 541 -978 167 141 -530 -460 -102 174 -9 -303 762 -767 118 -854 -171 619 -309 -1004 -437 -231 133 -755 -334 184 925 257 -40 152 ]
[234 -591 360 362 12 -746 -167 -844 -857 841 -842 88 -135 174 -568 664 163 -136 -722 -535 81 -15 318 421 119 -277 486 27 -271 402 617 -285 270 -5 695 -122 -152 918 416 175 -555 4 -330 1146 34 167 251 -123 -230 200 -545 123 -532 506 237 1144 474 27 -12 122 -79 -401 518 281 -450 -679 115 242 -1199 781 640 883 982 800 657 389 -1653 -832 -739 919 489 580 454 -680 -64 -9 291 -912 112 -874 -760 -353 -467 -97 147 -206 533 -703 -385 630 -649 366 545 -485 447 -705 -36 31 -30 -740 124 -621 -188 -336 160 56 367 142 -90 -500 -964 -297 -89 -12 -36 ]
[-610 -61 897 250 480 789 135 171 221 110 -821 311 745 295 -1178 -170 -1031 170 631 788 165 -619 -583 94 961 -836 80 -498 -230 -706 -61 -1129 57 -319 -919 73 -24 -261 -12 -423 -723 -685 744 465 -394 311 110 -754 51 77 70 -289 756 1533 650 100 -501 652 1172 -800 -490 -54 338 423 17 154 1093 -582 1079 514 -197 -526 -119 -980 -1653 -138 62 -110 -299 39 522 4 459 -488 -277 243 78 255 371 521 663 811 833 -288 -364 822 -375 685 208 -217 -376 -597 687 -935 527 430 -860 -255 19 505 -620 -42 255 151 -189 169 -98 167 -643 597 -254 -751 605 479 -4 ]
[190 547 -812 244 -364 -103 663 -646 -477 1648 -220 -339 1034 66 -408 -337 -579 219 -489 337 501 -157 89 -553 111 -408 400 -118 212 -411 455 128 573 -589 429 -174 -356 257 -970 -1220 -169 371 -200 320 -149 -36 -504 7 132 367 -373 97 34 501 195 610 -938 502 504 -1359 -531 312 -157 1061 731 -873 -280 -124 -443 61 707 816 -477 -902 -462 -321 452 157 56 -25 743 -639 736 -775 -266 -871 -564 -527 141 -979 289 745 734 -609 262 217 901 362 92 -12 529 -309 838 889 67 -162 573 -1170 -807 -158 -42 -161 130 490 443 221 -241 601 -1268 -47 429 -384 -95 -1102 248 ]
[-455 180 187 280 304 404 109 -68 706 -593 -1631 44 491 -640 -378 41 -6 755 -748 66 556 -277 -266 193 143 -59 -361 753 120 -36 -1067 216 -98 -134 -1064 661 91 -727 1065 155 931 -1562 1360 -282 248 -99 -191 -194 -374 -359 1218 -432 516 691 797 377 140 410 -67 512 -234 62 -271 -164 -203 537 -140 -202 1378 -839 6 -353 -275 532 -574 76 -6 -267 -288 430 -316 -739 -388 449 217 -88 -526 262 -185 542 543 -298 66 -1109 -66 407 -163 607 231 316 542 -282 374 -410 297 509 -14 297 684 148 813 956 353 -872 -382 530 -1730 -624 -805 248 371 11 317 -58 -475 ]
[1013 943 16 -716 -864 684 18 212 295 -558 576 -124 -179 -382 -2 530 -159 248 71 47 -500 923 -853 560 -494 -262 702 60 697 -773 -562 -61 -396 -1437 918 -886 -70 -733 523 149 344 -218 608 45 -471 -49 -317 -856 830 -179 478 -159 -184 -302 -205 912 460 97 -637 521 -197 1933 -120 -210 146 1250 -469 430 504 -175 959 363 -113 -975 846 -27 831 -245 332 -485 500 -662 198 -538 -460 477 -273 162 -179 47 822 -696 50 -230 469 -437 31 -420 497 -235 -193 65 54 -303 -351 766 202 -494 1290 -847 1053 717 -565 -372 275 383 1033 -109 327 -102 957 332 -107 184 -406 ]
[325 21 245 749 -88 -990 -393 221 -324 570 -234 233 -239 -736 -493 1100 -482 -296 -795 1604 -545 -19 -278 390 -343 -744 -34 -90 -162 189 702 -253 -425 -251 -452 105 529 440 -1320 -561 306 -190 463 450 709 693 -764 325 1111 221 -316 8 -374 491 162 437 1307 -138 281 777 -542 275 402 675 -242 -366 -800 -154 -1024 372 90 66 -624 -495 232 46 -1280 393 -755 321 191 664 1099 -493 -1619 -893 -467 -674 -103 -376 -348 -637 -463 576 128 182 -371 -20 -111 -729 84 397 -425 304 1069 -1315 -453 1089 430 -153 510 244 -442 -27 195 245 409 -352 -861 -746 1162 -15 -619 365 -813 ]
[182 -493 893 -619 480 461 -858 108 -30 543 298 -446 -17 29 -608 738 -54 478 -193 1075 -24 256 -220 930 129 -424 416 72 -602 -183 420 -420 -239 603 617 -161 148 453 -527 -606 -818 395 24 566 102 808 19 -371 335 -84 -1038 962 -568 19 -421 628 -857 594 663 1069 -491 -90 756 -609 -866 614 548 -64 -920 520 675 -530 335 -814 364 -74 -902 -198 -722 889 -492 -103 -1 -1584 -436 863 1002 448 225 -1128 -606 -581 684 -586 -436 -51 64 -368 -1046 -615 -319 834 -349 -129 146 226 -748 -226 1237 628 -775 142 290 391 -376 380 531 228 -224 -104 195 -574 -477 117 -1013 ]
[-659 815 1071 -762 116 480 -292 66 -207 -327 -574 969 -1058 202 259 785 -37 -315 98 -486 186 432 8 24 390 -561 -419 -838 326 -897 -64 -1130 -482 364 101 -35 505 263 404 -720 -651 835 -250 -1098 -798 -1441 843 -53 725 496 22 -872 1137 -264 -340 261 627 -400 -429 119 -786 512 384 942 260 -285 510 -203 309 1090 -43 -1081 -51 -97 355 -286 896 -523 1424 -518 311 33 121 -226 -340 345 -951 975 -457 167 -299 -835 825 -415 200 134 -193 332 140 771 -820 105 94 -537 386 -271 129 546 -1077 -197 289 342 -155 -465 19 -558 1299 22 604 1351 -316 645 1321 1110 -60 ]
[-414 658 -131 -312 188 187 -483 -102 16 -10 185 -397 -94 -104 303 -390 75 -390 319 1023 -102 -349 -764 608 -1312 -107 573 -667 263 -1230 -122 -568 -114 60 -795 -399 499 -769 312 -286 1088 -366 1031 -84 -573 701 -207 -401 878 389 481 1325 545 977 29 -618 -14 354 345 981 95 -821 -518 -96 978 -534 -1 -1602 125 448 -675 -617 -649 50 -497 82 740 -278 -305 448 662 -115 -163 -225 -367 -4 -932 67 -217 266 -532 300 838 -558 1197 514 211 -540 143 -1273 446 586 122 370 -74 -327 139 51 5 1261 631 663 -317 531 -402 761 159 -643 126 963 69 501 210 882 152 ]
[-1376 -801 816 -7 529 843 109 -691 -319 146 325 -154 776 -256 380 -147 936 -1391 421 -738 -514 -447 320 71 25 -510 879 -977 -762 -31 1151 -236 384 -9 428 371 -933 -1051 531 447 -190 1326 138 198 -387 521 432 -359 -548 385 -18 521 -320 -320 -857 -368 -575 300 611 -954 -568 -1350 439 -316 935 143 -327 -689 55 107 -327 -768 -722 169 -161 -262 470 403 -210 104 -1021 88 -1136 -167 92 565 478 799 335 -13 -1215 61 417 -715 376 1459 39 66 -1273 319 -30 9 543 483 143 -166 -291 -246 -316 149 -1185 -1028 1263 725 -243 952 -310 -1318 399 -45 -494 322 403 315 213 ]
[1 -498 -785 -247 -520 -102 -334 499 1332 248 -176 362 950 -181 -628 243 -371 986 -628 351 -790 -124 -103 -314 -300 -428 -266 138 -67 192 142 -788 1424 -272 -96 561 280 -231 9 -38 96 -546 -1139 1116 989 327 313 527 657 -107 -66 495 -19 247 719 -492 393 -834 -259 474 1411 249 47 -228 -187 107 713 -454 911 -406 -856 264 10 1356 -484 644 257 -15 -133 -467 581 250 416 392 -929 99 -67 -742 -425 -615 151 912 -110 -25 -210 -769 -364 174 755 -332 -129 -219 407 -422 -617 147 242 -526 -425 778 176 379 595 -148 596 -354 356 228 -294 -188 340 -493 -553 397 236 ]
[-789 -674 201 34 -172 -184 -396 -2 1238 -1267 90 745 474 -377 -452 260 -220 -214 14 185 -729 138 -539 -776 575 -201 -195 -18 -272 -1122 -144 222 -632 -465 -285 20 824 323 -579 -351 -472 -684 654 430 -1013 178 -968 477 665 -420 97 8 -248 -265 489 940 -477 -279 -769 -180 -238 60 643 -253 -177 1091 -271 -32 286 -238 -122 -349 -214 -896 -564 -77 -75 455 -235 -400 51 -85 147 -306 -600 253 195 285 821 -90 171 336 145 691 -807 80 -731 560 101 -527 98 -1061 262 -271 1155 -271 -4 -351 -137 -624 358 -682 192 26 -667 -552 -426 -218 193 166 292 -788 274 374 -312 ]
[-326 -133 -916 -381 -306 -95 -763 84 1190 12 -642 -1434 -571 -66 -716 -435 179 -317 -503 -1146 818 -232 849 229 -1032 152 -24 -513 65 -221 796 -427 780 778 -199 831 -399 186 -205 -704 602 -766 -799 593 340 -1050 17 -319 29 -376 792 431 -257 43 68 -1036 -255 -374 -1242 940 366 436 104 -371 -634 -727 846 85 -333 -27 -467 -555 230 1139 -987 295 639 94 -790 342 375 827 -501 884 -253 -207 64 -425 -87 -76 185 -271 -411 473 -714 -913 194 470 593 118 -522 488 -875 -206 -574 492 470 671 710 402 -219 288 -623 -1132 713 -622 -78 302 -177 547 -355 161 -133 -36 595 ]
[-153 539 -862 919 169 -140 765 -1010 -437 -45 -1 -55 -333 155 172 21 -45 1260 -297 -702 31 -9 17 -461 796 -17 368 -435 381 -667 -597 -356 -2206 331 375 -482 362 -435 667 -238 258 -770 288 264 -739 423 -1492 -988 597 -505 -10 255 219 -605 1027 1184 220 -529 -195 -459 -443 366 -73 -220 1183 667 33 -845 1033 -335 670 706 -23 156 -143 31 1102 -887 -44 -128 274 -332 440 -212 84 240 -1075 477 371 415 987 198 71 -32 612 -126 -399 345 -322 -143 290 -772 -116 341 645 64 898 -795 141 -341 629 -659 120 -732 764 -361 68 -80 -1078 -374 -55 -284 -537 93 -228 ]
[-125 551 -646 -210 -287 -223 -707 -411 -144 490 34 -484 -323 740 -387 -781 1082 -308 11 501 -322 281 -492 254 -1105 -246 1161 -157 701 -569 122 -233 -35 536 -367 235 -528 -193 784 -491 534 464 779 -363 -1315 -423 1051 -972 1728 742 -337 594 529 288 84 -994 471 -628 -895 490 -458 -150 -37 1324 620 37 -382 -1225 132 1163 17 8 560 814 -536 -505 -219 -1282 -71 737 367 1133 785 -386 -490 254 -212 507 861 -265 -844 1074 971 537 539 -135 468 -324 10 -609 260 556 -404 288 742 -419 436 303 -285 -208 311 -265 16 -773 -555 -328 1341 -257 514 1079 455 29 -229 802 397 ]
[44 -988 -196 -646 -198 -553 -117 417 976 338 -2 413 401 467 -136 143 -120 1046 700 -232 -17 -997 -1180 -457 -449 -374 173 572 408 -216 602 -626 799 -825 41 -1143 736 -813 653 -205 543 -134 186 177 1555 -672 -9 -67 768 435 362 121 -76 -761 -889 -549 228 -540 101 459 -179 161 629 241 897 -112 -325 490 95 -972 407 -77 -392 513 290 -380 -664 308 514 152 -719 697 836 -91 1232 1337 1069 -398 455 393 -519 174 812 253 139 -1085 573 191 68 -578 359 561 -705 -81 -731 196 570 -290 872 685 94 523 294 1256 662 165 202 609 -38 -37 500 -669 54 -641 363 ]
[-929 -1251 -126 641 128 484 916 613 -53 179 701 611 -62 -31 921 -262 857 -648 643 -698 -373 -399 -253 -343 401 678 -349 -1031 -72 -96 1542 164 -42 -1440 -1106 -576 749 90 -119 438 426 602 -208 -838 29 245 -497 -254 -500 847 36 349 -212 -16 -601 -339 609 -1008 762 -989 194 -617 1043 -75 3 -234 -946 484 -99 598 -252 741 -22 -49 426 311 1064 979 -160 -237 -554 372 -20 265 -434 -283 -147 -95 -816 1738 -241 -791 -352 -1305 316 101 -1156 -196 57 -290 1136 491 -649 247 -421 -569 279 917 84 815 1146 349 -115 775 800 -744 413 -1072 310 -512 -1047 544 -321 579 26 ]
[105 -320 61 -520 805 351 -536 935 524 300 712 -132 226 1375 -211 -7 417 134 294 -339 -333 362 550 420 -452 -592 883 -153 -1666 385 86 536 1183 -522 674 158 -528 -393 -541 51 -846 646 765 -88 -164 790 607 631 1965 1111 -716 -303 595 -227 -542 -1670 -962 -32 -336 -127 300 -784 -171 -257 694 1019 -239 -1284 -617 105 -747 106 -534 218 -188 25 -212 318 451 -95 -152 666 -546 115 -241 232 1619 -200 -187 -549 -441 925 55 -865 -249 -459 -1393 42 17 -180 4 736 -455 592 -310 117 -287 391 173 421 -1044 -970 1018 494 -429 966 -387 36 247 168 51 -10 147 677 -500 ]
[-536 101 -740 316 1466 224 305 -125 43 -227 108 566 70 27 487 680 -111 41 -1303 -65 414 -447 -1343 -971 1095 92 -1094 -635 894 -577 307 -47 -174 547 412 -1578 731 -198 -487 500 91 -183 -891 -138 588 -60 -813 94 191 -399 -456 570 903 91 310 -979 50 94 592 225 230 791 322 -194 -1181 515 -392 648 -199 -1 -162 985 -717 -951 -108 1496 -299 166 540 197 -514 -230 -342 46 102 163 -594 466 -312 -25 201 65 653 -22 676 658 -420 523 -306 381 -759 -721 -500 -212 -474 639 -101 -988 14 -193 81 -174 1085 388 450 -654 190 948 26 -247 -343 523 545 -184 -514 ]
[115 855 409 -720 209 -344 -537 -369 608 769 406 -644 116 -929 -84 -440 -247 -39 -622 745 462 61 -836 415 -507 -216 184 -393 50 -540 185 -1304 209 -810 614 -774 -209 -298 -1109 -964 -57 -213 421 -686 -130 -1232 -1273 -751 -500 217 832 663 -647 441 -271 327 -183 287 412 1068 -775 221 610 -605 313 -600 24 131 -302 716 548 -42 -1048 -537 -404 556 78 201 -1024 719 410 -668 -808 469 -348 547 -239 -896 568 158 143 -463 653 172 176 199 -332 1397 -237 -342 -548 1334 1075 -391 492 900 -265 -51 852 -144 553 909 -1074 860 1023 839 238 825 248 520 -315 132 333 613 765 ]
[19 362 -432 -69 -826 -1145 52 675 -439 1007 52 -551 -330 427 308 555 -389 738 14 -442 319 -349 1526 -150 -632 4 458 646 277 422 780 -750 926 -720 205 332 -894 -370 -672 -344 192 119 -655 1171 630 25 -436 -1381 -711 687 -1328 -596 -929 216 53 -327 68 -58 -303 -44 710 241 -240 267 1080 -181 703 1053 -615 -887 334 79 135 121 -457 -397 -519 -45 -443 -426 184 -250 0 182 -645 -295 673 -348 549 160 761 -388 -1155 745 -104 -357 428 103 25 482 -104 460 394 125 -250 -270 965 296 268 601 -305 349 -530 -127 939 513 280 693 -436 69 1022 -381 1 -284 726 ]
[376 -532 -499 -429 468 657 -669 455 441 279 -956 -502 -442 73 -511 -1073 312 -839 -72 -266 -571 690 365 674 -155 -207 894 -1802 45 -953 -443 -532 -216 -529 579 42 -477 373 -698 -1011 -771 -132 -213 376 -516 778 15 71 225 -839 163 675 -424 935 -224 -933 -132 -517 -308 463 -371 279 -30 161 -935 -370 1171 -20 -655 828 161 -407 -161 -121 122 -495 131 -141 -331 213 66 268 72 -472 -188 -73 -4 664 7 -717 -570 -156 287 -764 101 -687 -125 -849 -342 -323 -529 766 154 -459 139 -368 0 590 526 -55 -366 -817 83 -83 109 -998 418 148 -252 494 -752 -73 60 1211 647 ]
[417 57 263 579 226 980 -719 151 1237 -820 -856 -568 -73 -795 -719 -600 -1009 -372 -494 466 394 802 463 154 -355 455 -58 129 -101 173 -1747 1086 -5 714 745 843 -118 915 -162 -72 -156 -1007 419 236 -91 -31 154 336 -35 -974 762 -481 122 85 -780 76 -489 -730 -53 74 -96 410 -366 -84 -1430 1038 752 197 53 -216 -125 -494 -659 201 -271 -463 50 -199 1072 94 353 -761 -617 28 -156 -149 -127 571 -145 -527 197 -259 -448 57 -882 95 53 -1030 644 689 -569 -1499 621 -390 406 392 -1006 500 -191 -33 48 -335 359 -414 72 -643 -696 370 438 243 -528 -5 -634 576 32 ]
[144 543 256 -624 559 351 -412 -31 533 -528 214 1120 72 863 -321 1334 1023 -1817 -310 681 -247 238 -2137 -1304 -466 181 260 -164 1097 -412 545 -192 193 -101 548 -62 -119 -1570 -293 490 0 1019 8 -95 55 -243 7 -61 1430 436 631 101 387 -320 27 -160 -350 570 -586 -547 -58 -296 65 1174 542 1097 34 -462 1342 608 -497 -638 -1096 -83 355 -210 809 776 -974 33 7 1077 787 -28 113 122 1003 495 847 -67 -10 16 846 744 104 731 422 247 191 -1007 -401 364 -802 552 422 -69 172 -813 -1 -98 479 744 484 604 57 587 234 394 1414 38 451 312 580 600 -836 ]
[-274 257 -476 13 -755 190 219 -383 -117 113 -400 45 198 -132 -1214 704 -595 47 -141 -298 579 -268 -430 409 460 -96 -136 233 106 211 611 -965 502 -223 -665 -661 -103 357 -44 150 142 551 -597 296 1128 312 -241 -474 -302 44 -315 223 -123 355 290 -997 584 -320 899 217 -625 1077 -219 -210 24 -701 -217 559 -234 638 417 -228 -439 177 -638 590 -101 204 -49 124 421 875 184 -63 -873 -173 -1229 -507 -426 478 372 -169 358 1183 88 -258 -719 280 342 -321 443 400 -89 -157 -917 427 -1023 940 402 1001 -288 740 -415 241 881 -332 1151 -66 -1433 -185 37 225 223 -221 394 ]
[-754 -456 322 167 -209 184 -29 -471 64 802 1017 -415 1646 125 230 -191 -917 70 459 771 421 -600 -44 -457 -101 -431 -237 -149 140 876 987 -32 1198 11 -21 -122 325 -193 -973 -888 143 322 343 -105 323 -778 -258 -76 -216 535 -399 124 -272 742 -668 60 -257 340 629 -862 352 233 641 1353 -414 -77 -614 141 -522 297 -389 346 -1071 -1898 -332 -741 -808 407 1236 -284 555 -741 -151 -279 99 -400 1509 -189 706 -189 -529 1179 612 -48 -357 1083 657 554 -494 829 623 -454 1066 315 216 150 -608 -1765 -660 161 -743 -327 175 805 -308 777 315 477 47 0 652 -93 459 -1295 -8 ]
[-290 -200 -439 78 1092 287 26 -11 614 -727 -834 266 -316 -693 92 374 126 1001 -1020 178 84 456 -201 -333 934 157 269 34 243 -156 -1722 527 -1300 -155 949 44 813 286 710 -298 -352 -436 361 558 -276 181 -716 -970 -519 -1339 -278 83 -510 -572 -324 507 -119 -900 399 -289 -1094 985 976 -254 -572 662 -341 438 -549 -962 841 -585 -313 -325 -163 348 174 -91 178 219 -259 -416 -616 -119 334 51 -888 788 785 -386 153 -101 518 -614 -360 634 -399 265 -1233 336 15 -938 -203 -336 721 332 -338 219 814 -73 -78 -306 -86 -603 687 -387 -212 941 -970 158 11 -668 -219 569 -176 ]
[173 59 424 796 -388 -45 1022 -466 -946 545 -337 -217 -84 848 -397 1292 105 -930 795 -331 568 -654 517 556 -608 -579 586 291 -122 299 -152 -663 -180 666 -295 115 314 45 1010 -473 65 325 541 685 131 830 95 -741 810 412 -195 -231 -433 -239 -141 943 401 8 -652 -685 -682 -229 828 832 1268 644 238 -275 -386 -127 759 -17 562 -74 885 -560 -619 314 78 702 186 937 775 -711 -292 92 -1108 -691 300 -82 -937 -106 -266 642 156 274 -778 -37 -360 -541 -578 553 -68 86 -19 -406 136 -60 58 95 -819 -183 614 -650 316 594 694 -630 -1033 -80 -757 -142 -1107 376 -280 ]
[557 454 761 -619 -272 -92 -213 122 -390 483 972 -335 -34 358 -744 1536 813 -380 -404 142 171 1199 826 876 -213 -766 463 265 -159 264 528 -116 813 1204 749 460 -265 -136 -397 384 273 689 -301 324 358 1163 158 584 -567 408 -1258 1337 -288 -98 776 -98 -744 665 831 209 -809 -228 324 -456 -562 740 -709 106 -633 69 -3 -1168 -516 -547 550 354 -1266 234 -1067 -101 -51 962 -72 -703 -736 -24 295 -1005 365 -313 249 390 -277 -148 -102 537 599 685 -1617 -462 -566 603 -622 193 9 19 -383 63 153 421 -300 303 -173 -318 -183 974 540 -274 319 -405 1216 286 506 638 -499 ]
[282 115 -292 -830 688 -261 193 1016 480 -1645 -197 146 -377 673 260 -203 93 -57 305 192 -1196 275 -270 -795 -25 428 249 -969 503 57 51 -828 -604 -502 -197 -439 1197 130 14 232 -102 -1699 -84 -485 -680 -671 -559 -137 -12 -288 798 525 -443 285 115 -97 -554 -1034 -790 1487 -58 -201 1214 -113 -475 106 995 -49 139 645 -1112 -904 -666 216 -570 -147 715 -376 -444 -658 -193 375 -600 475 742 -77 737 692 450 701 794 -632 -171 -146 -557 301 -632 1277 616 -370 659 115 373 503 -578 142 94 -19 896 546 -728 554 119 352 369 -58 -692 153 -64 -873 -1016 57 1426 1615 -208 ]
[-326 -315 883 -503 -771 48 74 206 871 347 979 108 1171 -278 -676 401 -351 -742 -283 -88 -331 -823 -1184 -23 2 -57 -385 663 -204 -664 1639 -1272 1127 -216 42 -592 -391 -862 151 811 -60 -816 -427 421 871 -331 -168 -404 -520 100 -9 800 -1142 603 145 -125 -288 641 477 314 734 238 512 -408 495 -214 26 560 648 178 145 -33 -382 -902 -277 929 -200 602 -246 116 -40 -21 -746 -28 -102 369 766 -445 345 460 45 126 39 940 -317 -158 -339 637 844 -254 -387 200 309 -671 -325 1496 -322 -700 406 -127 258 514 327 117 900 529 674 160 -54 -573 317 -193 313 -449 639 ]
[-1251 67 517 -144 -442 32 -1291 -456 46 -394 17 1211 756 638 -259 -55 -189 149 604 353 151 -830 -1249 275 1176 -321 500 583 -524 -410 -311 -260 -248 631 -1402 -555 4 -957 975 658 87 226 1281 -304 127 675 699 -287 221 233 207 -732 523 -23 1057 122 1041 -423 892 -46 -555 -928 -256 338 1654 434 540 291 998 -617 -266 -817 86 1250 -724 454 -838 181 -477 346 -452 1431 206 820 935 541 -1377 -27 1236 761 -305 523 304 667 -28 322 -361 -227 -13 -1237 456 -218 59 -563 5 115 -549 1045 -414 -180 -415 -261 -395 232 -608 847 -423 -882 240 787 -1016 693 -28 141 -955 ]
[196 -220 -550 192 -505 -393 -536 -496 180 -136 -46 -174 632 -217 -659 287 -136 -247 -489 438 628 1425 1005 -565 -441 -285 -385 236 -818 805 301 939 1541 -96 498 1393 -517 1153 -654 902 -191 425 71 896 -187 986 1054 783 670 608 -294 481 -79 615 528 -1122 -382 59 -347 -182 532 204 -102 459 -997 1027 -602 -415 -101 1123 -497 317 366 -526 16 -120 -1261 212 172 343 317 155 -127 760 -1516 -298 757 -281 953 -1940 -1338 1264 -660 132 229 -90 -128 -1132 300 341 865 327 220 -16 -36 -217 -852 234 -721 -933 207 -97 -157 -322 -895 16 371 100 1045 235 315 196 520 -592 -285 ]
[-754 -652 560 53 212 -817 -167 -139 -215 50 -51 1413 -643 -81 891 -71 259 802 775 -58 -419 -107 143 292 173 -980 -401 403 -807 1051 424 -218 -373 446 240 98 -94 -698 -109 502 645 287 -373 -496 507 -309 1077 917 -335 -146 -759 -366 675 80 45 -156 559 414 426 370 68 257 -43 -8 148 -321 77 -359 -190 198 -292 -897 -555 -205 850 -828 -535 -83 931 -426 -1243 -358 -89 92 393 641 576 284 -35 -328 -67 -646 921 -731 669 -2 -173 -648 -324 431 384 -44 -693 132 28 -563 -20 107 39 -258 160 333 66 738 -29 489 298 -19 22 -524 44 -143 126 -797 -300 ]
[-790 -234 -214 -178 -984 87 -398 -368 -262 -853 -420 -915 285 457 1546 614 -368 504 67 -423 247 -273 883 315 -862 -396 399 117 -259 788 467 -609 271 2 -959 586 1151 -468 -182 -108 258 -1297 992 452 -96 -178 -677 -197 159 491 -606 -49 521 833 -368 -688 683 53 -756 1092 652 1518 747 562 896 840 263 30 -465 -479 -130 447 -872 -1341 270 -330 -359 -234 930 -724 66 -977 -717 325 -880 91 260 -29 -314 520 352 155 -1093 -1371 -519 178 -497 -223 217 745 302 -136 948 480 -319 -216 484 -283 105 -277 452 1363 -440 -469 211 874 271 182 -599 935 829 699 763 -12 -639 ]
[488 27 622 319 -108 490 880 1491 -312 -177 -432 370 217 225 -124 752 662 -743 29 -375 -410 38 -572 289 36 228 498 -1179 -461 -660 -958 263 -130 -134 -964 330 977 479 -746 314 -53 -310 1032 958 -719 1092 504 -196 730 -446 -266 -507 476 1056 543 -491 359 340 199 -53 -385 16 325 380 112 211 -115 -569 -255 543 -628 308 214 -601 20 124 -571 301 -948 346 511 1023 455 -345 -551 -216 -102 -578 -456 -153 246 720 -623 -1541 92 805 -223 -56 176 173 -534 -206 -315 -410 341 -240 -143 463 384 402 648 -436 -112 -872 -384 -100 282 -148 257 -113 -264 514 63 1275 -502 ]
[298 -623 294 -235 -619 -697 -384 -240 -35 446 -6 -411 768 301 -301 -283 -305 740 59 931 597 -402 709 456 514 -235 -1143 332 -816 -433 -348 221 683 812 98 56 327 472 -173 -176 -286 -523 128 214 487 1489 -93 948 -2 29 -519 652 -765 201 290 779 -728 1148 98 321 -192 -414 709 -1175 194 -763 829 -354 -79 -168 818 -270 -17 -770 114 -159 -543 50 -416 149 -725 -458 -8 61 661 600 846 -1229 86 -751 300 574 275 -699 -323 -1252 749 144 8 -509 995 -493 -877 -353 -45 603 -132 -378 830 -137 63 -322 -480 238 -988 686 -594 -523 -783 249 630 -647 252 -866 -571 ]
[151 -513 183 538 -54 -470 522 -102 -640 -521 459 -211 -963 -948 382 121 378 -1018 169 -141 -322 210 88 -103 -1119 131 260 170 -146 460 504 764 -505 166 857 354 -605 810 -511 831 322 390 -117 -163 540 41 -255 253 -1085 353 -320 -831 -584 -586 -1307 965 522 62 -445 389 -373 -623 -590 302 -926 -670 57 -441 -914 -1027 335 553 626 343 754 -324 350 801 -219 -39 -442 -523 224 -299 196 -155 460 -696 -149 306 -155 -305 -1092 164 -515 -79 272 -328 -647 29 24 -424 391 372 800 -787 1 -578 -518 -68 -56 -97 258 1017 -61 -404 -812 -278 1098 -1395 -165 210 -762 -167 703 ]
[710 -133 7 182 369 -846 -106 249 807 255 591 -230 439 129 -900 515 51 327 -77 1478 -445 -104 -493 154 378 95 354 -372 260 -828 393 -219 -20 -721 -274 -380 593 -171 -447 -873 -549 -200 1409 611 154 562 -628 -271 646 -73 247 1747 -1148 591 366 314 93 -981 -91 809 131 13 2570 733 -151 743 -81 -242 -1556 -36 -213 15 -872 -804 84 -586 -1162 0 1181 -295 1111 723 912 -278 -1010 -226 238 -937 226 -124 238 -345 -70 926 186 266 -1013 606 -810 -310 712 -3 -117 -6 1165 -1014 10 45 186 -22 222 577 -654 -432 799 342 947 423 -627 -369 672 525 743 911 527 ]
[-871 -824 -724 -640 164 -549 -885 -111 519 179 -428 416 -36 -49 -191 -770 393 876 10 -169 -433 -536 415 316 -99 -317 -669 -347 23 -1182 -53 415 168 1211 -293 23 -334 -184 -713 -406 555 -71 -983 -641 741 -115 596 1177 563 -191 -68 267 765 -204 -654 -664 212 -114 -172 481 600 139 -266 -380 -599 -421 264 -950 -901 58 -317 -183 -651 604 -354 -271 -146 57 1465 -235 -266 6 53 -456 305 -26 -654 661 -958 -863 -796 479 845 597 -22 -490 -74 -377 -579 -261 993 -46 -365 652 -354 -310 126 -503 -610 591 -90 -238 555 741 -384 -309 20 190 -551 568 475 -101 -288 -388 653 ]
[-656 -168 411 460 -483 42 -157 106 -418 -986 -721 -61 183 -547 -195 -17 -1024 387 168 -961 571 -245 652 284 165 -67 -739 -102 33 134 71 -359 189 -562 -957 -381 429 -492 334 788 -181 -705 829 -351 18 -409 -360 -766 -66 560 1384 323 375 436 521 -174 742 -607 -691 666 371 178 582 199 374 -262 426 304 451 932 -709 -243 -604 -195 -485 386 200 695 -947 -423 506 9 -270 360 -923 -449 -1280 -316 -2 152 685 -535 -479 530 -126 22 -691 772 256 444 31 579 1153 -437 -115 98 -231 508 -258 -182 283 101 -834 -459 376 64 128 49 586 133 -1338 806 434 693 575 ]
[-397 146 238 -179 474 742 665 320 -231 -134 50 -820 170 453 600 682 -572 -1728 -247 -312 783 -284 -899 -167 -1327 -39 -243 9 146 -872 -801 -12 1511 418 -379 -233 379 -199 -1178 -699 190 -200 212 -416 51 -633 -1070 108 472 787 381 -178 77 101 -891 -135 -926 831 -665 254 249 222 -441 -273 535 -27 -79 366 -249 -950 -731 674 -1825 -43 287 696 868 317 280 309 -568 -606 -719 316 633 307 1149 -693 -78 100 307 73 866 -424 -330 283 357 872 -225 -230 -1229 53 606 -40 59 225 -460 -1437 122 560 -359 572 831 633 575 711 -980 -420 977 622 -270 22 1293 164 444 ]
[-497 27 1250 395 -618 -212 9 -575 125 -138 -313 487 -408 -33 94 1990 -302 -1166 512 234 -39 299 -111 32 -590 -50 386 861 78 1000 608 -620 1014 333 -478 379 -327 -169 718 -163 -490 -316 -430 1050 334 18 5 -654 -714 223 -753 -404 -458 -490 -323 272 209 1535 543 -543 229 160 358 390 -179 -13 -852 584 749 -461 -3 -709 915 -469 860 497 -791 -194 77 -136 -229 93 317 -629 -134 117 553 -874 -443 527 -488 151 -630 -12 -80 49 1290 -357 -436 -301 -472 536 571 -605 -324 620 -71 -407 153 -289 -232 595 -959 73 -185 -374 468 -256 592 1026 427 -1058 185 294 -652 ]
[-16 -374 -875 -1391 -1230 -14 -965 -119 -31 -104 301 -51 -616 205 242 612 227 118 328 -914 376 -395 316 -397 -1100 -135 -671 181 179 302 306 -1377 569 19 283 -174 650 533 138 -230 900 -508 -1485 425 95 -1150 907 -128 313 445 236 -497 228 -303 -511 171 1133 -464 -989 1479 827 967 191 122 -724 174 917 492 541 -152 -318 27 599 -267 -670 -1158 -267 -408 1211 -350 -464 -9 -44 694 66 989 608 203 -595 -100 -958 -96 -259 -10 27 -845 -164 -693 838 159 -387 236 -384 -116 -957 332 -4 545 802 737 599 1027 -426 -135 -270 277 939 -1059 556 715 1266 250 -438 -601 -401 ]
[-259 68 1404 39 -226 644 -86 278 493 -340 1017 374 1152 -231 -12 214 62 -463 -293 266 -103 -233 -569 -347 -334 -202 -29 -229 -132 -127 747 -513 216 -714 42 -1009 552 -365 -850 -541 -1215 712 875 -744 -1118 -1414 -841 -683 268 650 333 611 387 -85 -698 131 -943 1085 351 -173 51 961 821 -68 222 572 -929 120 -402 547 638 129 -1279 -2006 574 320 -111 101 209 -145 -113 -409 56 -926 -752 -94 588 215 70 159 209 -64 636 -404 -395 894 -369 940 -37 467 112 396 967 -389 1121 1244 170 -200 107 -363 998 162 50 393 114 41 689 245 595 608 -259 304 607 161 476 ]
[26 340 192 -58 -1 -257 173 227 804 -500 591 95 -313 -506 -137 578 -992 -780 -520 318 -418 530 -602 559 -81 -134 476 -393 -614 -860 953 -114 -552 -647 -379 903 257 328 -1009 -426 52 1019 -343 2 183 -138 -1273 -599 219 -37 248 829 -673 402 -171 114 658 257 368 1167 -239 -366 241 -98 -83 -592 31 885 -108 234 -57 104 271 1310 -1149 888 436 396 -115 -28 969 858 -139 -256 -841 350 26 -403 260 421 316 -374 -878 -271 -1035 -312 234 -106 1024 -194 97 562 282 284 137 -423 -880 427 -224 874 1000 109 -138 443 598 -803 63 -458 -330 67 59 832 69 939 -259 ]
[-609 218 -423 178 7 -461 -986 409 540 1376 425 297 683 577 334 -163 -505 336 -529 874 -26 417 578 650 -651 32 192 -88 86 473 664 372 1626 -921 -570 522 -440 -566 -518 -482 498 -433 462 -699 1138 33 -53 924 123 368 78 360 10 1127 775 -1541 47 660 156 527 747 297 253 417 -335 -272 -347 376 -695 -225 -694 -262 -10 -145 -762 629 -1025 914 711 -251 984 263 41 648 -438 -291 339 -942 -624 -161 461 234 -635 324 663 -467 -729 -443 671 -189 905 323 -195 -137 -218 38 127 660 -129 -33 360 -80 -864 -430 -204 188 -101 187 -324 -414 -185 32 177 -420 -462 ]
[-45 91 258 274 48 151 661 -505 225 -15 383 -210 172 420 863 1294 -505 -259 467 349 584 628 -283 -529 -78 -424 -47 106 1291 -677 -862 215 -42 1065 49 171 62 61 -38 -966 743 278 -492 19 1739 502 -1045 74 -299 66 6 -886 329 -1373 1 578 -912 873 379 -513 -1226 125 1372 -94 400 842 252 141 629 -1210 367 -1268 -139 -34 347 253 428 341 423 -377 -317 -613 98 -375 67 900 -344 -667 -559 436 315 -58 183 -107 706 886 506 -114 -1049 519 -272 -463 379 -458 -199 173 282 -514 244 -405 -171 538 -91 386 706 -544 -561 664 59 208 218 346 300 387 -772 ]
[318 -21 78 1045 61 -947 -287 -787 -62 -628 -811 1139 629 -685 -559 511 -363 136 -1010 -60 163 -242 7 -539 175 -666 -1175 156 -688 17 1163 -304 982 286 -158 375 -222 11 -385 455 51 -147 -113 -450 470 -43 -171 1157 155 752 69 785 438 -550 458 -492 -479 854 182 36 3 444 -37 -236 -112 -435 -850 -575 347 736 567 501 -1086 157 244 141 -1061 381 375 -429 -858 -30 430 -417 -845 409 78 -831 -329 -189 -841 317 67 333 -343 -493 105 836 326 -172 -48 -930 428 -505 390 536 113 585 -246 -955 944 -216 452 1285 630 -432 -444 -816 -656 665 1078 -293 173 -620 666 ]
[404 576 -5 -1081 -98 200 -664 213 186 483 -33 125 982 629 -621 -133 68 772 -1498 273 719 477 526 1349 52 -708 761 1261 -38 -607 -1179 -170 686 -1486 512 -491 -134 -1357 346 -251 -253 -153 613 -70 -397 -717 49 -245 664 42 -470 111 362 360 419 35 592 -1367 94 -251 -94 675 432 5 261 439 -479 590 -826 261 100 -659 309 -561 326 -355 -597 514 -967 511 111 -87 -388 -322 -141 -296 -59 -230 1139 -678 49 244 406 -453 -534 -346 467 -278 -315 -129 -587 713 -352 -992 488 370 -106 632 557 239 753 -399 -586 -170 -326 1351 550 -134 529 1093 636 102 198 219 172 ]
[-1160 70 307 677 -703 -493 36 722 68 311 159 187 -269 115 606 -869 -676 1363 1628 599 -507 -569 209 -745 504 880 494 -235 452 826 980 138 723 -680 -1207 -323 188 -90 161 -187 261 -31 482 1031 712 -32 -245 -650 -1231 302 -280 -274 -571 231 650 516 -309 -135 1150 -172 710 -767 87 562 95 -399 -516 480 76 -584 -678 -430 941 573 -1447 662 -507 -893 -430 -914 -20 -552 -340 118 240 -281 -238 72 -659 1907 -135 95 -426 350 514 741 -5 669 -46 -223 851 -13 1269 89 -719 82 522 -28 -411 279 -1606 468 -979 186 652 -422 -619 27 -325 -268 -328 -1116 132 153 -486 ]
[-1229 -644 45 -176 144 -507 -700 -2185 -261 -816 -919 528 -157 -353 225 299 371 -831 -45 -394 60 -54 -664 -41 224 -337 -563 -609 -80 -583 164 -1116 -500 -339 -316 -413 -525 451 297 -171 -1145 191 330 -698 -771 238 112 -593 65 -27 -554 21 550 -169 -339 -775 1581 -361 164 1198 -401 -390 -240 28 348 -795 937 43 1125 956 15 112 -203 932 480 -400 -260 -428 511 514 -363 805 395 685 -215 1417 -329 260 32 344 -986 -90 1202 -170 28 -271 150 -373 -372 686 -1114 -172 222 -1003 -214 -670 225 1001 -588 -248 -57 -936 173 595 -866 -445 195 -396 73 1639 -759 130 -129 312 624 ]
[-626 -418 -372 -892 -689 152 -39 466 -202 69 337 184 949 869 -228 -679 556 -235 721 -68 -598 -379 -180 -308 -778 -380 585 -332 1259 342 147 -921 852 -577 -56 -143 -506 -921 284 -513 -404 -456 -667 75 -770 -706 664 -308 500 -198 322 131 -494 503 -928 -305 -225 178 174 -576 593 -327 -412 266 722 421 149 551 349 332 -596 -310 -522 427 -583 -795 -179 19 -414 -159 159 1006 788 -496 793 -47 304 -424 -109 279 113 873 580 511 -244 205 1005 341 -325 -550 -167 200 513 1222 -1275 162 224 -1321 -94 68 -906 -598 426 296 -194 690 279 -373 -906 445 34 -616 -338 -94 680 ]
[-838 104 1419 295 -182 402 -418 -782 -575 -84 121 20 -270 183 418 155 321 -1049 146 346 -198 182 -60 100 -562 -417 424 -406 197 296 247 -812 41 529 -50 76 -787 -286 -245 -200 -542 647 8 166 -364 -738 -61 -301 336 552 70 -585 468 -204 -539 901 101 588 216 -498 -117 -970 -408 1 523 321 -128 -56 162 672 -661 -645 391 521 831 134 -47 -488 -1043 384 -860 144 -278 -1074 -327 256 216 172 155 185 -781 -802 187 293 326 996 419 -477 -850 -133 -1522 828 344 -70 1253 -911 -35 -76 -420 -1079 344 -264 314 84 -173 609 -53 -306 1179 247 -710 -62 -163 392 -484 ]
[-49 126 637 -34 -276 -369 -676 -411 201 -505 -663 923 345 54 -971 333 -553 -738 -275 -115 4 -45 -1051 643 526 -101 10 230 -483 -350 -84 -147 438 820 -827 -1263 42 -616 425 558 0 -805 -157 111 554 242 289 940 -54 -225 -378 13 431 441 866 -1052 803 1206 -324 1530 -454 1051 -412 -47 -727 -447 117 22 -722 1108 312 -576 -809 65 -72 1534 -1356 -1000 186 -398 -1010 913 -310 -116 713 430 -509 -89 121 26 -114 -523 789 715 105 273 -278 -172 905 48 -416 128 -198 -229 232 901 -968 1344 1365 -681 304 739 64 205 58 -214 508 606 -565 346 -641 283 832 328 -767 ]
[-346 -115 -295 227 -511 -161 -930 -474 212 -449 -461 173 -994 -1396 -133 -169 585 147 -196 -608 -240 855 1026 -584 -270 -267 462 -64 343 1221 1004 135 -536 -550 993 898 -1308 -175 -439 537 73 116 -487 -198 -535 -540 361 45 -772 105 237 84 -284 -182 -151 -484 36 61 -377 -462 -146 -259 -774 -319 -500 389 -936 669 595 522 351 89 -328 -26 710 -443 395 757 -1204 -42 1237 -402 412 -784 -1318 -669 -268 -104 -110 325 272 -649 -1107 339 -610 240 384 -246 -152 437 691 607 283 297 457 -176 236 124 -993 -873 680 -59 -652 -442 645 -825 -363 -255 -210 -824 697 -831 -579 -411 179 ]
[-916 134 1343 -232 1346 141 633 1921 -123 710 122 555 138 352 437 1073 -69 -1007 737 353 -66 451 267 -455 187 1052 325 -101 184 -60 -105 721 887 382 -50 384 -146 244 -540 -310 -405 -411 -250 -500 512 -256 783 1156 320 485 -46 -1126 521 228 -708 -403 -234 948 924 -810 758 -1353 -1204 -404 -41 205 -273 -422 -290 156 -1240 -63 -331 -61 -854 1044 -31 949 331 94 -22 321 -1012 728 987 -278 794 -226 -736 -207 -507 135 -83 -93 -121 123 -60 71 493 -70 -32 -436 -477 1016 -175 74 -755 96 130 429 -1354 -525 794 24 53 -399 -1165 -526 171 -115 -395 -693 160 472 -1052 ]
[-392 446 881 572 -168 620 540 -653 -354 327 272 -242 -270 -246 -292 1523 -482 -696 18 -472 123 172 -322 624 -683 393 178 215 113 -412 920 193 -351 -30 -163 572 -518 345 634 361 263 300 -210 133 620 222 -338 -960 -395 319 -27 -704 68 -586 -736 873 203 771 10 46 -383 -532 373 -286 472 210 -349 775 -6 -158 -33 -366 1637 386 -119 746 490 289 292 215 -406 461 168 -1201 -455 1358 95 204 -576 158 -24 -1273 -649 -51 -36 593 631 -475 23 900 -407 -497 225 234 -140 109 -704 96 417 31 409 262 153 231 313 -89 284 -385 -106 -60 104 345 -933 118 -919 ]
[-265 167 -415 -380 -85 253 -244 -24 742 -95 -1080 -329 827 -154 -228 -1141 25 -257 414 -116 83 -620 -1083 308 -400 316 300 -195 1108 286 -1856 79 351 -34 -1244 -71 204 -132 76 -694 504 154 -65 -485 -332 -706 205 -186 -470 -517 1459 -36 178 425 -157 -911 987 -656 -79 -723 484 -191 -1232 117 683 -1134 -682 -42 -110 603 -1080 72 -405 456 -726 -12 771 268 116 583 623 274 -341 325 337 -318 -723 399 -104 -184 -443 815 696 112 -97 113 849 -236 708 76 403 439 1049 265 -457 -14 -599 -448 -267 1018 257 62 -303 698 195 -595 -28 223 112 1203 -228 273 -431 -400 1645 ]
[-308 884 76 351 496 -324 421 -144 396 -30 269 -301 -287 929 116 509 684 -2 -268 508 -34 -930 -250 -1347 -742 1038 4 110 -383 463 249 103 58 249 -869 512 186 6 359 756 -322 679 896 969 -350 229 -676 -1435 864 218 -156 68 -482 -664 -714 -853 -224 373 -769 -314 690 -932 -606 -84 815 981 -874 -1250 1233 83 -321 737 727 1300 -111 843 812 -398 -691 791 -440 1042 -408 66 230 1242 415 -161 882 614 85 74 1 174 152 61 245 -673 898 -288 583 -3 -996 691 -85 -565 684 -603 232 570 364 635 554 -488 -215 440 -809 478 -130 391 188 -662 -360 339 -57 ]
[189 466 -382 272 -138 447 617 -487 499 -1125 -539 396 -806 366 202 946 -210 -438 -1083 -1427 963 257 -423 161 208 -294 -464 -372 -335 -202 469 -326 -914 1073 -46 -729 1081 -498 -971 32 -104 -894 -91 -191 -2 -492 -1774 527 211 -529 284 275 -135 -117 302 -74 35 94 -1231 695 -1155 991 1086 -372 326 554 635 433 286 -1 630 -146 -612 -333 498 210 960 233 -667 -247 -907 242 -598 505 458 -163 -914 -835 314 20 1061 -833 -302 -424 -262 -148 -1399 794 -139 -785 -668 604 60 231 390 555 -170 -228 1190 -579 321 170 61 -171 1024 3 -517 254 -851 -1087 -597 1016 940 470 -967 ]
[-229 -221 484 -383 153 364 -714 -1203 -282 -463 -241 617 350 144 924 349 -186 -543 319 -67 249 -96 -1104 1199 -327 51 -135 612 130 -294 -503 151 -58 671 -1269 -586 585 -679 411 -187 364 51 518 -888 -105 -536 515 877 227 160 -129 462 1147 -161 -397 256 888 -521 37 972 -63 1054 212 627 688 -299 334 251 -543 370 -345 -275 -404 18 771 -111 -144 -1239 1302 -173 -79 105 383 -260 146 205 -850 -195 -1082 77 194 -335 903 -787 -49 -314 -58 -582 -126 -157 -366 99 -227 75 -466 -399 -156 378 105 -186 744 795 -432 173 -31 573 623 -312 556 1034 -230 1134 157 95 -299 ]
[1242 -42 -592 -381 -125 107 -621 -1046 145 159 -60 378 476 576 -250 -1693 331 -465 -58 196 -6 -712 -1132 -741 474 -1019 -369 -433 1094 -361 -382 536 44 1499 -38 -116 391 -188 68 -643 1310 1126 -907 22 -551 788 547 497 256 240 654 1207 -176 -29 124 -411 -287 -548 -856 -1293 -821 -360 -292 515 478 -81 262 657 834 869 580 178 -475 250 -491 -1274 -226 -875 -257 58 100 316 642 -625 238 -70 -120 878 1086 -570 -843 1258 209 101 -70 102 969 -236 27 -215 96 24 -207 749 469 -596 97 -351 -566 -125 1287 -47 1119 528 -524 154 -188 396 336 378 802 318 -621 -1164 538 ]
[419 198 -277 -192 -636 -191 242 215 219 -1260 205 -140 -377 -423 552 460 795 -700 -400 -631 -727 821 -392 468 -1113 -173 1419 -2 924 766 -785 592 -97 -976 285 268 64 -776 152 541 302 -54 83 275 -770 -823 77 -142 43 -743 554 -277 -167 165 -97 -160 704 -858 -1211 528 441 165 210 225 249 643 -509 -216 -434 -223 -689 30 417 819 1124 369 6 579 -522 158 629 537 222 389 -111 -496 -370 -1049 23 -119 941 -473 -660 -336 -253 489 559 -654 908 424 -719 -34 344 192 -550 -4 295 -657 -85 -749 729 140 -43 -406 372 389 380 -128 310 -670 238 277 -6 616 44 ]
[-1071 755 563 -367 56 662 287 586 263 -464 711 104 1114 375 278 -339 353 -740 518 813 -5 -149 -607 -248 -239 603 34 -503 588 -405 -190 206 657 -691 -997 346 -107 -1223 -253 -293 138 316 195 -955 -336 -400 -969 -285 -424 -60 514 474 -251 103 -827 -29 -546 133 -98 -43 -601 -223 -50 122 1233 -82 585 361 563 -869 -1239 -1545 -450 494 -1234 284 1352 772 200 -536 -534 298 -582 224 1093 427 -71 -553 -643 898 1231 -315 276 -1026 -25 535 880 1315 -221 -186 241 82 19 767 -565 -14 382 -660 -99 824 -636 99 138 525 -272 525 -1013 -554 -251 558 -820 997 624 290 71 ]
[685 685 164 -988 1069 812 -294 1530 -676 -13 -982 115 439 35 -855 -740 238 416 -204 -172 -224 180 370 197 444 -444 -154 -761 71 -227 -1607 -539 -171 -724 -9 -72 383 -292 199 123 -412 -323 574 -568 -496 -722 191 -603 150 -275 2004 207 484 505 104 160 1098 -515 841 213 -653 -368 13 -744 -207 -709 866 489 854 39 -13 -373 -436 171 -581 -676 342 -106 -605 511 -154 653 262 831 540 -126 -796 169 -241 -491 793 -1080 359 -857 419 -28 662 740 -204 318 -85 355 -362 -349 -746 -157 -323 360 569 958 65 -193 -1054 -123 -465 742 -472 -1124 452 102 346 824 171 623 300 ]
[-946 -386 129 -359 -717 -320 611 55 72 868 1178 60 -617 -296 416 727 -62 41 908 327 -639 221 1109 -395 -656 -21 104 365 165 587 1325 -464 121 -13 947 566 -1173 53 -804 -947 -31 1022 -1789 388 806 13 382 545 -412 123 -1338 -1064 -671 -1037 -329 129 -590 847 274 -264 417 -108 -291 -589 -165 365 -487 64 308 -203 167 -756 782 -110 133 -239 509 409 -42 -695 -478 -548 668 -7 -237 787 996 -237 -472 113 -487 154 94 724 201 -355 -67 229 14 383 305 -436 -409 554 -1181 775 221 -557 363 23 -1008 331 27 817 -106 -166 653 467 -39 -411 1263 -1682 -270 -1011 -1073 ]
[-339 1313 263 482 312 395 131 -707 -475 50 9 -294 -771 -35 739 810 -816 160 -522 -160 385 -636 -32 -378 -478 708 -2 473 340 -652 1106 154 -1078 1313 132 -344 195 -712 -54 603 469 -517 -18 554 540 170 -669 -502 -67 404 -644 -409 1065 -371 495 -548 76 1636 -198 373 578 442 -863 263 328 239 -412 -383 843 -561 247 249 615 -474 396 1115 86 -958 -476 -338 -202 -1210 -336 -597 -129 17 -171 712 82 1290 -297 194 -1163 -357 443 688 569 -50 436 810 -736 -332 798 -162 -203 782 756 -342 -80 -294 118 517 112 -236 344 -115 -480 908 579 -87 780 613 626 -688 -1536 ]
[-735 -284 217 916 -51 -328 -49 645 -675 140 -6 121 -821 140 -737 33 425 949 451 -420 287 203 344 -300 1065 -129 428 123 -332 762 45 -262 -831 -444 332 211 -526 -113 631 241 -520 1267 -1136 752 720 -341 1038 -1062 -365 -209 -987 -844 315 79 229 -16 331 -34 1403 -774 -98 303 -887 313 -499 -668 -376 469 -839 -77 -89 88 1537 541 -1305 82 -669 -346 74 -123 518 302 503 325 -363 -177 621 645 -119 461 383 230 -675 392 251 -26 127 390 275 1277 -305 -408 -1250 166 -646 181 -69 861 404 283 -763 -847 -868 -494 105 -1066 1348 710 -154 -252 -10 -429 -553 -1163 -386 ]
[-31 -450 257 -588 -589 -136 -890 -358 127 217 578 225 -551 -112 196 -180 727 -1066 260 77 121 623 -900 -356 19 -127 20 -160 692 354 72 -64 -867 -129 348 -326 -371 -1021 -461 588 843 275 -19 -711 223 -338 258 794 145 144 334 517 -431 1241 -13 -31 1290 -124 -49 562 -288 -455 -1311 603 -514 36 -616 874 -739 686 -494 94 -1570 623 -831 142 -393 -700 -104 -477 394 1087 216 68 546 234 613 206 243 663 -28 -2 581 501 452 87 -78 -343 85 -469 -154 389 231 1096 492 -188 -1162 410 -79 155 1112 223 36 238 -40 42 653 -127 199 -106 375 770 168 819 -532 ]
[-372 -718 -950 -59 -677 -297 -159 -426 503 531 530 -1114 217 40 541 -426 207 513 421 122 -140 867 561 278 -745 -456 514 784 236 48 909 475 -477 195 234 144 -1601 -454 -708 147 326 946 -1654 1054 311 384 -338 -855 51 -8 -1902 99 -102 -667 -444 -450 238 -566 -213 -113 -397 -5 -41 -39 547 -10 -135 -547 -246 534 101 -607 762 589 -44 203 368 -143 -1208 -140 -201 -82 11 -93 -1468 428 -41 -35 283 -324 -638 537 557 -102 579 -146 877 -1128 -1363 -62 701 1701 -481 457 151 -781 140 91 164 -20 -136 238 -484 735 760 -17 1229 748 -175 -355 102 -265 -1183 -411 293 ]
[383 -490 -248 619 -68 -264 835 146 141 690 423 734 -402 -564 423 -88 -969 -615 -75 336 -705 -648 62 5 134 126 -1026 -435 146 -458 889 841 -633 -357 52 -412 374 190 99 99 807 770 -446 -365 290 658 -492 172 -181 -794 -266 342 356 315 326 219 637 191 404 -432 331 763 29 30 -1149 -193 -690 282 -574 255 743 171 -30 -853 -292 1074 -106 856 607 -255 268 -174 403 77 -690 -861 -1167 221 3 -34 -516 395 234 293 516 316 -976 -601 1241 136 373 -389 -745 -617 180 389 218 865 -266 26 470 12 1122 -685 -58 -906 450 76 -835 -695 -134 74 -1014 -625 -552 ]
[-107 -1168 -430 482 805 946 -139 -486 -171 -801 -902 90 -939 69 179 1086 100 -122 -83 -1427 451 667 -371 -160 910 -5 -172 217 -318 -157 295 213 -654 1655 551 -549 408 379 287 898 163 -516 -338 128 704 581 -387 323 -125 379 -168 -360 496 -601 -82 394 -459 1003 -78 -311 -525 745 -118 161 -912 969 -23 26 301 -198 949 761 -479 -1019 -106 533 -163 -197 78 -438 -787 -125 -960 -262 339 24 98 692 -770 -174 -271 -269 -142 -330 169 -565 -877 -338 -788 -225 99 -900 -513 334 126 596 -365 -163 1279 -698 531 147 773 124 1055 -566 -481 -68 471 -437 59 -236 -436 291 -694 ]
[672 234 1075 -639 119 4 -272 657 -226 153 277 106 124 -713 -33 586 168 -184 -396 -298 1037 70 -78 -58 355 -11 -49 -587 -635 68 987 -114 1027 -103 10 -467 749 -557 455 266 242 594 414 441 -274 -1566 1038 85 -395 197 -501 121 381 130 -137 -658 -30 482 -515 786 62 1099 -762 171 -669 -816 514 -331 -690 167 -307 1090 420 -76 252 862 -719 -537 771 -316 514 190 -202 829 159 333 603 -283 -22 -886 387 -570 15 -66 577 -170 -58 -287 683 510 -1116 501 -916 -684 -239 65 208 395 733 -355 11 493 -774 -245 -166 504 1344 1086 433 -21 -290 654 1142 -438 -58 ]
[521 399 -991 484 -1 -416 323 -1559 649 473 179 -387 388 -916 -166 -1095 -968 52 -81 385 563 -476 -429 -298 -255 486 -493 448 -511 -415 -1428 520 241 411 417 156 -385 -331 -239 -227 304 -194 -381 36 1123 560 -339 1128 560 -523 705 -197 -25 -180 424 -616 -155 170 -814 -530 444 -311 -1713 465 441 -1106 980 -978 -185 -529 -509 617 298 1019 -426 -319 972 -65 26 210 652 -1038 -804 1109 733 -387 123 287 469 -95 37 597 403 474 609 -1103 245 -139 1043 441 -875 -422 391 641 -455 123 720 -967 -207 -192 -34 -306 1085 659 773 -242 -666 1522 1219 -156 216 396 -1191 -897 786 ]
[-382 217 89 -256 821 -494 477 1512 -380 497 -575 -257 -30 1007 782 382 -117 257 666 -235 -115 915 1170 -695 103 573 390 -821 593 744 504 280 211 -287 44 -272 618 543 -546 -813 -20 -232 -496 -311 -16 7 91 593 819 1330 -549 455 278 -450 -701 -1031 -39 -721 367 -100 281 147 182 -414 516 -67 -143 -590 -367 1284 50 -277 -951 -832 -142 137 461 -493 510 -354 -321 609 -227 575 168 -170 806 -102 -835 -258 -164 -61 198 198 387 -328 323 305 657 -19 991 214 -640 802 -597 -195 205 669 299 930 -466 -180 -28 102 369 -825 781 17 -1002 -255 548 -413 1022 407 -341 ]
[746 -434 684 -1132 -473 -68 -685 221 264 -122 1446 83 227 -441 57 -388 630 -666 -44 469 -729 -416 408 -124 -160 -553 -170 -725 -48 -12 -220 277 -277 1199 512 -5 266 -519 -714 53 219 1282 -399 -322 -202 -123 231 495 -71 -1110 -378 586 -657 -367 -111 29 331 -458 -1053 262 -734 -247 345 295 -259 321 632 130 -600 -198 111 -995 -195 401 1251 -423 -114 502 -629 -255 314 521 186 236 192 272 -356 -599 929 -302 -26 -316 244 -219 -280 644 -66 -102 -481 138 -298 575 -1140 -209 540 -740 359 428 -383 -349 -468 -243 -166 -556 -526 834 205 680 -66 -474 -92 878 -462 414 53 ]
[528 668 -93 -106 138 -106 250 1170 474 -568 631 -192 -697 88 101 467 977 504 473 -272 515 303 415 -470 -132 878 85 96 -1422 764 -241 668 180 366 -197 784 395 -86 482 1505 538 700 628 181 614 423 996 -308 24 -354 -657 -100 724 -807 404 -733 -247 71 146 380 -390 -20 -50 727 154 998 215 -82 613 -372 -472 -260 1120 420 219 -200 -15 721 -266 81 -81 486 -361 1205 87 -40 76 -466 -216 186 6 37 -826 -1103 80 -169 180 484 273 -42 397 440 -2219 999 -1323 93 595 345 111 742 -111 187 -477 -848 -474 -136 309 401 667 -266 -58 822 -547 -290 -779 ]
[965 398 -601 -47 389 34 -231 -624 -23 -85 -555 421 -323 501 71 -360 347 -863 -478 -54 -265 -375 -170 -309 -4 438 -174 -423 431 478 264 -54 -169 1200 86 407 116 -685 164 -112 52 -135 548 -726 -55 754 279 1147 39 -23 973 226 -265 -389 191 -1052 -876 275 -993 -319 -373 193 392 630 601 629 -85 -404 257 609 120 -278 -1139 -1031 353 -617 -47 389 -110 -293 -333 650 64 -648 218 -748 139 491 534 209 275 389 -550 1144 -49 184 -590 677 9 -249 316 -687 -92 705 461 347 607 -57 -161 -900 -637 17 1126 -428 377 741 -547 670 -718 -879 501 -42 798 118 -212 ]
[52 957 448 251 115 302 24 741 -198 173 263 534 100 725 252 157 171 -155 254 1637 -752 -79 171 193 -685 259 201 -380 1096 -865 -49 68 -481 672 -914 594 983 -70 196 -307 954 -302 -99 -875 -526 1211 -89 774 561 626 163 785 -43 269 223 105 773 -582 -213 123 -221 -940 598 737 263 653 91 -275 303 446 -73 -786 -5 824 -913 -595 261 -300 -91 -743 566 1018 509 -425 -188 221 -1084 -363 -302 980 249 428 -603 358 135 109 66 271 575 -740 270 -988 168 849 448 -492 -277 62 -453 1350 1132 193 900 -237 -412 -126 414 -789 287 -96 616 666 -317 1649 -836 ]
[-335 538 543 -146 -125 521 -89 557 -396 484 847 -317 654 -579 -376 -978 -910 132 291 725 30 441 463 -435 895 -350 314 -690 33 2 682 211 16 -698 351 -646 -1453 -314 32 984 432 609 -650 -147 35 405 776 -288 -418 157 -739 -431 -388 219 82 -1231 -41 -957 1061 -1406 -573 -483 -1646 -159 445 -723 -410 449 274 944 -975 -441 -440 -481 -1323 944 1611 -110 -532 -986 925 239 -699 -334 -262 -768 -184 934 198 -451 456 23 99 307 573 720 373 -450 50 578 817 176 -351 10 -193 61 -1187 464 -887 40 -1019 -1444 -598 328 -88 50 286 646 -251 -576 -950 338 169 -511 288 ]
[-240 -404 -377 303 -408 350 -243 -945 29 426 1379 -55 625 -388 -361 -784 120 -553 -47 81 -282 -876 -189 287 -792 -1313 789 10 -30 190 729 -510 1578 -41 447 -134 -1189 -639 -693 -821 -464 1298 -482 -670 -161 122 -223 1033 494 960 53 10 125 -290 -472 -339 -1515 507 -1063 -177 739 -543 -896 -331 85 67 -405 -607 -166 -889 -48 999 -577 480 1251 -26 260 615 91 -211 509 -429 1006 -1108 -158 436 32 -1008 -477 814 366 213 395 760 -530 -342 -568 362 -611 -473 -580 301 1047 70 137 -361 397 -1251 -1385 -668 -658 -592 534 1618 -253 149 -282 -219 595 179 -181 34 132 -388 1167 ]
[-44 204 -341 -363 -1163 708 630 -979 989 -304 122 -60 707 133 -572 -636 -662 -171 547 299 435 -256 -971 558 687 -1134 -345 733 747 -1152 10 -152 358 1117 -567 -202 177 -893 991 -785 1268 787 -1516 839 503 832 -519 462 238 -639 -253 434 505 -160 895 703 358 766 27 -1264 -1011 703 -506 -559 357 -521 401 260 427 -624 540 -1399 289 649 -498 933 1233 -1678 -590 -449 18 405 1 -34 -762 -264 -1381 -919 279 462 1397 861 868 17 377 254 70 6 111 -284 -290 -491 -1271 -457 307 -66 -260 -101 -29 7 656 1282 156 -578 -215 -173 702 369 -671 436 535 578 272 -975 -615 ]
[755 -763 -428 -316 17 -880 41 -378 335 -552 -495 529 867 -441 866 -192 -264 50 444 -97 -360 59 -97 830 477 157 -1245 -131 -455 82 -394 519 -836 145 -190 -692 593 93 -240 70 -470 -812 -439 -219 -38 710 -476 1559 184 -522 817 320 -849 -476 -499 800 1712 -1076 -587 581 -99 287 241 -1115 797 -1002 650 -880 88 -146 206 -35 -731 -49 316 354 585 440 -185 -126 -891 770 -117 988 1078 -245 -1374 -788 668 -990 8 556 156 -464 -14 -1480 317 59 -303 -1107 523 1182 -751 153 415 -343 66 200 521 -285 220 -329 -286 547 148 133 -56 -369 72 -328 -688 320 -299 -99 131 ]
]
