[[-239 23 -608 573 400 -180 428 348 -229 24 174 430 -584 -185 -372 615 266 797 127 -647 -157 -972 549 535 -10 173 -53 -140 -463 -584 -717 172 -729 9 -435 98 -275 -29 387 33 -710 -521 -257 -63 -750 -143 682 -527 -89 308 -270 740 254 581 429 290 54 983 188 -227 398 -572 111 412 215 141 -337 105 437 206 -13 -685 -140 -364 60 544 16 -455 139 95 -458 137 -464 101 -365 -230 85 -674 83 1031 378 81 376 -707 412 -727 -172 466 -41 -408 778 352 465 517 192 531 12 25 -403 -535 287 -101 -227 -477 -980 -39 253 81 448 103 375 -494 -1095 -299 399 ]
[614 -542 478 -343 654 389 -192 233 593 -233 -510 202 -685 -511 -111 167 -470 -60 89 143 -379 -1346 385 767 -168 1106 132 953 70 -311 30 -204 -871 -31 -325 348 -392 -615 493 -380 64 -1068 420 276 -225 -735 -417 -438 249 351 114 -82 51 -376 -106 -208 -79 54 502 -113 530 -174 -313 -461 23 469 -974 374 598 -557 243 296 -610 183 2 -32 533 77 782 -429 -242 -373 -399 107 -229 -347 437 -186 357 329 -210 130 1003 334 16 -118 530 153 -131 -624 513 111 720 -475 -171 445 -275 -61 671 219 63 588 37 21 -1049 215 365 -157 -255 498 -210 67 207 -420 -41 ]
[-390 -601 72 -758 90 339 622 664 661 43 -401 537 -391 -384 -399 -353 99 463 297 -3 -74 -684 1269 1316 -709 557 -384 526 139 -542 236 -234 -657 570 -611 661 -347 -153 13 -68 124 -350 878 716 156 -726 131 4 344 -535 460 -270 -17 156 295 -455 -562 -561 49 68 58 276 -4 -283 -922 -9 149 -234 1057 -372 811 436 -494 -4 108 -371 -209 -415 -19 -208 -597 -485 167 -205 -157 -517 180 229 562 -788 34 -251 434 260 -328 1187 913 652 12 -515 136 1025 213 169 151 100 175 369 838 -254 844 297 176 818 -2 -371 -178 218 -308 -110 -108 -179 -77 -150 193 ]
[-662 666 -1054 -867 331 738 -1007 367 -803 170 794 385 1 -560 311 -398 582 227 148 106 736 577 -562 -295 245 463 119 -401 358 94 506 407 450 -173 246 348 -603 297 90 617 -308 512 -628 169 1207 739 -562 -56 644 -216 316 -384 707 116 -629 -464 -254 -112 -320 -98 -464 24 97 -4 -584 287 496 -214 -330 866 -192 1 -243 60 -321 448 -924 244 -243 424 487 811 222 -183 256 -72 -470 89 -83 397 -20 113 -878 9 476 411 -481 -558 390 945 -739 -79 -345 -233 -101 -193 -175 54 -273 25 -589 -788 320 773 724 -664 -377 341 79 53 305 1231 603 -176 644 ]
[-77 169 -54 62 -713 -318 363 -660 182 -245 -857 157 -546 463 -1109 -184 318 -244 -58 211 -986 733 90 586 -226 -743 -1174 403 465 -969 -565 -47 540 158 134 394 674 137 -1030 -246 170 381 400 399 -464 -212 778 806 -134 -9 -92 -370 -1212 -184 613 -36 -205 -443 -205 118 -865 539 -127 -165 -30 -404 1255 -175 745 -371 175 584 173 -206 414 -626 10 -655 -698 -282 -245 391 338 558 -342 225 -1058 952 288 -502 244 251 -453 -311 -348 233 209 346 -10 -418 -345 240 255 87 281 -72 -159 750 258 237 1298 756 -122 414 353 855 -406 -187 71 -979 -88 -4 -74 426 -483 ]
[-55 408 -795 -289 -545 294 -652 219 -23 281 -6 94 71 -100 -803 -699 837 683 -159 479 -605 27 -423 240 124 -567 -624 -1010 1230 576 749 133 402 247 -118 -81 174 434 -141 -202 -277 841 -807 153 1019 638 -171 -383 312 -445 364 -472 -477 -735 -82 -248 505 -1241 -236 33 -210 1039 978 183 -267 -389 1944 -485 230 609 392 -253 398 497 257 -279 -1052 -442 -1003 716 -542 38 -139 37 -472 188 -590 738 566 -446 648 263 -419 -405 -149 626 -38 -66 1143 1188 -883 57 128 59 -83 -521 422 423 410 510 792 20 157 836 1260 -566 -972 78 -319 34 -209 828 -63 -504 266 ]
[-82 -311 560 -420 -90 -1254 1023 -37 -321 -80 -89 -223 802 440 422 356 50 -897 216 -407 -937 1207 242 456 3 -390 -423 374 168 -916 -857 -198 336 311 118 77 0 -880 327 214 -189 671 412 754 -1362 -251 568 934 -375 -327 -471 -152 -1193 795 -109 849 -182 -59 -741 116 -629 176 -15 558 520 522 -24 301 -529 -492 217 356 388 -307 187 -33 115 -288 459 322 -440 -170 588 -294 -171 375 -468 340 -279 -140 -458 -63 -725 651 -422 246 55 749 -615 -586 -176 -177 -235 12 -269 -131 -75 151 650 -117 484 394 413 -887 -940 367 -259 -211 372 111 -540 22 -203 320 -294 ]
[202 48 337 -91 -285 222 10 -432 -552 -320 -314 68 -649 -543 -113 596 43 125 135 832 -305 229 -363 376 -48 83 -175 38 773 56 92 11 72 202 375 -338 344 -129 -552 -194 28 535 50 344 -630 756 -336 -433 648 212 34 -558 -1548 276 365 -204 -28 -218 -718 -440 -418 -501 256 11 312 64 -306 648 -375 261 -346 479 15 637 1270 -592 -247 -444 23 794 -125 347 -18 618 77 136 -438 562 -304 -122 374 600 -201 438 -74 -238 -275 484 -333 -14 -362 86 860 372 511 -199 -14 465 171 516 906 1562 498 -351 75 402 -635 -675 -432 -96 -926 267 -169 -1023 -179 ]
[846 -669 456 281 -687 -782 455 -36 -248 568 -805 -264 30 264 -685 -490 1109 -425 -540 -294 -399 280 2 -472 -160 -496 -199 -323 208 -42 290 284 -91 -161 149 -202 -819 -149 441 531 -544 189 -375 -294 -810 -318 189 570 -348 -339 344 -195 -481 -968 -228 531 275 -304 -130 308 207 1478 599 588 617 -730 1419 -303 122 -10 565 -966 534 -611 245 -862 26 642 -226 388 -609 -153 -183 48 -921 405 -88 95 402 286 248 -422 -381 282 -670 544 792 -459 664 318 259 -759 63 -99 57 66 556 142 497 1038 214 -684 -264 -657 117 482 -954 0 131 -397 134 -231 -276 433 120 ]
[-66 -936 -785 -234 143 690 52 502 -113 -424 41 -212 -540 47 -867 -419 1286 605 -512 533 957 563 331 189 63 35 -395 95 -612 -637 269 371 -928 -761 -760 605 -759 462 382 1108 -641 -222 -1060 -457 160 -478 556 -366 88 -165 434 295 1399 526 -222 -504 202 458 -16 330 477 -633 -158 486 -726 -838 759 -463 520 568 -121 -241 644 -123 644 422 -332 232 -755 613 103 249 141 -64 -707 -424 479 -935 -158 761 179 34 430 -1264 230 670 -290 -572 331 125 382 295 -31 -14 39 110 380 499 -643 -22 -415 -1428 -146 633 766 -288 -75 662 -150 -180 293 -666 -156 571 984 ]
[-473 -594 -100 -606 -370 1460 -232 -38 -527 -515 624 143 -315 -294 281 -833 -97 -175 -66 691 1383 840 -604 -736 303 237 514 709 -674 -330 433 401 82 -246 569 -418 -580 927 413 1257 83 27 -696 -1221 215 183 -44 -360 -137 -196 71 828 1585 76 -268 -251 -134 366 -554 662 -198 -560 -764 -276 438 -503 309 -110 1 807 -268 -355 262 -235 642 -298 -600 9 -247 937 268 483 75 -474 273 -320 579 -259 -504 236 -393 282 -435 423 307 -462 -834 -611 147 439 -214 -288 -628 -192 348 -572 -234 -469 -504 423 -1107 -1456 -56 -6 838 -477 -122 1381 -296 -1020 -67 183 772 231 42 ]
[490 -783 267 567 -214 -1039 428 -576 -1018 -24 -272 -810 95 904 143 495 860 -683 9 -314 495 1021 -629 -576 125 -1000 191 -183 331 93 -624 -111 203 -1329 -706 304 316 -294 73 520 -386 609 -83 506 -926 606 261 741 -132 120 -511 -304 -814 298 -97 871 -34 222 -768 -559 374 -9 -317 1072 -20 -149 254 524 -1671 -44 426 592 644 -561 891 340 -122 -125 164 196 -436 130 35 351 -322 44 -270 -312 -223 -265 -68 385 -84 -283 229 13 386 -1049 -854 387 110 -670 538 269 321 -14 650 524 32 -164 325 131 516 -1090 -275 940 -897 -709 357 -245 636 -716 253 324 241 ]
[495 14 -1032 -226 587 191 173 479 416 -355 661 -148 55 38 -81 224 1 636 228 894 112 -341 -694 192 766 -416 337 374 -518 -215 -232 194 528 -138 90 -226 1094 118 574 -156 -892 363 -922 -426 -622 433 21 -646 -238 359 -8 1297 -26 584 416 -92 665 690 285 597 299 -757 86 264 487 626 52 205 414 664 -589 -921 348 705 79 838 -143 -843 641 -202 369 -657 207 92 553 282 337 -44 -129 798 139 582 -28 -520 -55 -780 -783 734 373 -103 -338 10 -279 -393 -596 -389 -738 -425 -204 168 -1359 -324 -397 -277 -1020 84 728 250 -55 476 -528 63 -785 -833 119 ]
[-583 -623 -199 -1095 122 857 367 -787 105 -900 -397 -186 -811 -99 -100 81 -178 -197 -171 716 648 308 -17 -110 -375 709 -483 766 -779 -356 381 31 340 69 517 45 753 -152 -82 185 -726 -513 928 -691 82 -134 219 -260 -185 841 220 809 12 234 521 -233 182 770 134 821 93 -611 -784 -711 -88 -274 -716 282 517 165 -369 -338 197 567 292 -410 236 -94 -307 232 265 2 894 -731 55 -210 500 381 -107 84 -174 163 65 424 -447 -112 -246 1028 -458 -139 133 832 381 -356 73 119 -544 -716 226 71 -182 -4 247 -264 -510 233 80 231 -497 245 -612 -444 712 98 -488 ]
[1129 -1381 -350 -366 -299 -579 310 -98 243 63 -656 -362 -750 614 -116 98 756 -572 -105 299 0 875 -516 226 -320 -326 217 657 -357 -66 377 11 295 -433 -311 664 385 155 154 145 -708 203 -236 -40 -155 -279 166 292 -323 180 542 718 -60 -531 680 1006 573 216 -214 725 451 827 -22 -21 289 -804 476 -88 373 203 121 -229 353 176 360 -175 353 -323 -287 645 -706 -742 4 -290 337 410 883 -261 149 160 113 351 -317 235 -1068 -512 495 -302 -422 486 2 -76 838 -185 -60 160 168 -365 248 1050 -159 -213 329 -911 -590 1415 -760 -623 -554 163 578 264 207 194 -490 ]
[-80 108 46 -386 656 296 393 -330 864 -419 263 -352 -109 -215 -1196 105 189 -115 -97 579 437 -217 446 -269 -55 856 -62 298 181 410 428 404 447 3 15 239 -165 -851 138 288 -208 -457 431 -670 -78 58 -242 534 -263 1109 495 -580 36 421 -401 -87 57 34 182 15 767 -35 -212 -429 -1090 288 -60 190 -153 -303 -93 -286 568 507 -269 580 327 1114 357 -591 1082 86 932 -82 -196 -88 43 -60 223 80 -464 -25 353 -127 -557 882 434 -160 423 -84 -187 -95 -368 -512 -649 762 -60 15 -507 -92 -346 -890 -454 715 44 209 683 432 -364 673 -640 55 1128 404 411 ]
[-243 -83 -270 1279 -592 -383 453 -304 -273 496 -161 171 -451 -44 -621 961 46 115 -80 -1210 637 -23 634 -239 -1339 -413 -544 130 -613 -283 -441 218 101 394 390 191 -592 260 -927 252 -312 287 795 -544 -67 -209 173 346 328 877 706 140 -154 115 836 749 769 489 -254 -958 327 490 -251 163 -443 -336 -610 357 45 379 0 -330 581 -703 110 401 604 284 -1063 496 60 1003 192 383 -456 340 -103 -237 -404 142 328 -477 -285 65 -713 -783 310 472 -589 -446 1026 378 89 948 762 633 629 268 -924 -499 305 -73 32 -364 -116 605 -306 -334 301 -327 283 -429 -881 1178 36 ]
[1256 -804 115 -814 -141 -282 -439 109 1087 -438 -1130 -527 -546 557 398 -1143 66 -934 -87 948 -382 555 153 -33 -239 -25 -889 1484 -491 -1584 91 -225 24 -136 634 701 -244 346 -283 213 764 343 -95 203 -202 -883 -715 1125 500 -129 577 308 390 -17 60 113 307 -532 386 213 -714 307 -772 342 645 -273 390 -69 1108 -124 7 692 473 -347 117 -224 1350 355 -103 -813 248 -664 997 -154 -315 356 388 323 -147 58 -719 -650 270 666 -582 259 -87 476 131 -621 1 -435 -463 -1110 15 -685 74 -81 923 949 -334 122 223 89 -551 587 -259 -2 -238 -446 -372 75 46 910 -21 ]
[147 887 -19 -163 -49 -607 -499 -66 -1182 659 -135 -125 502 632 1149 -485 253 -858 178 -609 174 501 1 -859 248 -402 201 -913 -320 511 564 285 -394 -243 283 -56 -750 -195 -139 -570 211 140 -525 160 63 -138 203 834 -330 -331 -1339 0 546 325 -352 343 -385 293 58 -423 -424 -470 536 433 -117 -246 -215 -401 -717 -249 -688 463 -532 -1164 -569 132 674 1307 396 -939 242 -39 -264 -305 1266 290 -32 -940 -103 342 -92 -961 -91 56 661 360 -404 -926 -754 187 -33 -962 -420 283 26 202 465 -20 -612 -181 -232 -182 -75 -262 -440 -92 45 -965 398 32 993 648 53 -45 200 ]
[-1142 623 -6 -120 -173 815 -219 -401 8 548 -381 927 -270 -653 -1144 676 -399 -90 486 -208 880 -1184 -150 356 189 133 -501 15 554 35 127 294 736 788 652 -529 -270 460 -863 -188 -562 160 499 -1057 681 327 -205 167 123 1446 -528 683 -224 -238 935 372 -293 28 -330 -50 453 249 -601 -593 -621 48 -59 277 743 -90 -273 -506 -262 -379 411 -440 228 -132 -243 267 -613 644 -206 -152 -241 -127 -672 623 80 -116 527 353 -324 504 -339 -725 35 748 -501 -113 425 519 140 594 969 181 332 -191 -396 -265 636 -104 -328 2 560 256 -96 518 -70 -695 -468 75 -409 -482 -393 ]
[-41 -48 586 -206 -203 632 -104 -951 470 -953 -1279 -720 564 487 105 481 -830 -89 -664 982 -1389 -299 -761 716 1562 -282 -1044 -258 61 -30 349 280 -47 -110 44 -1140 266 -809 327 -987 -246 -438 -671 -601 235 -472 566 -1097 -748 765 -1304 913 -336 -651 -372 -496 280 -7 463 1139 425 113 -92 -321 1211 -26 108 -271 917 -782 -759 -529 -5 752 20 -562 712 -51 345 554 -68 -1003 -286 -591 -587 96 130 347 490 372 441 325 534 -520 237 -455 -63 440 85 73 257 -145 312 -1070 -1136 -376 -226 -617 580 371 -5 472 -300 -321 -264 -51 783 0 -210 185 -856 -945 258 222 -300 ]
[-235 90 304 -504 553 -140 179 203 -1354 130 -353 -247 553 68 597 596 501 -455 397 387 603 1027 -840 -530 73 -631 403 -372 -236 294 -379 -265 301 -499 -487 -661 -347 -638 238 227 -224 231 -609 397 -409 186 255 52 234 -569 -625 -207 -709 424 -183 -617 -709 209 -843 -109 435 -1009 25 750 -1417 679 -18 147 -1203 291 -331 701 -250 -489 753 -247 -556 825 789 -832 274 151 -212 541 757 -447 -458 -258 -276 -789 858 395 -607 -771 795 1097 586 -663 -1137 -145 -806 -281 -22 445 587 -65 248 653 -517 -358 -38 -755 -171 219 151 -472 -33 -281 496 -397 191 -739 -29 159 555 ]
[546 -587 -137 166 92 910 -3 -31 -740 -359 -154 118 -768 -637 -282 -424 -338 701 434 306 179 -818 19 567 821 -196 437 539 514 -101 100 926 -345 -504 400 -492 -718 -860 724 -519 141 -778 -855 -232 -1181 621 -639 -399 -171 559 -495 -588 -262 -607 -263 -1052 146 21 209 -1233 160 17 136 -312 752 301 -142 320 370 -402 99 -545 -315 5 222 -97 -90 -74 1051 24 157 987 -469 415 335 -270 -785 -571 348 775 -392 70 381 334 252 -22 101 -1001 472 -295 525 -889 248 -761 -1450 -16 -613 451 -201 -123 -505 22 10 450 -1015 506 110 252 77 -500 -714 634 870 -716 509 ]
[106 125 307 200 -319 141 -83 292 -384 393 56 -388 1561 243 566 217 705 -547 -622 -290 84 279 -906 -741 484 -8 -371 -675 141 628 117 -414 -217 -578 -236 154 109 -250 630 1312 -409 370 330 507 738 -497 -520 -714 169 -823 88 -297 -251 -376 -1233 85 693 37 -154 195 -322 136 -237 564 527 110 -631 692 -1442 300 -153 -338 519 778 -788 -14 -461 327 58 779 418 364 820 660 -910 -1 264 568 -946 262 40 255 -81 188 -333 292 29 35 694 276 -243 -584 -577 -229 -85 -89 -499 -571 704 336 -1199 -304 626 -251 178 -830 -139 3 540 642 273 104 28 213 120 ]
[-544 786 230 77 -550 690 -55 -274 -54 591 36 -592 1190 280 150 329 -80 -1105 120 151 -883 329 -269 -687 124 -253 -920 -321 1116 600 651 571 17 631 225 -945 -203 -432 -444 109 -128 1062 128 -792 -199 -122 45 304 -860 738 -1022 373 -195 -203 -905 1381 667 -1135 -688 509 -678 285 51 234 188 -167 374 3 -378 -433 -506 -900 1180 214 240 -210 -187 604 -301 1070 639 89 653 -165 -848 765 281 368 -694 -294 236 107 -271 787 197 -50 -766 457 450 591 -196 -783 -889 -219 -68 -385 347 -576 11 409 81 203 119 -213 798 -598 -211 291 323 388 -751 569 318 515 -289 ]
[-387 735 -566 223 -121 -410 147 -805 -688 155 123 -108 -392 1061 -418 1257 220 621 -247 -1268 -409 268 -368 -628 478 -1065 -330 -139 96 230 -321 607 824 -774 -848 -104 1096 -266 -63 -753 -1375 87 158 237 -903 785 1294 -604 -483 899 -408 705 -955 35 19 77 -180 1120 472 123 600 441 190 648 -122 53 427 -71 -76 155 91 -815 11 -307 -384 264 -552 -1147 -99 -406 653 -401 -511 359 -229 412 -166 712 608 -301 636 276 -280 -1189 814 -1112 216 -84 -211 -220 407 99 992 123 -187 66 -339 299 239 -267 235 282 -553 -1214 -426 797 -154 -911 130 -279 724 -753 -734 240 -761 ]
[170 36 -469 -836 1322 -722 -917 -250 -143 -721 -393 -706 -367 591 842 -490 113 -415 143 819 695 672 -966 -273 202 380 458 -112 -620 -346 -455 -330 782 -1008 -54 326 151 318 575 188 106 -194 -772 577 1087 -27 -478 863 359 324 -76 -321 512 -615 -24 -569 -517 614 715 325 317 -425 -491 -106 -298 -116 -740 -332 -773 415 -650 508 -397 99 -284 599 942 1033 58 -341 478 583 788 -601 -118 -493 -49 -637 52 872 70 -186 -885 -388 501 196 117 -818 -509 1039 -525 -164 608 -824 -233 327 -193 -188 -611 183 -689 -442 541 -116 -205 -152 -426 -226 785 663 463 -447 1288 509 900 ]
[305 353 -894 -348 305 320 -694 -461 -873 -545 966 317 -537 -104 366 501 -876 960 23 -195 185 177 -324 192 595 -264 -345 1100 117 -853 -251 -168 906 -390 50 437 133 127 632 11 -290 588 -312 1135 -990 553 -492 -764 925 382 201 -436 -323 1102 -330 -1042 134 851 268 -809 -127 -568 -555 159 570 1020 -595 404 187 673 151 741 -173 253 -435 1333 -411 -1048 339 420 976 1064 119 706 -209 -122 -435 49 64 1122 -518 246 -383 -39 1132 -693 -752 147 100 -43 -260 -154 145 -311 -1052 -332 -1083 475 442 -160 -1567 908 401 -532 -1220 649 -23 -266 261 -611 -979 551 346 -262 111 ]
[272 -189 457 -347 -224 1561 186 81 -510 463 400 -225 -789 -617 903 -241 607 -649 512 113 1101 -692 -228 -1113 -564 626 1051 123 -257 626 1206 926 -558 107 -6 -542 -240 113 -1133 443 97 23 247 -298 -280 1358 13 260 -469 203 63 450 520 219 -132 421 -890 -373 -543 122 -352 -451 -101 -202 -118 -127 -47 486 -21 414 -338 -250 -606 -70 799 -779 5 479 372 -414 217 -809 -286 174 1415 -101 635 530 19 -161 73 243 -112 705 185 -33 72 -443 -215 215 -20 27 150 180 777 -118 279 -589 254 250 -180 -15 -204 118 306 3 -603 -8 -962 -125 929 318 545 -938 -95 ]
[283 556 -237 2056 134 -60 -143 -193 -650 292 374 -914 -656 879 171 1202 225 -30 -485 -605 127 -64 -534 -182 -654 -885 -458 -634 136 -88 -878 424 -278 -527 -195 132 1018 358 -1683 146 -130 1022 -48 493 561 1087 318 -491 26 545 -180 361 -388 -643 37 494 167 58 -441 -68 -432 -142 263 82 859 390 -728 583 -860 546 -258 -67 -131 -162 260 517 -466 -525 -987 558 -217 418 -126 1250 103 368 -333 411 -814 513 775 361 -285 -1160 314 -1422 -568 -214 -129 417 117 72 813 228 407 139 -97 167 -525 -200 -57 1130 1109 -236 71 401 -657 -843 216 -19 1335 -268 -625 55 597 ]
[-607 -468 337 -806 -475 53 1075 -175 154 -672 307 -298 95 644 446 -17 -308 300 133 13 -375 1068 1122 238 -545 -86 570 570 -1161 78 -81 473 -1369 131 -710 795 255 -239 -76 223 322 -680 258 -58 225 -1200 981 -592 -405 -596 -142 18 327 1595 -79 426 38 565 -613 -57 -114 -1213 -108 466 183 -956 -688 -590 -345 342 -442 720 -284 -303 394 201 474 -671 -63 395 759 -1064 512 -374 101 282 1339 -635 -271 -751 -807 -288 907 -218 -66 -635 37 97 -579 -897 455 545 186 413 484 89 407 -14 -448 -415 846 451 -456 -297 22 -328 320 -190 -293 184 488 -996 -422 564 -613 ]
[667 -1149 -99 400 1496 -426 970 64 1175 0 211 -983 -147 883 427 527 74 345 -288 646 172 -153 778 -53 -449 -53 249 -220 -1424 295 -455 137 -507 -273 -467 740 570 -302 -661 -830 305 -410 -308 -88 136 -273 738 -391 -1268 713 -353 448 825 471 631 599 421 462 427 284 818 -1251 -372 140 102 -508 -903 86 7 -447 -876 -239 -107 895 -593 550 1203 262 197 -1328 159 -954 247 -136 1094 -527 1108 -1026 -480 26 63 -412 969 -1881 -734 -489 159 184 -550 -802 948 445 424 -334 -925 893 -216 -400 -1316 -834 -593 -735 -297 277 -992 594 778 -312 -442 944 776 -934 229 921 -50 ]
[-572 -286 -2 320 -357 438 -431 -752 -521 -103 -20 -548 510 933 -64 -633 660 -508 -25 -316 321 1103 -254 -1110 321 199 -1048 435 231 -1152 -760 463 813 -966 541 573 -286 -187 -284 668 478 588 357 -45 -28 389 -627 320 -174 464 -434 171 573 -257 -427 277 365 12 -76 -519 -589 500 -1008 1044 825 259 457 623 -785 -236 17 -94 691 -261 28 93 -87 -374 -86 -120 736 530 489 565 -558 -395 -481 815 -448 -595 -498 -371 207 368 619 -361 -482 -431 749 -140 436 -232 -595 -796 -246 -633 -376 400 568 285 -555 -601 -106 -51 -176 117 -334 460 286 -846 646 343 208 1260 198 ]
[-535 -38 295 -343 489 -20 1062 -349 782 -531 -557 -157 -1098 -181 -834 683 276 784 -434 1115 1447 -840 856 139 226 400 -152 -49 -58 -14 276 182 -166 -258 333 -510 -169 166 -51 -513 -598 46 792 -579 -767 142 -193 -162 838 550 440 357 -805 297 558 -480 -1185 1107 429 1269 995 -773 -518 -225 -339 -849 -791 -38 174 -98 -330 -1007 -444 17 76 -840 571 793 698 -917 661 -588 815 328 -417 -274 52 202 -19 -253 765 -818 298 -394 -428 366 612 -76 143 -450 618 149 492 39 775 289 375 -42 -477 284 204 -380 61 -1212 -104 657 -180 41 -239 -554 -417 -1655 -235 -299 756 ]
[1070 -299 1446 525 -839 243 575 393 439 -570 -552 -9 -103 -644 140 277 69 -27 -475 584 -659 77 512 457 691 802 -86 -493 -210 -82 517 329 -1183 444 158 -489 -907 -85 227 486 1277 -870 -381 17 -138 -173 157 -168 -6 -719 283 -447 58 681 -128 -413 -322 -120 -318 -206 -140 380 926 -588 817 -878 -757 606 75 -126 -828 84 -25 480 809 -484 736 840 322 1079 -584 -619 523 -55 422 94 445 -165 -826 460 -392 499 620 595 -1371 381 773 246 -248 -351 178 -188 86 -29 -45 52 713 -354 -119 406 354 528 451 -57 474 -70 480 -720 -324 -70 -149 -308 -201 -446 562 ]
[352 -382 -845 -409 997 5 -1002 580 -609 198 -80 -357 -703 -597 43 769 530 -124 -830 -550 412 711 -739 -236 -733 -319 -50 -169 -46 10 58 -47 508 -88 248 180 -665 -76 -2 401 -1339 595 -935 82 359 85 -100 -146 1083 807 1599 -185 252 -391 -476 14 686 273 83 719 462 -1 -147 405 -103 127 -337 -630 390 784 -870 -638 -129 382 -546 96 54 418 -700 494 -39 861 -643 367 -793 551 18 -258 -343 1255 807 -472 -418 -640 56 -361 -1137 -13 68 111 67 -253 652 -383 -174 571 -405 -84 -99 737 -1142 -281 513 -456 95 1049 -872 -222 -459 447 -363 287 -585 638 -164 ]
[-605 -1160 318 26 200 -122 1470 91 -782 152 -178 -600 -251 81 -600 277 898 810 -37 -188 731 701 90 91 137 -246 818 -1000 -280 65 -547 175 378 -299 -1014 176 -409 -797 677 1976 -989 46 -996 181 -362 688 293 190 236 -6 126 55 192 1341 -984 -417 -744 104 -960 484 1157 11 402 1741 -45 562 1233 -119 -366 698 846 -152 -563 -290 285 305 -650 -65 427 245 -679 -965 -460 -302 -155 -494 71 -145 690 566 -150 -363 33 -714 423 1268 647 -60 634 864 -312 587 210 -41 -570 -20 -7 483 592 -431 -626 -1020 -347 269 137 -137 -250 840 -420 -458 -15 -1645 46 -176 1107 ]
[113 645 -774 415 -548 -683 624 -1136 -406 638 -549 77 266 780 796 -10 346 -873 159 -1081 -44 239 545 -1221 -663 -595 196 -1089 -668 937 626 211 110 131 337 1042 573 388 -475 499 -638 595 1170 39 27 -362 360 1126 -606 76 259 -308 184 482 -333 1290 502 299 -330 -125 -1181 269 85 85 636 -608 190 -937 -344 124 69 -637 44 -56 -961 -145 496 407 -87 192 353 472 609 -236 26 774 684 -761 -30 -67 -137 -267 -28 760 -411 75 -88 -24 -349 732 375 -477 -692 789 590 1089 -490 -1038 -427 -147 -397 574 63 -618 -362 314 -285 -598 992 269 1271 443 203 337 -593 ]
[-369 -126 253 701 -356 -3 1125 -905 -68 -233 -387 98 -474 -406 -324 -415 -528 -141 434 -949 -173 211 428 -235 -1013 -718 253 223 -1360 -471 -407 487 905 1327 1024 -1132 -245 162 -519 509 463 -544 301 -581 -647 40 738 508 28 335 1102 -316 -205 -265 1374 -421 -88 894 -731 -722 -199 1012 -40 -106 588 191 138 -840 1511 396 -138 -499 117 -720 66 -876 953 -7 -391 35 -16 572 -87 47 301 -90 -29 278 232 238 148 65 -556 703 -833 -478 647 97 1 -654 487 829 -150 574 477 460 -135 -346 -633 84 691 -230 -783 -225 96 579 -156 848 78 -1265 189 -776 -915 326 -544 ]
[148 474 -349 377 -360 687 -858 -464 239 -246 -574 45 -17 -409 36 211 422 62 -1464 895 -1137 42 -831 -475 533 830 -1207 4 -247 -85 594 -358 -445 -1054 -15 -75 372 -76 -84 289 -156 -952 225 -243 -156 108 -596 -1426 -462 137 155 357 -19 -654 -1182 -518 670 44 951 629 -565 -329 -537 -604 332 337 466 65 -40 -64 -500 -632 898 958 -70 -332 -942 144 -297 340 957 653 44 746 -1191 278 -15 248 -243 780 753 1207 37 -451 839 229 -561 116 753 308 -614 -715 -434 -780 118 -222 -1012 -716 133 1007 -91 129 -399 319 520 -439 921 -82 32 300 -851 -36 393 510 -165 ]
[-496 340 -1460 434 -180 -299 411 -434 -227 -892 195 -26 -16 -201 -169 -582 1244 1026 22 924 291 -896 -92 317 535 -358 -725 -666 -397 84 130 118 -193 -87 864 -391 1047 -213 -983 -573 -609 -58 340 -936 -500 1271 -226 -774 -978 619 -1116 1366 -312 679 662 -115 810 356 728 -445 -584 -1480 106 283 1031 67 314 563 9 -183 -636 -990 500 707 511 205 -158 -551 43 -632 77 180 207 91 610 -110 -667 -295 -149 713 480 45 110 -535 -49 -7 -1126 638 690 -178 -236 -109 -976 92 -425 -804 -192 -66 -1091 -412 443 292 -287 403 -852 -341 631 -76 22 378 -822 77 -1081 -780 68 ]
[-249 -654 632 12 399 446 794 129 508 469 447 -243 1098 -329 -334 360 -528 408 -21 -426 -830 79 547 1269 452 -191 -183 -241 385 234 517 138 391 1221 65 -365 -266 -1481 632 -543 -213 116 -81 124 -186 -419 379 -181 130 663 81 -583 -382 -103 63 184 707 -391 -423 97 576 725 -39 337 464 255 -586 -677 1206 -832 102 -579 427 666 -300 -536 -61 -707 311 1359 -348 -481 -86 -549 -591 -2 131 53 512 -15 -373 -506 553 355 -946 614 -383 792 531 -53 598 661 255 279 -1544 51 193 -315 835 -58 3 253 521 188 -454 610 252 930 -943 440 -1632 -268 70 -289 -474 ]
[542 325 253 1244 -805 10 245 -970 -716 246 -516 -520 -375 999 303 943 621 -782 -232 -367 -529 164 -445 -899 -146 -839 -352 370 -1063 -474 -232 512 -713 -532 307 -70 374 -791 -767 350 -695 144 407 154 -1142 -461 1050 72 -178 -84 -278 -27 -605 -130 -366 55 272 822 -387 6 -574 -415 -419 651 1076 429 -378 -268 409 -419 -334 -194 394 -484 -209 -557 -42 553 -275 -405 1211 380 45 1614 15 491 59 53 6 956 290 74 400 -244 661 -474 -226 -375 549 -820 489 -341 131 579 55 273 -417 -263 748 110 -690 245 26 -244 -1357 1181 186 -414 373 -499 658 -670 -372 474 -258 ]
[16 409 -694 962 598 -579 -878 -447 -637 25 81 86 -555 -184 337 273 -228 559 11 -121 -563 -129 -1000 -197 -146 -417 -78 -452 206 -306 -1419 -586 522 -446 574 -483 748 -298 443 -1667 -112 42 -90 658 286 88 394 17 798 183 -644 53 -1150 -572 870 -2 487 903 69 -335 -111 -101 -102 305 695 -147 -130 572 -571 666 -208 640 -394 -86 -360 863 -274 -325 138 -1214 -5 553 -626 312 430 286 -1133 -280 240 867 311 -66 248 -765 273 -614 -94 -455 0 1244 -210 57 794 -142 -571 -399 -229 328 -310 -665 -26 931 374 12 -1452 750 216 -546 872 234 792 33 -249 -326 -251 ]
[-1447 442 -241 -54 21 -441 -824 59 -1025 115 -45 363 973 690 415 440 392 -1140 -300 -727 86 1192 -331 975 1206 252 -1414 -80 204 -901 53 177 675 -450 127 86 -648 -643 -3 257 -645 -30 -197 594 353 572 -223 104 -873 332 -625 875 137 281 -120 192 -408 215 147 -38 -1074 282 -707 -472 347 631 19 -354 -4 -771 -200 610 182 -401 -1187 295 -314 -468 -235 908 -44 963 -73 -169 -400 239 -973 -53 183 875 -289 243 -882 -230 459 -601 -708 67 -640 -52 -151 -348 -402 -305 -1082 149 -587 -101 224 -67 250 -70 414 318 -66 606 268 332 -63 191 201 1252 178 145 -668 ]
[78 -886 770 257 -24 998 600 -284 64 97 471 -835 133 -312 1056 -931 -750 -382 -85 544 -381 -382 -143 224 362 -537 367 -152 554 -246 224 549 -668 -499 153 -715 164 -460 502 -440 530 498 226 227 -801 734 662 255 -438 688 -1086 -187 -349 -774 -205 323 395 -226 -250 -260 -598 125 -87 -72 1136 -109 -122 670 -833 -304 142 -666 857 176 749 70 -305 -750 665 330 -732 -343 242 -1279 456 343 161 -9 22 -63 -757 -58 114 763 -221 421 -541 53 -236 765 -202 -537 -159 -809 -765 -652 161 -533 753 -40 443 610 622 -181 -745 -560 52 514 -110 289 -478 -53 1015 -156 384 ]
[693 -1306 270 311 290 746 950 277 -27 395 22 -1450 -320 205 553 -179 33 223 169 1252 418 310 22 -831 -1396 -572 -269 -279 63 761 542 -309 611 403 -648 -1120 171 259 754 971 254 853 -49 182 -295 312 -275 66 68 -77 1179 153 -953 -325 251 500 821 -1096 -1447 341 180 768 -89 922 -24 -1042 127 634 -235 921 975 -376 816 320 440 -190 -328 294 -673 909 -257 -777 1496 -170 -202 -200 1202 578 -407 -1105 213 -186 -88 581 -585 770 1157 1059 802 1227 -113 -111 377 -130 -175 -764 705 -451 882 429 -538 -396 1425 -641 107 -168 -1847 623 155 -76 -791 -1149 1256 708 583 ]
[-730 694 -418 -303 768 -383 11 241 773 448 102 708 35 -707 -422 -112 -68 -520 499 -752 319 -312 336 657 -659 877 133 350 591 -492 -543 247 504 809 -36 938 -117 605 -1305 334 -42 547 700 515 669 -88 -7 1097 30 82 279 -1264 553 -288 604 164 -1257 252 321 -157 67 929 -217 -567 -1253 148 420 -269 641 -283 134 110 -335 -143 -64 556 -80 69 -248 201 114 671 354 -114 -210 -386 -629 -91 40 1210 -107 287 -1077 686 -148 628 351 -436 -117 130 322 1344 127 -166 -2 958 -184 -280 -202 45 43 -60 -180 560 805 492 -212 72 677 -58 551 222 -111 -82 232 ]
[-440 -1219 696 -76 -455 24 404 241 -76 -746 36 -378 982 -787 -557 -741 157 357 -148 59 1251 -488 -169 664 98 34 504 -42 506 300 404 432 536 -447 -12 -392 -573 -402 967 133 195 108 167 -188 491 218 -740 433 732 413 944 -731 -232 -941 367 -738 245 -798 852 -558 1203 841 21 496 -342 254 -350 -207 -758 -408 590 -284 679 315 706 246 639 4 420 247 -192 179 190 -771 -1078 -430 -145 379 681 -994 42 -926 439 11 -1059 756 586 -561 -30 5 -157 -339 -225 -516 -493 -76 1487 735 137 385 544 292 -114 112 613 -270 -180 466 -467 469 -771 -649 183 257 1098 ]
[371 -860 932 1123 -475 761 -64 -82 30 802 1176 -172 1289 131 117 137 -254 335 -774 3 559 640 496 -502 -137 20 210 168 -83 -116 156 -15 -189 -215 27 -19 25 -217 -794 163 675 557 120 276 -383 236 -681 -180 -337 -152 352 -302 215 -324 -518 -201 396 -1477 398 52 124 67 -54 -191 47 593 -448 273 -701 -747 581 381 575 669 228 90 -236 -218 -200 108 727 136 -728 456 127 -73 39 470 88 -1159 -86 -440 607 -712 -204 633 -119 89 143 -167 49 503 -718 42 -1045 -697 -350 1049 -141 -370 -1025 82 -254 1447 800 -567 784 441 -724 572 -562 -254 399 147 228 ]
[-519 290 373 -167 91 272 -885 894 73 294 456 -684 -127 -532 624 -465 -464 6 150 -140 1355 -743 -874 -1330 -553 -132 1409 -227 -449 1074 234 28 37 43 908 -1057 355 -183 -173 92 46 -112 110 -1189 1370 1018 -814 523 -140 352 218 -17 -79 -704 -634 -173 275 -438 -286 -32 -7 -621 182 -605 196 -51 -932 -114 -513 572 -1074 -837 -505 102 -283 -694 75 1068 -369 -392 289 690 -396 169 318 619 -431 594 -587 -65 -106 -750 -538 742 22 -514 -923 -581 545 70 -440 -617 -506 286 577 -433 130 -795 -244 -318 -374 -676 93 -49 514 -487 -488 590 -677 479 -725 -242 389 -108 -478 ]
[-282 639 448 302 -1719 226 65 -1188 -1385 178 -707 624 -249 -895 750 806 382 -862 56 -829 -176 603 -869 -424 235 -736 468 -156 230 192 -102 -244 352 -406 505 -322 -1453 -424 -442 1116 302 664 541 592 -119 404 77 643 1654 -135 401 -510 -588 -31 -990 305 -578 -258 -1148 -369 -159 187 -820 749 -133 585 -445 1068 -1154 65 -359 1208 -103 -388 -238 -397 313 863 171 -11 -325 951 -415 843 602 -78 -706 833 -100 -487 452 322 -987 658 -507 -186 253 -793 -373 44 -623 -1042 58 916 1010 -476 475 422 152 -27 733 -404 618 -319 158 592 -427 -560 -184 -1276 197 895 705 355 -38 ]
[317 -183 809 12 215 667 -373 -1263 315 -198 93 -546 -597 176 279 468 198 -414 -321 640 507 -553 -461 -743 240 -249 -561 -613 258 -84 870 -909 280 590 103 -880 -630 953 -264 -627 -383 1352 481 -21 -887 850 449 743 127 1219 -477 -524 -564 436 -314 469 173 -421 52 164 364 23 -718 -203 426 -1023 -70 260 -796 -130 -711 -184 851 458 1121 63 990 538 -16 39 -41 197 -124 -66 -794 190 189 357 -272 184 185 231 -377 171 -194 -122 272 2 -543 1055 142 -319 294 259 350 -85 371 -251 -349 120 18 766 765 -773 311 216 -670 -539 164 69 -1145 -678 53 -265 -84 ]
[81 -459 376 -193 -437 1106 -74 3 902 -756 713 144 4 -392 -938 -414 -777 820 16 583 -97 -577 378 414 -644 969 65 1108 -807 -773 325 173 260 530 385 927 -1326 637 698 -95 701 -249 -491 139 617 -722 -238 -141 -57 -125 1178 -1125 751 446 -661 -841 265 -695 579 -47 -28 182 -683 -482 719 -73 892 -442 791 519 30 884 -351 724 -673 809 824 224 -100 186 1340 303 -14 792 -692 -76 65 432 863 506 -607 -332 393 -188 -142 -610 342 -554 1162 -558 175 25 -455 -605 -947 556 -658 -313 362 -50 -1421 -454 -1466 1109 190 450 649 1187 -555 -287 -177 221 1258 830 364 ]
[506 187 348 429 -546 -419 -228 -804 -116 745 -168 440 -126 -563 1668 269 -1371 206 3 -1106 -425 653 399 -1958 -668 -316 601 -422 -1173 763 -602 -867 172 241 802 -642 205 725 157 -1118 1555 -501 210 157 -193 548 -486 -290 54 3 418 -111 863 595 596 72 675 591 197 -981 -149 -1191 -255 441 333 -453 -938 656 -412 752 -273 652 190 504 135 -367 429 -155 -91 -774 3 251 -203 -513 1388 -607 392 -577 -1038 -707 -270 -292 539 292 -146 -936 -927 575 -976 438 458 551 -303 983 894 -658 -158 -610 -871 -835 250 494 -80 -484 -396 -283 614 -241 -60 -29 -416 -268 -172 98 -1492 ]
[-1362 527 -466 -337 11 109 1188 14 -682 -50 -284 548 -815 -712 132 553 -321 198 749 -490 -557 534 846 940 315 -246 -237 56 1092 -897 -517 324 742 814 -75 -22 345 -634 -1036 -272 -13 453 581 428 -1408 873 480 1043 136 547 -294 354 -856 1912 613 962 -967 168 -575 436 -516 -205 -306 -307 -550 -219 207 171 850 125 -520 -304 -848 -676 600 -50 -859 -999 323 449 -597 -69 641 -256 155 112 -1329 -346 249 -125 -344 534 -660 961 267 618 -524 1199 -468 41 51 542 12 799 76 -217 515 -64 302 -815 982 808 372 -498 -690 1045 -128 -255 193 -1002 -822 -142 -30 147 -81 ]
[-767 54 711 -202 -530 970 515 201 542 1251 -366 86 323 78 396 320 -608 -443 -122 1103 -98 650 215 818 -24 258 105 -59 -830 320 649 -274 -244 394 210 -415 -507 -522 31 -337 297 114 302 -129 959 -1124 -350 -263 -17 -318 -580 515 536 -806 170 -15 -185 -108 -349 1560 117 300 123 -1107 -719 -319 -113 -664 206 -370 -751 -8 -89 103 -512 -123 -51 475 461 424 161 -490 -20 -137 855 602 789 -260 -284 -231 4 -699 -508 383 -476 298 469 -133 -191 939 -464 333 -143 -134 -418 -411 -209 120 -729 1085 127 214 5 998 929 -271 617 102 -540 -165 -155 350 378 -412 -202 ]
[-898 551 -102 -238 273 188 -697 -1283 -704 260 329 408 -928 485 -417 898 -440 30 -341 -1386 -498 241 69 -414 972 348 304 -260 964 -377 -533 484 569 -16 337 860 -790 61 454 205 -580 588 -612 248 205 968 101 -415 45 1191 -637 -194 504 107 -763 1173 -500 305 -558 829 714 419 -722 3 1444 103 385 -570 -471 428 143 -949 -777 -395 -109 -240 -649 -925 226 964 -289 469 -1035 64 -881 19 -307 259 386 995 -141 265 -80 -73 969 -1622 -845 -850 161 1346 302 310 820 -72 71 707 -186 -892 114 26 189 -173 169 -1516 -712 573 -664 682 -445 -375 464 380 451 150 1 ]
[-425 -775 126 -769 -1019 1168 557 -155 762 -185 -931 320 -639 -374 -1523 -557 94 865 253 607 -339 -208 218 655 -442 -459 -84 454 321 -259 -191 466 -184 118 209 49 -537 395 301 -775 293 261 -419 -865 15 -548 -67 358 560 723 131 -288 -194 -1186 123 30 770 -1330 -33 -196 317 370 -330 169 -135 -532 731 405 305 190 -50 -258 740 153 1102 -706 368 -107 -202 6 71 660 408 -229 -949 -145 -163 763 395 -1129 594 -4 218 229 -742 -348 109 438 599 -7 -221 -418 334 -76 921 -113 135 499 -71 210 1077 -483 -198 1269 366 -340 -458 845 -151 -448 -1105 215 870 257 477 ]
[-73 -1006 254 418 -379 436 266 -174 -549 -134 -768 -1107 306 476 308 274 529 -590 70 512 -121 581 -491 -444 336 -682 450 265 193 158 153 591 175 -439 72 -1013 -169 -1030 4 1610 -596 -188 -657 -681 -677 793 -362 -41 -755 391 331 932 -1483 278 -356 298 304 -535 -1094 -225 15 336 -240 725 721 -95 196 481 -354 290 -307 -902 618 406 849 -788 232 -273 343 1285 1 -593 -193 483 -294 630 309 281 -229 36 -300 413 240 796 -148 -313 807 424 96 45 319 13 48 -534 -599 -480 -36 -396 544 630 -64 145 -380 -536 49 234 -826 607 -237 5 -454 -1135 -389 238 -347 ]
[-1061 511 847 343 523 132 471 357 -676 55 -29 -182 443 36 -151 -825 40 -17 345 -919 1051 -868 646 -396 -441 -335 160 -260 -677 153 -396 -700 -199 227 -934 259 828 38 -357 618 706 -537 405 515 725 -379 -88 -442 -626 -370 -1159 -174 913 649 189 -805 -945 136 205 -933 933 -1107 -166 614 -1231 560 -886 120 -906 -120 -127 1274 -599 -695 374 272 556 285 498 -1723 -493 -112 -298 616 511 -1185 110 174 -270 -330 96 -43 496 -1323 110 795 264 -481 -749 -651 -254 445 -87 652 635 219 592 616 -901 -669 683 86 -639 833 504 -855 481 15 -57 -250 615 -1014 -810 -470 508 ]
[631 816 698 -55 -105 -313 555 -417 -326 486 -1058 -152 25 1022 6 781 201 -730 -582 -232 -404 1243 -671 -1077 205 -477 -137 -295 -946 945 84 335 610 -210 164 -89 621 -546 -458 -185 16 -295 188 -711 100 -1329 1047 286 159 306 -741 298 152 -868 -272 -589 -96 1105 649 1163 160 -201 379 404 -211 -267 -726 138 396 -510 -1028 -279 -462 -220 -855 -731 168 1492 10 -1378 1408 -49 333 498 951 133 780 338 -468 -143 687 -708 62 -684 -530 28 126 -268 115 -876 62 -738 -174 -38 -143 -67 -784 -498 -258 194 -1405 -726 -273 98 -263 563 1220 -809 -132 -672 149 -553 362 751 -614 ]
[-723 -878 -720 -123 -148 353 -731 -524 -1725 206 219 363 -433 3 158 -157 918 39 -98 -97 2007 910 176 -308 -597 -201 855 -39 -1560 -503 -409 549 45 -933 806 438 331 304 -747 965 -846 201 -321 -501 786 870 -187 109 -251 55 483 552 637 224 838 -85 -73 291 -1138 -147 -174 -626 -396 -343 343 36 -641 141 -624 560 -315 316 -724 -552 734 -425 -575 -392 -809 383 -1360 1227 -1065 226 889 -99 -387 -394 -75 313 -33 312 -560 -147 -101 -888 -667 75 -956 250 104 548 454 633 661 -182 -328 389 -286 -703 -696 -917 127 235 -233 555 -1140 501 -59 -216 1090 453 -333 -18 -378 ]
[375 -101 -643 1961 -403 -838 -402 698 1143 -610 341 -1094 604 746 143 84 -363 705 -747 808 -57 -301 -222 -364 805 -480 -31 -412 -827 -173 -417 -128 -734 -1194 -89 224 757 1092 -273 -375 -172 357 -678 -334 -293 313 251 -548 -390 -239 -24 1044 1156 -242 551 99 1223 -67 1544 259 -155 -76 130 47 514 -856 703 -567 377 128 -198 -743 1182 114 -500 859 765 -386 -742 25 662 -983 -176 -489 -1030 933 739 -821 332 307 -82 -230 482 -1136 1207 -721 -875 395 -82 -426 944 209 -880 -456 -93 -524 813 438 -121 -102 -357 340 -1070 -98 561 -555 696 199 -225 947 749 -1411 -1153 995 821 ]
[-134 -490 105 -787 -41 -688 115 649 -326 -61 -595 343 756 99 -308 -192 709 62 -512 386 1171 1043 -825 1019 662 773 -527 -630 86 271 644 343 857 -562 92 347 609 -786 -562 838 -1029 -53 492 98 572 949 -647 322 145 -452 365 -612 -396 35 -199 -926 -417 -187 -188 423 709 603 496 69 -566 628 48 -475 -242 -535 764 -245 -3 195 352 -763 -1073 -12 -244 1137 -817 -68 75 -321 465 -361 -981 291 359 -170 -61 -228 -417 716 -438 1864 54 186 -5 -393 -377 450 1 391 -753 167 -198 -127 1297 362 -139 -378 762 51 26 611 -108 -102 -1253 218 -1127 -624 217 -768 5 ]
[-1335 25 -768 -287 -76 1155 757 225 6 19 366 674 348 -1351 -281 -311 1027 194 -429 271 -99 217 -708 524 -4 854 -880 3 259 -549 -28 168 -59 129 161 351 -744 11 -527 1425 -1006 609 1037 124 -22 -103 746 548 698 -143 159 -297 -799 403 -222 1097 258 -200 -1204 275 -398 350 -1338 270 -837 -318 755 0 -190 180 -765 -645 768 158 508 44 -987 -214 -459 1245 -55 1116 954 -149 -1012 -338 -1005 449 -557 119 413 1024 -938 178 -393 1077 -182 62 -46 36 0 158 -535 399 636 170 72 -56 -269 -195 646 -745 481 -163 826 -373 -616 559 390 -451 -740 92 269 754 406 ]
[-471 90 5 -45 -814 -209 782 -647 -311 732 -91 279 -46 932 999 193 835 658 498 -682 553 32 101 -657 -508 -497 423 215 -506 4 378 -365 698 -157 -457 -602 1235 438 128 -17 188 390 1424 325 -929 356 850 759 -275 -279 -216 1525 -797 775 1024 519 -660 393 -417 294 -153 -43 -315 553 -526 -288 -10 923 307 485 152 -167 531 -290 937 -391 -914 -276 -37 233 177 -343 276 144 295 138 383 364 261 -1435 917 370 -105 1435 734 845 235 1493 -487 663 -308 878 129 1067 1265 -859 339 -485 1159 -966 279 162 99 -641 -445 -74 -687 -751 601 -1014 -50 -1137 -16 -185 -551 ]
[1291 -799 -131 281 573 -982 757 336 306 -381 -152 -941 291 1193 -236 -19 607 49 457 493 -1297 1326 541 163 -78 -839 -660 -686 492 -314 -830 667 942 229 -302 160 1423 -227 85 -203 910 707 -1111 593 -994 149 -37 113 -78 -98 149 -352 -742 57 649 464 679 -789 -561 -583 -117 927 1252 930 587 399 505 -227 -496 -94 365 -440 1649 534 617 -217 235 -643 -6 -45 -427 -229 596 552 -184 75 290 338 -408 -1114 727 50 337 -1058 -836 561 17 341 442 193 -689 -308 569 -423 -818 204 -199 -339 -304 -100 642 387 461 441 -257 245 -436 -450 56 449 205 7 -288 -281 409 ]
[-80 685 -403 569 40 255 -721 402 48 71 124 -153 662 281 -663 372 465 -36 -1043 -693 53 -498 -30 382 250 751 -1544 -246 -435 -972 701 406 -573 -49 307 -187 -944 434 147 -31 -219 -165 -538 172 777 -413 560 -401 161 -271 -165 24 509 527 -78 -851 -341 1322 738 -456 -646 15 752 -145 -10 31 -26 313 862 82 -230 158 -9 -433 -862 691 762 770 -354 -67 194 335 -41 664 -500 -72 -445 -6 9 1547 474 -714 -65 -910 313 176 -14 175 106 -310 333 148 -367 -542 -259 912 330 -133 217 -197 -502 -408 -584 238 -347 -173 402 -155 606 112 1347 82 -945 267 1126 ]
[-891 24 71 -1466 481 646 -876 -714 -650 -2159 -30 -596 -122 549 893 -664 -812 -715 15 790 773 650 -429 -77 88 391 190 1035 -986 -565 642 -533 245 -556 456 666 554 -1145 130 46 -359 -189 808 -237 1122 -73 -455 -487 181 -283 -371 333 716 512 -612 -602 -39 224 229 253 594 -827 -628 -404 -40 844 -742 -116 -1000 -193 84 1475 -302 -697 791 638 -599 -166 461 -540 275 -173 115 -535 470 -185 70 -14 913 -862 -1050 -198 1002 549 691 278 -298 -208 -647 -215 -790 366 161 -155 -115 -853 -136 -127 1047 77 -298 300 676 703 -1349 -585 490 540 -469 445 -587 -704 432 233 -260 ]
[331 -673 -29 -423 -413 -221 373 266 333 -46 22 -133 -188 654 -591 -1058 -235 223 -185 411 144 1988 386 271 -42 -509 -213 226 -85 354 827 -96 564 489 215 255 -264 542 725 -394 35 121 -591 -196 -151 360 126 441 -419 -634 523 -87 732 574 -87 127 567 -699 -1082 388 293 816 617 504 144 -477 1789 -1374 636 -248 767 759 502 -371 77 -81 -558 -167 -219 528 -537 -739 -168 -992 1290 355 520 -523 58 -842 -683 -74 887 595 -398 677 -161 -694 110 64 -96 -18 -562 -248 -705 -143 -424 -284 555 799 -370 -988 235 -32 242 1055 51 462 -1124 -677 -601 209 575 -117 -86 ]
[656 -106 283 724 488 1120 -156 110 151 198 461 228 -407 -516 -622 -97 432 237 375 -610 443 -1382 739 -351 -287 983 -13 160 682 -575 -12 -580 -423 614 -358 -188 -633 564 -233 316 327 -114 650 -223 -1266 -134 -50 175 -641 334 324 381 1096 121 27 159 -332 38 143 26 231 106 -166 -307 761 -587 -749 982 750 -144 347 -585 -326 -30 55 -590 231 -43 239 244 -842 -269 -808 779 -261 -873 405 -205 -298 -300 272 369 526 869 52 -120 -468 562 532 -544 832 112 452 379 543 9 -470 -134 332 -115 -475 -423 -7 -351 -341 568 -62 639 228 -942 602 259 -211 -796 -239 ]
[-68 -67 1330 146 439 -129 884 -11 524 -52 -267 -133 674 512 763 195 -87 -689 -328 646 -554 31 -273 642 468 -493 138 620 11 -1120 -1051 112 -280 572 339 -1311 -109 -122 322 -429 401 688 -703 -312 -440 -1169 1332 288 -665 -148 -768 1188 -600 -311 -172 397 -611 -247 -478 1485 141 -967 -601 345 1021 278 -682 267 -103 -272 -793 42 19 -116 1139 -683 419 120 686 143 -42 -516 -268 113 338 147 -257 -114 -496 482 978 -163 -389 -599 -430 -239 -618 251 -15 -51 455 -335 168 -426 -389 -53 -107 -349 -755 -14 -58 -445 89 -414 -159 -442 425 235 238 225 -616 -934 -352 -50 110 ]
[68 27 628 170 -326 264 -989 -1069 -522 393 -291 -35 49 -478 971 698 -1058 -121 336 51 -1386 -404 -824 314 446 204 282 237 276 176 -29 -719 -335 310 -124 -616 -512 -308 27 -1140 712 -222 47 346 123 -396 -1132 -502 335 -372 -1559 -826 -823 -1083 -267 72 -21 -474 -498 -346 180 97 149 -666 698 1135 -662 -219 -60 -1032 166 300 -825 -63 477 -449 -160 288 910 101 -1267 128 -1977 208 270 -122 -115 -523 -161 -790 446 625 360 708 782 -541 583 -1519 -531 235 -682 -630 435 -218 461 -393 -162 -184 514 287 337 1070 351 -628 -624 595 225 -683 1161 -814 -4 65 349 -282 74 ]
[1325 304 134 788 -662 -843 -242 -110 -1119 772 -454 -180 230 71 -46 451 406 -568 -330 -1435 -971 389 -431 -268 -533 -894 -181 8 -380 -113 -473 -615 -738 546 626 -208 -184 -1029 398 -470 -196 -64 15 -278 113 -1122 -121 -220 434 -263 -421 -13 -1081 -1578 316 698 1284 367 -436 -298 -173 786 1072 -2 875 785 -514 126 -76 -427 784 -748 214 -949 -541 -756 -61 438 352 -448 -313 118 -998 359 147 1019 -312 186 -429 446 489 -712 -270 -377 -704 -454 198 -846 -596 -72 -286 -990 -228 -217 187 19 302 -609 -290 609 482 -206 339 -939 -1517 605 303 -584 217 128 851 705 -647 452 854 ]
[-411 4 -1061 -538 1648 -243 795 172 492 -515 631 -472 132 -72 -563 -344 857 270 1167 947 -127 -510 468 953 271 104 312 233 420 -693 -1092 31 -806 -484 -473 1399 -183 -1365 555 -418 -678 -54 28 453 -1116 -623 754 493 428 334 -1434 95 427 11 -547 19 -97 627 769 -6 -130 -1826 -752 877 -438 336 -696 639 -534 -832 -224 -595 330 179 -735 764 -92 -15 1851 -1634 525 -196 1038 21 121 -412 -126 -938 -597 887 -428 -568 244 -326 233 748 -765 -247 365 22 -277 -90 197 -437 -487 266 -512 534 -238 -296 -257 -475 238 126 -1323 -46 388 642 489 641 98 330 374 -178 932 ]
[1157 12 -887 -597 -54 1221 -254 -30 491 -837 -391 -135 -789 25 -254 -838 164 100 11 1899 -590 -65 -640 912 90 386 -1310 1093 -614 -595 716 371 247 542 175 -503 709 761 -420 -532 397 -104 -794 78 332 -79 -112 -566 517 646 99 1006 -203 -635 1334 -452 805 -82 320 454 -508 -765 -237 -755 92 197 -439 542 1210 613 -601 422 438 783 1457 179 852 -472 -431 204 280 -275 417 146 1361 -334 792 252 -103 599 646 729 121 110 -281 -421 -476 803 350 609 -897 485 -19 -181 120 -497 -411 195 -650 953 135 969 149 946 -370 -457 302 135 -526 1064 -839 453 412 -620 560 ]
[-79 -369 -497 -1280 220 -152 -278 -375 919 33 452 13 -35 363 -142 -788 701 351 222 257 573 459 -171 400 464 -1044 75 -769 -98 593 60 56 -85 -8 -594 1070 903 1620 -575 -551 -79 373 -651 468 1291 42 777 822 278 540 -560 -961 1164 855 -77 -238 -333 329 381 -268 -125 -503 -602 368 -41 -1354 605 -1008 -158 -235 -1089 819 -333 241 -443 724 781 -545 -379 -1386 -317 -524 440 -635 352 166 422 -392 -165 262 -206 185 303 -1054 -396 -51 -506 -830 -310 435 -561 155 -261 -462 -35 -118 -506 -283 -300 -1055 -456 -450 -297 916 1334 625 143 -634 16 -25 666 102 139 -165 -665 ]
[98 -184 673 419 -1272 -985 78 117 320 1375 -449 -200 1145 538 1012 629 -719 -670 153 -1005 169 1118 30 -382 -311 -1179 1194 648 -889 513 169 -93 111 -228 -333 -71 260 548 -842 -210 372 252 -396 79 -166 -228 -346 352 -686 -334 -256 342 -35 -477 -837 874 -312 -502 92 -171 -179 532 -590 465 -457 -160 292 -105 -93 -494 602 320 -169 -758 -614 -144 306 -439 161 -164 686 -961 -771 -114 37 1376 793 -75 90 -243 25 -373 -967 587 413 -476 746 -258 -931 -12 623 -320 -400 -439 302 -684 -258 -376 511 -156 -1173 -320 -963 -669 1000 556 -100 -342 42 -53 835 -809 -373 1260 -898 ]
[-41 -425 103 618 47 -18 -158 -1022 -56 -19 -1465 0 -646 831 -767 233 -208 -386 508 206 -779 -58 -215 173 -99 146 -81 32 387 439 -390 -608 107 -39 -915 457 1150 -425 -616 -47 471 -1122 661 -316 512 -1002 -312 550 -896 332 -244 418 -116 -48 1124 -31 528 -393 -55 -86 41 -19 437 -1028 -203 -534 322 -238 1143 -583 248 724 -98 91 -231 55 157 -216 108 -441 -404 -82 -141 496 -555 -366 259 -816 65 -634 -295 675 1757 -659 -82 -264 616 -93 -481 305 -288 317 708 12 -537 1091 64 -498 -67 -22 1330 973 -386 995 -197 1045 820 -500 47 -382 631 -329 1185 132 -841 ]
[832 168 63 -1006 423 303 -835 -587 -113 -43 -350 439 -982 173 268 -170 -74 -1243 -92 478 128 507 -765 -1106 -59 1186 20 819 -579 -91 658 -506 514 -322 364 984 -672 177 373 407 -184 -517 28 517 259 -921 487 137 240 103 182 -293 272 -354 -1228 -327 122 753 447 -94 -610 -477 -994 -170 88 -346 -314 456 -181 491 -204 704 -272 698 -1148 -425 439 1056 -385 -399 1200 554 857 -141 656 -512 538 167 507 383 -158 -120 -774 99 47 95 304 281 66 631 -310 -594 660 469 161 403 -1686 27 16 722 -1585 -454 118 371 -880 -555 -120 223 89 593 313 1238 2080 656 -721 ]
[1223 573 564 1211 -1224 424 -766 -136 -330 -696 -382 -533 -144 339 -291 499 306 -18 -4 101 -1343 740 -851 -370 765 41 -11 -40 -413 -683 -402 -576 -907 40 -491 501 161 464 400 306 298 -135 -1217 218 -50 -285 263 -875 185 -1017 82 540 285 679 273 361 1171 372 -249 -160 -526 -387 626 131 1168 -667 205 726 74 499 -255 1010 405 124 346 503 861 -341 -153 1130 -242 -295 -810 1494 -74 577 73 593 -602 610 -261 1123 156 -870 209 -1406 -662 288 -213 50 43 268 439 559 234 -390 -42 356 379 130 486 178 -465 -362 -174 54 354 -329 -115 79 780 366 -673 -42 -24 ]
[-760 -536 -1219 -781 557 568 17 1027 481 -274 -450 -396 -320 39 908 -754 -297 -85 170 68 643 -708 128 272 -99 -448 552 383 3 54 -230 -241 -950 -477 104 721 475 -20 -598 624 -410 -794 -310 -364 1101 -287 -1231 -538 194 -4 352 1266 1600 100 -127 709 575 -653 722 491 486 -1048 -1411 -479 -693 485 -507 -19 322 1 282 -268 -269 29 -626 133 -2 -521 -21 -499 -953 11 651 -528 138 -315 4 -993 -183 83 -634 30 686 -31 189 -18 -672 461 95 -433 639 578 -714 -1087 -225 -215 -206 -919 -26 -881 -461 -982 687 744 -328 -653 -79 1032 -265 199 75 -101 535 294 479 ]
[848 209 528 -835 404 246 321 -733 -693 -602 -391 -563 -568 248 -622 -129 342 -864 -1129 162 -463 420 177 -509 459 185 -595 -7 -1121 -1139 -680 750 -608 -771 721 -782 -282 -1244 819 210 -821 -1321 -19 198 -1158 -768 950 79 309 938 69 135 -445 53 -322 -763 213 1971 67 1239 289 -723 465 -294 361 1171 -865 178 -265 -399 -1397 -712 -345 -540 88 -169 798 375 1039 -1065 -144 -199 118 568 496 -285 -421 230 -44 768 58 -357 352 -231 255 758 -360 -139 -144 -653 -119 -263 16 -581 28 348 -1298 49 131 571 -799 -817 -166 -1042 -1446 209 563 -645 83 111 -132 -196 -576 -270 494 ]
[-529 -177 -405 -864 -73 -631 -413 123 160 -390 -903 946 66 -312 123 123 -626 5 468 163 695 -454 299 699 -282 334 -435 277 -699 -795 -475 -857 -311 362 807 -623 -33 676 604 -805 -540 -244 1007 -586 -115 12 48 532 -73 -18 68 990 -207 590 1074 -678 99 565 165 -206 -788 -660 269 -1190 -237 14 -79 -158 1270 -15 -117 269 7 -709 355 -477 102 -206 -556 149 -786 1135 7 -802 222 243 -857 -478 254 -88 445 -90 -443 1832 589 345 -499 1472 -830 -113 323 1026 -304 883 1273 181 -318 -424 273 -563 611 -19 157 245 -914 -383 -80 139 471 -141 -756 -286 -399 -1077 -570 ]
[-216 -229 787 -64 -274 -164 242 927 1081 784 622 235 -473 835 -709 -688 -574 -481 458 -412 755 -215 140 -28 -75 -495 883 426 315 -453 377 97 184 51 18 46 413 1322 -212 -520 215 -77 262 -227 156 -421 935 1202 22 -11 455 871 548 -277 393 242 -459 -339 996 918 -654 943 -85 -479 -82 -1182 402 -145 881 41 324 -318 -237 -944 -535 -619 72 -953 -198 -856 -253 -1258 261 -448 344 636 -158 532 158 -1123 -871 -547 -197 306 -514 -883 430 342 -72 -456 711 93 33 392 842 -899 65 17 435 -86 -477 454 -459 -305 797 95 -197 696 -330 -927 778 -285 -239 -308 -753 ]
[130 830 -363 144 833 932 -899 223 -752 665 479 76 546 306 277 -121 -11 325 310 371 1446 -859 255 499 525 -430 -602 196 -184 -861 186 511 -122 -230 -131 -440 331 -255 -1030 199 269 -252 -65 1085 575 -207 -927 347 607 79 -404 281 334 1030 315 -1051 -886 670 -75 -342 163 -426 -815 -80 -732 479 -803 -317 813 410 -557 764 -723 -1079 -591 920 487 73 320 -651 754 -45 1045 774 -495 -270 -684 -417 98 669 -348 -347 626 -86 910 864 -38 673 131 141 496 546 -70 -31 -364 -572 331 431 300 -645 -1262 526 290 1317 -348 -42 429 173 356 -765 315 -812 52 -873 549 ]
[391 -807 -142 164 -967 -381 243 780 418 404 -1177 214 469 240 93 350 781 -152 -200 164 -1465 81 91 516 -653 -242 -127 -122 -33 410 177 -405 -1513 251 -268 -409 25 -602 166 -718 -747 -514 300 -552 -250 -1361 -274 -337 -859 -1262 -342 954 -964 -328 -172 954 1010 43 34 585 -724 14 1048 -512 848 -706 890 -357 522 -1043 -94 -647 -63 314 -380 -469 15 262 -439 287 -322 -171 -778 486 243 883 103 -638 -241 -120 715 -676 730 441 -164 -60 -243 152 1021 -328 485 -239 -318 231 -593 -391 -558 -422 195 62 570 345 -332 154 -717 -376 52 -310 246 1070 -99 314 -831 -362 -1041 ]
[-914 -1214 144 -286 321 985 683 -80 -1126 195 -448 27 -736 134 -594 92 410 133 19 1075 1490 51 640 469 -866 -305 -140 247 -570 -185 662 370 384 -840 -245 56 -139 100 111 676 -480 -211 340 451 -1160 44 -138 -423 -893 889 -41 1 -539 426 559 -395 -319 692 -4 -275 281 -425 -757 -364 -623 -830 -40 189 -417 55 -170 -200 27 291 882 338 -770 -327 246 493 -556 1027 563 438 236 -141 448 -1256 -172 -15 155 162 370 232 142 937 452 -20 -129 -37 107 -329 581 -181 -334 708 -239 47 -301 566 -749 -162 196 230 -331 1065 -876 -267 763 -850 -481 -682 537 240 430 ]
[741 -862 736 -995 -913 602 294 154 639 -10 -74 -591 431 706 480 -338 -488 -380 868 770 80 -202 -512 299 -234 -522 264 1317 -759 828 990 -82 -546 434 -9 -11 55 776 -203 -445 918 -234 115 -414 607 -1029 -709 -1074 293 -309 -652 714 251 -595 785 -80 966 -852 453 22 83 138 -375 -355 221 -510 -453 497 240 158 -473 90 -219 -265 837 -301 709 -161 238 67 -94 -1337 247 497 636 783 1377 407 -369 -1253 -165 -159 237 1424 -334 -943 726 191 -576 -912 -387 90 -574 -809 1129 -1265 499 -121 306 428 -310 1008 -769 -339 652 -755 -432 -389 -311 -631 166 -135 -1225 219 -675 ]
[90 -628 -1166 323 512 -96 255 363 -648 460 -176 -65 -727 -328 1499 171 625 -444 411 -357 -145 621 -537 -438 68 368 318 -46 -943 -1233 -115 205 -533 -1020 51 139 -386 -545 821 1803 -320 -275 -61 239 -1124 -53 651 787 523 -177 -867 1704 566 87 -312 993 -446 1382 -565 -57 -596 -214 -294 1073 16 236 -196 256 -91 395 -132 -1007 922 -1039 -95 337 -520 385 495 236 -207 373 630 -724 112 85 589 -368 -256 1557 623 84 -860 244 23 640 -378 119 -682 650 -439 -253 302 -89 713 67 480 -1784 192 -75 449 -1345 667 -1023 -1267 -489 168 213 612 37 897 -411 169 218 962 ]
[1142 597 -637 781 -507 393 -484 115 -595 212 -121 -831 -143 -236 98 501 122 -395 -663 217 -791 1098 -906 176 -165 415 -491 -490 -99 41 16 -263 -54 -193 682 -88 -608 -633 489 -457 201 320 -305 252 657 -199 -769 95 838 -632 1177 -447 -780 -482 -1170 34 1225 -503 -1022 624 -788 510 552 230 319 910 245 -165 -369 959 -559 333 -165 -318 -253 359 -265 269 72 644 198 -124 -162 909 -124 492 -686 262 -216 -8 58 194 -355 114 -182 -77 -460 -317 217 1243 -926 -1019 -441 -392 462 -21 118 -294 -60 638 -678 398 1224 113 -255 146 514 -805 193 236 512 1514 -109 -172 630 ]
[-575 -647 -707 -366 -114 -398 -609 672 -1021 1068 184 794 685 -459 1056 -328 337 1021 -251 8 1171 -138 -752 -70 153 -397 755 -866 35 692 615 -160 592 -764 -199 -1026 387 255 451 -1025 -700 673 -71 440 53 734 -121 94 541 -461 142 -212 -977 -162 462 -385 309 -327 319 -188 434 -20 258 -185 -936 455 664 -297 -938 348 347 -317 447 230 155 -93 -1311 -128 -68 -48 -440 709 -1001 -690 206 151 -750 -217 988 30 567 -479 -1056 -299 522 647 -41 -54 -546 1089 -745 -449 95 721 135 -11 347 231 123 -173 61 -155 -144 -34 -100 -278 -383 -247 -44 797 -358 -137 136 -154 329 ]
[-241 -516 788 -273 -39 -176 569 227 315 -88 -726 -760 380 847 -303 344 -497 286 90 -1040 1807 689 518 354 -94 -833 101 185 -636 -4 -198 -32 641 -108 236 -574 718 -890 -367 363 95 -245 906 156 85 414 -701 739 151 799 416 122 -155 859 23 -694 130 319 -243 -217 707 -59 -32 140 105 9 -1552 158 -76 175 304 -78 -611 110 -65 -398 1122 38 146 293 119 -651 719 -55 -52 145 -270 370 -167 -1078 -669 -1713 80 930 -483 762 -322 813 -506 -839 816 943 106 -64 -81 -123 -223 908 210 -953 -39 632 255 -108 -626 -303 8 388 -690 5 -948 -1584 -777 -109 -269 ]
[-616 1080 -1271 -822 -185 282 140 240 -492 497 128 351 703 -19 369 -160 589 -407 -53 -566 -354 847 256 376 690 105 -212 435 -440 39 939 1004 385 -305 498 169 -271 -656 -232 1057 -334 -225 29 -175 285 -130 -289 -29 -120 595 308 920 -36 783 -821 690 -584 146 -506 294 -841 215 -504 360 -365 225 -152 -706 581 132 -728 -625 129 -163 -1014 -264 -550 32 -118 727 1181 212 733 66 308 562 301 -303 119 193 368 31 -592 433 44 452 -773 -3 481 148 -733 -1020 -843 -261 -363 -345 -174 -830 -504 130 -221 -378 -37 -250 313 270 23 79 -311 -150 60 1208 146 593 -614 ]
[-503 -705 431 -133 -492 306 1270 -287 292 -174 600 -470 1466 319 870 -619 -18 -762 -299 322 171 1337 204 -215 -692 -307 223 -148 -306 13 50 -798 601 11 -525 259 1146 174 -456 116 644 1608 696 908 -878 323 1118 186 -517 -1166 283 -995 -167 851 372 386 -742 -307 -931 1008 -324 -700 -236 -361 -878 318 -163 -75 -1267 -254 -398 1160 526 803 211 386 -79 -665 460 41 -439 -458 -361 502 1431 -155 263 198 -841 -986 -117 588 -468 -107 -255 877 -469 -205 -1048 -128 -905 662 -555 1039 26 698 -83 522 -530 169 139 325 -25 -100 536 256 66 -328 -597 -131 726 164 608 -554 274 ]
[-276 -55 -791 232 -1252 -380 446 -403 238 -1222 -822 -686 272 1341 457 -1009 1277 219 -658 -294 153 -238 -77 -13 1527 -1800 -572 -1286 -288 333 375 -49 311 -1210 -611 -607 1395 37 -515 -453 100 -488 -249 123 225 812 674 -919 339 -78 -391 1139 -191 410 448 234 177 1015 627 -159 334 -300 -743 546 321 -718 448 95 -590 123 -558 -232 1022 378 -188 -31 741 -1274 -252 -643 -361 -945 57 176 -434 -361 -6 2 177 -33 19 -86 1063 -1133 -254 -285 -248 -804 435 258 302 -257 195 119 -250 -430 745 -256 -133 -886 1330 425 239 -272 205 46 -301 -631 -545 149 1252 -971 -793 -177 -341 ]
[-297 680 770 462 -599 950 397 -697 -206 768 155 345 514 -284 -1030 -431 -418 226 -1137 -892 -154 -825 405 -534 -571 255 -515 -462 -22 815 1020 -608 232 871 743 -287 -404 0 -138 -602 -244 -173 1046 -392 179 382 674 -727 -430 -245 -306 528 75 -740 -304 -298 464 -374 483 476 441 407 193 -285 -495 -41 983 301 473 26 570 -145 -552 -537 -17 -869 -736 -153 -653 -466 -636 -259 -604 91 322 -768 -132 1284 876 -517 201 -418 61 223 -348 765 -26 891 587 369 552 982 -232 383 484 -257 338 -77 857 -253 288 -188 -538 6 233 -752 23 467 -976 -756 -473 -143 -15 -342 -551 ]
[997 -637 46 253 -208 -565 384 -410 724 -466 -512 -680 -392 873 -194 -334 1138 68 -26 193 -360 776 49 -223 336 -956 251 391 174 -131 -148 154 132 -686 -1485 11 235 -101 -9 205 123 34 -115 450 -1772 121 1368 488 146 -595 881 366 201 223 645 -703 -321 78 64 257 491 830 535 378 -293 -511 1062 -588 1145 -360 352 -97 333 -87 518 -420 -85 -5 320 -566 -416 -1103 -497 464 165 -56 478 -512 247 -1299 118 450 515 -510 304 826 1109 -1413 276 -80 -219 124 -244 147 -201 -145 940 892 370 581 365 -344 -534 -393 -85 993 -526 -737 -2 -1201 635 -608 -833 362 201 ]
[578 -607 -359 452 -1200 -380 350 -65 -503 288 846 687 -138 -98 -1076 209 847 668 -137 -486 5 477 844 404 -101 -688 9 351 320 -106 26 -372 -1463 398 69 222 -1114 -69 481 -106 -256 -465 -442 -262 -1679 -525 430 -360 -229 -34 -950 -199 -360 810 304 999 688 579 21 -1031 641 -1036 -62 692 30 -1362 49 665 -946 -153 1 132 962 168 660 -60 -3 -381 -403 832 61 630 -211 246 -53 1 -106 -1263 -609 797 -245 -479 -140 292 -421 52 -418 -219 -328 -118 -50 213 365 883 156 -22 388 810 -919 -241 508 -580 101 -593 -308 402 252 -180 -232 -321 -944 487 -883 -281 -429 ]
[-160 127 93 330 -682 -182 24 -429 173 -660 237 -162 -360 887 -86 -518 22 467 -275 -42 -1737 589 -765 223 592 -136 -275 -409 29 -1342 -982 296 45 -659 -528 -121 656 602 701 328 452 -177 -1154 216 -240 -195 1100 177 -284 -844 -715 -8 298 134 -316 -55 -351 -83 -187 426 -245 474 -53 765 778 107 1601 -1133 -347 544 182 44 346 63 623 512 233 -591 -640 263 145 -152 317 -387 -822 -286 -104 883 336 121 -42 610 -173 -748 1102 -934 -113 -46 706 523 -199 179 328 -420 410 -263 -8 439 49 26 1095 469 -302 -403 201 -1334 357 254 324 -310 -212 -580 484 230 676 ]
[-402 1760 612 431 -450 -1066 40 -132 422 -228 -310 -178 1533 -245 677 190 -1005 -888 -20 -437 -351 462 -826 -783 239 -273 367 -418 163 854 -263 -681 1076 760 1004 -1149 -316 -507 357 497 230 862 364 -842 342 -217 451 1135 112 -121 -293 -478 -761 306 -859 328 464 -70 -359 -635 90 229 1111 238 -660 478 -705 858 -1508 -40 -792 233 665 -177 -566 852 308 1391 162 257 567 675 486 -697 502 974 -509 -395 -1002 455 -559 -519 -1418 1097 -652 496 -213 442 -787 -84 -569 -635 -1005 -50 -437 261 219 69 -687 -700 -443 -600 47 -365 509 -1190 546 -627 1033 526 -418 200 -341 718 174 ]
[-929 -631 86 -1143 467 1193 499 -190 -926 -492 154 -642 -800 -160 -578 494 -489 -715 843 330 -243 1148 -674 750 291 831 286 -57 330 384 -663 -132 -136 111 -1247 -20 -108 -293 977 -161 -87 -1299 -1443 -67 84 84 -82 -555 -202 392 -319 -725 562 420 87 177 43 265 -854 7 688 -764 -279 -279 -1039 -467 -638 -336 -630 329 -1047 1000 -468 51 760 323 36 -533 -317 1448 -555 702 -331 -180 -9 -774 141 -738 -359 269 81 1693 161 552 759 -1379 -336 -401 -619 731 179 608 1238 -99 325 649 -693 278 -594 -149 200 317 423 -348 421 0 -718 288 -130 678 -15 1024 867 -1064 -392 ]
[-236 1006 -1490 327 -373 -823 280 1305 106 1396 -380 451 274 344 691 -181 -116 586 602 -1540 -1404 -646 615 406 -5 -975 155 -1588 21 1009 51 -395 -388 199 -1719 -124 -375 455 212 -214 35 -125 -510 998 4 -90 138 -113 -119 -668 27 -165 862 -338 -90 314 595 -106 953 -1207 2 468 1394 474 -1264 -157 631 -628 417 -449 1074 -524 718 -282 -1324 682 -871 -323 -466 306 -882 629 37 -679 164 -300 447 -1115 42 249 865 -196 -521 -519 599 664 41 75 39 603 -292 180 -641 951 -131 225 -132 -455 -383 -509 1123 -598 297 319 38 -1598 -572 -350 970 408 401 339 -488 76 781 ]
[-370 1653 -568 1333 -489 601 343 -27 96 147 -184 136 -261 -6 -88 -398 392 980 -279 -27 -829 -203 444 703 465 314 -449 -1414 -360 116 11 1124 -1118 -43 -567 -319 -97 47 -471 1 372 176 -924 -389 272 120 575 -722 -72 160 -511 463 687 176 -21 227 176 237 -499 -204 -767 -613 1207 76 66 -177 496 -392 463 711 -1310 -195 148 244 794 659 -370 153 -327 1109 548 166 -472 409 110 401 135 -851 136 1565 1107 -37 67 -975 1040 -358 -1689 -438 635 1086 -60 73 -6 427 490 501 -207 271 -1081 445 444 922 -257 463 1084 -1208 349 -368 69 43 680 569 -799 -1028 837 ]
[-1045 705 -1065 -393 1031 -676 -215 1297 -1150 515 648 710 1514 -464 966 302 183 368 -13 -1028 -119 1100 411 -182 600 -106 604 -830 291 -184 -1195 -759 815 -457 -190 472 654 -410 94 611 596 -176 193 882 115 -209 -327 32 -502 -884 -1103 -251 288 709 9 71 -719 116 -186 755 -567 44 62 -255 -177 731 -685 -242 -585 -72 -1274 -520 -1073 124 -1069 295 -1187 -594 631 193 16 1121 508 330 -280 -109 -604 -239 -834 322 233 150 -592 753 1235 291 -602 863 -73 -233 -141 24 -811 -139 278 -262 -894 -835 -513 -94 -1043 68 248 244 -445 -663 633 99 1317 84 95 264 -209 -16 501 ]
[36 319 -1081 -44 1148 -704 -221 288 -218 182 915 -670 935 55 684 281 376 150 187 -182 -178 3 -123 -510 320 134 940 -1139 366 552 128 -497 -232 44 -664 416 1489 56 142 -72 -1046 530 -700 288 -275 249 -19 -72 -583 -206 -192 -73 168 1179 -237 1048 28 566 246 258 605 -353 669 -93 -267 35 468 -475 -1079 246 -298 -1053 65 841 132 1396 -403 -255 128 805 -869 -2 -169 -1066 -534 373 209 -1113 -418 970 -654 864 -347 -594 116 -261 -458 -127 -618 978 152 332 -173 -55 -299 271 31 -352 -769 -583 -424 184 -476 -973 318 -698 70 -204 1162 1535 516 -200 -533 -398 580 ]
[-1700 1001 -504 -953 -786 546 -580 -133 -816 -642 788 447 -745 -197 142 -325 421 27 158 373 -202 800 -555 -13 325 460 -103 -401 -940 -442 112 119 -476 -214 443 -687 291 667 -409 -76 -70 -353 -95 -205 259 -256 1018 -375 421 -354 3 632 -323 272 582 -464 -483 1485 -114 2 -1409 -1482 150 -621 101 -301 -741 374 259 162 -1054 384 -220 -55 -687 -252 -572 -368 -1342 -43 649 634 714 -1041 1846 -157 20 339 -639 937 85 327 -583 -113 683 -985 -1065 446 133 -632 -739 488 374 717 781 -240 -678 189 -470 -3 549 -4 116 -305 377 -1101 -182 273 -459 349 223 1132 -16 -532 -529 ]
[279 609 344 85 383 487 -423 -863 447 -1176 1673 -635 20 224 -60 -1495 -268 -649 -992 -167 139 -750 -202 -830 -300 616 532 173 647 718 603 -508 534 688 212 544 49 619 195 218 700 61 550 -550 1159 403 220 -137 -492 78 838 -512 1302 -1196 -382 83 -79 -681 1571 339 523 441 -280 -514 960 -328 -475 -105 -945 19 784 133 237 36 -637 633 382 51 -13 -173 -456 -493 -6 -309 -115 -340 972 267 561 2 -699 -760 461 -27 -593 -622 -243 -732 685 927 -456 -690 -133 -1162 -662 148 256 -948 212 995 -59 183 635 -340 331 238 -636 375 -1034 308 763 536 1423 -154 320 ]
[420 -1052 -363 153 396 698 377 1240 903 -194 622 -151 -96 -660 130 -642 356 649 11 -856 513 -222 749 1081 -474 372 210 941 -344 -1269 -163 -758 -1266 -858 -1741 1963 45 194 -381 -45 559 -524 279 1245 -88 -483 588 -157 505 -524 877 -714 430 648 -471 -142 -78 51 575 -834 -131 -531 -1220 1006 -937 528 -705 -174 366 -129 158 1052 -242 353 219 747 353 -1528 -74 -424 759 -498 -356 745 -672 -55 359 601 -56 187 -79 -5 651 -438 661 481 -563 -283 -236 -1292 1153 769 770 -295 393 -104 -162 654 467 -489 -297 908 -134 56 238 -42 54 -190 -816 582 901 -104 -999 271 485 ]
[-231 41 371 -10 -328 81 692 -231 966 -409 291 -537 104 -376 259 -282 -857 -661 -347 314 -1495 869 80 443 -529 -228 380 786 431 -266 248 593 461 312 233 -345 974 -677 -682 -832 481 361 578 393 -68 456 1260 440 -330 573 454 -302 -1193 496 -508 370 -355 -217 -1006 762 -970 483 578 -135 1025 376 73 -439 226 63 -845 796 -563 916 -521 317 744 -636 98 63 45 -941 -160 -3 893 1441 80 1387 495 -280 -250 363 -406 662 -925 -667 110 571 55 488 -916 -71 -73 -340 -332 -326 -870 -91 552 582 590 1002 -575 -579 -497 646 822 126 -1159 779 -562 633 401 58 -1378 ]
[-1152 93 -1365 529 -255 568 596 -197 -674 -26 355 133 -809 -103 -1124 482 -212 779 55 410 567 11 366 737 -1008 -6 -840 118 -374 -345 -592 540 -138 134 744 804 11 152 -1244 -304 -898 -166 -11 -777 992 150 164 -758 -360 638 -607 358 268 756 234 242 722 571 -597 -914 -777 -1163 80 -528 -641 63 -443 246 -248 861 -678 519 6 -35 -102 773 463 111 -1590 1028 -55 1457 695 -62 565 -76 -477 -729 -569 699 304 -36 -935 -266 401 -593 -1265 1129 -282 338 496 639 280 549 306 738 -429 843 -1719 -570 181 -178 133 642 -21 -285 -255 -185 39 264 -153 973 451 444 683 ]
[-1201 359 -1055 342 -758 225 540 38 -730 468 -596 133 484 -76 325 43 -701 -727 883 -876 142 -1345 -99 -36 -694 -1273 145 -538 277 759 -426 -555 -332 287 -577 -462 99 -249 580 111 -1452 -178 978 -250 -185 -1120 1335 31 -359 -737 -643 189 -148 -688 214 169 989 -47 -205 -422 18 217 -216 197 -1333 331 250 -951 -55 -121 1332 -795 197 -689 -542 -79 -406 -13 -97 227 -1284 614 387 -706 -818 -23 385 -650 553 -152 61 -246 -178 631 741 -57 693 532 -245 318 544 202 -520 799 815 635 647 -192 693 -553 454 48 13 -576 -628 -1003 -698 725 1372 -68 369 -363 -547 273 25 ]
[1518 83 109 -131 689 -548 -642 327 -151 79 -231 28 348 681 399 -400 15 -556 -143 -10 -350 -248 -323 -656 -267 -901 -270 179 373 -22 160 -751 938 -284 -192 -828 275 968 463 -827 426 732 -840 854 -1298 640 157 -226 -631 -80 302 447 -19 -17 644 405 -181 -262 207 -60 -107 397 66 351 90 -147 777 529 -339 612 93 754 -90 207 736 -459 101 -531 249 -518 -879 -466 -1045 378 189 127 449 363 311 -830 1290 789 -38 -449 215 -668 103 47 -502 -106 65 -283 793 224 771 -494 -394 258 593 749 -500 170 -309 -1131 -274 351 -913 -65 -167 -601 656 31 -1010 -419 -918 ]
[-97 277 -971 -759 618 102 -65 92 -915 350 -507 -502 -509 -699 632 645 917 -375 -69 342 -611 -766 -688 -351 428 785 -939 -1038 -231 22 440 -70 -397 -615 -468 15 -280 -485 176 -26 -955 -288 -804 836 277 625 -705 -635 485 360 -751 830 267 237 -471 444 199 790 338 643 316 -903 22 790 -224 513 -237 1210 46 770 23 -180 -221 -434 -685 537 152 1089 610 -762 -344 -953 363 -447 125 -434 -81 15 -188 2339 387 744 -392 -750 196 180 -351 -240 -18 499 -128 -124 326 -330 -229 71 564 -1147 496 -365 -293 -486 283 -858 -1252 -247 -276 -323 10 701 563 -143 -94 -925 1138 ]
[561 796 1163 -1008 618 100 -185 -1320 17 785 123 -46 408 -775 526 195 -623 -1213 113 445 394 -556 248 -1205 -37 869 996 468 -453 980 1062 -102 36 519 1217 194 323 -345 -992 -14 51 141 713 -46 209 -218 -723 762 590 464 -204 -1171 -275 251 -409 287 -433 -215 457 -77 -128 -764 -543 -637 -476 530 -1344 865 -568 150 -794 842 -511 -128 79 -228 1184 1592 586 -1054 649 31 440 -557 556 396 251 50 73 416 -952 -260 27 995 -372 673 -12 660 -1098 441 15 -143 100 66 678 396 264 146 -319 -62 -754 1082 -904 287 -109 -430 348 -185 -138 1506 -312 -170 1024 -356 -147 ]
[364 427 521 547 689 -645 694 810 -67 334 278 -235 763 -1 130 645 -438 -400 -397 -970 -195 -1091 -253 -186 -526 27 270 -156 207 722 -839 620 -193 399 -644 361 964 -460 -303 53 -977 802 444 -130 6 397 -46 -507 -327 -108 376 -784 -1116 123 -135 655 214 8 -224 -581 -518 -90 646 -330 131 1485 -5 151 -672 939 509 -299 -69 64 -67 374 -473 39 179 539 -57 18 -346 0 -707 502 -464 275 475 672 -419 676 -654 -306 101 -642 169 395 -360 -97 99 59 -494 685 -58 1374 -650 14 513 -185 -412 849 -463 249 -816 -515 297 377 138 1321 429 58 -440 -324 -77 ]
[153 140 -740 -1563 -281 114 -229 797 -117 -622 -186 72 -353 -317 -54 -525 579 297 224 959 -1198 904 237 294 -52 388 -137 297 -353 -237 766 82 339 670 100 960 -1223 -175 614 137 -115 182 -663 136 16 -729 248 165 352 -455 545 -401 481 928 -416 -331 222 -597 -257 165 362 152 647 72 -917 -545 1281 -169 424 376 -302 465 193 6 -177 1111 31 984 443 62 -145 -192 -258 311 418 322 630 -677 281 180 -643 -471 -855 -168 -431 1378 123 -90 214 81 -1197 -392 -636 -115 -1049 342 390 120 35 460 75 -1053 -517 931 -23 284 -223 -598 -340 -509 -587 1075 751 1111 303 ]
[-320 170 -452 -996 1030 -676 -332 665 808 988 -42 99 922 478 -632 144 100 -347 -478 -184 -211 771 -236 358 -437 -538 -784 365 -367 -189 -906 -85 118 -13 -274 629 659 -306 -35 77 -1093 699 -169 157 910 -820 230 -52 -769 587 -627 129 -177 -590 221 583 544 -531 -470 270 423 -52 69 -132 -1189 409 -86 39 -652 284 -190 230 716 108 -72 688 -497 279 -389 -198 -253 -67 330 -65 -216 649 -345 -96 -152 445 342 177 -684 -1194 -569 403 -86 1000 -909 -95 -971 750 -252 -346 -418 410 -51 -7 -477 -334 15 -780 274 1258 -153 19 209 332 143 1363 -594 169 -104 259 -248 ]
[969 -438 504 -251 -171 -767 182 -545 280 -216 -1192 -23 -153 641 45 282 456 -1634 -235 512 -483 342 31 -549 286 723 -267 385 -310 -624 -463 -116 -556 -531 168 -31 -152 25 395 303 -629 -858 397 -391 -1740 -562 -243 752 -438 310 91 900 -242 217 279 1241 772 431 516 813 -18 -176 -775 -280 470 -89 27 -165 -882 -376 45 -752 676 -61 -45 -675 1193 582 613 -511 424 99 964 -19 -1019 510 796 -250 -156 421 -212 268 223 289 -183 -370 384 562 -507 -237 -224 -783 -400 -901 829 1088 -287 -1097 349 1094 334 -416 -605 -997 -1312 521 680 -328 695 590 568 -21 -352 443 -398 ]
[-644 949 557 1438 151 186 484 -230 -630 141 623 -301 140 761 -276 1131 -250 -278 124 -2195 262 -83 228 -1808 -955 361 -475 -720 -111 620 -337 -4 720 534 -479 -915 419 -531 312 197 -545 -363 761 -693 -1036 865 1093 414 -679 960 -32 579 695 708 -690 691 552 -31 91 -641 628 -199 678 645 -361 599 -1425 802 -1099 150 673 -722 651 -424 212 116 -440 378 -463 287 -47 250 73 112 -712 -78 161 -52 -133 -433 190 -628 552 -323 730 -643 -579 1015 -437 -8 633 -17 388 1069 126 700 172 220 -3 -917 105 449 574 -654 -639 -513 24 493 15 313 553 -748 -526 -83 -337 ]
[171 210 -879 -406 695 -497 -1539 528 -76 1282 414 913 -9 -21 236 862 -99 -306 992 -650 415 760 -1080 166 224 -12 836 998 549 -532 -708 368 1505 -762 549 259 631 -147 143 283 268 331 -229 1093 -15 1016 -1327 1419 723 739 333 -902 -179 -394 -140 -36 -794 419 -289 -841 -21 886 -413 59 -953 1012 -405 -177 -394 -31 -792 35 588 770 -347 546 337 -202 550 -228 682 1735 -320 661 224 379 -557 -21 -54 393 47 721 -989 1005 34 -168 -38 -466 -474 61 -876 -53 192 -476 -529 151 -873 -383 62 431 -372 50 -362 528 -252 1354 -53 -204 168 -109 418 950 368 -396 -419 ]
[-592 786 439 202 -330 798 -635 -389 -1002 -201 473 128 43 484 -1604 -149 82 55 -499 318 1636 458 951 -273 -415 -633 178 -226 397 518 566 164 4 379 393 -104 -464 927 -599 1394 -272 1065 49 -954 325 -76 -156 193 376 604 73 -506 110 1237 11 -281 -97 -167 -1025 139 -41 -282 563 30 -513 -245 526 -79 -453 -92 -249 16 197 -604 1150 64 -270 519 -837 840 567 845 97 -86 -646 213 393 -85 -41 -399 -378 -561 709 542 1004 781 -452 708 -53 -35 -128 -92 -1061 1100 716 53 693 264 -31 413 -360 131 -358 770 1182 -216 -199 526 122 -368 -1197 -83 -799 170 624 ]
[-919 39 506 -787 958 249 -843 662 -243 -112 -195 344 -1318 194 -173 -447 1370 -543 62 29 325 839 -827 -210 1198 876 44 208 644 -1239 -298 123 799 -966 379 425 148 -62 222 877 -267 -721 -11 -35 -584 1068 -83 1295 182 760 -474 78 510 37 -1246 -426 -1192 459 371 58 -1087 -203 -952 406 793 405 109 11 -418 -264 369 -766 93 -155 -205 -650 -1167 -244 395 -589 -33 1022 88 -389 -236 105 -414 391 -608 607 -1152 194 -114 512 182 305 -921 30 365 -392 -29 -1092 -45 -899 -545 -420 -1145 -233 773 -286 560 -120 786 449 29 419 -213 1058 -480 -465 -295 420 702 -308 -734 ]
[-488 570 282 -590 409 593 19 -457 335 541 -522 -228 -162 -158 -352 399 -748 679 474 744 484 -1988 462 752 379 91 452 -908 -81 736 -156 86 -228 29 346 -244 1090 -55 342 -1332 -5 80 718 -384 909 41 -764 -413 143 810 -568 455 -294 -88 604 -375 110 128 653 1453 695 -694 -25 -169 106 31 -974 354 318 -518 -642 -1476 -993 398 -319 367 -9 209 711 -418 -673 -416 476 179 32 237 -269 282 -380 503 -112 -757 1182 656 564 -227 -934 1178 774 557 516 351 376 -433 -92 33 -136 -511 734 -593 -952 950 -299 -176 -1064 -249 -149 -255 591 -80 -939 -501 -334 -1114 340 ]
]
