[[-131 8 -276 -324 -316 348 50 -547 356 509 938 705 -118 -156 -170 389 279 738 -245 298 -519 55 -275 690 154 1043 220 32 530 -1484 -121 -59 686 -60 -251 726 -100 260 160 448 808 243 -86 1217 227 264 665 367 155 402 98 -35 -48 386 -49 91 -66 -478 -31 -423 609 141 706 -413 135 47 232 218 -384 26 -919 649 -197 392 489 895 -640 548 -399 386 386 -52 389 -226 -57 -411 156 631 218 -408 -383 137 322 317 138 -164 -259 -85 208 833 -305 -220 -327 215 974 -1236 -49 122 424 127 451 -237 398 -757 207 108 -320 411 -165 -541 300 -579 24 169 26 ]
[678 -470 -379 -98 125 -634 -173 -432 582 273 -168 39 -192 -524 -340 -438 -34 507 -403 252 607 344 717 522 -583 307 424 26 774 -247 -135 -794 149 -384 -481 772 -345 -53 104 -564 336 829 1 -71 -37 -608 -42 371 -25 327 473 -363 -102 702 -375 -529 -115 -75 636 -483 -598 830 120 546 -339 -156 -571 509 550 167 82 732 6 174 -319 1043 -96 228 -202 361 -419 -94 962 291 -656 56 -445 -416 423 -569 -406 336 57 -531 -902 557 642 755 -157 -158 112 -158 -108 -1416 1012 -128 510 -127 116 -357 808 626 140 -177 -51 401 530 141 1067 37 -391 217 271 242 -601 ]
[-405 658 687 547 -547 -592 -433 266 -144 -739 -549 -944 854 352 -271 -483 64 56 129 -198 189 -529 393 -964 426 -281 -409 469 -988 191 -302 431 139 569 298 250 278 102 -423 291 -1109 -72 413 -274 -65 274 -386 163 -1299 252 -49 135 -56 -954 -224 335 -677 575 448 -590 639 -807 702 -23 116 156 -270 -723 -487 347 -475 115 -115 223 170 -66 -21 -206 -49 -63 -723 1486 -183 -671 554 459 568 7 345 261 314 539 -250 283 -253 -405 -372 -475 643 -812 -73 -178 142 -54 -1026 388 -154 133 -359 -493 -358 -34 -158 256 -155 168 -222 513 -1086 -245 -255 -776 -478 -209 546 ]
[257 -245 -392 138 14 -263 505 10 -586 -156 135 214 -277 -171 648 -410 67 -396 -155 -270 385 1095 500 285 -193 -169 291 -37 346 573 -248 -826 -1432 -323 687 -122 139 509 272 -128 -294 561 -565 260 -105 158 -648 240 130 354 60 591 192 338 -985 245 757 -8 -99 720 -916 499 -357 -2 600 105 283 242 1053 -190 901 -110 -384 -1122 -369 -187 323 455 -83 9 43 -276 472 796 -165 312 -840 -299 393 -686 -680 250 646 -782 201 1004 682 696 -617 -928 1193 -312 -531 -347 -314 -465 975 -263 361 314 -84 1033 -388 342 -729 -376 237 -615 607 -46 -197 269 83 -118 -340 ]
[-701 417 644 791 -686 -8 621 753 -688 -566 980 -37 203 334 318 -426 380 235 463 -181 -16 275 213 353 77 347 -258 28 269 -761 -1206 823 -40 -486 1123 433 -639 184 -552 782 173 -399 50 937 -25 -408 174 -50 -902 245 -751 49 497 -907 -622 770 247 109 127 -134 141 -918 -206 -554 205 31 261 -132 271 -656 -50 -194 -215 -519 -146 382 -338 113 -398 276 -115 -575 129 -240 358 32 55 283 710 278 351 718 328 -481 427 2 -141 -601 93 -483 500 495 194 -16 -1067 253 -326 408 -348 325 -648 -626 355 684 -942 -550 -352 -67 -572 -358 -477 -330 -923 -46 683 ]
[11 -44 -594 213 232 286 917 -234 -274 314 -200 -538 -1321 262 260 16 308 -970 -149 -43 72 -73 -200 -119 83 -491 -142 280 -702 -139 469 -634 -671 780 -691 -233 556 72 -456 -75 218 -280 -770 527 -489 449 -127 -4 735 -1 764 505 -195 729 -264 -145 823 -213 161 493 -470 407 -408 -99 247 174 -366 45 238 -288 972 -539 56 -809 -640 -407 282 52 206 819 709 -319 24 1216 80 -180 -1467 -113 -662 -771 -336 137 148 439 87 359 708 364 445 -394 905 -232 -423 -15 151 -393 68 -119 505 -76 -287 439 277 710 -185 723 620 860 244 -376 573 48 -359 -98 -840 ]
[477 -169 19 -378 -94 -628 -188 131 1888 331 -349 -553 437 -32 -400 291 -108 627 -416 11 184 -31 192 167 582 122 683 -217 -657 -565 95 -366 1700 165 -714 -413 -215 90 1250 -473 636 634 1006 -327 104 -12 563 872 465 0 -30 -83 -674 282 563 146 -783 -495 -19 -449 292 -3 367 -310 -515 905 346 33 -271 367 -596 690 -173 725 136 189 -224 -545 496 -520 -573 181 591 5 354 -277 1283 -844 110 -81 -405 -680 -17 -37 -258 -479 -489 -603 251 1183 -1081 -674 -180 115 848 -560 458 417 590 -540 986 -68 458 -476 356 -296 -427 202 -63 -422 622 188 -188 738 -404 ]
[759 -470 416 -389 319 -358 8 -329 9 345 -1198 69 85 -420 -34 -420 129 1003 -641 357 368 146 467 243 -175 -70 -96 107 65 260 37 -220 -357 482 360 6 -551 722 616 1136 -568 224 -158 633 410 -319 -643 1125 -832 145 539 295 778 -580 -1320 16 -649 -429 -175 382 478 -109 956 246 506 -284 -234 -248 333 511 -807 776 -123 621 -114 -77 -329 413 -110 -47 -1306 1604 -602 -95 268 457 200 441 98 -105 -67 231 308 -168 -401 -162 -555 810 -101 -394 75 146 -494 -446 297 -614 1066 -384 105 -519 191 463 -939 -178 26 -133 -127 -697 -829 -322 -1384 -553 456 -757 754 ]
[-189 -591 1096 229 650 239 488 212 -897 99 -141 137 -1006 437 356 95 -169 -1102 -114 456 69 96 541 -317 -434 -1149 -302 -388 -372 846 807 711 -1045 336 402 -534 34 741 -502 919 530 -1652 -66 -340 -299 -595 200 -207 -324 -331 -108 -304 273 -179 -386 -341 730 524 233 53 221 318 -245 199 -136 -468 -140 224 500 -159 -77 -522 736 48 -1517 -174 95 -382 633 378 186 -518 -1138 638 283 269 -677 242 -296 548 1477 -337 -79 393 732 -597 -381 -289 432 -58 695 914 -342 493 -702 710 131 -287 -306 279 56 -532 68 423 404 384 -205 -183 -582 456 -673 59 106 174 287 ]
[-179 -492 88 243 479 -57 1141 -349 -773 493 -407 -82 -787 -318 932 131 913 991 110 401 806 -241 566 678 -673 -41 223 -99 -1 -991 463 360 527 138 -26 21 -1350 212 -761 1093 800 -814 291 237 -66 -99 -59 -109 -208 68 -328 -11 290 488 -299 -124 -668 601 294 -299 573 -307 -446 -619 -147 -530 -229 138 -214 -467 -340 228 267 98 -557 333 -934 -1078 14 669 -628 -119 689 277 -175 -97 -103 -145 83 -120 368 29 331 138 -697 -246 -335 446 309 389 58 210 28 -387 128 212 24 -428 168 -431 1010 -445 572 812 -197 200 -353 -625 -34 -1349 -485 118 -615 369 229 ]
[-306 -491 -528 -984 -257 -414 1183 42 -769 -158 -145 429 -1206 -256 424 357 182 258 12 58 249 960 592 944 -186 -550 295 28 781 173 -679 1 -32 -166 312 -89 -569 -76 255 387 125 466 -649 548 -252 -233 -327 481 766 -295 -71 453 241 414 -942 -197 186 -414 -561 1071 -862 -421 -1275 -288 202 128 -222 -116 345 -618 908 486 50 -624 -854 -503 -809 -284 46 -358 -326 -599 686 1138 -229 -32 -566 -146 -624 -201 -63 377 272 -983 86 888 160 -207 511 -455 608 -203 -210 -2020 189 -488 957 516 -58 -185 409 493 -163 718 -298 -1003 865 -257 1249 -1324 -826 733 -590 32 -382 ]
[84 741 343 1098 40 715 -800 -139 337 10 -187 -839 754 240 229 526 -61 537 353 -439 472 -216 25 -216 -143 678 582 -997 -443 -248 -122 -519 93 -19 -721 208 180 -74 441 206 -726 482 651 -343 213 1399 335 149 36 139 562 60 -553 288 712 304 -663 -70 -276 440 122 20 1053 -518 -2 153 350 -100 -66 227 28 -69 -728 -456 849 215 154 90 469 -403 -359 1175 -31 -933 185 -387 948 -766 40 -683 -1251 -685 597 -611 -97 -418 -596 -373 -810 244 260 -607 -257 1343 47 -533 -109 -96 430 340 -541 63 45 -187 51 125 38 -421 -79 565 1030 -114 -390 -478 -471 ]
[205 58 -296 -202 391 610 1469 159 -847 220 -879 -43 -871 -253 851 -232 499 -73 -358 149 -738 -330 -1191 101 116 323 -747 488 -454 -1060 480 654 -1229 506 86 -216 -285 -191 90 80 775 -641 -1076 651 761 -208 -502 -696 -283 139 18 406 705 -658 -154 382 1135 43 -887 374 -42 -410 -1368 -263 156 -140 -343 328 224 -970 856 -769 600 -291 -656 -993 3 318 -527 834 158 -524 -409 757 -68 46 -343 936 60 629 902 415 119 -201 -274 -123 -330 904 -40 200 100 4 488 736 -455 86 -536 -201 -140 -581 -440 -270 577 595 -420 71 -1321 -680 -473 -256 -648 -395 -12 -780 -138 ]
[938 205 -101 194 336 56 109 702 325 786 452 -15 703 -334 -74 172 313 469 -79 -388 -619 -480 -593 302 189 701 80 -306 -280 -382 110 70 -3 -598 506 -843 -161 -155 1002 250 1193 -148 569 377 920 -708 16 439 647 194 37 -9 363 -492 69 989 220 13 -834 697 102 -1015 -165 -77 -383 859 345 752 430 99 -350 -338 -393 101 -191 -565 -1007 393 -259 -462 -929 -590 -522 153 407 -442 812 -189 243 238 -672 8 -86 -987 -221 -738 -828 -308 -1044 358 -1038 -364 96 1446 346 -12 154 -879 103 -515 -36 -596 457 -90 -703 88 -1269 -430 -398 368 193 429 -65 163 -176 ]
[255 241 893 350 829 1481 783 -357 104 802 -119 -311 -782 635 748 11 29 -552 311 534 -220 -287 -828 55 -420 59 139 -982 -359 -820 401 243 -897 747 -430 -657 -317 -484 24 397 617 -1154 -333 -75 23 43 827 -67 13 -198 96 -354 567 -700 549 -886 -169 -833 -157 -37 642 18 -199 -555 39 -613 132 3 -346 -978 531 -588 222 136 -717 -100 936 -80 -19 788 1323 -251 -1243 -252 -956 -805 -496 610 -855 -177 718 -889 -185 396 541 -771 15 218 140 676 951 333 263 751 217 441 -838 -320 -326 641 -611 -736 609 437 1191 74 148 198 210 330 668 -411 -685 -846 19 ]
[441 201 -1156 536 -105 -513 -343 -7 375 149 273 -763 -121 -542 -909 689 -543 91 -79 -375 -719 -272 741 -132 -127 -686 253 264 -731 1130 411 -816 699 492 -571 383 163 120 315 561 -484 791 -4 276 -269 684 338 489 445 535 1002 762 -1005 1043 -121 -392 471 151 725 254 -409 -60 619 717 -701 101 -989 -194 523 577 -474 -99 -2 -612 295 417 -317 890 974 -40 -793 503 235 583 696 192 -389 -803 -296 -705 -1384 378 919 -24 -237 -40 599 217 418 -258 606 -758 -62 -667 102 -380 663 247 -145 -623 340 596 -102 196 -643 910 1098 1031 662 -420 209 97 382 623 -600 ]
[-121 -546 132 124 -503 -554 -529 -606 -118 -66 561 320 -419 -308 -605 -87 -437 119 -699 -364 -435 543 167 -607 474 -1299 -426 942 -225 -278 61 -54 -180 758 -412 910 325 581 -517 860 -241 166 -370 809 112 614 30 -12 -234 -208 1230 -482 -249 490 -247 52 337 273 490 -253 94 793 1670 -18 -516 -93 -952 -272 478 1112 -710 317 173 -206 -42 1122 -776 -409 -32 163 -136 1222 -79 -159 857 40 -175 251 -230 -423 -548 315 223 573 215 594 63 63 534 -270 520 -299 -270 -565 -307 -309 61 327 129 473 -51 34 -360 -71 -410 612 923 1050 -383 127 -99 -1219 288 906 296 ]
[212 -155 207 30 629 -681 258 -320 491 -45 -707 -151 -94 709 -2 -167 516 424 292 -5 1206 -502 -700 -223 -163 -987 -311 497 -1688 -98 235 338 1135 1320 -1210 -330 -885 -904 -409 508 -564 -365 246 -582 136 715 -341 20 -601 -672 310 258 698 -40 -185 227 -1493 161 -44 -187 1214 -123 104 -144 359 -316 -91 -446 -765 -180 -215 66 -376 -334 856 -194 224 -1653 -473 -117 401 1239 -167 -474 539 12 566 -504 -643 239 -73 -38 -228 969 -236 -454 -599 1118 -66 883 -394 197 472 213 217 832 -455 -54 -174 -286 -822 -302 457 905 28 -618 929 -171 -690 -294 167 -564 -468 316 1411 ]
[-234 448 903 -148 -141 -488 22 669 -823 -676 -10 200 -601 158 -314 498 348 63 -150 286 784 -483 -20 -885 -484 353 -688 458 -211 -252 -514 160 92 254 -763 2370 188 -1105 -716 260 -382 -501 -422 -590 122 -1 20 -1014 -991 155 648 -111 -34 628 52 296 -608 1008 80 -179 672 -348 655 -33 -627 -213 -1152 289 -486 158 -371 161 349 -149 -586 306 -1460 -37 -802 299 168 595 358 -22 -83 290 88 35 -506 42 466 363 -507 -911 -259 67 -1045 -759 -78 -626 -228 49 -209 -741 328 485 -451 151 -641 -1030 -709 -347 589 417 170 188 -70 283 399 -262 -117 -71 -474 105 -241 ]
[-851 -80 -478 978 -265 1172 -724 56 174 -66 -315 209 1266 -752 -70 -281 -250 669 1193 -339 -284 -632 -1 332 9 176 -107 -328 28 -275 128 473 1430 -177 500 -391 -559 -57 -231 1102 -473 854 390 964 111 856 662 21 47 -40 -525 540 -310 -649 267 253 -774 -196 -7 11 -17 -853 377 30 424 12 -330 -437 191 490 -483 -42 -46 337 1481 -453 -114 793 646 -391 -622 742 -468 -1731 568 291 27 307 -192 417 -173 -23 289 660 -429 -855 153 165 278 80 -775 729 576 734 -810 -498 -222 420 -2 244 -714 35 -169 -511 -502 536 -77 -601 -796 113 -104 -769 763 -482 312 ]
[1598 36 799 681 833 -465 28 769 906 185 375 -144 122 -126 -899 -368 -665 778 -439 -117 457 1236 1502 -263 -608 119 -1 -795 262 748 321 -442 -894 -560 -504 1024 40 534 1286 197 634 36 76 169 70 -471 19 889 -475 376 441 336 337 133 -727 189 460 -18 -12 52 -265 499 463 -48 -233 70 65 666 1226 -53 -831 -17 56 -1088 -735 576 -161 1280 -390 66 -527 322 -651 558 241 53 243 -449 595 -564 -1152 -65 1091 -1271 481 260 -271 285 -1434 -581 1076 420 -527 33 746 127 650 -205 -525 134 -198 276 -524 302 -212 -375 -399 -646 903 1226 -394 -69 501 -486 413 ]
[204 -432 -567 -744 337 -215 -816 -907 -739 538 -236 751 -4 -593 438 -110 1127 705 135 263 1308 -31 276 536 -796 986 -150 457 323 221 280 -1365 90 -323 254 437 -637 255 -310 235 -346 923 -936 32 391 -314 -1090 785 -100 821 225 750 379 1035 -1311 -74 -934 881 145 757 459 1068 729 1056 890 -121 -41 961 94 914 -187 926 -161 109 1375 143 -598 152 -804 206 -126 763 955 -231 -438 406 -879 217 -47 -725 -262 692 -65 -27 -447 -150 -215 836 -161 210 -799 -104 -778 319 573 -1171 1308 -443 1068 -649 227 1088 -284 -710 -467 31 202 -739 -665 -962 -682 259 1104 430 945 ]
[-523 -925 -264 -37 847 -165 -403 -903 -409 518 -329 234 -1139 -106 -240 -303 -81 -138 160 263 982 -249 454 303 -885 -1054 232 -766 832 203 332 347 1591 -116 -758 153 -913 54 -736 474 60 160 882 564 -774 -463 328 208 107 -833 299 -362 -100 882 -362 -341 -938 230 299 -894 -653 206 -341 329 -518 -355 -832 -206 585 96 -578 60 -23 289 -1165 441 -345 -939 812 538 -230 -100 67 -102 644 162 -643 31 -429 507 589 219 -58 434 -724 428 -291 103 209 -708 -252 1398 -601 -1605 353 630 177 -334 -874 314 464 -111 -405 439 286 953 976 -188 -85 202 -1213 -372 344 50 -611 ]
[-963 -539 -226 495 -145 139 373 51 -1208 153 458 2009 -518 -447 379 470 -101 246 -266 -229 -466 307 -432 340 -240 76 454 -287 275 -712 -422 345 331 250 336 676 -1479 -423 -573 1527 -620 341 -671 885 127 785 120 -656 -101 -294 275 208 -99 -92 -823 -61 -881 -701 268 -89 -266 570 1145 326 -307 -1019 -792 189 538 -285 -560 469 199 -287 -38 794 -808 268 506 211 213 -26 110 -674 333 147 -550 198 -279 -110 123 -384 842 -604 2 506 -637 661 -4 -66 537 500 98 -282 181 -755 -506 764 45 71 11 -408 -95 54 -57 122 -6 -438 265 -521 -427 -666 191 212 -9 ]
[285 -720 823 0 93 539 8 -267 -202 274 -751 -133 39 -236 152 -244 442 403 -175 16 1678 -141 5 -211 -554 -724 -771 76 25 -363 930 -241 -280 -206 -533 661 669 -32 -677 672 444 -355 -705 -952 262 513 90 -1284 141 -645 178 -310 79 1158 832 548 17 632 -730 382 496 366 476 -108 -218 -565 -494 422 223 255 132 -88 -285 -292 -358 -704 -675 379 -559 -156 -154 1070 -502 -497 -413 -101 -260 -631 -856 -3 -172 -356 -407 -333 -297 486 280 765 -1039 -281 -578 845 -18 -397 246 554 17 -719 202 433 -625 -62 89 166 -336 273 345 -952 -169 636 532 -204 164 150 -588 ]
[-566 916 -506 907 -422 55 -776 58 293 -622 185 -1396 604 -402 -62 96 -251 976 547 -182 475 -17 1169 678 -133 1154 -148 -809 76 -676 -1512 41 768 -650 -399 1027 -285 521 116 -481 -430 653 1299 238 -507 88 597 768 -646 572 328 -62 -894 -216 -37 186 120 251 192 -4 -653 -829 -100 153 -136 869 -19 -3 404 -80 918 -53 -308 -145 858 199 -187 44 381 570 -1008 -126 702 -498 546 554 186 -614 774 -711 73 1394 -403 -289 -384 -764 -217 -1040 609 -229 88 -1085 -72 -179 -692 -260 495 218 80 -136 337 409 311 -121 -980 328 -225 226 -89 111 81 242 -395 -92 -882 ]
[-197 191 620 706 276 -3 -609 193 -593 -218 -110 -175 83 426 -226 649 640 -223 207 106 -329 -748 -75 341 -360 524 -83 -372 -1091 -245 -196 217 -699 361 -462 184 608 379 -1360 412 -883 -1430 467 265 -11 275 -390 338 -56 -219 1668 -98 229 41 -683 467 -12 -171 646 706 905 124 1605 706 174 -226 158 6 -565 331 -111 2 -430 468 565 438 187 -616 1110 534 -111 374 -896 304 789 320 -353 -440 -447 -480 -36 616 -927 551 88 -906 -240 -224 520 -440 226 -516 -451 1495 370 -393 -998 -366 483 127 -455 -903 88 -5 -101 1235 418 1098 -1006 629 840 544 -520 -211 690 ]
[-251 -957 200 -496 -163 -490 -502 -781 -260 17 -139 1270 -462 320 -587 -54 -135 687 -65 650 -112 243 866 859 -522 -609 166 458 1264 130 180 751 699 -421 -757 1001 -397 220 -269 505 437 -149 -280 1261 -308 -78 401 538 -401 -616 793 -443 670 279 -593 -11 6 173 -406 -638 -94 337 -536 -150 213 -404 107 -23 27 154 -940 572 -314 496 154 1726 243 -962 -362 126 300 691 380 -264 309 323 976 642 114 462 107 -415 396 25 -620 67 -646 203 -27 690 -67 865 -383 -869 564 -623 -34 130 -908 423 97 302 350 -175 742 -341 1273 -535 492 281 -1917 -229 847 -427 940 ]
[732 -662 330 -937 436 -64 -649 -15 681 -311 -1051 1386 163 -267 -708 10 -175 782 -757 800 -108 492 -444 504 177 708 -51 24 714 6 -439 -86 -466 -73 -820 1174 -133 -166 199 -500 144 -879 -342 346 431 -167 81 -423 -67 -565 1005 -491 1102 8 -584 193 -529 -1371 -856 169 -69 1063 827 93 182 -351 -154 523 -113 624 -291 65 -107 1512 630 383 298 632 -552 217 141 484 -553 284 -122 1146 415 550 -79 237 506 -700 -1014 573 -609 -326 -334 1167 -1180 730 -640 -130 -35 677 1723 -1011 -255 -191 193 -610 309 -33 -42 -1376 827 -159 -397 -308 482 1697 -566 575 1607 -962 -95 ]
[-170 538 646 246 -295 -755 860 487 -154 -274 -320 -1178 11 1452 1483 53 1068 -675 38 -324 -35 321 -94 -603 530 -426 258 418 -1988 213 903 -345 -707 642 71 -717 347 421 -398 -702 494 -792 -1044 -909 -125 968 -212 -1039 -224 955 -887 785 -288 585 293 850 723 1284 -216 -325 635 785 -541 -398 -260 -366 1153 -61 -397 -481 547 -929 -56 -1533 231 -115 1735 100 454 1088 971 -500 756 1401 127 442 513 -903 256 -129 192 -797 876 219 956 -696 164 112 -103 1067 813 -579 648 1589 -948 -127 -290 750 528 -606 -264 -277 1511 1492 -402 -336 -919 27 -550 -656 453 794 -104 643 708 ]
[-548 222 617 984 -794 -450 -502 403 128 -308 -472 -729 542 592 -304 -321 383 252 27 -989 504 -219 629 258 37 278 -8 226 -318 483 -803 451 142 -467 -201 -399 319 -22 -1147 -921 -1030 170 -928 -838 -442 468 -830 59 -122 -87 354 200 -37 -211 -606 435 212 -666 162 171 -673 -127 75 823 -195 -940 544 -136 293 -350 1018 253 -981 -780 575 501 1636 540 721 108 -28 -41 -117 -109 503 591 -348 -1507 479 -194 -501 751 -214 -315 -106 149 455 683 146 -448 100 8 183 -780 -510 -42 -803 748 -5 -30 -698 185 -339 919 -554 -157 926 455 -474 356 -329 832 258 -298 106 ]
[920 4 172 222 224 607 798 592 1075 934 490 -1186 -792 122 -585 583 -660 304 -570 470 -463 -537 276 122 272 -613 -522 -461 -748 352 193 -836 574 225 -458 447 384 597 1010 65 1444 -561 0 356 -1154 -705 1375 -166 294 -508 451 160 -881 -211 1036 -284 1358 -496 -179 -229 182 447 -33 -144 -1293 739 112 436 -87 -108 -332 -949 318 -46 -426 -429 482 545 530 1161 116 -737 -748 494 255 -289 242 -333 -835 -762 -512 -1071 594 84 877 -450 -132 -923 189 270 889 -47 11 -61 247 -138 348 263 369 320 -302 -593 332 338 483 246 -364 131 478 -121 388 773 107 91 -703 ]
[-748 402 261 749 344 -25 25 347 -1018 -786 -1553 -483 85 -490 1008 -425 661 472 3 -559 662 347 -432 -964 -205 443 -93 -143 -326 -949 -824 376 -661 231 -528 503 -1377 99 -551 185 -1842 -373 -524 39 465 263 -1251 -315 -929 38 -101 366 611 -364 -46 755 -985 170 -499 700 -398 -454 132 -535 -247 256 -629 -304 -153 -234 945 -399 649 -202 48 -751 -61 -1157 94 300 -744 528 344 42 125 60 175 353 146 603 935 261 75 -423 -487 641 -222 209 282 -1174 403 -202 226 1598 -1402 677 -1202 716 238 -424 -409 -385 -479 565 -629 -103 -874 -1028 -496 81 -109 -772 -521 -751 821 ]
[221 427 -1343 115 -689 -225 270 -54 636 -465 1362 -10 600 31 -352 -320 357 29 655 113 -756 306 577 1306 -220 1009 84 -234 1238 24 -112 -127 37 -1226 779 -125 494 655 119 -775 35 318 16 1459 370 -572 -23 465 1509 73 -416 310 51 681 -71 415 1249 -834 841 699 -747 78 -705 395 918 325 127 230 450 -138 365 463 -446 -86 574 402 211 918 16 -660 356 -1064 1176 793 -374 -308 -1194 -411 784 -2 -1112 892 455 -229 174 837 1852 -168 -114 -6 -451 407 -40 -725 977 -765 75 327 442 364 332 716 -173 -669 -1616 -454 868 213 754 -111 834 756 -381 279 -72 ]
[781 229 196 -494 -551 331 -590 -383 467 217 -440 290 271 691 484 87 756 186 -527 387 185 -368 -623 870 -357 1296 -494 249 425 -491 210 -493 -340 -631 -727 688 997 212 356 494 -617 -96 -1588 493 1494 219 -440 364 62 9 1338 -590 453 693 186 586 912 -362 -1234 1627 673 756 1067 754 419 -235 643 172 165 -46 673 704 -660 143 541 390 620 411 -395 -442 573 1097 -9 -289 -876 -751 474 -49 37 -392 -382 -633 751 -1164 -100 223 5 577 -1072 984 -445 -157 -754 1318 621 -1379 31 188 741 9 -1116 813 305 -1182 30 -900 599 -1603 -611 577 -38 -96 347 -471 211 ]
[-236 -782 456 470 313 603 -316 -129 -850 388 -970 122 -860 499 -128 660 362 350 177 -63 584 -624 2 824 43 23 1032 -1021 156 209 -305 -207 1300 -46 177 -644 -783 -15 -763 219 125 -718 1501 761 -882 -302 357 5 594 -870 195 -321 -616 -119 -154 -106 -1104 -685 -436 -181 -670 599 118 -154 169 -88 637 -174 -31 119 -602 -304 -400 528 34 684 -520 -1345 983 77 -760 -506 -214 -629 732 -195 484 -177 58 -63 462 -1468 -110 -48 -1033 -303 -878 -685 -541 507 -634 842 -1061 1285 -192 -404 49 5 446 201 688 -705 -385 -505 330 555 -428 -314 -839 29 -373 855 -449 -521 -927 ]
[-82 -320 268 386 495 -904 594 629 -821 -584 -331 446 -776 155 80 199 -51 194 -695 -41 741 479 1173 -56 61 -101 -667 636 337 114 335 877 -463 -572 -1048 1531 -521 376 -623 421 -20 -1096 -762 -463 124 -130 -1022 -270 -694 -386 429 -291 475 322 -968 205 500 631 90 181 -433 159 -478 -504 -439 -218 -465 851 79 -773 308 80 844 -541 -787 177 -973 -1050 -1024 552 -77 -45 425 1135 188 573 -155 -302 913 125 778 222 617 -882 -266 527 -573 232 -51 -270 837 12 -509 -663 263 -470 -195 -53 -340 -978 695 133 -421 914 511 -217 -233 -356 962 -623 -1198 118 53 325 -378 ]
[-318 398 -902 -37 -365 -718 435 -47 -989 -386 234 -106 782 -155 750 189 239 20 203 -161 -982 -326 335 -227 759 -314 -704 1513 111 524 514 114 -783 -364 743 532 44 -114 -526 -431 -1327 534 -568 201 -51 221 -1118 -929 93 -111 168 229 -160 -386 215 498 619 991 420 -259 307 -488 -66 -139 228 -214 -121 -786 -553 99 30 -220 -85 -267 573 -588 -153 -638 -672 202 -36 714 764 270 -513 290 155 225 -136 -365 -496 50 357 -354 128 578 -191 31 -10 -826 695 -239 586 -1544 -153 -371 -134 -59 -86 -688 -236 145 -776 1392 -309 -379 -208 -411 466 -1747 -446 305 223 -498 314 ]
[547 -392 220 -572 -528 -763 -416 -604 -188 767 711 -219 -727 938 -276 -21 167 -1302 -230 231 -276 -1055 -236 -160 635 -604 229 482 -743 381 722 -820 1076 -344 -226 -214 368 -141 -181 417 709 260 -86 155 -59 -995 482 812 148 -100 327 -94 -153 584 -578 -466 144 709 312 -755 478 235 500 1015 -309 678 271 467 -430 -313 -303 641 15 340 -866 84 -234 -337 -157 378 -62 85 130 39 162 -557 -436 -84 -792 -167 596 -362 -381 -177 -122 -778 -27 -538 621 360 -505 -143 -188 -690 456 -863 663 -80 -291 -724 634 206 1158 -187 605 835 791 1249 -216 -1106 -384 -43 -27 1018 -489 ]
[-913 271 -390 -206 -137 100 -215 -33 -173 -862 722 560 201 105 225 477 688 298 404 -190 58 1603 365 557 405 656 210 -475 -256 -1632 -641 816 -141 -207 802 -23 -661 780 306 -1193 856 762 306 455 111 478 -144 265 -246 203 -388 621 103 -42 -275 607 -299 -36 -769 -462 -778 319 -1322 -1008 549 705 1019 469 87 -682 1 -59 -843 -493 280 919 78 -1040 -14 -377 807 -780 1013 -1 202 6 899 411 571 493 349 848 31 -67 649 302 -1240 -621 415 835 -41 -556 -625 500 -283 -1162 -78 537 44 1076 575 -819 456 -78 -464 -1652 -937 -61 -272 -308 144 -542 -125 291 371 ]
[-651 -185 -988 -33 -399 -362 -390 -621 -802 39 -396 29 521 -435 162 583 -358 -582 -229 -901 -736 -283 -966 -140 857 -1454 -246 1071 -897 593 270 -65 -47 874 887 -586 509 191 -572 -206 -813 799 -253 -159 -210 1241 -468 -1102 -408 93 -605 83 -577 -675 727 387 525 260 -1151 -192 -579 -985 -1190 204 -642 387 412 -519 -827 43 97 -816 -458 -581 1183 -325 499 -357 11 89 78 -150 -58 -578 74 -180 541 434 455 275 -112 148 610 522 -51 327 -5 634 330 -111 392 -678 602 -209 -1671 -3 -33 -246 -104 382 -169 166 -496 300 -399 72 -278 64 34 -1133 -106 -457 125 505 -53 ]
[-790 106 206 -321 -318 529 -670 -50 -256 -778 -256 25 992 -357 -17 -98 584 452 1127 -801 -708 262 -260 144 553 947 569 395 781 -576 -70 637 -230 242 567 -720 977 -840 -912 -614 49 130 392 -405 49 1007 -298 168 747 459 -136 -237 291 -555 545 -121 -993 505 295 -83 578 -239 410 -1312 518 -188 210 -640 -1074 627 -248 550 190 670 935 -49 -475 76 -451 -503 -92 780 285 36 -517 54 34 430 -82 -314 -659 -77 -1367 755 -208 100 782 -735 469 -532 -185 -691 124 157 -202 -525 -206 -57 -225 289 433 -520 -778 -264 716 174 267 2092 -12 -567 952 71 -394 -397 365 ]
[42 -541 -105 -472 101 -56 9 -763 151 276 -1737 -766 16 -1217 727 -1417 -127 165 -835 489 443 747 836 -831 249 -964 -363 194 112 -749 751 -569 -461 491 -831 818 -3 1455 -19 607 231 -278 -319 287 142 412 -519 415 -795 557 307 19 -81 687 -763 223 -126 77 15 37 -338 63 167 -747 -34 775 -395 -223 451 355 545 -212 419 500 -799 -311 123 -439 492 998 -545 1335 305 358 46 811 153 300 270 -802 257 278 175 929 -752 264 123 390 343 -996 296 -424 -321 24 -439 -542 436 -344 476 -142 1012 1207 486 99 -164 936 -1007 -782 -393 -252 -613 -298 211 -646 -399 ]
[958 389 93 255 4 -1082 -12 1188 1142 -304 23 -352 712 451 -1044 393 -239 717 -678 322 246 111 1007 515 -360 -67 -12 -365 -875 312 12 -293 265 -508 -420 564 88 650 1137 182 47 10 746 -1074 -382 48 175 475 -1008 114 848 -84 -947 -257 -509 54 399 667 418 -638 438 957 680 1373 -674 -464 355 362 478 -376 -955 263 -68 -207 573 987 -46 234 24 598 -442 564 -139 -191 916 565 846 -1178 961 -260 -29 290 945 -1095 81 -117 277 118 -370 422 467 -306 -302 -2 -129 423 668 6 -87 -545 429 -75 -103 12 -23 687 -42 143 -150 433 -67 -105 -295 1052 -142 ]
[-1091 -748 75 -891 -279 353 58 321 -1335 -300 -1219 617 -416 -1076 474 1151 -545 692 -447 -547 -1024 129 -613 198 -72 -397 6 839 883 893 -25 505 -1088 149 560 -368 -145 -21 450 -75 -996 -143 -494 -286 -492 613 -803 92 231 -593 994 64 -331 -48 563 -509 641 -301 -711 1037 -4 140 -662 -280 -214 -563 375 -599 361 464 404 -881 172 197 253 -729 587 -1065 843 -513 147 727 -62 185 715 369 945 478 -81 271 -58 -807 -143 -88 308 646 -1047 -638 -6 -43 189 -43 -823 266 -1638 151 47 185 -206 1184 -237 666 -1521 52 587 -1231 212 -901 -728 -157 -400 524 343 -632 494 ]
[-626 -1063 269 4 -250 246 1407 465 203 331 605 909 -589 -86 339 330 -319 -573 -215 763 -168 583 163 1245 627 142 794 -365 304 -390 -582 12 101 -680 1249 -845 -828 914 459 356 -16 349 1279 1480 -849 -1105 682 581 93 -534 -1293 695 -141 -520 -1283 410 251 -1236 633 -40 150 -536 141 -656 1006 535 957 -299 409 142 -907 758 -237 1253 -191 -528 -32 -172 884 -488 -582 -1336 -60 229 957 342 -336 486 443 886 355 -357 239 350 724 -323 -156 -719 655 -229 26 204 -348 4 371 -1184 457 810 1182 175 71 -420 -496 -671 -235 284 -810 -696 -868 -754 -685 497 274 -38 -72 ]
[-570 117 910 390 -1238 -804 -72 1437 180 -896 1248 205 1083 737 -741 140 246 194 231 -514 -361 464 711 -100 273 774 199 833 1223 335 -999 755 209 -1374 704 585 603 214 -200 -587 -702 -609 -206 256 -330 -759 31 -20 325 -837 -529 -78 -18 -58 307 448 235 121 766 67 317 -357 395 -405 -199 84 738 -290 -641 535 -789 897 -72 501 53 561 -590 182 -578 -853 -173 -93 569 505 159 499 7 -200 839 525 -312 -191 -107 -651 983 645 402 -1774 -95 -395 -301 608 -432 -518 271 -508 -426 1437 -224 -610 -516 -306 -701 -206 -50 -298 -246 945 -183 -127 -58 647 -51 299 769 ]
[256 207 -722 -635 -706 -76 448 -174 -751 -703 -862 -685 -271 581 133 115 280 -499 188 895 732 179 1041 -80 -312 -955 -203 -306 -325 985 199 -509 -416 0 181 -513 507 799 -379 682 -589 26 44 -886 -693 765 -439 273 -459 -78 -174 1206 -51 709 -1176 -649 -9 463 527 429 -215 176 -330 400 1286 -88 -253 -455 -62 -896 816 806 -18 -754 441 -555 607 27 404 -611 -689 488 288 234 -177 412 -659 -992 -1032 -472 168 917 -197 145 6 381 1303 1136 777 -672 886 -496 643 -1403 -356 -120 890 -211 264 72 866 596 169 224 -149 48 1697 25 326 -659 149 338 -807 166 -292 ]
[-328 522 661 319 66 -422 116 1208 -625 -415 -666 -1403 133 126 1004 302 196 842 -368 -723 -583 -34 299 -561 283 179 -627 759 -1311 -163 -147 223 -522 776 -83 810 611 401 -189 526 -201 -1480 -245 568 687 263 -609 143 -182 462 711 -126 -401 -335 -171 548 317 -76 -525 1398 273 -1138 537 -434 -828 288 -344 -400 -684 680 597 -786 284 -251 -280 -381 -764 -121 738 787 -484 207 -507 877 63 279 733 -67 3 -745 -371 -60 483 -414 21 -450 -397 -1258 287 -254 313 -1473 -504 749 -458 -476 -383 287 198 -1048 -505 26 324 940 -392 254 -786 610 12 -349 -47 534 -900 49 147 ]
[-196 -169 -347 -322 -535 -1053 73 -304 -625 -803 -380 442 793 609 -931 192 320 534 330 126 139 192 624 1145 -359 -854 104 451 623 684 384 578 -220 -842 -949 902 -199 -865 -1290 -564 -555 -209 -221 -993 -352 276 -388 -1371 -103 -306 -358 -263 426 450 78 146 357 1036 82 -990 196 1104 -919 -77 -25 -714 -349 -137 -269 -686 -149 466 404 -729 1138 647 -72 -707 -992 -193 -324 606 1041 174 -729 5 573 -533 409 249 259 -34 -304 -350 -558 1020 393 639 -230 -275 569 252 1428 -986 -419 476 -339 834 -652 -137 249 -261 163 270 -321 -409 1153 -13 964 -428 -590 469 -63 484 289 ]
[120 278 -113 334 -626 561 -63 -251 -418 3 -174 -117 683 -139 572 -1099 1116 721 593 349 748 -347 -144 710 353 263 -744 692 -305 -1394 370 -303 -589 -313 889 -925 -549 487 -1138 1292 588 -18 -87 1035 708 76 -506 -254 -172 -410 -122 -115 871 163 -250 -14 -716 500 309 221 1078 -249 1032 -140 621 -549 423 -502 -118 128 263 40 -102 242 178 -832 -462 72 -350 349 -1380 1403 -736 -902 32 222 -562 430 -541 -493 303 816 -973 893 -1207 -361 848 873 83 -705 -382 -139 627 9 -275 -65 83 -847 435 371 181 -97 -28 35 -1043 842 308 -164 -1221 -95 45 -912 311 14 690 ]
[-184 196 -710 -390 332 -408 943 161 -463 448 -117 45 -228 569 -567 564 757 390 212 36 511 -191 157 1028 -5 -547 390 -750 -456 9 -661 316 600 -13 -229 -385 -236 398 -8 296 -159 -179 79 243 -872 466 -494 637 269 140 150 1280 830 -256 -1524 654 -528 -750 -651 -15 -373 -1118 -1088 -432 396 628 79 145 -927 -747 -245 -37 -948 -710 426 -193 -654 -645 -61 423 92 -221 -135 742 1008 169 379 -410 -200 -38 -84 1658 53 403 293 448 -396 490 458 -420 504 -19 -598 -740 413 -805 63 -674 -39 -205 249 -809 -299 1112 255 -343 328 994 -382 -866 -329 451 -1065 -166 57 ]
[558 5 1001 211 -58 499 -89 281 -94 105 292 -171 -972 -64 995 46 -205 -98 309 372 885 856 -411 -72 -1070 -970 762 -499 195 -94 -1283 -856 -231 -181 742 16 -1827 50 422 568 50 393 -759 -629 125 -250 472 -399 -604 -171 -148 300 529 406 50 -680 -425 -97 -167 18 -340 65 7 -239 -1344 -411 7 234 567 -346 964 -386 43 -786 -421 492 22 -263 368 464 244 -655 -312 -311 -115 370 -381 -480 -867 169 944 -431 306 -894 421 381 648 649 238 12 1364 -532 363 -1373 -1254 735 614 326 -696 572 -158 -434 -76 970 610 -261 1128 -187 1041 68 -86 -243 255 617 -23 ]
[-291 781 -28 -740 17 -291 -694 174 903 -651 -155 -1422 802 -206 -38 -875 -612 -942 23 -125 183 484 -955 -414 701 400 401 387 -381 -135 -88 -600 -210 -732 -12 82 606 -526 359 -1718 -815 1136 26 -790 -223 -433 -752 -5 -304 644 -423 492 -39 146 266 691 214 -391 -231 -908 -61 785 137 382 636 368 240 -546 49 -479 882 -830 -284 520 -347 -1255 1434 926 370 292 142 -83 693 1042 -88 197 17 -134 442 394 406 -161 -536 414 145 979 626 -89 -266 -1008 -184 -386 77 -1 -117 334 5 153 169 315 -371 751 -156 -395 123 -418 -473 574 -583 1004 680 -194 145 -606 -562 ]
[308 -40 -900 -581 -667 -476 -15 -988 28 286 1452 858 -964 -329 -595 306 -740 117 349 -402 141 1019 -823 822 430 -708 481 -154 182 -256 -431 -740 -270 -341 155 71 309 -509 244 269 601 1474 96 593 -15 454 339 -131 724 103 48 -319 -203 499 -371 -257 638 148 -863 126 -448 1050 2 1118 650 171 -36 258 965 -186 895 29 -522 -898 44 -74 -877 972 -612 -84 -186 -175 396 278 487 -216 -448 -70 269 149 -544 578 -162 -55 412 596 256 443 -750 447 135 -216 625 -642 456 -220 1064 57 555 629 351 314 308 -991 -1262 -578 241 465 -214 1171 483 -133 248 652 -799 ]
[-767 174 -33 86 -114 143 -252 -934 -551 236 286 106 -280 -218 -680 457 325 255 562 650 1207 -430 972 -322 -1233 149 22 -283 373 -223 732 -41 1688 -153 -1693 1826 1317 -238 -1319 370 -245 -675 -64 209 -411 1069 201 231 33 235 667 715 -144 1346 -358 286 -1016 827 482 -28 948 -1103 665 71 -194 148 -717 171 -1122 343 -927 830 -370 217 471 317 -828 260 -108 -300 840 1119 449 -390 -119 91 -555 -507 -878 -386 -745 870 -71 613 -51 -90 -81 150 282 -694 -736 -686 -780 -848 1389 -846 -659 -25 -346 -203 29 382 586 -671 1054 644 765 468 668 -467 645 256 173 114 3 ]
[-526 -461 322 -208 -104 1440 -629 -664 -548 118 -322 -577 -1110 177 -441 278 488 1129 949 386 420 -116 -24 191 527 32 -484 -218 562 -925 657 751 1419 457 81 -732 300 822 -1092 360 1548 -126 594 636 -267 -285 499 124 38 -389 -592 203 -381 274 -14 112 -334 385 -70 26 167 497 328 -1448 643 -315 367 -225 -692 502 -797 315 434 687 809 -134 -337 -647 40 33 -134 -312 51 -96 643 -390 27 532 -417 1047 142 -213 -457 1129 429 -242 -267 -1572 1258 695 -991 491 175 340 -274 -737 -184 705 439 1449 396 -1397 -747 -315 613 676 485 860 -1620 -652 -396 -151 -116 99 453 ]
[110 -311 -88 270 571 -143 272 412 736 -487 -586 95 42 -882 -304 -167 -679 -203 139 117 -60 313 1595 -446 -385 -1093 -336 -926 -465 678 181 -622 16 777 553 194 346 169 502 -493 -41 -58 257 -892 -605 588 510 -1119 -123 -466 -276 49 -1374 -404 1069 -813 -95 620 758 -672 -658 1074 -602 337 -816 238 -886 53 292 551 -196 -6 1105 -440 -1 325 26 -697 876 -54 48 -315 319 -420 -14 1165 -381 -573 45 -705 -8 -413 504 -34 -325 330 384 -92 493 -414 344 51 535 -888 -238 1172 74 5 -159 17 654 459 66 -59 -341 436 -987 -994 1412 244 675 153 337 550 -455 ]
[246 889 -1071 115 4 771 -153 -531 -1219 -88 -71 -382 745 -426 -526 513 258 -160 -61 -363 -723 -260 -824 -483 298 377 563 -200 317 1221 551 -3 -237 -7 -91 -641 -211 -380 156 760 -971 185 53 596 72 623 -536 -132 28 677 -605 1023 346 -202 -119 437 -289 -129 -638 -223 214 -1092 279 -447 424 -238 509 -730 -97 -798 -851 -673 -375 -230 -56 -1549 -100 1717 -106 -808 -1486 824 -814 -166 14 -509 -88 793 -308 322 -497 -125 46 279 -634 393 230 678 -735 -1552 339 -324 -295 1486 -893 298 -23 -447 -492 -274 439 -249 -1195 -999 -133 205 -521 -652 -407 -470 49 -566 273 -1656 -264 ]
[-1111 -443 1064 59 308 262 -187 564 619 139 -86 351 58 269 -44 56 -488 -808 514 146 901 749 114 658 -678 -197 647 -444 -206 -1322 -674 478 -295 -97 -449 -162 346 -381 -34 -373 6 203 549 -1227 -520 -405 730 -59 -109 -259 -417 -249 -497 -362 70 73 -106 -692 54 -425 33 87 -106 510 323 -186 335 -473 165 -443 1220 71 103 284 -752 2 164 79 865 69 641 -1238 -830 100 70 121 -273 -267 -17 197 1483 130 -948 -203 1072 187 -676 -843 389 -343 -119 997 81 -647 80 445 -241 861 80 909 -888 -860 373 488 178 278 -229 658 -927 1016 458 -222 -313 -546 -19 ]
[128 251 -549 729 -833 -640 237 707 118 -492 -146 412 -585 215 -509 -118 -242 121 204 206 815 -1075 552 -99 217 136 -242 263 -982 478 -1388 -161 905 336 13 580 -139 -704 -630 518 -861 418 744 -286 -959 -365 -11 -335 -887 -91 228 420 205 -607 -579 94 -257 163 329 -203 -538 -628 219 238 671 242 -496 -71 -437 440 303 -312 -311 210 513 -83 38 -57 148 25 -970 -623 270 -240 930 935 69 -708 -159 276 365 398 -750 215 -1361 -558 387 415 398 -291 -257 -225 913 -166 -422 474 -132 -372 210 -652 -291 -151 522 -145 -175 90 669 101 498 758 -695 306 513 -361 29 ]
[-159 388 -182 168 -62 -327 -200 -983 -1438 266 595 559 815 -725 518 4 -359 -901 -126 221 -1437 -935 -1414 -234 -831 -183 529 850 -157 336 103 933 -1121 656 395 55 651 -751 39 -60 -1139 -460 -459 -125 842 759 -8 -396 -954 771 540 493 865 63 640 936 -158 882 -188 -324 893 -1814 -518 -384 -164 323 -197 28 -242 350 -366 120 -877 712 -36 486 184 -634 -132 -750 189 1404 656 -440 184 306 788 584 304 419 -759 360 -390 24 -589 35 -773 665 -32 -509 17 -1141 -116 495 -993 318 -703 -860 -1481 -154 -685 959 900 -606 -155 -100 -146 -418 -47 -486 -388 -568 213 49 1211 ]
[310 510 376 -953 -455 751 1343 281 -201 45 -997 -144 -772 184 1094 -635 804 -380 -245 1088 91 -926 -971 -250 974 982 -771 470 -176 -1553 -506 -440 663 665 890 398 1052 457 -554 -2 546 -201 153 1137 110 231 -343 127 -1769 827 167 642 466 -151 -1033 676 -350 225 -44 -292 1214 -1422 320 -968 850 343 831 -574 -826 -270 -493 154 -536 73 -280 -510 200 41 -91 755 251 544 268 93 257 281 760 952 -7 -708 163 884 -338 386 -364 -660 -537 364 301 -839 -334 -807 -679 -520 228 -1318 38 -685 -230 -462 91 204 505 7 929 -69 -1514 -15 -856 -1333 -275 -63 -837 -953 -378 ]
[-73 440 -308 323 154 549 359 -375 92 540 -62 -1229 -537 453 208 69 396 206 636 -458 753 -904 -70 598 -439 532 -140 165 -15 -296 43 405 1948 139 -943 -405 -1362 -183 -733 1210 -262 466 19 -666 250 37 -56 731 -80 -550 -200 507 157 634 238 -451 -357 -162 853 746 823 -1245 -78 103 -113 -524 139 -672 -491 -1104 191 389 267 -1138 164 -292 -100 -346 513 -491 -1087 104 -323 146 887 -619 170 -659 -36 -682 144 932 658 96 -79 -721 -286 193 280 622 -134 883 164 -1082 265 162 20 919 -702 342 -202 -278 -343 1608 -394 -460 891 453 -1105 -1248 -174 146 -640 -689 834 ]
[-759 -1152 -283 541 153 19 180 507 -202 1018 332 1043 951 -404 460 -260 98 423 94 -326 863 -301 811 983 -82 1119 -515 233 733 -60 489 147 128 -1190 851 -164 799 482 -279 452 1089 462 -756 405 -290 -75 214 74 -46 682 -1109 38 333 -346 -389 419 295 334 -658 266 -7 -677 -108 -286 27 253 809 951 -397 745 -465 725 -234 72 701 -504 -258 727 -539 376 -549 -546 528 68 -453 -6 -37 68 1062 -613 -694 -45 294 -264 174 -186 21 -39 322 139 -482 478 -344 -68 288 -1268 829 -538 1052 111 -408 856 -65 -311 171 36 -983 -620 90 -472 -991 435 765 1017 588 ]
[310 298 226 812 -185 547 125 1230 808 -154 1197 -13 794 423 279 -212 -201 159 881 -300 -838 -1319 -573 254 538 740 150 -199 118 360 -882 274 901 -465 475 -683 13 -267 19 602 136 -886 1643 423 276 -780 1163 48 452 -407 -347 -664 526 -1349 203 5 -209 -536 895 14 467 -1477 1121 112 -160 376 87 -462 -605 865 219 -77 443 808 335 -230 -640 391 262 79 -160 -965 -879 -659 170 -325 159 154 -118 -125 -68 -603 -486 649 474 -1117 358 -1424 -318 -186 -352 -33 627 578 122 -163 -144 338 263 -322 -845 -948 -123 -71 -210 667 -142 903 -140 -7 397 579 -179 -285 -106 ]
[211 -457 190 564 161 911 838 517 -126 210 -1685 -1160 -1305 246 1004 286 192 84 411 -98 709 -996 -151 600 -759 -655 -333 -632 216 372 589 -516 989 -83 388 -204 -133 516 -859 366 -104 53 -347 695 -154 -21 -263 -294 691 -584 762 306 -156 1286 431 -648 477 -47 263 697 -602 542 -441 -512 -187 -245 -158 -180 321 -32 465 -697 -250 -947 107 493 938 -642 1531 679 -164 -98 210 296 -13 324 -373 -236 -522 74 -118 -736 578 -538 -951 -154 839 10 585 127 360 741 -795 -739 -912 -848 -96 -65 -159 389 -590 348 -255 757 632 215 980 -752 556 -404 -113 687 231 -217 -1420 ]
[274 -257 35 -334 -29 -240 30 -225 619 497 1129 1329 26 -961 -545 319 -353 -499 -834 404 -1210 236 -161 -898 -314 45 331 639 -251 -563 -618 76 277 563 -562 397 -328 -497 862 794 199 316 -89 101 423 170 997 426 -312 363 692 336 -471 -7 -1 485 11 -275 -73 -1253 774 -586 1136 295 -873 455 -493 60 964 -43 -565 507 278 -177 -1011 18 -1392 643 -331 -474 -132 -39 -168 360 1122 -59 -323 -65 -232 -574 757 176 -408 237 316 -328 -592 560 806 -159 -450 -604 -248 -2 -43 360 521 122 -492 -442 452 51 632 -483 40 227 -313 421 -275 -98 1064 -1380 257 337 -620 ]
[-104 -288 242 325 287 322 313 -160 -187 -467 1675 -95 196 -861 -250 274 159 981 613 -444 287 254 384 302 -1075 303 783 -942 996 -32 -515 218 723 -994 -507 412 51 -112 167 392 1462 -75 808 -433 529 675 769 -88 802 -71 -304 -180 100 1531 338 95 -424 485 301 -636 172 36 -631 -500 -495 31 268 954 523 -996 -53 359 -681 -1051 -369 523 -1043 275 -57 -352 -114 -379 952 -236 392 95 -144 -968 239 -338 -1810 960 457 -171 -342 236 35 -110 -892 -443 -110 -191 -329 -742 480 358 -353 -317 -767 684 127 70 1111 -49 -1061 -166 -49 -493 963 110 760 269 -273 373 -678 ]
[590 -379 -629 260 545 -174 804 478 567 281 143 -278 980 -905 27 -423 6 1055 -264 572 67 61 737 132 -125 250 -315 531 121 -1276 586 50 860 117 1312 193 -553 1372 -259 434 800 145 761 579 -250 -943 158 -307 -451 235 -903 634 -303 -489 -134 556 -248 -110 1182 -984 818 -712 736 -925 18 -70 -263 -285 -448 376 -2182 595 -7 452 -26 402 -1270 -67 48 250 -967 -174 419 504 134 551 433 165 879 260 -561 467 894 71 -193 1 83 262 589 -663 -460 -74 116 -1122 700 115 247 -702 37 354 500 -335 -552 216 -146 637 -1401 -120 -194 -1146 71 -589 -320 110 4 ]
[-188 -299 -476 -466 588 -57 -571 -1221 -1498 -5 -667 374 -704 -189 893 488 560 -250 -173 317 23 29 -101 -675 -590 -434 715 -1194 244 706 661 -50 -975 224 264 -276 -243 466 -491 -560 -222 -213 38 38 331 132 -42 -801 663 331 -30 -447 274 161 571 124 -543 784 -1220 197 -1131 616 -655 527 71 -260 272 431 105 86 204 -84 19 456 -555 163 149 -476 659 244 -435 211 463 230 -255 -317 375 631 -447 1086 395 -678 306 -343 -102 277 -692 -398 -109 387 -141 680 -72 923 -283 317 -14 173 71 374 565 -239 -199 -63 -507 -89 -269 -892 -66 116 -744 296 353 7 183 ]
[191 -161 -78 166 -209 -595 -1119 -506 -604 -83 68 42 -58 -520 -685 -41 -336 1288 211 -1530 -361 378 230 -577 -142 -188 645 283 270 673 -152 -988 -52 -47 -874 590 325 -310 557 -761 -799 1830 -890 -315 -120 938 -831 446 -163 794 1400 482 -488 607 -926 167 -374 321 -476 -747 -1047 1174 796 1163 -299 -639 -343 275 325 189 112 118 -431 -1474 1229 884 423 139 -78 759 689 601 851 -624 642 -137 477 -479 4 -685 -1427 391 775 -790 -108 1076 -77 204 -509 -173 -52 -270 -105 -317 -86 -254 -608 866 -285 600 -463 612 -259 621 -295 169 1034 652 387 550 -230 -270 679 -364 465 ]
[504 736 1037 665 -74 -566 -67 -453 238 394 825 -7 -431 -23 -442 -291 -414 90 -146 438 316 -1 512 -471 -869 855 -793 -203 -133 -1063 307 791 -904 -41 32 1327 -99 -434 -311 -313 515 -348 -400 -519 466 -328 -52 -271 -1175 -169 554 -55 122 -158 471 -618 -138 705 813 -847 842 -245 434 451 -852 -374 -767 664 450 -576 -479 1078 366 264 -1244 1430 67 506 -860 496 39 190 -342 -655 -790 208 -401 -14 280 -420 853 644 -1270 -1109 -130 -94 -1099 -14 585 109 -12 -34 180 -1340 778 322 -224 -50 -1025 -169 469 -234 501 114 222 103 -439 206 245 358 397 -472 475 430 -140 ]
[313 113 -221 273 -698 -1145 -1008 312 -984 -358 696 -227 781 122 -612 -2 273 371 266 -625 -419 263 719 -331 -434 -855 -577 685 126 1321 -191 262 -275 -332 1074 205 144 1240 -1259 164 -409 -635 443 -514 -659 -1257 -840 28 -956 -111 -514 -50 113 -74 -911 610 363 418 -33 427 -334 -748 -181 779 -455 566 -23 264 -40 325 28 -102 -329 -383 51 205 611 -175 235 -306 -1016 -500 193 302 228 -246 32 -303 589 599 -27 370 -404 -241 625 -401 378 -556 464 -1150 -146 -81 841 -421 -1430 493 28 152 -314 713 408 -390 212 32 -1194 -137 991 440 153 -221 -100 758 -4 733 1006 ]
[63 918 358 499 -692 205 373 533 -404 -936 -588 -314 -397 652 1322 -391 -660 -935 353 -238 -169 139 -93 -1506 382 -373 -1251 657 -1292 58 1012 973 -105 1385 -59 301 198 -879 -537 958 -725 222 -715 -646 1140 1695 -541 -152 -1102 228 -339 668 -349 -486 -123 -560 -354 482 350 1159 43 -1278 -362 -469 157 -213 -896 -628 -341 -467 791 707 918 -1239 -228 -295 -365 60 -95 -581 354 1546 -668 -667 -633 -120 185 -281 -655 261 -11 525 861 -171 417 -560 -65 358 557 96 716 -221 1089 -631 -382 -365 -55 878 -701 -784 -855 631 341 828 -131 -645 815 96 336 -931 -49 -606 -1156 -105 475 ]
[-182 1029 -358 415 -385 322 431 537 -1124 -1 -699 -120 -5 -309 116 -180 1179 578 116 -771 -27 -289 -234 -899 -361 310 -879 -38 -14 -27 -252 -43 -639 533 418 731 -717 -77 -759 1469 -1022 -212 -1298 684 431 380 -753 -638 -189 421 449 319 953 3 -395 377 -602 758 -1452 929 -447 -554 -100 -319 -258 -225 -575 -135 -192 117 -480 -701 138 -851 181 -173 -1352 204 -560 422 -621 1677 207 380 32 -633 -278 774 -158 129 -61 -324 741 -758 -15 193 -645 -941 -236 -1061 -222 396 482 871 -1618 256 54 365 -695 -264 -1074 -127 -105 850 -1156 -57 -193 131 -257 -763 -836 -714 -308 -439 453 ]
[809 258 292 243 423 -45 -136 871 599 121 211 6 618 -43 318 -737 -691 -1356 323 -626 -374 -311 -1090 -382 607 -163 40 -714 -823 990 -178 -643 16 88 1563 -1071 496 -307 1070 159 -727 82 61 -119 641 -272 -392 113 210 316 -529 948 134 -295 -85 754 17 -480 227 1050 -618 -317 302 -239 126 754 523 -21 599 749 -163 -895 -219 -661 130 -1026 328 551 884 -1128 -228 -237 -974 -41 1214 273 -258 -342 186 -553 -670 -313 78 -207 898 149 -69 -209 -1395 -869 -391 534 -21 900 -624 -99 679 -441 -359 275 -558 109 -1055 285 -781 -667 -749 -33 -1017 311 590 434 192 111 1081 ]
[7 -383 -758 -97 303 521 462 631 505 -315 -580 -268 -570 -844 -306 1359 -215 -105 -14 435 753 464 532 1319 -193 930 98 -395 6 -957 373 259 718 -262 -1210 628 273 74 902 1119 749 689 -268 -157 107 952 548 825 -338 95 552 960 -785 1667 -279 23 225 -385 -690 1096 -336 -750 -418 343 273 27 170 451 306 -1383 284 974 -117 14 -483 -633 -683 891 471 -516 -684 -344 43 822 -105 -16 -423 -717 -339 -292 -487 607 240 -1389 -164 448 131 -247 230 -107 230 -420 -636 -479 1263 -1136 754 379 223 -394 454 495 333 -515 -379 297 309 -331 772 -478 234 -234 -375 146 -945 ]
[848 -552 1489 -57 -96 -860 445 121 866 799 -1474 -70 419 -178 -95 -301 394 435 -1253 47 648 434 1130 -848 160 44 685 -67 -39 1067 602 -950 -565 -155 61 -391 -507 1135 584 983 -1077 -194 -380 -1025 195 64 -308 677 -1406 511 -568 322 -339 425 -877 -880 -546 -509 530 -372 764 182 1330 343 -121 -335 1139 -516 -467 275 -854 1199 60 -92 -334 823 595 460 -193 -486 -474 1587 -168 221 -276 -76 704 -525 1254 -604 -45 -1261 979 408 452 -13 431 798 -565 -137 1007 120 -252 618 111 -206 448 360 681 -687 975 546 -745 168 617 -83 -961 -913 -918 -872 -81 174 101 -594 640 ]
[-350 424 158 1615 -269 -458 478 242 848 -416 -541 -1328 -263 -137 -217 -1688 -270 323 404 -473 -183 -627 8 241 218 -192 996 342 -732 -402 -680 -348 1384 422 -41 -453 -1346 -1012 -194 28 -417 392 1176 478 277 218 -237 457 -74 -722 -455 -152 196 -968 -151 -627 -1005 -838 1787 -890 -384 4 -707 -667 -447 656 -728 -323 -528 -388 300 411 314 846 -36 290 212 -854 409 363 -779 564 771 -370 159 -205 -395 -609 465 -50 -843 -913 842 635 -1808 427 1702 802 383 -207 498 -686 1032 -856 -351 558 -863 826 -315 -753 800 256 452 814 263 543 770 995 934 -724 115 -162 -1123 187 -45 ]
[-1095 478 -490 1219 113 -155 1172 351 -830 -836 1075 472 -804 1141 1057 262 358 -968 238 -735 715 40 508 648 -116 1305 602 -492 -419 -665 -627 803 -906 -355 -287 -705 -9 510 -154 -502 -382 -823 577 -523 -769 893 34 29 446 -19 -952 99 392 20 -504 720 851 -290 346 162 -793 -1011 -1626 -1000 1360 666 631 761 -447 -1639 1755 906 -249 -688 -339 -544 66 -745 -468 286 599 -1507 906 713 290 361 -980 -953 659 372 -516 777 -121 -11 -41 472 527 165 346 -145 449 -596 -111 240 327 121 -657 -318 338 -9 348 422 603 550 -574 -175 370 141 661 -160 825 52 -1108 335 -427 ]
[163 -318 -224 -228 -526 -1619 -5 -286 -697 -597 155 -77 179 402 -433 260 -305 -1340 -945 242 -488 601 -195 -629 560 -1635 -94 699 -2394 1278 277 429 -908 1063 801 -970 942 1004 403 690 -631 -198 387 66 432 7 -965 349 -406 -771 276 1096 -139 -270 -1541 439 621 -171 265 549 170 -142 230 1529 138 -9 -239 84 189 1 -385 77 -557 351 -551 -701 -139 -43 733 -1387 -855 402 -771 724 1726 460 -645 -821 -228 676 50 1019 -44 -202 194 132 238 382 717 -793 -155 -918 -506 -541 -219 -187 648 -152 464 -595 188 -53 -103 -424 -876 350 398 631 -413 16 -497 -275 -598 991 377 ]
[-714 325 1099 1227 27 -113 -116 78 -192 -84 484 -92 665 -189 85 -62 -725 -954 575 -768 878 1060 1259 -768 120 -949 148 -462 -930 230 974 157 -1443 -489 460 -606 848 -46 638 -409 -332 1055 848 -1079 447 398 -599 272 -160 40 -1047 159 -296 -55 -97 513 -292 1596 288 200 -38 -211 -96 -113 961 729 -22 545 692 441 97 196 307 -623 -675 -368 -1032 -833 22 -1831 -768 1558 -82 -658 743 -354 999 -143 1083 614 -446 436 213 -1474 415 -5 -1211 -1466 -19 -982 -390 142 -435 406 -551 315 318 -310 149 388 -391 495 524 -83 -1031 -362 -484 -434 -267 596 28 -606 -446 884 115 ]
[-741 -545 -347 -257 246 -307 -1106 -665 726 451 675 261 -66 -661 -1475 -701 -974 -193 986 101 -615 -727 277 849 -500 -56 285 161 133 -352 -125 -648 1223 -288 -894 1199 11 -964 -659 -985 508 979 112 878 -690 107 885 668 -375 917 1007 339 -126 394 -198 -1387 155 301 1402 -1920 727 217 -304 1287 -302 -12 -358 436 -88 828 -669 -55 -34 -43 1204 2026 1058 390 -97 1794 1192 328 188 -785 159 381 -590 221 130 -495 125 1337 -1201 1186 -250 -926 357 700 945 408 -377 229 154 -997 171 357 -314 -29 -1133 580 -144 510 726 -221 448 1251 1029 1716 465 391 332 -445 738 784 963 ]
[-66 507 435 -58 154 -373 66 -337 253 293 -282 -1366 227 -27 442 -622 133 687 -341 -180 1416 1124 -106 -206 150 -832 -169 -141 -613 -559 47 -985 -382 315 -279 592 -1069 -492 992 -505 -234 25 699 -516 -73 414 -242 -240 -326 16 -181 -70 -26 -278 484 392 -1620 569 -494 -57 283 83 -279 -688 -420 682 133 -353 -61 28 475 -1432 -934 53 378 -974 -179 -1088 -1295 178 424 1536 42 -349 220 589 1350 -455 -454 -525 -665 -422 -602 -573 -696 501 -391 -548 -1539 219 -189 -233 -327 60 294 1059 -245 -967 -216 243 -68 -24 -63 756 -4 -1194 -472 -561 149 573 515 65 -782 -343 -131 ]
[36 690 -435 816 -238 289 -76 235 -10 -336 550 -71 12 -547 -216 104 388 -130 999 18 476 -135 1355 -5 -1283 677 -144 -116 272 186 412 280 -1013 -1045 569 383 122 -752 -275 -520 82 175 -893 -1108 -461 64 157 -44 349 973 153 433 -430 829 286 -245 456 927 -207 668 -694 -707 -1573 307 513 -166 -864 876 955 -341 780 -45 -392 -424 -1089 246 379 733 -534 -159 734 -755 832 159 -1320 53 -970 -30 113 641 -35 421 -411 -1226 -666 -354 924 159 176 -96 588 -75 -10 -11 -631 597 59 -541 -589 -408 -423 930 1200 112 -367 -147 647 -682 1239 646 198 320 237 -191 -1220 ]
[-445 -178 -50 468 513 191 394 636 -614 -90 1092 697 -644 -122 106 580 -341 -406 -63 385 150 181 1051 670 -1314 743 -472 -1367 1346 1150 137 176 -217 -1019 468 1101 605 179 806 -18 315 502 -117 -601 -608 -637 747 -312 -572 -259 -302 258 -1 344 -122 525 484 780 -382 233 -412 -197 -712 78 -483 -380 161 758 706 -342 -1068 -284 -705 -226 -537 -223 33 916 251 246 442 -968 79 351 -109 421 221 -47 -117 319 -581 32 922 -2035 255 306 -140 -1149 -525 -1116 698 707 -445 -1054 559 483 405 -689 -1247 827 -398 -15 -239 534 93 -393 497 -1075 1986 170 -995 434 798 -170 -589 ]
[-285 226 842 -371 601 -331 -65 285 1128 89 316 -830 -202 385 -588 -844 45 -542 446 171 496 -441 356 16 -8 -624 -544 29 -796 -201 -737 546 1150 626 412 -496 89 -280 25 -87 938 -67 354 -100 -24 -1208 770 966 -933 342 -74 -333 937 -808 -340 -180 -491 603 257 -277 1010 -1328 -568 664 -240 73 -224 -344 250 -80 -666 -107 -65 660 -598 251 -10 -39 -147 403 31 -103 -692 -96 -68 -103 -162 827 -176 714 508 1248 -394 349 450 -985 -211 -846 844 -426 -236 243 125 -1208 88 1269 393 250 -1053 -95 -1092 -409 241 674 -278 -276 103 915 -600 -172 -612 -952 228 569 578 ]
[-1029 934 -904 -497 -637 221 -356 -62 -1102 -953 -84 -560 -150 328 -572 591 -536 286 -18 -466 -921 -503 -1003 -259 182 668 -3 135 771 -46 -1308 861 830 461 -543 -431 382 340 389 -1209 -574 -420 754 807 -487 -355 96 412 901 -297 524 -478 -502 -143 359 -260 135 -437 -150 765 -1013 -213 -839 792 80 480 -310 -819 -441 -334 637 -455 281 75 724 -22 -783 82 382 68 -248 -165 -58 -168 340 -161 350 512 -629 -51 306 1282 -620 329 240 -196 -341 -1086 525 232 -652 -63 -18 659 -95 267 -245 815 -347 -285 160 24 -197 -447 -356 143 -343 1500 -553 171 197 305 -863 -832 -361 ]
[437 -670 819 -162 386 -286 1006 631 -32 318 -210 405 -72 -631 447 -175 -1008 -224 -252 91 -938 31 -712 -867 -68 -647 116 1256 -318 409 114 121 -1140 472 744 -467 -315 -454 783 -56 -562 -935 -998 182 286 -528 -704 323 429 -560 186 897 375 -692 -118 -315 276 -1477 234 1033 -54 -164 -53 -519 618 -18 -162 -663 97 170 405 -52 189 443 198 -357 857 -851 268 -997 486 -116 -534 17 -308 324 126 164 -882 -103 -677 -1070 -314 78 510 560 84 1109 153 -170 166 114 873 -173 -239 658 -675 218 60 -113 -1034 613 -224 638 385 -973 56 -845 345 -28 120 145 -77 -414 1799 ]
[-325 26 -461 -28 -176 -724 629 -118 -1177 346 133 218 -139 71 -116 794 593 249 -1420 623 416 66 841 628 -571 124 -56 420 91 -1091 620 -84 -972 294 -179 1409 -702 590 -795 1614 -197 -559 -247 185 -1175 211 -44 367 -369 280 514 158 -25 649 -1056 -40 -847 -301 462 0 -61 359 762 105 505 -506 -1057 241 37 -148 -1213 158 -917 126 -565 859 -553 185 76 337 -643 617 563 818 16 162 -272 -29 -27 -633 -185 368 706 -90 -550 -99 136 469 -187 231 935 -103 -413 -308 1433 -684 -399 -1435 335 106 1105 -193 591 48 -61 228 635 564 235 -192 -261 23 -793 -189 -191 ]
[-56 -227 166 604 -46 470 358 337 620 -294 -681 -200 248 -710 19 264 1 27 -177 358 -180 626 144 -774 583 -263 -296 235 -475 225 712 450 -681 730 169 400 376 1220 110 1275 -614 -663 -336 -332 202 1185 227 -317 -1162 547 -472 919 153 21 -140 726 47 -37 59 172 443 64 1049 -899 239 7 -509 -214 97 440 -607 -265 304 849 127 -312 960 1260 359 -411 -295 566 -197 496 738 367 -208 294 535 347 -87 -568 737 1194 987 -337 -4 1039 -27 504 610 410 279 1632 -822 -808 -149 305 994 -300 386 -233 -410 -564 -61 -43 -1021 -399 -1359 -5 280 -769 978 -281 966 ]
[1112 -1254 221 -1063 1190 501 -593 -437 706 903 -130 1528 156 -750 -471 80 182 350 92 631 1409 -250 -237 724 -1379 254 226 -84 496 511 304 -530 -401 -301 -515 -626 -64 119 693 430 792 90 -220 -1271 182 -798 142 171 347 -339 662 -659 278 649 111 -560 -345 -411 -936 382 539 669 417 737 246 -323 509 834 81 134 -208 1081 -257 581 -262 -556 -242 247 -1022 -835 161 109 -1166 -395 -581 -455 -518 128 -790 -470 318 -696 -781 -153 247 -180 -208 857 -417 251 -790 736 -897 462 436 499 1594 -746 321 620 -30 318 -532 -689 954 55 931 -943 -240 667 495 -144 1122 195 16 ]
[-498 707 394 569 -816 663 1043 35 313 -315 -352 -94 57 316 236 -1222 728 316 461 -21 982 -534 189 9 82 806 -482 -795 -58 -1446 -115 242 1352 -388 -1812 905 -558 -848 -67 470 222 -294 -870 164 514 673 357 -63 -84 -63 -306 341 675 -361 -13 531 -586 114 191 426 559 -542 -571 -457 544 165 -562 979 -140 -906 192 205 693 -463 215 106 -657 -528 -1163 72 458 879 642 -1074 -69 -439 572 -248 308 248 667 187 244 -799 -704 -211 -722 -541 -451 299 -1245 308 408 1153 616 -346 -1126 912 -330 -470 -423 322 1494 -97 -1041 -322 -701 -645 -103 -246 -88 -408 -860 -431 312 ]
[531 -414 108 756 -490 605 -136 91 400 289 353 27 62 511 704 -172 1248 -345 203 -92 377 10 -522 5 60 -31 401 429 228 -623 -441 -1127 476 120 -174 16 -497 -360 -854 681 697 268 -830 -327 748 333 523 -611 336 -251 824 -403 430 1347 333 -75 330 231 357 367 323 808 1080 -297 -639 -558 405 225 54 -148 265 -132 8 -902 179 960 389 -136 304 66 481 -59 402 309 -600 -376 -525 -776 -420 -895 -218 -357 522 397 269 142 999 1054 -1065 1191 1133 140 617 576 255 -208 -287 271 242 430 -375 -524 815 984 -194 -125 1323 537 14 76 1123 -13 -11 465 218 ]
[-278 -1260 -106 129 1389 114 -399 -347 704 865 -263 1141 777 -609 -465 96 -47 364 -194 28 133 -262 -238 -168 -221 -310 700 -760 88 -63 426 110 552 281 122 -493 -758 -380 277 585 -146 709 605 -481 620 551 -156 -179 180 -550 -28 -316 508 -264 -71 -365 -1440 -869 537 -1006 628 1008 582 -521 197 -731 -137 638 -205 865 -1801 619 -415 1101 -276 622 -129 -502 546 -53 -94 914 63 -812 -266 -223 306 349 292 312 -488 -1036 67 1206 -198 9 -1184 705 -51 810 -646 976 -744 -132 913 -282 -181 -927 293 440 247 4 -523 -1005 823 148 -541 -538 -374 6 137 -771 367 399 266 ]
[594 -50 -186 -191 12 645 788 745 1145 -59 672 169 -225 -285 -594 671 -697 -260 -290 -233 81 430 123 -620 854 -57 -119 10 -590 300 81 -105 -231 233 832 -1212 474 457 613 -528 -299 -886 674 -1301 -882 401 239 -915 -72 -459 -862 -81 -454 -108 1333 -834 323 385 -108 -72 399 -36 343 -381 82 -498 1485 -763 -897 273 -495 -533 602 518 190 -790 118 -219 -72 -900 -708 -394 -604 -286 286 -286 282 -105 -85 -269 114 -941 -361 1332 1017 60 721 76 -19 453 -528 -445 -39 1343 -251 974 -153 407 445 304 862 -619 -770 -1115 332 -227 -1363 -23 -104 350 990 451 955 566 713 ]
[111 -241 70 717 271 1401 779 283 816 476 -1152 -1046 -1299 -139 -572 790 -219 408 -757 153 -233 -189 -201 584 143 1645 153 82 293 -1094 291 -197 306 303 -421 -768 297 647 252 -1173 83 -482 -449 1045 61 -319 343 357 811 -89 506 514 -431 154 144 196 1507 -1284 516 525 -222 936 171 -233 920 -830 721 -115 251 -14 -518 230 753 516 943 231 636 724 1030 204 -157 -938 -258 677 325 -658 -845 110 -190 0 -235 -672 400 518 600 -212 71 327 -50 1475 -358 161 -429 1201 852 -741 -554 1159 809 115 40 -519 -800 -451 11 241 -470 216 -884 -31 175 273 430 -1137 263 ]
[64 808 -883 1295 309 -507 -923 -92 495 -718 678 -387 703 113 21 -181 -43 -1685 551 44 359 322 -251 -146 146 -757 387 -363 -1775 18 144 -268 -367 947 21 -117 -631 363 178 279 -749 537 1412 184 54 1107 736 187 -632 1104 591 715 -157 680 -456 819 -273 718 1226 5 62 -424 826 -72 -87 438 -219 165 785 10 -326 -866 -815 -268 91 217 268 301 501 230 824 -65 -119 370 902 946 -766 -861 34 -148 -208 939 -658 241 213 -470 379 -183 209 -472 916 -1130 -487 873 -642 -34 973 -720 -538 248 -94 -40 441 494 -658 1309 1201 1498 -113 569 1053 -840 -348 1101 -748 ]
[772 -629 710 168 247 -53 320 873 -660 -163 -610 175 142 528 -80 461 823 -119 786 5 1038 -250 6 433 -790 -542 600 -1023 -962 1322 114 -516 -367 78 633 -529 -90 147 -513 1201 -885 -350 -893 -374 316 248 -601 -733 602 -684 -238 733 1045 521 -536 776 -195 -476 -1065 1804 -473 33 -361 343 99 -204 452 -7 -439 -211 -142 68 -874 -1026 -317 -1195 -638 508 739 -708 -902 -47 -687 657 121 281 -422 -1286 -804 -219 -470 -474 1227 -1006 116 -109 -64 58 -795 -274 217 484 214 625 588 -726 646 72 159 -208 -1194 -38 -61 614 -331 -137 -116 -749 478 -108 -106 1090 -156 -122 388 ]
[-233 -205 -331 -113 -802 -385 -487 -1494 -1302 257 1066 323 -189 595 -958 295 279 5 134 -123 -26 809 945 24 791 -345 11 142 431 790 328 -195 -152 -254 277 345 619 536 -750 64 449 -598 -118 1035 -547 364 -80 -118 409 -23 -201 -32 149 211 -766 -191 17 374 -47 -647 500 414 487 -775 739 477 594 545 -603 -165 -905 391 -290 -161 -86 505 -869 -443 -855 -6 -97 947 448 35 -449 -380 -5 233 324 -1143 -324 -278 -848 229 489 386 -1034 -694 244 -358 283 -301 -848 -97 193 -1100 1055 -329 144 419 1565 465 -109 -1077 53 -773 -278 863 153 -1111 216 -58 20 577 -20 ]
[-398 -230 -599 -815 -215 -271 439 377 397 -498 1513 131 -162 42 -231 -270 -586 233 2 207 -50 999 581 583 -233 -3 84 -53 1311 932 -355 -127 155 -570 872 124 -737 790 869 9 1286 157 123 1179 -211 -707 -36 698 714 327 -1154 -159 680 13 -818 66 1118 -131 797 154 -71 845 -596 -606 842 242 517 402 870 500 -733 -113 627 -631 809 -339 -52 982 -289 292 -555 -1210 413 671 603 322 -648 465 468 188 -412 286 730 631 841 132 511 -409 60 615 386 998 199 -686 48 242 1491 481 379 385 207 385 -621 317 23 -490 195 31 277 230 -951 120 620 1015 1323 ]
[-283 273 358 387 -968 634 -1454 241 219 -1310 697 244 676 34 -95 258 -645 552 636 -60 691 8 -772 -343 277 -135 -504 131 509 273 -1155 -795 132 -86 412 551 -67 -781 -272 258 -909 729 761 -12 389 537 363 -300 -311 -533 125 -1695 -212 -1244 149 -820 -294 -122 452 328 542 915 1883 347 -53 -228 -136 -464 -353 1140 481 110 392 191 1545 -325 -328 -1 -145 -281 -139 988 -308 -1868 -262 12 401 409 -346 480 -86 -420 -138 587 205 -332 325 -629 43 97 16 -612 651 56 -372 177 20 762 275 767 -1026 -143 -511 -861 478 -20 909 399 -62 1264 644 -410 -104 241 -40 ]
[606 703 317 -543 -53 -400 490 -470 291 211 -351 -1240 -100 446 -14 -629 681 295 -792 436 -20 -347 -608 -1143 880 -587 -540 65 -545 -119 694 12 412 1222 108 117 -936 290 -123 -383 -308 -788 150 -14 654 -899 -301 -367 -622 -514 -1151 278 125 -54 512 -443 -811 -494 428 -1385 1112 182 -33 -1232 100 26 492 -545 -849 -457 -965 182 269 574 -706 -306 -59 -1138 -565 521 -54 1114 -166 102 -400 -347 524 797 151 893 686 -582 -377 798 -295 702 -337 -950 651 -5 -566 54 -105 -185 -354 544 -362 579 -554 -263 762 -830 -597 32 195 -362 -656 -123 -929 -1504 -200 -711 -893 -60 79 ]
[-890 826 -1410 -152 339 72 -577 212 183 -324 301 -382 -48 291 -1141 -626 118 -102 221 -147 536 75 -195 333 687 879 -282 -159 1130 -275 -181 100 967 -1066 -349 -582 -288 -134 -581 -1896 158 570 -312 276 -765 -560 -101 476 679 -200 -621 -172 69 -567 267 425 -199 127 -130 -350 -1478 316 -1516 522 -200 448 -129 195 -783 -486 232 -351 680 397 494 -345 642 -51 -702 717 583 -591 763 472 -30 -870 -72 483 27 807 138 336 226 543 -118 1144 1108 -703 323 -664 -52 485 -27 -78 521 -13 -518 349 -413 582 229 -317 -927 -236 411 -151 1188 1628 676 3 -596 347 -376 -261 -70 ]
[629 -896 16 1173 381 -1 160 605 297 14 -627 470 136 -79 -256 -43 -234 382 -228 525 119 -18 811 1063 -750 67 205 -558 -558 -9 927 393 287 -1062 -658 8 -1284 370 259 894 -192 208 104 -929 -232 -153 -86 584 -875 -713 300 532 397 -152 -419 -9 411 996 606 -400 341 1383 -64 1095 242 -585 659 668 744 -1171 -524 373 495 164 747 168 306 -702 678 275 -891 296 -264 -390 490 502 89 -697 234 787 747 -348 573 -844 -608 -233 90 1255 -252 479 576 951 813 537 -340 28 304 324 -308 302 643 -587 -133 -412 -439 97 -209 -1011 -37 197 -732 -641 864 90 1134 ]
[226 -854 -249 98 -16 554 -1007 -825 2 610 1063 303 844 -1302 -261 -588 -664 783 301 -431 -538 723 209 1116 98 -729 453 309 1013 277 175 -488 508 -908 635 531 -947 1201 333 -133 116 1005 -78 978 443 -1120 723 135 -377 13 361 247 -422 1290 85 -329 580 489 1153 -529 274 1457 967 -341 -367 -108 84 882 1021 691 -692 -273 113 43 596 1043 741 -213 358 -77 99 635 683 -691 -76 800 192 356 773 -253 -399 -13 279 -376 -274 311 666 42 227 -83 -64 -148 -753 -349 -947 -829 590 680 -677 1448 424 824 -285 -1001 -421 433 370 -492 63 -254 -702 -565 1760 932 496 ]
[466 231 1202 -52 -475 -872 -452 52 383 -483 -497 -501 736 456 -372 -1375 278 398 204 -734 255 345 239 -106 220 310 145 193 8 104 -864 -123 -1258 -305 43 -330 141 -440 425 -883 -466 890 -864 186 519 -280 -1657 885 -687 -484 639 299 737 -789 -194 -112 -178 -316 287 91 84 645 -60 23 521 354 -31 564 340 -438 817 1001 -622 -801 -638 552 1267 89 -620 -899 -393 781 495 84 -379 -51 51 -936 767 -443 -787 400 -724 -1559 -587 1009 -529 226 -10 -970 363 -67 19 -264 -278 572 -162 181 -35 150 -653 878 -500 -23 38 -1424 374 -267 -178 508 100 -482 -662 -698 1075 ]
[-108 -54 82 -522 -175 -1145 -2 62 -186 -2 -387 1061 -67 834 -113 -200 -1272 -93 -358 306 146 1076 1025 -647 281 -134 593 -794 579 751 37 499 -542 301 30 -937 89 1205 1006 -100 11 131 -151 -323 -859 -33 119 1504 -90 394 -503 725 98 -856 -684 535 -1 -139 -683 -231 -830 605 -364 383 962 497 439 281 670 -176 69 920 431 -680 137 371 231 393 -243 -71 98 -145 156 284 322 -252 774 -452 205 -256 88 -527 377 -766 1100 499 -803 -754 523 502 845 595 -231 665 -106 -282 1227 693 451 735 846 1040 -477 -374 766 -1283 -16 -263 218 537 -413 -56 169 -325 1100 ]
[-413 125 -281 100 135 125 -221 91 -251 13 -480 714 -46 166 947 682 11 571 219 -285 -532 490 -1678 903 273 1468 692 -857 781 -1494 -745 413 660 -499 140 122 -674 -1060 -186 -238 461 755 707 30 308 496 340 -511 -37 -319 -613 -975 -244 -710 872 -243 -629 -392 -1135 -150 -245 217 -351 -378 -521 26 962 -282 -406 -1077 1256 -56 -126 -543 558 268 111 -576 348 -117 224 -939 534 -445 -300 -735 1747 280 758 -165 99 -1058 398 -800 -32 -240 -743 31 -1181 753 335 -433 1110 340 -86 -509 -708 806 -123 813 641 -752 620 89 340 -1583 -1093 -633 129 50 525 431 -541 -670 -298 ]
[792 -817 240 -458 558 -98 521 -342 606 785 289 337 123 897 444 -20 380 -848 -199 385 -1067 -450 66 339 300 58 782 -446 -136 94 522 -96 -134 -257 133 -1278 182 397 1038 -697 638 -755 1239 240 -286 -1049 6 533 586 -509 384 -188 -404 -517 -186 -145 813 -751 678 -613 264 1021 -371 861 871 351 154 304 78 -39 -123 136 171 651 -223 668 458 -1162 279 -296 164 -1315 75 500 64 -242 311 -684 581 30 208 -582 -151 69 -21 -314 18 425 -578 1364 -655 921 -278 1085 1718 2 -184 -341 1170 -345 364 -263 768 -628 -113 97 -947 -31 -421 842 741 555 -588 -280 33 ]
[-1040 -141 -376 147 239 88 -433 -278 -254 248 197 170 -10 -614 -1072 492 -362 -874 210 -126 -383 -382 165 -190 819 -269 -259 706 -87 -214 1263 698 401 -402 -999 801 597 -308 -1210 432 165 -90 675 95 -256 536 -268 212 -291 71 356 29 -521 278 -428 -234 -46 1178 631 -614 270 6 596 445 -21 395 -945 -14 -131 193 -797 493 1199 651 -33 -94 -1430 8 -51 104 -605 751 -20 156 495 -117 -734 490 31 -269 757 526 -625 1127 178 -519 -294 -65 1192 -597 -54 -40 66 352 -307 -611 -105 287 256 -957 379 78 110 -165 460 1907 -407 1432 -559 -890 -472 -1110 331 958 -471 ]
[-199 621 -87 -794 -936 68 44 -1309 650 -256 877 543 -851 680 -659 280 426 143 -479 815 -67 194 583 420 299 199 -584 496 570 -728 -703 481 478 859 -679 975 1689 32 -1169 -1414 783 -181 -670 294 -821 -162 772 -516 -152 216 202 -957 -665 213 1108 -145 1374 468 -3 -754 387 830 -608 70 -221 -526 26 -92 -403 549 -143 178 -60 732 -479 1229 553 840 -445 537 976 -454 997 488 -641 -171 -177 751 135 -134 143 -21 -400 796 44 53 184 -822 1319 -96 145 -174 -139 -1141 321 -677 -56 754 37 -381 356 -212 80 -1009 374 -396 186 920 647 -444 -437 67 670 -195 -610 ]
[369 -4 83 -554 -825 -665 104 824 285 -336 1929 701 403 551 171 349 40 -391 -51 72 -942 -39 -979 1266 -113 549 641 -283 678 66 -119 -13 356 -739 986 -201 136 -22 396 893 914 -446 706 -100 355 -599 638 221 232 186 -327 -503 132 479 -262 789 1086 -283 276 768 878 235 438 134 -82 -31 1378 113 101 -597 -363 -211 -644 -383 76 -45 466 1474 752 -607 102 -1079 311 1005 609 -154 681 -1066 297 -8 -707 -685 670 -988 1026 -615 694 -796 -999 621 249 521 682 614 518 -208 612 81 -372 586 -38 -455 592 -173 -35 -892 280 389 663 332 728 1313 -740 609 481 ]
[493 22 713 -300 -94 -1124 556 30 759 276 -1218 -378 -801 401 487 -758 907 869 -836 -390 701 4 495 103 267 -818 -54 -149 -412 403 -410 -773 1041 1330 -770 29 -361 108 -304 -188 -738 -292 531 150 -1258 360 -310 518 -108 -641 1111 -174 -798 234 -230 278 -1677 -154 -73 -307 75 909 863 -398 -242 -558 -329 -675 826 237 -435 585 -248 -677 -263 220 327 -1146 367 1116 467 950 487 676 830 944 87 -1145 57 -1283 -816 -715 387 -51 -956 1055 211 31 -305 -1353 1038 -166 -513 -1123 52 534 565 -45 -233 -587 89 924 -1204 1477 -164 12 834 -151 -247 -783 -449 -96 -846 -275 -1110 ]
[-500 121 -170 47 -1006 -92 -434 337 280 -613 1149 -575 1238 -163 -294 498 -439 -316 275 -110 239 219 342 807 771 805 4 377 364 -471 -284 -209 636 -1280 -14 843 -161 216 414 649 645 197 1437 -13 142 337 894 726 -262 679 -315 -711 -503 -436 -449 339 -205 376 -88 348 273 -1180 358 132 269 1277 378 403 304 -431 61 571 -410 656 1678 31 -873 361 -837 -978 -500 277 141 -1066 220 -195 1128 -445 301 -300 -355 305 -233 -633 304 -1164 -578 -800 -752 523 -637 -991 458 522 -157 -833 748 226 156 -235 510 -23 432 -797 -854 -326 327 539 -199 -480 448 -73 -286 708 -248 ]
[887 10 -3 -561 170 603 103 75 -61 -71 -320 -388 -117 409 -471 -617 -869 757 -221 341 480 376 -991 -264 -414 -308 -130 -207 857 607 -831 -309 160 -40 -279 827 -345 -240 549 658 294 781 -41 -199 463 -490 636 -461 -269 -469 114 -290 539 351 46 -408 732 -207 -166 403 13 1086 341 -404 -318 -496 -781 211 -93 38 -477 -422 743 -536 256 4 -340 877 -427 100 -608 658 -478 19 -171 -115 682 381 -320 245 -167 -245 648 215 481 209 239 190 -1063 10 846 162 352 -965 -29 13 803 400 -508 777 -1180 -234 77 70 438 -256 1015 596 85 1290 -680 -178 281 -410 16 ]
[-514 360 598 -1113 -309 -74 -641 -800 -1067 663 1053 1054 -925 987 44 451 686 -1110 97 -322 -760 569 -1076 -354 -245 -391 50 37 -225 -767 682 341 -732 -598 117 -344 -513 -502 -403 445 499 -31 -547 859 916 -156 -210 -119 363 -308 -422 -801 662 160 -368 -813 -705 1081 -1140 -118 482 381 -273 1083 -281 -238 -27 -90 -771 -896 31 145 111 -319 -659 779 -1333 -96 -1150 558 1060 -220 -584 -312 -691 -960 -20 1394 -674 746 1378 284 -228 -348 333 -371 -270 -291 360 981 6 56 440 409 265 115 -257 251 -433 -315 75 -855 1013 -63 275 125 -330 941 -325 251 -307 -957 -189 365 31 ]
[525 -3 -473 -850 1135 1009 -73 83 -314 575 -1379 -975 -526 -540 573 353 -328 -217 -483 -69 -642 -570 -1595 -30 -502 717 -516 -88 -229 484 1429 659 -159 -432 -346 -522 -1133 -172 1054 -780 53 -134 -320 -1153 219 -503 -136 -343 -383 474 -444 1186 643 659 1352 -664 1029 554 -131 359 235 552 -1244 490 6 -749 -245 105 -154 -869 31 -989 1364 464 814 -1073 1400 49 225 244 -456 -74 -465 570 302 643 815 57 -278 937 661 -210 -328 489 287 -232 -50 1133 -735 1415 -928 500 678 874 -214 1114 -136 -652 -858 351 217 249 -130 -294 182 -775 -228 -528 -437 967 -667 242 1084 115 1432 ]
[21 -149 -70 482 -299 487 878 813 -102 -217 -1483 63 -1321 -341 -304 -568 -244 788 -370 -255 1884 681 279 141 47 -100 -644 12 -515 -1125 -281 -658 -759 319 -61 -233 -126 244 274 -440 698 1016 -1256 -515 -82 205 -657 -15 472 -313 616 259 -413 -601 -1250 -390 507 -752 36 1178 -1015 1827 -46 502 409 -127 -729 456 1059 47 1517 164 232 -864 -406 -894 -441 527 98 93 -409 922 -300 104 258 376 -193 -749 -65 -109 -273 572 240 -823 -72 733 -240 662 655 -526 164 224 243 -448 82 -501 922 446 1650 419 -103 558 -432 83 -388 -241 -223 -291 -367 613 108 295 -498 -316 -1207 ]
[-227 84 -55 963 216 -243 -770 918 1081 -461 -524 16 578 977 -226 -1072 330 -1231 241 -368 870 -165 53 -803 64 248 -235 -347 -182 415 -161 -196 737 -227 -1339 1140 580 -611 -1033 -1279 -1011 381 200 -47 -972 241 91 -588 -696 -469 117 336 410 81 120 592 -868 347 541 -912 -975 625 151 601 -251 168 -107 -152 -98 52 756 -452 107 -402 -287 670 1762 541 81 844 1171 243 489 196 79 597 -462 -536 401 221 -440 -57 -7 368 -1 534 161 -50 -751 -1644 345 1461 -127 -105 976 -504 -1253 539 -458 -387 -1575 -84 320 467 -26 402 32 642 -32 1170 -216 293 585 -1109 -293 ]
[-242 497 -824 -352 -657 18 1005 -44 -631 561 -33 504 -617 45 -111 640 1283 684 -929 -403 218 -699 -1553 451 225 193 102 354 143 -2232 -901 447 1038 488 -422 -497 -728 -457 -14 605 894 -242 56 166 466 438 -363 85 315 -910 550 -586 125 -82 181 -22 -327 -849 -674 836 40 -947 -381 243 -795 85 -449 49 -345 -1305 606 130 -176 147 -988 69 -1312 -1250 -208 -292 -86 -709 -172 -247 -64 -732 853 64 -286 -95 6 1007 157 -550 -356 1157 -1039 455 -323 403 -654 -478 -255 -328 844 376 -706 -654 421 -707 1071 -905 1070 439 -418 170 -530 134 -726 -239 306 -43 -1946 489 -1202 ]
[205 -367 -376 552 -248 905 1097 682 369 -12 612 -623 -592 330 -126 -322 514 -710 381 523 -644 -1216 -123 -77 -139 396 -267 -78 -89 14 -371 -333 543 371 405 -475 -358 638 637 21 989 -868 402 1264 -363 -1320 1789 129 371 -11 -442 436 -395 -141 400 -55 600 -211 771 -309 190 -611 -633 -308 5 291 232 73 775 462 -571 -721 177 718 -1096 -418 -255 181 243 544 175 -706 6 -185 432 -204 -978 790 77 44 898 -83 -153 521 259 -926 -311 -1452 800 342 -896 1058 -845 905 -923 441 472 354 -307 -434 -714 294 775 -615 -1127 865 -601 265 -1126 -537 -375 -223 -22 222 -311 ]
[604 516 903 291 57 1060 -409 -610 -49 614 -171 -1342 -443 257 -31 868 659 196 -262 1033 1093 -716 462 739 -629 718 -73 -1056 224 -678 -141 -135 333 97 139 -364 -52 1086 -369 781 99 -1413 1657 397 238 -520 182 601 155 -571 269 -1183 -102 -393 404 -399 117 -312 349 297 548 147 413 793 861 -390 910 33 -250 -166 -604 943 254 1239 179 774 -582 -476 426 -198 -1158 -343 -969 -506 -255 -1371 -910 -364 -155 -287 836 -257 137 610 482 -1036 -901 -577 -537 2132 -897 316 -425 797 831 315 224 -863 977 241 880 -667 -12 -885 25 299 39 -417 -1312 483 271 389 -671 -74 625 ]
[-381 -446 -557 -504 -186 -1148 -180 710 -127 -318 -522 487 630 -869 -101 514 87 83 -424 -55 265 588 1784 69 -274 -162 491 386 -134 -172 624 -837 -102 197 133 8 479 30 614 -40 613 41 152 -610 -860 -82 289 809 668 312 589 -237 -1127 96 302 -60 -929 853 -26 -477 235 -354 530 749 -330 1058 -774 6 212 1245 -109 811 799 636 -702 -43 -902 -444 252 -219 -726 -57 541 2 -891 -166 -69 -393 -1477 -1635 178 -829 -904 -589 -610 119 -47 -887 547 -449 89 -948 -980 -80 -46 79 843 29 828 -591 1491 553 130 -124 584 265 -246 -8 1446 -1305 831 -167 0 639 36 ]
]
