[[170 -353 -529 977 293 128 -499 -114 -571 130 -238 182 143 -1111 405 -148 1116 101 281 259 -241 -116 -26 -720 -307 269 -435 344 236 136 -122 -163 29 -74 58 39 155 140 327 524 -359 -383 359 -466 138 334 262 -241 80 310 -741 298 -75 -431 -236 -60 482 19 216 -460 -1118 -142 -111 578 322 156 332 560 194 -958 -490 611 428 -326 470 -1020 472 -792 176 545 -421 -5 -69 324 349 -952 519 157 359 294 -75 467 74 -388 -41 141 218 592 913 -48 916 342 65 -389 382 137 -257 54 -165 -997 -66 658 -370 -43 -174 206 -103 559 -453 84 309 -26 428 -322 613 ]
[-91 767 -103 65 -917 -295 -608 495 187 41 -49 -916 598 429 -709 541 -738 342 -555 65 -79 -273 -667 -237 675 239 186 221 -287 -226 355 488 -441 735 -730 -344 -725 -15 375 -130 -258 29 285 392 -431 385 -419 214 230 -342 267 -130 685 764 -599 -166 -291 -650 -934 -456 645 588 348 -565 24 -208 -297 383 -204 93 32 -470 -120 -1116 -590 358 80 267 -556 686 -344 120 214 -566 615 280 -477 37 296 -152 -416 416 411 265 -325 -18 -458 200 -917 -519 -203 42 -32 476 550 163 -6 -125 561 738 -190 -527 777 373 -378 393 -298 130 214 -125 350 497 136 -361 -1101 ]
[111 234 662 -582 54 18 -6 25 30 79 516 226 -384 663 272 345 -764 -384 944 261 -349 40 124 114 -1256 431 -7 -1036 -293 -51 -505 262 -32 -659 -44 -269 356 -27 129 -191 413 212 -157 -391 -30 -761 -32 -434 -325 -991 451 -313 44 -760 483 523 -574 -286 -209 152 495 385 -45 192 -19 100 -79 290 -394 119 -199 -420 -498 883 -20 -12 -547 -731 -954 -806 929 945 118 252 -1071 503 380 611 -267 -1193 688 221 -2 -726 3 -888 6 -469 -244 -1 508 44 -490 182 407 91 301 48 442 543 717 -356 418 -436 -306 67 -233 -1073 -489 138 -485 -676 -10 309 -182 ]
[-444 -545 -386 -164 438 89 -100 -73 -85 591 -224 1298 -139 -333 1029 16 555 257 92 -272 310 704 -344 586 376 -27 -219 582 152 472 -50 -416 394 364 432 610 498 -598 -195 506 826 163 180 413 -384 712 3 -216 242 747 -716 207 -182 -1015 1369 -183 398 352 487 313 -931 156 -129 15 -188 35 624 -354 811 -444 -128 891 -96 652 449 -25 -328 668 -113 -41 80 190 1097 461 66 -423 519 -350 -505 -98 74 -663 -273 151 -19 847 539 745 -125 338 -448 -570 352 -945 -585 -290 640 -483 -811 -131 601 -405 -603 -263 -428 -413 2 999 837 -357 -282 116 185 397 306 ]
[-57 412 142 837 -64 -185 -791 -680 739 -103 647 -310 -116 311 168 773 -1385 431 509 87 8 -366 -423 260 1184 138 737 -261 -184 -298 -385 -305 -59 191 -85 -961 309 540 -64 248 703 278 -47 466 -1130 551 0 -282 -123 -827 504 491 407 -256 546 243 -487 47 -265 -594 -599 209 422 -267 -130 204 201 270 343 222 670 -509 -116 -101 -213 502 -159 -135 -263 -33 -426 484 1190 -93 194 -223 -85 485 185 -348 -140 396 -618 779 -71 484 -188 -605 -393 -312 399 -90 -18 -607 855 -575 319 -318 -484 587 -812 147 806 -10 -987 346 -885 -95 40 -308 -14 -157 801 418 -805 ]
[-157 -295 -108 -250 -119 -97 -37 280 327 -143 -590 -285 12 29 -125 -687 504 909 -11 -51 -286 -559 -60 256 667 -435 -379 285 -263 -2 451 -189 17 -72 552 279 915 -275 937 449 1832 387 219 642 512 -145 -265 -38 -192 753 493 303 -400 -219 771 -179 799 -30 567 -363 -358 -506 300 550 -379 228 506 -264 436 682 402 -130 576 732 -71 121 -123 596 53 -483 -137 -194 663 575 941 -396 209 244 -262 -114 -399 2 -697 713 -63 43 14 -98 -339 287 -180 -844 139 -122 309 -850 -36 -238 -733 625 98 374 -108 243 159 859 -635 -242 898 -654 169 127 407 62 -805 ]
[140 22 -263 926 280 -241 -523 -76 638 130 319 -128 -205 124 -430 794 -483 -1100 375 35 249 714 -609 -306 -66 -93 369 -418 270 -57 -616 959 -181 -993 159 -225 437 -15 -262 -951 -37 240 -312 -394 -1038 -246 834 -161 182 -1369 366 654 623 354 -841 956 -1101 -75 -538 -335 44 -232 88 -143 89 -15 16 631 174 209 -366 -762 -664 -222 -198 -292 747 -661 512 -22 390 -257 143 -307 -18 554 129 -91 645 27 225 240 852 -514 134 466 -856 -460 273 -348 810 220 -981 -8 -32 514 385 738 1255 443 -328 -937 421 -194 175 -507 -362 -356 -629 746 303 -39 -259 54 -335 ]
[-121 -1306 -279 155 327 -16 41 39 362 -606 439 -77 -945 562 -706 -843 -242 -302 -313 -392 90 6 752 384 -730 -396 204 -29 46 -538 123 -550 -691 -996 657 -98 492 55 126 -835 1741 541 47 17 -31 -1591 -476 -238 -207 -885 1116 512 -375 749 29 493 -60 -109 850 -846 538 -583 -302 -1 -904 207 -396 -698 256 1191 1030 -918 941 823 -241 -162 66 685 753 -903 349 -475 -572 -152 -896 18 -263 63 367 -20 -346 222 -184 302 -81 147 256 -1080 632 -289 -99 -270 -375 285 -482 -351 -50 217 -61 1038 85 36 379 736 1263 217 -545 -1077 714 467 -314 -196 -528 504 123 ]
[-404 -321 -487 -520 -369 -343 -593 934 -287 1153 28 -151 207 -137 176 426 -252 216 494 415 -503 410 -378 -373 785 587 31 -297 -576 534 -93 802 296 165 155 141 1271 -646 358 286 1141 366 471 437 -274 863 125 -206 169 -156 -235 103 320 -178 -275 510 -122 -1056 -6 41 -373 -394 201 496 531 -25 283 79 -57 134 -37 218 -313 224 -213 302 244 525 513 79 -187 1174 655 -751 901 -239 -17 585 614 -503 39 523 149 -9 223 354 -538 -345 -545 128 171 -665 -213 -678 -139 273 1046 22 -91 101 -44 -396 -120 910 72 590 464 -158 72 -1133 170 38 -195 -415 -1418 ]
[214 204 116 -434 -973 715 -238 -16 -332 13 -1036 -168 700 -118 688 30 16 337 297 -243 365 274 -139 109 121 -872 -1331 425 319 -20 290 306 553 510 -624 510 -820 -782 38 644 -780 -425 132 283 -215 -431 345 -258 598 -275 336 345 37 -617 -475 -334 -588 -288 -632 382 -51 1540 -256 -59 312 368 -116 348 -66 -396 -214 -107 -129 19 -486 -5 509 27 -777 -36 450 67 395 355 409 198 1118 -330 -1146 -405 133 -325 325 -17 -391 -26 128 1463 -1560 382 -50 61 496 1377 180 3 253 -585 362 953 743 -1107 -78 -574 -1190 116 -100 607 71 -69 379 252 90 -147 -561 ]
[-133 -589 125 -1275 236 191 790 554 -351 -385 -486 -275 217 48 654 85 64 -730 -540 -534 -160 676 48 -81 242 -1483 -242 -263 666 -81 -473 252 596 -51 -157 654 685 -695 -1234 -826 128 359 -683 220 427 153 1241 101 -164 350 466 -10 -299 -348 -1502 -286 -488 61 412 1681 97 -582 -556 259 257 -68 107 -828 -977 174 -24 218 -161 -104 14 337 849 938 -133 -145 -272 -167 -415 -457 295 716 459 -478 8 742 25 -740 -96 -220 341 796 568 288 -313 707 -1379 233 452 279 -1062 406 743 -264 165 -23 14 -312 -879 -411 214 -978 1986 551 -428 -322 244 332 -1024 -377 866 ]
[-825 768 907 -1182 101 31 145 261 -61 616 -532 358 -404 419 -222 -152 336 -83 -214 -157 -381 -242 212 973 -269 476 51 -223 -246 1349 709 209 39 261 -703 940 -562 -597 478 247 -130 -560 510 730 75 -452 -120 36 227 431 -433 -808 645 697 -638 329 -221 -300 -111 585 88 1431 263 -597 -48 -328 431 99 254 32 -20 402 -898 158 -309 -44 -701 639 -41 453 527 648 420 -756 578 425 -458 -717 191 -1031 904 -482 268 -107 -31 -614 -649 60 -909 329 -470 -1390 309 295 -383 487 256 -240 -98 519 113 -891 518 640 376 531 29 -92 532 -614 -629 144 -338 -37 -1058 ]
[4 315 324 -1243 -575 141 97 430 215 451 -180 -62 -685 282 -41 -288 -183 -48 220 -329 -99 -142 1054 505 -345 -115 410 -10 443 618 337 -36 -242 524 70 -13 406 -189 510 22 552 -495 302 927 168 -213 166 118 896 569 -567 -108 -508 566 -645 547 -476 -879 367 403 -227 235 71 15 878 -290 163 -404 630 33 526 -147 -341 717 -1129 -208 -78 1023 309 -175 476 1099 -504 -345 -200 577 -147 -96 -550 -896 471 -1034 216 182 -443 75 -385 -433 -958 940 -1034 -211 107 132 -944 29 126 -193 -455 -335 209 -663 783 786 54 299 550 -246 495 18 -625 13 -787 509 -715 ]
[409 -778 -211 -741 -103 -142 813 146 -878 -155 14 105 -751 -57 -302 -144 179 42 132 -73 37 121 562 196 635 -809 -39 347 634 -336 32 -1083 -135 212 348 -721 184 467 -826 353 -563 -187 786 213 490 -176 182 611 -817 257 585 -134 -840 326 -285 -268 488 -448 979 49 168 -548 -359 762 788 -409 -360 -762 -493 265 249 1083 109 82 -357 -252 511 538 -38 665 286 -470 -569 207 -165 -95 91 115 -481 643 -171 -1345 -706 581 411 464 1268 -177 352 686 -788 889 443 522 -603 -414 -354 -369 -1294 -1397 24 1053 -935 188 -128 -546 1142 63 -35 -305 -408 -294 -65 -109 1003 ]
[156 -480 -118 617 -843 -170 -719 115 -806 342 -342 -77 911 -181 44 786 621 -490 709 641 -111 300 -258 -683 1108 -665 -345 -756 -108 496 -252 576 230 -825 -729 -111 577 -682 13 474 41 -264 756 -333 -531 -230 345 -673 -102 -366 535 648 593 -188 -835 282 255 -785 -292 -1163 -983 461 -72 776 674 362 514 904 -340 471 -368 221 182 -173 30 -531 981 -672 182 534 608 604 1012 -717 1198 -637 267 -124 835 -211 619 1393 -344 183 642 93 -159 259 73 167 1498 -911 -170 802 1127 117 508 427 -746 285 874 -189 -566 1238 -704 954 -167 -94 -858 -998 346 -192 164 -693 -582 ]
[607 466 -468 334 -609 686 654 606 67 -582 -624 -492 366 -480 491 -525 -757 -22 -626 -42 895 -625 -72 -648 -879 -492 420 687 77 -592 40 -301 167 189 -15 4 -1276 679 -399 -385 -847 225 -609 -577 32 -173 -721 494 128 593 -273 -122 71 775 89 -396 -75 708 -616 -319 959 -170 -7 -680 444 738 -702 -82 -74 -507 -153 -829 223 -389 357 82 -875 -849 -288 -748 -70 -175 -1315 224 -1684 694 309 -331 -157 649 -528 365 -15 366 -214 64 -354 -251 -58 -396 77 1075 -90 297 -284 816 -1116 337 704 138 758 715 184 134 214 -606 246 7 -300 505 46 467 92 -349 1061 ]
[783 -820 -792 -497 -486 245 324 586 -848 215 -446 940 -769 -946 1113 -826 207 220 -819 82 929 -195 -448 -135 -746 918 -773 1297 1017 -368 448 -1446 -449 252 689 621 -243 140 -201 834 108 -383 530 -17 436 -157 -226 235 612 490 -1597 18 -602 260 1092 -269 1353 626 570 -719 -23 -15 -789 -513 527 -550 -272 -184 269 -1072 -712 553 234 660 254 -723 -235 -231 -637 131 442 -106 -775 1042 -989 -399 725 -95 -926 139 -472 -692 -277 424 -130 140 589 1199 -496 81 -553 609 77 122 -744 -136 -550 -514 -712 -1240 1328 940 -414 -60 205 -494 55 938 921 493 -185 126 291 -228 999 ]
[744 -142 -39 -220 -40 98 -175 490 -410 -920 -120 -1207 499 -21 787 557 -419 -329 -744 535 270 -146 -462 -137 -64 -340 172 -317 448 -479 -444 -609 -60 -92 -586 -166 -567 118 -81 -371 96 -41 25 -127 70 -359 42 291 -127 -196 534 137 -286 906 -451 -283 733 487 275 -658 -28 -603 -248 -381 -537 112 -333 1069 -797 40 436 -406 -27 -941 -318 -77 719 -608 -1129 -88 266 298 -66 -38 -494 -148 -285 -129 -52 832 7 723 -211 714 -57 -634 287 -39 -525 -434 -549 -188 738 853 709 654 -159 -419 -705 408 165 990 23 456 -95 179 628 -172 -504 -582 858 357 207 -831 398 ]
[548 413 403 -1343 -728 -230 -401 599 548 -602 307 -1196 943 613 728 391 -304 82 -1052 -212 142 -255 428 185 732 825 -777 -267 219 -713 -180 30 -98 677 -760 306 30 -273 209 -27 394 82 -486 -95 63 318 491 589 231 -445 55 280 -497 186 -712 -760 -431 -489 3 444 718 -381 -261 -107 -296 -495 -697 762 -754 -570 213 -734 -370 -778 -620 504 915 -5 -198 -779 -430 240 -537 -16 45 536 221 448 -848 82 -525 95 29 250 314 -447 -535 267 -1599 -118 -539 402 337 1000 -243 411 422 42 1063 646 -378 -565 144 -372 -237 427 472 414 -592 85 815 481 231 -720 -1067 ]
[404 -1046 757 752 335 -44 -216 -1247 -566 -60 114 732 -689 -383 378 342 192 34 1881 302 -815 16 651 -307 -321 -848 -331 -721 -141 -5 415 190 364 -1409 338 -434 271 359 -453 735 -281 -302 -137 -436 -44 -1287 214 -295 -748 -723 1348 565 -163 -1186 -263 39 -1203 -427 413 -169 -620 693 -261 1148 176 410 501 -620 -574 373 -571 4 -166 817 115 25 -191 35 235 108 935 -679 284 148 358 -1063 161 659 -31 -299 -153 223 -494 -619 138 42 429 -40 343 269 989 -344 565 -21 1126 -784 404 2 -895 155 -88 464 -1003 -389 -445 301 -697 -805 -53 -221 -538 -422 299 458 207 ]
[603 -754 -737 724 -330 -707 -123 -60 -200 -126 416 -509 -195 68 264 126 -1036 -183 -600 1109 83 -300 256 -473 777 -117 899 44 -397 -600 -101 178 -618 -90 87 -33 253 286 432 314 677 216 476 623 -149 824 -983 26 134 -228 118 240 108 1113 736 -541 827 -32 -250 -1955 196 -1148 -38 -663 -512 28 -129 -188 -698 241 332 -146 503 -231 -413 658 -384 551 784 334 119 91 -174 -938 181 -286 -1103 350 562 1052 -716 966 0 1731 289 714 -198 -996 -332 -961 -332 -948 -257 -256 312 400 -411 56 -1060 531 624 733 41 1417 987 587 -657 -392 725 -1170 1061 924 -445 -368 -587 ]
[-356 955 789 -177 -40 -387 333 28 823 -493 -638 -379 377 607 -358 270 -752 154 -1102 -332 107 -1063 -1676 -13 514 -6 1115 240 516 262 -569 19 -220 593 37 -59 274 265 201 -1161 722 264 -863 423 238 658 805 -691 568 1569 -647 -297 170 1467 -1075 -6 660 681 -295 437 -477 -699 484 -955 92 -299 378 800 935 562 186 -1137 -202 -401 -146 -64 -59 302 -1267 -194 -580 11 281 117 927 467 -57 -267 -188 390 187 186 -526 517 -543 -534 -778 392 -898 16 -1167 -362 410 -377 440 -179 -5 -642 -630 -236 -380 322 628 51 -258 -164 900 686 -108 405 -54 480 -861 578 -179 ]
[250 535 233 -295 684 293 285 484 1244 -607 532 -626 263 23 481 -84 41 267 -345 -311 -809 -447 782 509 -340 -666 998 -762 -82 328 -1113 -266 328 27 -77 -224 1093 504 158 -229 1101 374 -892 589 -106 1367 175 179 -586 873 149 -658 -254 -686 132 12 51 960 858 561 -800 -903 526 207 -476 572 782 -145 -64 -597 641 543 -207 -131 277 -235 88 -184 40 -970 -1029 1360 -148 431 -734 446 -683 -232 52 34 1044 139 -863 -213 -279 -12 -181 -1695 529 866 82 164 -458 -1046 -671 537 -817 28 -290 -667 -399 1309 943 97 419 278 52 -1134 -473 283 50 -139 458 163 876 ]
[543 -31 -353 -355 -143 85 -276 457 906 -936 -527 134 667 -483 696 -539 894 -587 -213 -303 849 666 1000 366 335 -370 -386 166 627 -279 -24 -192 225 -376 310 537 896 -668 343 21 1163 -372 -237 401 130 -874 225 623 137 893 -96 789 -619 -259 1709 104 448 167 97 360 -630 -966 -579 101 -143 469 -85 263 742 868 -114 -63 29 941 -156 -624 417 -31 230 -768 870 -404 267 205 -347 394 89 -190 -624 357 -128 -645 539 596 201 434 -225 431 -673 825 -738 -450 -61 -140 -691 -626 245 953 -264 432 1218 -1030 188 -220 212 -250 -402 91 307 -386 458 190 688 -235 230 ]
[351 -798 -114 -325 -12 -1442 -292 1080 -338 -596 -56 -688 -367 1478 -780 529 -159 -569 -1364 27 -686 -504 -353 -160 -744 -289 138 -135 453 -815 -93 934 -1337 -1346 -479 285 182 -144 -76 -955 677 -73 725 -302 185 -338 -310 680 -800 -427 1260 268 360 1635 -512 -504 550 -516 -964 -1210 779 -685 -150 -273 -403 -657 -67 469 -1073 1180 -369 -732 -6 -34 -324 60 532 206 -774 1208 958 -908 -523 -1081 978 371 -862 26 1201 684 -1098 568 69 108 772 131 -178 -218 -477 -687 -510 -501 -466 588 669 -466 -88 430 472 932 971 -154 -257 659 585 354 -122 -95 534 328 402 252 -508 -340 228 ]
[-617 120 805 -741 -252 234 -477 199 411 -254 334 -351 -1127 764 491 -638 -438 -124 -610 31 -710 -1277 75 -305 -1219 416 471 -708 28 -88 -604 -60 -790 417 -69 313 1069 535 890 -682 1810 781 276 26 86 -728 640 -970 -41 -547 -1071 -189 445 383 -1135 -46 -1041 -411 129 -153 226 262 -325 131 -892 -631 -42 -77 61 -1163 193 -354 7 12 -327 -445 -1014 336 -603 -937 -285 1234 114 -21 -274 406 877 562 128 -591 67 35 43 -18 -10 156 -397 -199 -227 -420 89 -524 -773 31 11 1152 312 -370 690 621 210 -194 687 -66 704 -158 -165 -258 -188 167 -562 793 -388 307 -1057 ]
[488 -238 100 -1272 293 -306 563 934 407 -249 71 835 313 41 585 663 1147 -1199 -1067 -394 1013 754 -634 1370 310 -515 27 751 1143 227 463 -682 -394 58 -734 764 -504 -156 -648 -1226 -58 -22 -138 40 -486 -386 293 1266 82 763 308 -426 -358 480 128 23 872 1109 1408 -206 391 -211 -604 -525 120 -913 804 69 82 198 -236 658 -607 -322 573 -873 784 414 -577 507 184 -385 -265 219 -1182 721 -311 -1277 -521 196 952 -875 -546 269 392 -269 671 -576 -307 474 -899 -245 483 607 -917 188 50 119 -77 -507 758 746 -246 489 468 -562 365 50 341 604 -1043 -386 -162 75 1563 ]
[100 -616 -280 -385 471 -108 -62 1306 -841 114 -549 493 -94 -352 1531 -277 629 -97 -412 -314 472 843 339 -231 -1261 1316 -20 294 233 -34 -340 -826 339 387 502 238 229 -735 440 729 1309 -198 418 -554 87 -267 -717 -99 88 572 -1317 215 -682 -166 1093 45 759 -626 803 181 -861 -332 -621 559 1146 655 -292 590 607 -996 -316 519 188 433 449 -526 -201 -174 -470 -741 1301 1447 -111 117 -1205 -398 119 634 249 -723 -68 16 86 -847 -811 -57 90 630 -231 -205 -501 558 318 -1032 -1069 460 121 -196 -551 -1266 1269 -353 -532 831 -19 146 1299 523 -100 211 -599 -300 73 78 920 ]
[694 -196 -282 -276 432 235 425 281 -485 13 -1029 213 -1159 -777 663 -554 969 669 13 -128 372 -78 294 -36 -322 -671 -595 1071 91 55 1491 -49 -413 649 -141 174 -657 -404 1397 843 -62 -153 1021 214 766 -645 -611 548 187 517 63 -78 -805 -542 374 -680 -42 40 928 -628 46 126 474 988 594 34 326 -144 412 -681 -474 810 -43 -173 -432 79 -716 747 -130 341 772 -278 -783 821 -204 -636 418 -15 -532 -642 -335 -637 -165 241 7 -346 329 -710 -482 -201 -601 364 534 679 -282 284 -853 32 -478 -210 297 418 -369 344 524 548 -156 47 465 -428 -666 299 231 549 -397 ]
[-1072 543 -66 -753 -395 468 -580 856 528 -50 290 1272 -304 97 -788 -163 -419 -84 -239 -644 -403 246 749 366 -943 135 714 160 -167 310 -106 160 -253 304 -639 112 9 -155 179 -1230 290 -237 357 374 -429 -373 587 -440 719 21 -228 -1271 306 614 -532 343 -955 -941 -102 427 341 523 182 32 -654 6 -762 -87 1105 -241 88 671 -735 -167 -407 -1026 -736 709 -436 -436 250 426 -362 -178 -1065 398 23 -122 -46 -95 439 -406 892 -699 93 -367 -182 -716 -217 428 -449 123 -626 16 -796 952 -235 118 -252 203 992 -1331 1301 770 746 -1295 23 -389 208 -244 -1051 684 -671 243 -568 ]
[635 308 1118 -628 1 -710 -324 -131 -432 -1142 172 -760 -111 766 -373 1089 -573 -194 -108 -319 271 27 614 294 350 456 94 -807 375 -1135 -67 -893 -352 -69 -190 -644 -607 434 464 -343 516 15 -320 -322 586 -1104 -77 181 130 -1317 1588 106 -786 254 -512 -215 -400 -767 543 221 990 -124 -516 720 184 -477 -472 -536 -1271 241 709 -136 175 -535 -973 474 427 236 -1103 -590 538 -784 -369 621 -991 -2 -603 795 -598 -47 -55 -490 -231 309 63 -762 708 -560 -149 -5 -920 490 1073 635 742 -855 -184 -594 -176 -161 -434 -100 -116 505 -369 172 713 -466 -431 273 -159 -602 -80 558 -140 ]
[-548 -1049 -266 234 721 645 470 101 192 120 256 333 361 24 35 -903 981 23 -339 -208 62 607 516 -240 -666 778 -309 185 -87 748 -128 -49 291 69 10 638 -82 159 -674 338 -1173 -478 337 -928 -56 -253 -363 399 -349 480 -830 -134 -273 794 -264 51 589 1016 310 317 -703 -1024 162 275 -629 -193 -46 658 587 17 217 146 -100 175 720 -111 1068 163 2311 -174 -1013 13 -1055 -371 -80 -835 -106 -855 434 546 179 557 -265 -734 862 -669 -247 -616 626 -449 525 -148 -79 3 -1131 383 105 750 1130 -391 -898 565 -754 562 1050 53 427 -391 -1016 588 -304 -397 239 -93 627 ]
[-392 365 -109 -914 1040 -444 529 -504 201 116 -235 222 -83 462 -138 720 435 208 586 324 166 277 334 1379 1305 -650 -194 177 -74 -413 87 -16 701 116 45 974 176 -195 255 31 246 372 -188 781 207 806 -24 280 -351 -609 1147 -440 -560 -867 1873 -153 320 509 606 906 292 -405 -123 721 -1101 38 483 -918 -327 399 436 1532 -662 785 -688 117 -474 797 -517 192 401 -884 1008 911 462 343 330 480 -924 319 239 -1385 234 656 495 -183 834 -362 -114 464 -214 -857 106 123 -98 -826 -297 -460 -81 355 -148 472 -282 -728 274 -515 -11 -369 1231 -771 108 -512 132 863 -187 ]
[136 -41 425 -219 169 -194 182 151 71 33 -239 -1226 333 -103 1288 -203 -823 219 -123 520 -66 222 438 -102 208 -166 974 -390 -938 -455 -621 1098 982 745 406 -117 113 491 -230 -598 605 1233 -518 34 106 953 -306 635 -806 437 179 391 -50 575 335 -915 -858 -120 -17 942 634 -1151 -261 133 -187 553 -393 -475 -834 -269 387 -39 -302 -352 522 1572 -566 -59 -60 -1096 -114 420 146 -501 -1121 1035 -977 549 -329 578 -166 254 604 717 -167 345 -749 -1032 -476 464 -816 42 833 -1629 9 1004 1379 134 33 111 -419 121 -697 189 121 -333 439 -333 -185 -924 -240 485 -149 29 131 ]
[244 -103 1191 146 310 -393 -461 -793 76 -1171 298 -619 -253 -103 -463 -279 -871 -218 610 78 -1422 417 1228 55 -435 609 358 -969 -240 -356 -664 -326 -189 -330 82 -363 462 818 879 339 1153 -168 -443 250 31 -1530 298 -459 345 -893 1062 -256 -835 205 -897 -12 -870 -1113 1099 113 -461 25 -220 187 -199 717 -623 -174 -201 -546 365 -308 93 84 -608 -526 807 276 -215 -858 473 -221 -783 502 -486 156 -367 569 -427 -645 -160 -199 77 -19 -1385 -718 275 -356 -925 272 -732 219 717 -538 363 -365 255 -878 -744 -68 -667 80 440 289 -119 -40 -232 -1188 -364 84 -30 399 -441 447 -28 ]
[1355 -1163 -736 -653 -1227 -658 -106 594 -123 -638 682 -766 742 -45 241 -203 620 686 -1476 -268 560 160 1457 -319 133 -235 -127 629 189 -805 1212 717 -1021 227 -510 -548 -852 -606 415 163 -311 -350 264 7 545 303 -66 1106 951 292 -268 617 -1095 369 -410 -966 482 -794 219 -944 607 -592 -487 -127 -106 -1049 -575 361 -438 360 215 -248 468 -911 -970 282 1190 819 927 312 89 202 -1419 -459 -274 -504 -1356 15 -540 706 -565 497 734 -521 -281 -701 -1013 -30 -671 596 -829 629 -256 1102 -534 -74 -374 750 -442 -70 193 -657 32 529 1024 791 -391 658 665 795 792 525 -687 -344 -31 ]
[460 918 180 742 -519 -345 129 209 845 -828 -168 -552 337 148 -142 1049 -170 -407 -389 -616 -25 -48 10 -258 607 -530 -116 -414 402 -848 -313 -523 224 -259 -88 -325 -180 -504 -231 389 66 -561 -677 394 -701 -441 230 11 -1183 -509 1135 266 -16 238 -203 52 -303 -88 -370 -541 572 292 40 271 783 621 -153 671 -602 74 -546 -381 -552 -623 -242 -395 433 -778 -458 75 953 -985 -28 58 297 419 -109 467 165 446 -126 478 -723 -48 216 297 -402 117 -603 -269 359 732 -660 1181 390 674 -666 827 -78 83 834 -276 788 237 -322 303 -499 -395 -235 -425 257 532 915 -952 -838 ]
[-73 733 504 487 -326 -594 -176 -454 942 23 143 954 319 143 -1200 1107 191 -268 -1021 -922 109 530 -407 -12 1012 823 600 5 304 599 321 -881 -544 501 -270 -615 -859 49 -60 -308 -558 -329 -782 -537 -317 -257 406 177 323 586 -283 -204 56 -26 -385 -267 -1097 -88 -364 224 236 438 370 -494 200 -255 -380 -204 933 104 -882 -492 -465 -599 -412 -192 -581 605 -283 464 -203 -2237 -734 447 37 -82 -116 -867 283 670 -546 -303 -197 136 1064 144 108 279 93 206 -568 440 369 -196 -204 -382 168 271 -99 -502 -78 -712 428 -220 -408 -909 360 1253 72 459 -334 613 159 208 -70 ]
[220 821 -922 -730 412 -316 622 -51 377 -21 307 -418 -521 -303 70 60 -19 -597 -204 -21 627 382 -668 107 519 13 -170 1067 -149 198 109 20 -301 -244 274 377 -20 -161 133 183 -880 277 266 582 55 733 307 531 9 -44 -2 -550 366 216 -685 322 404 318 73 56 512 -258 516 -617 202 -491 -73 274 -475 -124 492 416 -956 -773 -170 -426 278 -241 949 385 -480 -4 23 -500 -322 226 565 -734 -465 680 437 -779 185 403 627 432 -287 -120 110 -284 -105 65 -712 443 -1109 873 -246 733 502 371 -621 -283 -67 -364 1214 -650 283 361 -311 -370 1277 778 -256 -919 -645 ]
[-587 12 790 -1131 648 213 793 246 -686 -819 -604 -219 -818 1051 -725 -639 -98 -498 -792 -13 273 -616 415 1017 -327 76 -769 -1011 203 -577 -532 -550 -564 -866 -529 788 84 -922 357 -620 866 225 373 -914 855 -1329 575 -302 -677 -1534 370 33 -248 1016 -419 -513 -35 -601 282 369 1129 151 -168 506 -445 214 -885 556 -660 284 -500 -57 -230 255 -588 305 -208 -155 -1410 -581 1613 -321 -43 713 -63 972 1054 178 208 -794 423 -742 9 120 313 -1236 -51 -105 -156 -333 140 367 204 1599 -231 610 71 -360 -5 432 290 -702 -250 -95 -45 -238 784 -144 -458 202 -328 -165 -625 -21 -96 ]
[374 310 170 386 -1500 216 -325 -73 -260 -537 179 -484 1049 -448 891 137 -8 763 -355 -157 850 -250 1247 -484 1149 399 -521 -77 186 -985 713 -306 -111 529 -576 -553 -834 -331 -398 1285 -143 -947 -361 164 14 154 -445 537 884 561 -1374 1138 -842 222 573 -790 995 123 -583 167 -466 670 -302 -85 1233 -141 -111 523 -430 -52 -55 -460 188 -268 -239 1031 1169 58 302 316 -235 295 -89 -331 191 -733 -866 162 -520 -391 -539 208 -64 -305 -936 -440 -868 852 -879 152 -740 839 349 460 667 -957 511 -1 -570 -369 -523 -934 176 363 -1097 715 -241 1521 337 108 30 434 509 -776 -277 ]
[-149 -434 -359 327 -106 419 -1629 327 -444 550 780 -97 -330 -519 867 646 69 299 -16 359 -820 -367 -134 52 -149 379 -7 -284 296 433 140 -397 307 130 -1185 -300 30 648 -939 439 655 250 447 -253 -1164 -201 154 295 -185 30 -453 437 762 -831 -1110 -56 -1559 30 -90 493 -908 1631 -126 -552 -504 8 140 118 -13 -1431 302 345 -261 -442 -78 -158 148 -398 -422 693 -687 1058 452 -1242 309 -703 -138 -602 826 -894 -189 413 114 -523 -735 932 273 1067 -387 -122 319 46 437 -816 836 148 1131 -588 574 221 -1389 427 31 -593 -926 382 2 661 155 198 -342 -91 1332 -518 594 ]
[-797 -381 -417 -82 436 -185 -363 -16 -937 -862 222 1157 -684 -150 -431 -228 -93 -83 -1153 -908 79 -496 1212 -78 -78 805 -72 239 467 -62 350 -873 -889 -55 -1252 244 -501 358 -903 307 -1145 -726 1288 -442 240 -245 615 -123 -34 -412 -387 -701 435 114 -619 -113 135 -398 -475 538 845 -198 -142 -153 -642 -1445 -506 -432 -536 -541 -27 1436 772 -153 -227 -1017 143 -202 515 714 -689 -595 -825 -527 -544 -435 455 -734 851 248 -214 -459 282 -511 1372 277 774 395 492 -109 -714 600 5 229 -468 -505 -749 217 512 -349 -118 -1170 222 334 670 -494 121 1163 -514 -431 -7 -277 118 -353 627 ]
[-736 -257 -335 609 -90 206 393 -326 -637 154 880 947 -173 118 -777 -192 -445 -545 417 127 629 406 782 -45 -331 1189 70 -196 -537 -524 -44 -197 906 -380 819 268 247 -443 -269 -87 -642 176 -443 -660 489 8 -66 -484 588 -1068 167 -381 315 -346 441 389 -147 -1248 -158 669 1228 87 -870 291 -365 -147 -1005 -1015 -465 20 295 721 630 -236 232 -62 -1320 -384 818 -728 717 11 310 -790 -1026 121 -76 1002 368 76 91 463 1083 -545 128 430 162 91 1620 -984 643 185 -585 -852 -761 310 -170 336 457 -425 271 -1214 -574 -3 1054 -737 253 -201 -62 47 353 -780 -858 160 -39 ]
[-582 129 648 61 300 -192 -142 -307 -295 225 -727 219 17 -286 183 -465 654 -126 988 501 -140 270 439 -29 946 -732 74 -737 144 860 446 1145 572 -93 -257 412 556 -606 284 79 167 -747 891 700 184 -621 495 354 -167 -141 434 146 691 -21 568 356 163 -518 -142 -20 -575 -203 66 887 -140 -154 1059 -154 -215 574 160 405 -239 -152 -32 855 224 592 1274 10 152 177 1154 -799 1917 -672 -862 367 508 210 104 -251 0 415 908 547 -303 -196 -514 -11 84 -1864 -10 420 724 273 71 341 -253 458 -178 -426 -498 152 470 976 -715 -775 -729 -1755 -16 -116 679 -424 -1227 ]
[-286 169 423 272 -508 -108 -592 -643 765 -1168 859 -81 118 -556 161 -608 -560 91 -1168 -241 263 -1210 735 431 516 -245 467 -89 769 -838 116 -289 -490 539 -652 215 429 -378 506 -234 850 -223 -258 889 -26 -353 1042 -316 -185 -1046 -142 -90 759 -537 -935 -407 -278 184 -532 128 -111 583 -1176 -510 -318 -274 37 -951 -384 -121 895 20 879 -504 -225 -119 -198 815 298 427 -1168 263 6 -1180 175 -458 -464 636 736 537 572 491 -409 1194 13 425 -646 -601 -472 48 -164 197 -210 273 338 197 -184 4 -138 -239 -346 123 850 396 405 935 -670 96 -83 64 -382 -20 80 55 -312 ]
[-64 121 325 -410 -746 112 257 61 7 -69 -101 533 423 473 1257 480 -348 -286 1414 -230 -185 377 262 -489 57 -1198 -229 -1024 -803 692 -1151 1240 759 -392 218 607 1639 30 340 232 659 698 -834 181 -164 -381 31 -608 400 24 740 490 504 -1285 75 176 -639 -261 -820 554 -435 441 -484 420 349 544 1132 -1206 -559 343 114 142 105 939 424 130 -164 1088 554 -695 -821 858 604 -617 232 740 1033 83 -478 -323 771 283 -167 285 498 924 -30 5 -733 398 421 -1291 -841 -560 -50 -576 1159 -246 718 1791 739 -584 -811 -142 76 -319 156 -227 -773 -802 316 225 -907 735 -327 ]
[176 618 -176 -944 -476 779 186 359 -524 411 -350 105 382 279 1197 448 848 -1030 1140 236 197 929 1403 307 -122 -279 -759 -186 -304 196 -325 -423 826 337 -168 306 330 -246 -7 120 -337 -18 269 96 731 382 -954 236 -413 737 15 107 -493 -80 952 266 292 -415 154 766 107 7 7 597 489 194 268 -20 -616 29 1065 981 -185 1008 -437 -642 337 -429 251 -325 -218 748 96 -635 -1024 498 705 -424 -1418 -331 959 -426 429 487 597 351 1141 479 -90 476 -509 -274 687 142 -415 436 1164 -11 277 289 788 -514 -148 297 -211 365 660 -11 -395 -1568 -68 -235 82 -77 -16 ]
[81 -522 -1066 532 -134 220 -360 925 -283 -62 -144 -1039 -426 -505 647 96 -382 -324 -345 -1 -217 205 -152 -275 -332 26 -231 164 154 -723 312 -1320 164 967 881 80 119 -246 695 219 1150 -122 121 549 -2 -502 -169 386 45 -261 188 274 -496 164 -226 -70 -392 -1080 747 -326 566 -441 -499 602 180 -103 -142 -272 -1270 -989 79 82 1159 -822 -168 -105 127 1012 -237 21 421 26 422 -33 -275 -28 584 712 761 471 -711 -521 245 233 -732 1123 1043 666 -593 -1003 -761 20 722 -164 -245 593 175 -652 -802 -238 454 -14 -110 954 -353 -122 636 279 959 -923 803 1128 -158 -972 -708 ]
[586 230 -464 1283 473 -180 -1023 275 122 126 799 478 -1052 -961 -446 -122 -306 -80 23 865 -82 -1027 -135 195 -472 1278 -378 488 -150 7 504 76 -606 -795 -115 40 121 952 412 183 -419 -640 252 -36 -573 -231 -625 -3 -237 -570 -46 441 1244 543 8 621 116 1 -238 -1117 401 601 -96 -1065 543 11 132 29 -28 -314 -1066 -213 444 -362 1246 -1006 -755 -1141 320 1195 -649 -212 -676 -833 115 -215 -334 732 812 -430 -309 854 833 299 -369 546 -129 -33 965 -1348 1350 554 -854 -853 293 56 -720 312 418 -39 -821 1134 1031 -462 1186 418 -1345 -932 413 295 586 -465 509 -613 -60 ]
[-816 696 -142 -315 -381 1255 -110 674 -67 -695 -583 -625 -90 509 -710 -622 315 -68 -323 66 -139 -225 897 215 -391 -44 -727 -394 -68 -472 234 -887 231 117 -540 913 -659 -445 845 359 1293 125 846 93 520 -1666 -307 165 625 -688 194 90 -267 943 215 -428 -229 -594 -272 -650 734 726 130 66 -1600 -32 -347 218 523 -860 687 68 -407 -120 -928 -285 -185 107 -314 -588 534 -191 167 453 -109 1120 1024 -112 252 -509 -290 -983 815 181 -599 -509 77 955 -918 -594 191 -654 -608 1374 -131 382 -840 -825 1742 2013 217 -1057 497 15 -409 357 -652 -29 352 -171 108 825 543 -449 -1069 ]
[-975 -234 25 -734 609 -268 770 420 -683 1096 -424 65 467 492 -237 51 1165 -136 -1024 -538 -223 563 -639 258 30 824 88 -446 -593 842 -425 386 590 353 847 388 -191 -399 -737 -773 -740 297 -804 -1152 494 1294 -348 608 -761 395 -927 -277 -72 621 -390 -427 -5 192 -213 1263 584 -1054 144 373 -413 105 -604 -239 282 -206 -638 -20 -159 -301 -26 1257 72 156 965 -266 -241 -642 -442 475 678 86 -642 -314 743 879 -341 132 105 -514 480 -341 -152 10 1193 150 -831 -13 1114 -577 -1018 898 709 -108 841 -390 -402 -125 -1332 230 134 -241 1728 782 -400 -31 15 -36 -346 -280 441 ]
[250 -46 -618 898 -218 154 594 204 -328 -777 -381 417 381 -224 588 -589 3 -114 -121 -519 19 223 789 -931 -1023 -431 190 901 13 -818 288 -33 162 -164 -278 -34 -1444 297 -824 416 -1337 -535 -521 -254 -215 -58 -971 -272 61 480 -138 266 144 654 -221 -537 -369 -466 -678 -187 -263 310 -93 -211 924 756 -489 328 325 -234 -485 -506 2 -544 542 184 -127 -583 869 404 74 637 -978 -266 -545 475 -360 404 466 74 177 260 467 -873 -858 -111 -735 681 -121 243 -169 1842 -287 205 -211 170 -896 836 367 113 815 -348 289 376 42 -413 -598 306 -355 1244 -591 -522 186 396 1186 ]
[768 336 451 1203 736 -255 308 -749 642 -1004 -134 485 -405 -293 -314 -476 -476 434 652 -316 -1248 -1161 864 -502 -1298 -123 288 -668 42 -358 -995 -159 -568 -710 620 -963 1233 1101 1038 267 356 -140 -1495 504 1214 743 -732 -486 -599 679 356 -281 -576 -189 875 -577 209 748 -198 656 -676 -1209 725 353 -824 627 346 -545 -68 -108 -475 -853 198 634 -189 -196 -811 198 -480 -377 -571 -868 -1287 989 -331 -174 -241 381 -547 -108 -4 -124 -325 378 -9 -645 246 -1377 29 47 -545 545 553 -1116 721 -845 -1034 -520 -120 -316 387 1235 471 -273 52 520 -472 -300 -244 302 -144 413 37 1059 954 ]
[86 0 707 -797 -420 -165 689 -446 -595 56 -54 -680 -498 68 531 -1037 -1204 734 -639 626 -543 -224 392 -307 -539 289 143 -196 -305 -81 -838 391 530 40 480 442 809 186 -124 877 844 191 81 600 780 -283 731 -830 -871 30 -187 -113 207 194 -808 -274 518 -44 -4 453 -27 405 -545 -354 945 324 -571 -827 -615 2 1049 0 -158 1010 494 71 -208 -523 198 -210 -358 859 -224 -746 155 355 -69 762 -542 36 15 35 -421 797 -55 461 -484 943 -1300 1321 -106 516 -901 -324 73 -17 462 -321 -92 -692 -439 953 -717 -302 319 325 791 -295 -321 -24 -256 -202 -648 128 -29 ]
[-836 -147 -366 31 1329 -417 -318 76 214 -626 841 586 -290 27 -20 216 -947 -1315 835 -635 2 487 162 -56 -193 0 1102 -609 85 367 -797 -84 360 -1047 -444 -151 588 46 -1605 -1265 892 824 -276 -137 -1327 -751 8 -399 -644 -536 836 -460 1066 -1184 266 1247 -915 140 -487 203 -448 -89 -22 -499 162 983 -49 -216 -159 870 561 -77 124 609 1234 -328 -351 -258 -302 -308 -460 533 67 -1223 -886 440 304 -376 1548 -416 232 469 -622 -549 665 579 306 -889 1583 -405 871 258 -431 -411 91 -310 779 1452 -154 1324 224 -213 371 -123 31 -971 235 -366 -1255 -393 -654 -709 387 -24 1053 ]
[265 -154 -15 1287 87 28 704 -216 272 -3 -591 -342 398 -236 150 1203 -666 -344 35 199 359 -11 -489 -286 -124 -819 730 -318 1043 2 -420 -938 42 392 209 -720 42 298 451 114 -251 -560 -666 544 -790 -218 201 177 -170 -187 799 -22 -330 647 36 1115 315 270 486 -506 -223 -544 -254 -167 575 300 1041 618 -104 172 373 -366 143 123 -1198 -537 506 -255 -297 134 656 -44 401 473 -22 -210 -233 -154 -13 228 1086 -164 -693 488 -135 433 291 -927 -429 -215 -278 -156 605 317 803 169 -993 -491 -50 -1063 367 754 560 957 -161 522 -153 -937 -147 -13 328 -453 57 177 372 ]
[-325 134 -560 426 754 -65 -216 70 -486 -211 -831 635 1061 -1174 -361 165 1538 -545 261 -11 798 597 -1216 -286 -90 124 -210 164 330 1479 521 294 -228 -241 -969 932 -645 -791 587 213 -346 -99 -437 -303 -82 -1248 -744 -883 1493 683 -906 -30 88 451 55 417 832 660 198 59 -238 286 130 -978 -731 652 420 742 911 438 -1058 -491 407 -990 -261 -655 -114 364 -52 358 -60 -325 300 -60 668 -951 -81 -1150 259 -167 222 516 521 -796 -775 -1091 -110 1104 321 -1271 -86 -1840 1194 507 383 101 413 97 161 1035 -109 -399 63 378 820 503 -26 409 13 -331 552 101 -265 -238 242 ]
[673 -615 -646 896 -693 591 -60 -792 324 -180 1084 1034 -652 -199 -241 542 -636 -485 -222 -163 1380 479 -58 724 1222 -934 178 -588 245 -288 672 -459 -867 -1326 718 -360 86 371 -363 -312 180 234 -147 -163 -379 -1405 93 865 902 -786 496 511 -588 102 1376 47 -85 716 -265 -700 1331 -62 -77 -714 -1479 -959 -334 -520 122 1291 634 74 496 -437 -732 973 328 372 1128 -322 628 -1310 415 690 -230 -551 -526 -646 -541 720 -600 -439 -91 865 587 484 -118 100 -70 -549 -1171 -832 -275 674 809 -1022 -76 146 -880 699 -614 -725 -381 -39 580 -652 -1499 676 927 -290 605 468 394 72 -771 ]
[-380 749 -454 1596 161 -16 -496 -549 920 -856 -868 -374 -36 -774 -32 -914 -597 16 -655 396 1041 -1071 30 -434 990 154 -53 736 477 -536 280 49 2 -224 -551 104 52 695 -548 -858 226 -542 -224 -95 -516 -129 584 -246 330 236 -249 1073 1006 1447 -163 282 -137 551 171 283 -901 -797 260 453 187 703 -198 741 572 327 -103 -1097 174 -292 398 -397 368 -714 273 -478 -337 -836 -72 -289 667 -229 555 228 768 -154 -888 381 24 937 349 571 -605 -100 -473 -469 983 526 -705 -2 573 -298 -752 861 394 32 -749 584 863 204 127 -509 -170 410 -547 229 -299 489 539 17 -208 ]
[-214 487 -114 74 220 234 78 239 130 -405 -148 -637 1480 -877 -299 294 1044 -1033 -1341 -211 44 280 -362 -705 1064 641 -168 -952 188 -167 -387 -247 -234 -344 -882 1015 966 -1235 -289 -546 -295 -248 -1221 -566 116 191 1260 -155 -20 -210 -1023 167 297 -96 -1379 643 501 -313 1057 619 -125 -619 -712 -338 655 410 29 923 215 43 -1033 44 307 -1157 -40 -849 1425 -757 28 917 -223 -38 -164 -698 1110 450 -155 -86 1396 44 498 1323 -100 -174 -244 103 -807 1065 217 712 25 576 75 166 -231 844 473 999 247 -1457 -508 -173 415 156 260 -15 1070 722 -1175 -153 397 -104 -569 -850 412 ]
[-373 82 -4 -772 -56 -609 399 -240 -855 -665 283 34 -456 656 120 456 -60 -481 -1078 -50 403 -42 25 782 1233 74 -119 -258 -41 -74 -114 -937 -295 -61 -1006 692 -123 -305 -508 534 521 115 153 449 273 -282 -52 -694 -386 -790 153 -316 941 230 -986 -614 -53 -770 371 -178 1415 985 -957 -468 -122 -919 26 -938 -1346 -303 -63 1120 403 -693 -358 -294 44 1009 -388 1016 -80 348 742 -884 401 574 301 151 616 -193 102 -609 -354 165 -247 611 939 2118 -376 -337 -500 -612 -15 839 -194 -82 488 -501 302 631 -72 -653 -397 101 219 270 568 734 476 -398 349 -162 -663 -76 -215 ]
[-460 963 583 -489 -298 167 -703 143 -491 -63 429 -583 399 -223 -417 -228 -555 715 947 414 -991 -406 -237 -665 -214 1218 -168 -301 -886 -249 824 -28 176 934 272 -638 -495 300 513 267 -233 -437 456 499 732 -389 -550 485 10 576 115 -895 -70 -218 950 598 454 -485 -765 742 -115 431 583 216 -233 -698 -253 568 -392 555 520 -109 -311 -168 -152 305 -467 -452 -181 -160 -673 1047 564 219 494 -902 -388 549 -342 -918 -57 -1 828 -656 -446 -841 117 769 -212 -328 -415 -26 501 -505 1083 -354 -114 -102 224 817 -734 -114 425 -538 310 673 -519 -653 -198 -930 525 15 1298 -618 -1304 ]
[905 107 183 -293 -64 -1665 -40 -49 530 -618 -265 -549 1175 -259 50 259 764 -913 796 502 -21 775 186 -190 424 -148 645 526 -243 -457 -132 1464 -476 -401 71 -96 370 450 1247 -745 -15 507 -1097 289 349 631 176 589 -446 -152 681 -155 -62 295 -435 -507 -519 -1056 376 -367 277 -1014 -307 340 776 -190 117 -214 -843 203 -612 -152 -539 -940 -107 -48 446 -230 967 -274 -241 -517 247 85 -522 405 -1533 475 -693 734 564 -182 468 110 -261 126 -900 -687 364 1255 115 61 382 -614 -295 739 614 957 564 -540 385 -528 -225 -196 831 218 -637 -821 -484 262 517 206 -315 155 518 ]
[-263 37 -528 -101 -486 -378 -286 835 254 896 -890 -794 1040 12 -869 562 73 363 306 792 -373 815 -1263 -416 -563 66 -411 181 -234 140 408 1292 247 815 945 674 -964 212 715 -234 190 1155 464 202 -714 29 -675 251 -633 446 327 -151 -56 -280 158 335 -574 231 -959 386 887 -203 141 102 -595 -445 115 511 121 -827 -178 223 -1013 -271 -227 -101 1096 -335 -549 -591 255 -881 422 1638 246 529 254 -511 -1474 -352 250 -411 732 -390 -1232 -146 -580 1080 -803 267 6 40 -547 501 151 880 -264 -246 1850 749 582 -518 -240 -967 -685 -536 -315 -870 -37 589 328 992 653 -465 -831 ]
[776 -463 140 373 -705 710 -23 -137 314 1316 -224 226 232 86 -27 -365 -396 -562 898 550 -446 706 -581 -901 65 -263 -660 -449 -273 496 -613 1435 148 -487 640 533 -7 -399 -288 312 -1174 -453 -125 -248 105 -507 106 -34 371 114 -190 317 102 401 60 112 -699 388 -995 -314 -593 -21 661 -293 720 446 -155 1078 337 834 -891 -905 -483 357 411 880 596 -434 646 -49 374 -553 -961 14 514 264 -111 -111 -57 -117 -132 806 222 0 604 -313 -848 -175 -664 96 539 -158 -453 205 -291 36 404 651 -79 1 597 -284 -164 -238 -340 68 -224 -227 -324 175 197 201 -85 -232 -685 ]
[10 -107 59 -312 -624 13 -24 -194 -87 92 -226 422 293 100 -276 -517 -1226 1721 -546 -806 551 -252 -901 -238 504 703 -366 42 226 -339 801 -1184 -45 53 699 71 -1036 278 -87 673 562 706 17 350 -91 -253 -632 -805 581 -518 184 -11 -146 -480 1044 14 933 974 382 152 407 4 229 -67 -1227 -489 -115 -506 454 323 1040 -457 490 -112 -15 1333 -144 581 -253 -848 -1044 -983 403 1627 50 -1031 76 -262 -1142 213 -467 199 -1342 558 457 -575 190 195 -479 82 -993 -234 215 868 806 -1130 -771 -796 -957 769 -145 521 -70 67 -120 -137 -495 744 667 -134 -409 44 620 436 -1193 ]
[-383 -206 3 -300 113 56 561 -531 -951 1076 -217 220 -919 525 50 -105 937 -16 139 -76 -247 -603 1298 179 -596 347 373 59 321 1509 -562 486 95 1023 -323 -295 -163 -53 -491 414 -2170 -1216 1248 -309 328 919 160 -333 -817 658 -1173 -566 27 653 -218 -309 423 -458 -731 184 -138 679 139 598 651 -135 -173 874 -105 -536 -317 1482 54 -175 -197 -902 -275 -634 -183 674 1058 1023 -129 -757 -2 -280 -169 660 -70 -11 961 -223 553 -905 527 -968 68 810 403 729 1005 -310 -76 -72 -525 464 291 -33 -830 -1688 204 165 97 193 -340 740 907 405 -647 92 -338 -344 -271 405 411 ]
[-322 -655 -6 688 -324 112 562 -1058 138 386 807 831 148 338 -1184 -136 -1055 -603 1248 380 110 642 909 352 1686 -1280 374 -243 237 -17 -71 155 976 -243 117 -442 282 -52 -1082 -439 -251 57 -73 909 -869 86 -724 -1266 28 -511 1460 149 187 236 457 -74 -56 -149 -242 -402 339 576 128 67 -207 534 -25 -1249 -454 965 840 -279 564 -300 -51 789 286 1124 1327 -339 105 -137 196 -1026 414 -148 -522 796 -235 -179 443 -69 -15 452 -648 433 1046 -61 297 -719 659 -505 -346 686 -269 191 -358 -321 -674 1104 -207 217 69 142 161 731 -302 -1264 275 -404 25 -208 -694 533 -410 ]
[-167 -808 -204 412 49 301 526 241 216 259 -618 -321 -163 -498 -228 -773 -178 251 -110 -209 -131 -14 -104 501 -1247 -598 99 -209 -286 411 690 646 253 -977 70 342 -715 -615 745 -418 810 452 -234 -297 -466 -1073 54 -279 250 -273 410 448 396 -856 84 360 -1023 225 -688 404 1386 1023 0 -882 -351 294 64 -361 -485 221 -618 -852 540 314 277 350 -633 -239 -141 -1124 1120 -258 -65 174 -733 339 175 -884 520 -942 202 785 451 -1198 -617 7 -681 41 129 217 -168 -203 -497 270 -72 815 88 178 491 1274 409 -1097 687 -656 1044 -171 -913 -544 1251 107 654 -160 -349 -451 75 ]
[-806 -89 400 759 48 392 -160 -201 -249 640 620 -419 -138 299 -236 -216 -1213 504 -230 544 -568 170 -495 -394 -466 896 509 -445 -819 101 -324 -358 -163 1156 -71 -1182 192 454 -520 -487 -296 908 -95 -387 -8 1033 -281 -599 -677 -927 -588 -396 782 -227 -271 169 -207 -226 289 579 79 542 -501 -237 -120 91 -102 -400 -276 24 495 235 933 -649 1302 272 -400 131 -892 270 -1462 1133 965 -325 274 -36 -586 868 681 27 714 317 413 -709 -488 249 667 522 1132 -149 430 996 262 -1180 241 143 1034 -1041 269 -1183 -1274 811 161 -621 -102 -29 798 -62 -606 607 -543 -734 -118 454 549 ]
[-218 -12 -49 -419 261 -369 221 -101 -66 -31 -107 980 -224 260 -501 82 -1342 -288 525 -176 -421 -23 1104 337 1182 246 242 -741 -282 247 -683 -198 648 -483 -317 933 347 -360 62 838 -68 -30 -219 744 -290 -297 -237 -466 -629 62 1165 -198 300 -354 -82 64 -1129 -624 -420 324 475 69 780 -19 220 -22 -24 183 -460 307 349 757 -846 581 -502 186 -603 -449 586 -13 293 -537 -232 -555 467 582 670 -429 -269 -410 887 -57 -755 1051 1106 382 -572 -750 -347 778 156 500 -221 637 -197 3 -502 1176 -219 944 950 -716 -515 974 -15 -1 138 248 -708 -1169 -136 -281 425 198 -962 ]
[327 884 980 -297 579 95 417 87 1072 -134 281 -31 270 -414 44 -245 641 -79 24 -219 -638 -287 -198 -394 479 -145 584 -700 -1226 383 -346 725 -15 -722 110 118 967 4 681 17 613 461 -165 -35 -64 -221 316 141 -972 1058 -222 -111 522 -50 -29 343 -546 503 -146 176 -405 -92 434 -294 631 722 698 81 47 583 -180 509 -716 421 810 7 -444 343 635 -129 -554 44 -98 -1040 944 -100 -417 -365 1014 -200 648 567 -333 -256 204 -377 -1308 -639 -216 277 1025 -764 -937 -844 -67 196 -143 928 -881 -543 -888 1134 79 407 1255 137 -329 -457 -324 -450 -176 785 -96 -191 -568 ]
[-526 908 745 349 -155 -2 410 304 723 18 -70 -67 48 139 -462 -490 774 -126 -1031 -925 427 275 -934 16 455 75 284 885 213 19 749 83 -358 164 -438 -389 -670 -436 -331 -433 -432 75 64 -247 -289 -161 507 -340 784 545 -573 61 411 485 -39 79 374 652 -641 684 -132 625 401 -613 1 -357 296 506 648 1204 -517 -717 -55 -322 382 -7 -486 -542 100 351 -520 -180 568 -716 555 103 -12 -1078 734 -167 66 123 579 -1137 413 -281 86 100 575 -419 -391 -285 -666 -347 -473 -534 102 240 937 479 -573 -1110 1152 -164 800 -276 -603 1251 258 437 -70 -319 159 -7 121 ]
[-435 -148 -28 -436 -294 747 -868 337 -844 -94 748 584 14 -529 506 561 -167 -190 611 795 20 -322 583 -338 -594 623 173 -412 -231 -345 -646 60 450 97 38 0 985 328 -602 -942 359 -169 -693 -171 860 326 -186 -455 524 765 -913 211 -186 263 -112 -121 -193 -130 -531 492 -42 -314 -1025 21 -340 -467 -36 -935 -635 -334 -190 781 90 -270 394 -6 -628 439 -900 8 -957 729 212 -560 -696 -503 -577 1470 -118 529 -338 711 658 -479 -421 131 583 360 1292 -153 -478 -261 583 -966 141 -232 875 -267 -138 -83 178 318 -124 71 -19 -863 1127 -384 -114 -441 169 -575 -596 -189 382 ]
[213 127 -77 -20 477 117 -101 82 38 724 -927 1464 -341 -110 567 -212 1038 -720 -69 249 746 170 -887 372 -853 657 -298 287 187 438 -273 843 438 -1503 858 898 433 -657 -90 -99 -77 -241 526 -1125 344 521 212 711 -229 544 -1109 339 534 -290 1314 -186 19 231 -746 124 -113 -588 855 130 -296 -187 223 413 1053 -240 -1197 350 -1224 1142 668 -601 -1071 -1366 -446 -638 1777 -597 206 890 -171 -69 1253 -761 -166 -474 -80 -257 206 290 1207 84 -315 739 -89 -90 712 -547 -590 -501 -354 442 -593 782 499 -68 1700 -413 -1264 -963 -260 -248 -171 915 93 367 -211 66 559 626 172 ]
[286 -62 419 -412 367 -376 -569 621 -5 113 656 -562 276 858 -381 389 223 1079 411 -651 -1119 -269 405 -618 5 359 453 -667 134 -221 -789 190 -295 694 161 -1344 196 787 -124 546 -717 -567 991 6 -619 1331 638 -166 -1092 335 -755 -267 -1219 63 -60 -28 371 -75 403 152 -132 -1524 462 882 244 -593 -825 626 486 -696 120 82 -249 49 -95 193 879 -839 669 -105 -271 635 -294 493 389 -303 -592 541 165 569 -207 -95 -459 -396 435 -353 -311 -856 349 369 -49 806 -521 -55 71 312 -685 343 -291 -1933 -744 283 59 -142 -525 139 316 101 -925 21 -285 -284 890 -399 -330 ]
[-41 846 130 28 -462 -750 1 -915 237 -38 524 158 -974 1681 -239 395 -754 -79 -157 -772 -97 -948 1130 902 521 569 -242 -134 596 -424 -156 -920 -122 838 -581 -640 -586 278 -637 491 -868 -875 385 600 -257 1277 461 -121 18 -573 262 149 2 1031 -90 -433 -310 -530 -245 53 1 445 -42 -80 71 -626 -1024 -35 -122 -247 282 -230 -83 -22 -501 383 -762 -167 -402 691 532 -439 -191 -380 133 1131 -245 347 389 -162 -18 -547 -280 1170 1340 376 -178 -650 -349 264 -496 765 168 341 96 -312 479 -286 -670 -54 123 -731 889 286 -912 -119 -471 1270 963 114 -549 -299 -6 395 -1061 ]
[-430 -944 -75 -430 -1006 -257 699 503 -202 126 70 1125 220 -324 -857 -538 544 -630 653 -179 -106 317 800 -78 -449 -350 -344 -532 212 474 -109 -881 -237 -711 114 110 796 -434 -820 823 36 -69 114 -348 360 -1237 245 -320 -323 477 7 -39 -708 445 -1155 376 484 -1181 143 346 579 -498 -450 76 716 -484 -60 -136 351 925 -307 -301 53 679 -92 -615 871 49 846 -268 580 343 -647 7 -306 157 727 -650 -537 44 910 -214 -997 -123 378 -579 -519 202 75 1099 -491 349 -405 1022 -495 364 628 269 -375 -249 1039 -978 -612 274 348 -324 142 -447 -201 -230 -528 -527 -409 -664 250 ]
[-2 -671 -452 -354 457 34 -61 292 -307 590 408 -952 -322 159 -834 668 2 643 -182 -29 -338 -231 -607 84 -982 -275 225 -139 -190 -164 486 707 -108 -237 608 178 -519 65 -136 -544 113 1347 182 -17 474 91 -496 113 -375 -571 890 -35 -206 -709 308 591 -432 23 151 576 912 167 9 -4 -1499 -521 -5 -562 -641 -138 274 567 -378 -23 -918 -90 -265 -17 -1441 363 731 169 8 672 -1233 675 114 -213 -826 -471 -61 -114 1264 -1058 -1013 -450 -181 42 381 319 -76 659 -411 219 472 -163 26 -193 420 293 86 243 -158 -706 -132 -197 6 -589 689 1046 53 -225 66 505 480 ]
[-573 319 -269 -926 -25 236 83 244 -57 36 -570 562 -249 -1188 1000 -367 -472 -412 621 187 518 -450 -846 216 590 96 -1089 164 -276 415 719 -367 1003 -335 372 1165 470 -1068 -240 -36 530 -184 -618 829 477 -1151 1101 294 497 -1326 719 -108 578 -1135 -405 1007 274 305 413 372 569 737 -883 272 408 225 578 -339 -461 390 -197 -508 -320 756 655 -730 -302 -419 -82 -288 -73 154 604 -98 42 298 1113 908 631 -428 347 218 -116 62 437 -417 -464 -317 -606 692 806 -670 -325 614 -658 -145 -15 204 747 1407 229 99 211 -362 940 6 11 -190 -14 -1305 444 -150 81 -1283 -668 ]
[307 -123 -861 1337 515 1284 -1122 -272 420 600 289 529 -24 -400 -13 221 -273 668 595 -17 592 187 -507 427 -332 -601 -288 582 -42 19 -123 1073 690 -102 -476 -406 -849 433 -460 -526 -1378 -107 405 163 -905 1127 319 12 1203 -664 381 189 456 45 -225 -182 -606 1167 -961 -682 276 360 510 -1015 -1321 297 -675 46 521 -540 306 -331 17 -703 442 767 522 -972 578 -462 -93 -216 122 -190 39 -175 -1190 -261 -296 882 -270 354 1113 -275 -439 196 -762 -412 242 -278 827 227 -108 802 671 713 -784 232 320 252 -829 -708 57 -584 -266 -151 -1285 -64 -118 604 712 -238 551 -80 -375 ]
[-1084 643 393 -244 325 -623 23 -269 101 -964 -621 -778 -32 1091 445 544 -506 -129 -458 -188 -135 -814 -945 859 1600 427 89 297 -771 -1191 104 -836 -172 297 -498 440 -108 699 515 124 1325 968 -241 213 -60 330 -226 -22 -673 -1434 434 48 408 1008 -172 -907 -5 -379 511 -216 323 270 124 7 -672 -369 -84 -421 -349 -831 143 -140 -157 -433 -3 339 -124 588 -114 -231 -214 -672 1310 27 598 510 804 458 300 249 -863 -458 -366 825 -232 -182 -209 306 -855 -784 -165 -299 470 221 575 263 600 -1231 51 806 -789 24 -129 376 -122 -175 45 973 777 -1377 -79 1464 84 -268 -1053 ]
[597 -1582 -429 -220 -25 -179 -480 1043 -801 -216 -234 -908 578 -253 -861 -513 621 888 -844 406 -777 -39 -833 -318 -108 866 -1191 -278 234 108 -1145 399 226 -395 248 -469 872 560 571 717 113 199 449 -411 626 -439 936 -298 -1132 370 497 264 331 568 -1482 288 843 438 70 42 -93 -760 -465 -77 -633 -666 -571 638 -216 301 -405 617 -104 153 -175 -785 1847 -887 -226 404 -912 -801 -44 353 1221 -463 383 -388 -204 1151 668 429 -19 214 262 -752 276 728 368 544 -18 72 -315 96 368 -612 279 -1208 576 57 -480 897 -904 -121 141 388 410 -323 -706 355 1404 -152 306 -615 -46 ]
[659 468 738 82 1287 -1335 414 -394 -612 -292 -205 169 -797 135 392 1349 -794 -839 713 191 -18 207 -495 -118 -391 130 1561 -1478 371 1060 -940 794 -409 -1432 -58 -585 217 851 -86 -223 -820 -687 26 -896 -109 -316 566 219 -346 245 -202 46 -13 1562 173 886 -294 -169 -446 -538 111 -805 374 -658 1632 -856 899 739 132 284 -708 -354 -1174 702 -172 431 644 -746 279 570 991 490 -696 51 -479 539 -2 -127 582 -118 1215 -569 -425 370 447 -885 -896 -385 -402 69 -220 -502 -211 -1032 929 19 291 39 -353 -372 -408 115 35 445 -142 337 76 -376 -1312 -343 -322 -302 -693 552 220 ]
[273 308 725 -75 1179 711 720 -135 11 121 48 416 -870 -333 -344 417 882 -731 546 -899 -338 414 100 -262 -982 -313 -590 -158 417 302 418 -553 171 -696 710 -71 -281 -507 -183 128 -1613 -580 196 -346 891 -798 -116 789 131 340 720 140 -1007 -299 -830 496 -693 136 -152 1203 -17 -156 709 101 450 -617 455 -454 -678 792 147 377 -700 332 -211 732 228 -378 923 349 432 -687 -756 -530 51 -86 -376 -1010 -205 -14 378 -778 153 -687 564 -42 655 -866 1345 -181 -1049 123 599 -364 -861 -82 -491 898 692 -540 -1066 -748 -138 -138 745 -127 427 -424 -733 117 453 -576 157 201 266 ]
[571 -319 493 -370 84 634 121 148 114 -436 -785 -53 391 -500 1727 404 1053 -1126 -375 -3 581 1 848 -752 110 -807 -4 -808 65 -51 -282 198 -284 -34 -1037 767 -84 19 -228 433 -1463 -431 -715 -372 184 -549 417 98 -248 190 -1680 566 323 -62 -1225 -173 -968 1056 25 345 -219 179 -638 56 562 150 -15 182 -903 -262 -1391 -50 -814 144 -237 -246 -208 270 1180 779 639 -174 -442 -688 158 -94 292 -659 778 697 237 114 351 226 1119 912 -571 -311 -224 305 165 -597 23 621 -1271 1684 478 1219 694 41 632 -435 -568 225 757 -755 918 172 -1070 -440 157 830 -163 -416 148 ]
[307 -31 -493 -849 -30 -109 348 992 219 633 191 768 -525 739 112 1109 144 -866 -309 -375 974 1797 -1101 569 184 504 652 -1046 530 1016 -617 235 379 185 1455 104 459 -605 -521 -788 484 318 -19 -78 -214 -197 -252 246 235 652 -1271 230 35 494 1649 1142 -40 1067 -363 440 174 -754 113 -170 412 -426 -455 111 851 717 -787 552 -1264 711 -563 305 239 529 -31 -236 1769 188 -519 533 -491 646 -491 -665 -577 -283 230 -564 676 -152 -48 -42 -477 413 -344 23 -1404 -219 -800 -233 -1142 434 1089 526 -728 -67 1031 -633 -242 436 216 -1410 928 -523 -149 370 -407 191 -49 510 -601 ]
[120 1116 972 475 -69 542 1091 -1050 453 -261 -593 -949 -510 271 -1082 -1151 -570 -564 424 -507 119 95 879 287 989 -701 713 -827 -499 1026 -257 -257 639 0 504 -450 746 670 -109 -183 -695 -229 -178 483 462 424 691 131 364 -13 -17 -10 341 681 -631 913 -454 156 1045 426 -717 130 488 641 525 592 40 -649 -549 14 492 845 147 141 -950 442 425 -60 1577 -670 -125 192 188 -333 752 869 -663 -1346 78 -629 224 -208 -311 526 -131 1021 -421 -1146 180 941 -31 -380 -697 20 -843 243 -611 493 -589 -1459 -958 -95 157 581 710 -305 273 -360 -858 -382 109 -26 -636 676 -177 ]
[-223 565 -439 -158 -169 -481 287 128 684 -288 -876 -166 1001 873 -390 914 98 -209 -538 -700 434 849 -495 758 1505 -1530 -32 -32 296 -352 -312 10 317 118 -302 -238 938 -796 -35 -402 1540 607 -550 88 -79 1277 10 497 -152 16 1065 690 -124 -709 1068 -320 75 114 -261 -317 -96 -578 510 157 82 -302 1039 -840 435 626 483 -608 334 660 -257 143 411 634 -38 -50 -221 -557 525 261 938 1052 717 -713 368 216 -972 -681 -834 635 773 996 194 181 -772 708 -297 -187 -209 467 -329 -1238 -48 -387 960 1235 722 -765 -197 339 -1179 -45 150 574 608 110 -26 7 -243 623 110 ]
[-345 -1559 -566 -215 -538 289 839 -667 -238 643 -201 1181 1 368 -183 -1188 957 534 759 -118 719 359 -485 862 414 -1830 -1058 849 272 399 -526 1342 267 -207 648 263 575 -903 -838 -70 -159 -36 940 813 -251 -396 543 -542 -41 473 785 339 249 185 477 -357 271 -355 -332 -176 -10 286 -530 -22 -761 -321 524 -218 718 1809 -59 993 320 496 555 91 525 1052 298 110 258 -428 678 -52 1013 118 231 -115 -1198 455 398 -433 -256 -220 338 585 265 705 371 589 673 -1398 -638 460 -266 -598 758 26 -644 685 788 -1165 -632 -515 -138 -83 -1261 -286 1215 6 -363 -343 -693 603 197 ]
[192 42 46 72 841 -682 584 -251 582 -683 241 320 -1224 657 -358 121 688 -362 -1521 -233 228 -71 -150 813 959 -263 -316 -35 976 133 -193 -1145 -1342 620 75 -992 1285 -361 -443 183 1279 322 564 681 109 1205 -254 -4 -778 273 -538 736 -833 477 1424 -722 882 1010 1193 -349 407 -1487 264 301 -1230 -562 529 -65 292 -428 -911 75 -193 -563 -530 173 722 1313 -795 381 232 -326 240 1194 260 144 -62 -262 -658 -285 -408 -1619 -65 110 37 -90 1172 -104 -148 -496 -1398 411 -75 393 -819 -211 -183 -975 -82 -208 -211 463 406 -931 120 249 -8 520 104 964 58 793 107 292 676 ]
[107 467 3 -32 -540 32 -433 -405 206 -545 1013 -813 434 66 -1455 123 -244 203 -814 586 -700 -298 -776 130 801 -221 822 -213 313 -60 -285 -371 -232 144 185 -638 285 485 -462 -289 -539 -491 123 415 6 413 412 -321 116 483 -154 -901 -130 27 72 83 1270 490 5 -498 -918 80 -121 -524 -670 -129 -996 206 182 566 136 -64 101 -650 -355 -733 114 -687 -678 1377 170 383 507 225 639 17 -828 486 698 539 -574 271 220 450 -601 -461 357 684 407 344 89 251 -595 -205 471 -520 -893 464 -1261 -1088 -316 1433 854 -219 -639 -566 92 -284 72 151 731 -312 459 -496 613 ]
[280 -321 65 1324 812 -305 -173 221 1064 420 -232 905 -242 26 979 675 789 -42 624 -11 314 688 -956 424 -268 -772 1106 1098 208 446 524 159 -107 -608 663 -304 -534 615 130 -258 386 686 -312 -719 -1050 725 -114 388 665 1691 -145 333 -471 -459 567 136 105 596 950 -556 -1270 -416 591 324 748 -103 1145 700 1195 -498 -503 -320 -143 57 777 -562 -282 -865 367 -283 733 228 687 1065 -658 -146 136 -252 -24 -78 -326 -216 -323 -688 -1213 839 -750 -624 465 -357 360 480 -105 -1407 -69 -280 -589 231 -395 -1073 129 -214 -431 270 -863 -888 -595 571 580 1490 -573 -364 257 390 1116 ]
[-684 -1167 42 -89 -215 578 -896 -108 -1028 397 -378 -62 -203 -216 616 -365 495 1352 691 19 -954 -196 297 -630 -443 23 -1071 119 -682 -273 277 -277 644 52 141 -259 924 101 89 550 492 870 425 -23 510 87 59 -792 -285 -720 772 118 450 -1400 -702 -407 -473 -821 432 459 -992 1101 -344 1166 -812 377 -436 -444 -148 -18 1047 510 914 -2 309 152 -515 72 -749 409 -869 412 956 111 373 -1337 863 632 204 -497 -185 788 -274 134 859 207 917 76 1187 773 374 300 820 -345 1066 -902 1066 -870 -701 504 -267 -247 -775 -181 -504 -60 -359 854 206 -861 -298 -294 -5 493 -324 ]
[364 -8 777 -1330 -922 -832 770 306 -456 -423 183 -115 278 846 -216 -726 -368 98 -547 465 -571 -967 898 -646 19 599 -367 -941 -532 -187 181 1125 -592 523 -1247 247 224 -70 84 -28 -387 -213 496 -318 1524 -152 -665 -520 -63 948 -136 -357 -256 866 10 -1273 905 -226 -966 114 412 -916 -29 71 -205 -467 -416 164 -1210 699 -61 327 435 222 -309 1011 136 957 -232 -149 -263 265 -1161 -1202 1816 291 -1008 519 -147 152 -252 679 138 -150 167 -1343 -666 79 -1589 -410 -562 -481 -471 1054 355 -219 -96 665 -441 -210 467 350 -357 402 832 761 541 -401 -539 -897 -358 -12 -670 -26 -333 ]
[-278 658 169 -495 -144 291 16 279 -568 403 670 533 -98 1172 -447 446 464 -470 -201 -39 -405 965 540 684 -434 482 -390 -125 -206 107 326 723 270 236 -790 989 -660 -36 -133 -89 -1249 43 107 -212 -106 668 -719 248 884 259 -134 -743 413 34 -397 -594 -20 -504 -324 206 828 1247 418 -520 4 -342 -452 -823 -736 -433 72 603 -46 -567 313 534 -521 51 228 914 -393 -135 -514 -1082 339 530 -590 -349 -147 87 -249 -40 461 86 188 319 455 138 515 -753 -108 -76 -244 -445 107 208 481 -147 471 -29 -494 -549 -207 373 -37 -526 108 862 186 688 -673 208 -885 504 -134 ]
[169 -114 -570 -848 -383 313 502 3 309 879 96 82 555 -56 776 -953 955 -1222 -371 648 601 515 -109 -475 474 -64 -296 -219 -71 -221 -578 1022 -148 -544 261 588 1068 -708 -362 -959 -206 187 153 -765 177 577 82 258 -389 417 -1391 303 -154 -25 1708 -186 68 523 -91 100 183 -653 -342 25 36 630 -296 610 404 648 -91 247 88 643 -78 479 574 -404 1037 -433 312 -163 215 -764 195 223 135 56 411 586 158 -168 -94 464 754 661 320 351 356 430 565 -693 -806 115 -748 494 196 1075 626 -630 1099 38 -680 -471 364 -277 650 818 -665 -207 433 480 -304 -176 658 ]
[245 -855 -900 1099 91 749 670 -191 -247 -849 843 278 -148 -458 99 -458 491 625 -647 -106 210 -376 880 -847 26 -615 -534 467 -11 -764 -260 -813 -195 955 -812 -1269 -14 587 -548 112 -1208 359 -262 -472 904 -80 392 -485 -627 6 -356 238 -393 -534 -570 -947 -85 96 -176 170 258 -503 -336 240 -621 295 -1338 -261 -371 25 -550 701 1604 -455 -367 -398 -310 -78 -443 880 -1080 -12 -664 -80 -364 274 477 1136 386 943 -216 101 1076 -1040 -187 -111 863 369 1194 -251 -32 1721 -140 -34 -387 0 15 473 -156 -1231 -819 237 417 -1243 448 -824 385 455 171 189 634 -370 -38 -57 1502 ]
[-237 1007 915 557 881 -428 583 -832 1087 -927 -408 -469 -187 381 27 -342 491 -335 82 -52 -13 -222 1464 1360 307 196 336 -373 -47 343 596 -1421 562 -58 -352 823 -27 103 249 1013 528 -432 -509 1119 304 -45 -1326 -294 -512 -218 1216 220 -287 134 1308 45 727 292 830 192 -287 -55 286 265 -1217 586 786 -637 -677 91 314 139 308 308 -243 234 -628 -73 283 -904 650 40 683 357 -670 544 -878 -170 -709 -420 989 -251 -524 774 278 -53 -179 -1012 -585 286 29 -1199 442 -110 -12 -203 -872 232 -603 158 299 -214 956 739 678 898 -909 -1144 633 -412 -44 -510 849 615 93 ]
[153 86 -135 734 644 -544 463 397 452 181 373 861 1160 -998 -414 -617 1819 232 -608 209 -723 760 413 212 351 347 -72 -688 -599 742 301 517 1275 396 40 95 369 -924 702 53 68 -29 -726 -265 647 -426 186 590 -96 1647 -129 -589 -817 -1252 719 54 931 602 865 544 -782 -742 228 576 -678 523 -387 1261 950 360 -224 306 448 -408 917 90 -2 -782 1314 -208 -398 -826 -660 28 1412 -791 -991 -332 352 787 285 1247 -150 -226 481 -1165 -389 -448 410 349 -169 -353 48 -708 259 467 -141 549 -612 -84 -237 558 -631 -7 1178 656 -167 43 -282 -879 338 149 -18 -217 52 ]
[-102 -510 -712 -891 -197 -789 -1498 642 208 813 -10 -38 494 -709 -466 -167 764 118 -124 455 -1056 201 -185 -547 345 1045 -870 762 -33 -177 -281 590 -591 950 -584 101 1693 -569 561 290 1913 1190 724 -56 75 1213 -65 -932 -104 458 -99 42 168 -1352 -585 -520 -494 -1345 -9 383 -132 -868 46 589 441 568 258 534 496 -280 -889 154 214 101 -220 -869 98 269 -1290 48 -1089 338 -624 236 597 -284 1086 798 -464 -1166 -92 368 542 -672 55 -462 508 682 -441 408 -111 571 247 -275 232 -427 1326 191 507 -39 277 -85 779 -704 -147 577 -161 -276 370 309 -48 -352 163 274 -854 ]
[-150 -263 -584 -519 575 -694 635 -328 -414 902 810 -179 -569 154 -329 283 -1024 809 -200 136 -610 840 -368 304 754 358 288 -753 -574 693 372 275 224 -223 813 -64 -107 -566 -1013 290 217 6 -628 629 45 332 -804 1025 -315 -78 674 123 -33 -354 812 217 -269 -355 674 12 -119 -337 588 -515 -108 223 -237 -1076 -305 711 259 -227 -582 151 -245 1666 84 1084 62 819 156 39 -349 167 782 387 -1100 479 430 -459 -762 157 -362 158 -673 124 -127 -338 -396 416 -779 277 84 -294 -408 -242 483 478 -1304 528 -760 727 -221 98 -509 -40 571 -761 1023 -976 -25 -22 56 -185 -298 ]
[312 1653 400 -17 -1095 -63 -1244 -471 729 -863 928 -148 698 309 112 973 -95 224 -103 90 1185 288 -701 1157 641 711 -313 -101 -394 -994 -67 -925 461 -25 -225 -516 -501 -492 -169 280 128 -155 -146 -152 -865 -415 -371 215 42 -843 -32 1021 375 -20 1238 48 395 756 -763 -266 376 1195 -234 -484 -257 7 -447 400 149 103 567 -678 -503 -615 57 390 -268 -949 -369 -465 440 -365 1723 -59 -237 -256 -941 -199 -627 86 836 713 -84 912 -207 -78 -385 644 -666 -463 399 -280 -66 410 543 -14 462 347 -873 912 38 -567 881 206 -1286 -43 -1303 -328 97 -388 -84 -8 1293 -624 -1090 ]
[-192 446 -1172 -158 -422 982 -748 658 -125 673 -1304 -342 268 -668 -343 -1055 -359 1273 -234 -1071 -278 -1471 -337 -483 -1093 -505 -602 1058 -45 74 -60 606 488 1117 30 888 -109 -87 881 271 -328 -264 787 768 95 950 179 -1143 923 1555 -375 -304 431 -17 -634 140 -457 -365 -711 458 -581 668 524 -461 533 724 -210 225 1019 -704 515 206 979 501 84 -354 -612 219 -340 115 -677 468 -444 -581 787 201 1169 -654 -320 -440 318 93 486 490 -412 330 -177 788 -752 448 86 381 316 -60 -52 165 -612 11 -431 343 556 -322 648 732 -715 553 -49 695 517 -272 -180 451 -487 200 -1101 ]
[-56 -25 -346 -512 -285 80 -1280 1074 -445 -345 -132 -378 -27 251 -377 677 -438 -157 128 355 -235 357 -559 -51 -404 -490 717 95 -24 -757 -975 897 -29 181 -550 -379 676 277 421 -974 402 108 677 528 -460 245 730 -271 323 -975 294 -470 640 479 -1373 980 -606 -1204 24 349 778 -85 -395 226 199 -551 469 164 -334 -267 148 882 -432 -315 -1091 -1268 641 -329 -747 295 -212 1043 598 -744 -129 -2 223 201 2 78 647 124 930 -599 -597 435 294 -55 -75 382 169 2 -1116 -97 -137 803 -84 -101 762 -495 319 -196 1211 124 1022 -780 229 -1085 -76 -128 448 -212 -124 21 -235 ]
[-260 -556 -625 774 -36 -122 -350 534 862 161 -346 -292 216 -903 -750 -145 -370 379 928 189 197 169 -1283 250 1648 62 224 552 575 -156 -604 178 1086 122 731 275 1131 -63 -855 89 642 291 -288 543 -841 10 1188 677 -514 878 778 813 116 901 381 524 -281 -126 674 204 -140 -552 337 256 384 62 327 370 216 -192 -757 355 -1179 -491 531 -276 792 -114 -391 -665 336 -1171 1065 177 589 202 299 -436 -763 359 -33 -80 -750 805 -256 840 -569 548 -898 315 1153 -476 -24 -1161 -113 291 929 31 -736 -799 -427 1159 -757 62 -584 -478 -282 -219 9 -518 -383 610 974 -683 -207 ]
[217 300 -2 155 -765 -341 -753 1331 957 -64 123 690 159 76 -1549 -246 -647 568 -1251 -811 228 -434 228 3 1329 927 134 710 282 220 284 -1098 -1058 230 -157 -1021 -584 1482 -85 125 354 130 519 377 -898 -822 -940 448 252 96 135 -250 443 1122 -682 327 -439 -576 -602 -891 371 218 209 -974 196 -276 -731 -244 1442 661 -60 -10 211 -727 243 216 261 414 582 320 -1283 -869 -838 716 148 246 -1008 -35 233 355 -945 -686 -121 752 299 438 -502 -934 565 364 -594 673 -200 -423 -629 -1374 -1140 -241 214 41 -689 49 1327 513 515 -182 -805 -363 150 909 -48 -43 1166 -51 -416 ]
[-863 -152 529 160 -37 300 704 820 -53 141 -1028 1089 -744 683 -662 -1407 469 -197 -991 257 -194 -276 1330 335 130 -853 1028 200 -493 978 295 47 -180 44 -165 1145 -138 540 1108 -1144 754 862 -57 22 857 -310 -555 -408 827 1731 -577 -874 40 1319 523 -522 450 509 348 -405 107 -391 606 295 -901 169 -189 -738 733 -244 462 334 774 85 190 -287 -1474 699 1216 -888 -126 -167 -830 239 66 480 -208 -864 20 -190 340 240 788 1195 539 -335 -105 -618 239 -76 -506 -999 -407 3 -710 605 -1252 -261 -511 539 914 502 -37 1432 1528 -379 -21 179 86 -670 -758 862 -934 822 167 ]
[-129 -265 -699 417 582 555 261 73 -573 384 -489 106 -190 143 222 358 759 -366 595 -360 -112 882 -1029 -215 -455 -1098 -990 250 -296 186 -462 362 921 -215 -167 519 150 -1550 -297 -25 102 -112 -162 -255 307 -499 -164 -690 221 189 1268 -78 153 -1040 -810 86 41 174 127 250 -919 656 433 719 593 1088 437 1019 410 302 401 547 388 -396 126 576 683 -484 -214 109 628 111 424 -145 504 -133 207 -848 181 -149 1224 402 -323 -444 -360 32 813 717 280 -54 210 191 -105 196 42 103 781 -179 -262 416 296 -850 -716 66 -683 279 791 45 -397 -100 -125 -415 -432 529 189 ]
[-436 6 758 -134 40 -158 1345 -280 -29 -299 -674 1317 40 -706 -380 -908 142 -700 942 -306 506 189 -557 171 -211 -748 466 643 -372 646 628 592 439 -446 709 487 -505 935 -816 -607 -989 -126 -182 -65 -597 -772 946 529 365 591 561 -888 685 1319 -1241 589 118 -61 564 38 181 -9 -68 -243 1013 144 217 -1135 540 848 -1063 -239 -676 418 873 -631 -266 503 1956 -835 23 -885 -636 174 -184 345 -187 -740 110 609 168 -915 -80 -517 -12 116 -908 -813 177 563 563 -351 -37 -113 -681 353 -730 164 51 -662 198 318 -1042 612 1858 -708 -52 -328 -210 471 -851 639 -1317 76 530 ]
[-4 -325 142 -836 549 525 -431 487 -16 -351 -886 -432 -122 551 427 -895 395 456 614 -462 -353 -622 587 799 -1763 -1083 -1001 830 -213 -802 -524 477 180 -65 -345 1047 -643 338 554 -1040 128 361 102 -188 61 -569 -747 -438 -388 -3 1019 -113 -263 -279 259 -33 -581 195 -15 396 652 516 -530 -10 -1464 693 -911 -224 -246 -149 487 -20 714 1031 -66 -737 -813 554 -1418 -543 489 -628 -62 -44 -592 94 1285 152 -1041 477 -823 199 490 428 -288 -32 988 263 -411 -361 192 -1099 488 462 -174 308 -244 -834 168 1435 1126 468 92 -411 214 -866 -22 -552 944 -648 304 445 -774 451 224 ]
[-269 -277 -805 -186 -1062 -373 68 1341 -378 1407 130 31 404 896 -1228 882 265 394 -485 131 -626 -688 271 80 312 -100 -754 -306 -368 213 607 92 -516 -757 -307 -98 283 -834 -172 -152 893 380 361 -536 -217 901 -281 441 -334 283 364 47 -801 553 -951 -623 -38 -1153 -489 -414 660 -549 645 856 -16 223 -518 388 433 528 -560 19 10 301 -624 135 385 342 -182 316 1032 77 -800 303 351 783 -284 -80 415 -1022 12 580 159 -526 217 -500 -764 -886 -721 469 624 874 -383 1249 296 45 -326 364 -374 -558 570 -592 -561 890 -610 732 964 264 450 643 -398 132 -839 -464 -400 ]
[75 -787 -581 -237 -1222 400 -70 -38 -570 -600 -56 338 -680 -192 334 -87 -508 293 -505 389 332 -415 595 45 1196 5 -689 36 563 -687 741 -1263 -729 172 -413 444 552 -119 -154 584 1009 -295 231 188 287 -1026 -563 416 43 -545 402 389 -125 127 949 -210 -343 -511 933 -851 887 532 -483 349 191 -217 -285 -672 -367 -24 -154 404 303 -56 -1044 83 -703 289 -536 29 228 -354 -102 188 390 -1267 365 645 -658 -198 -1021 -156 -1077 1233 475 1016 595 42 -4 -272 -293 240 493 804 631 -350 180 200 -447 182 357 553 -50 338 480 433 -532 12 420 -900 -172 -128 1227 128 -820 ]
[-151 -1303 -706 815 106 191 70 935 392 655 74 816 -133 -483 -354 -314 51 -508 -85 -112 -307 930 -31 -466 -86 1035 359 190 214 -126 -447 -218 -297 672 906 -584 668 -487 218 -612 1390 840 74 218 -136 358 -321 -1258 -540 -11 -638 421 -68 411 123 31 -593 -619 5 -500 -279 -942 -56 324 -135 129 -528 737 1116 -51 -635 -211 -17 -134 74 42 15 -164 564 -783 -91 24 -535 104 -712 -129 -70 659 144 -361 136 565 456 -357 -112 -134 -135 -422 1223 -402 -164 572 -111 -1023 -907 1422 1218 302 277 -331 244 -1160 637 14 934 110 -317 -594 -338 -235 -218 16 149 311 -668 ]
[211 134 -210 1267 1062 -95 -224 -15 -401 -468 -60 71 -57 -847 497 374 197 -214 528 -289 237 -273 206 -276 -1233 347 155 -200 -221 829 -590 478 -393 -407 -748 -655 -608 1186 403 318 -1757 -412 -90 -1127 -943 -1113 -498 432 -272 57 -133 -57 275 -118 447 216 -77 676 -794 -292 -658 231 134 -204 288 1263 -445 1478 151 398 -718 15 -17 -1394 211 -305 56 -632 436 887 23 131 -36 -596 -703 -578 -475 335 679 -463 -162 1163 303 -475 24 -816 -136 -742 500 -965 674 51 153 -742 841 -104 443 269 228 504 -1082 537 278 -535 -77 138 -5 -52 -1390 -169 26 -213 465 496 1207 ]
[-413 977 -226 10 361 -364 406 517 -116 -48 -574 -339 205 -24 -44 144 -71 -391 45 375 -618 379 -938 168 -340 -361 617 427 -691 780 799 1111 23 29 -212 212 -1109 210 -16 -299 -686 318 -82 78 -87 -173 -406 1520 -423 714 808 -441 471 600 470 -174 -194 -519 -204 -41 1072 -183 1123 -459 -659 -337 1029 476 -197 -210 -999 -78 -1081 -1103 -196 509 -658 -397 -436 626 -174 -635 748 -241 -500 1043 -396 -900 47 -44 39 -455 904 -808 -645 -87 -248 493 -1163 108 -961 -540 483 -574 401 347 195 -271 1142 1473 -236 -736 268 -661 -492 77 -818 -85 155 -519 827 1100 512 -588 365 ]
[41 2062 687 -668 -831 -518 612 23 268 -391 7 -907 122 727 -21 -90 -869 176 -442 220 -229 -1544 1146 124 1564 425 443 -430 -332 282 -124 -686 -224 211 -1176 -248 198 608 847 1674 208 -770 218 343 -4 -67 -397 -48 94 568 -857 -503 454 710 176 -77 404 -273 -373 187 -492 902 398 -391 1636 742 -132 7 -229 -70 -39 -996 27 859 -370 -452 -816 -492 543 94 770 1524 -343 -1348 184 1255 572 107 1170 -1337 594 -460 -145 1149 -196 -830 -804 -274 -1364 316 458 -109 -752 341 -146 -348 -641 55 -118 433 272 -5 1327 1297 -563 1261 359 9 -285 -689 328 -48 249 -552 -694 ]
[388 -602 347 730 -123 441 966 274 162 -126 61 247 690 757 -70 20 -976 -229 189 644 806 -264 450 455 -241 -519 1199 -384 -389 400 686 -928 422 -356 454 -884 -1301 1151 -660 -348 -303 204 -1066 -888 43 -651 -1648 682 -1033 1863 146 -127 -218 63 1702 169 -73 1046 -135 398 719 -151 -216 -49 -418 415 -189 -112 31 614 315 -879 324 656 -71 878 -1508 -610 285 -1280 497 260 -17 194 -1119 -271 -348 -347 136 162 -664 505 -415 54 -648 -304 160 -317 580 -1054 -356 -412 311 -712 499 -294 -600 -125 186 52 307 905 -319 62 -23 176 429 -574 323 617 -561 -436 784 131 1243 ]
[276 -1449 -632 -176 193 -722 -78 590 -437 556 -166 602 -324 208 -722 495 -89 -508 -25 49 105 1498 3 338 1193 -1238 448 -318 -49 231 828 -401 -115 -110 291 -649 481 -682 -39 -716 1921 1271 -336 838 -70 72 -292 -408 -119 -615 895 135 -68 -296 41 830 -498 -281 1661 -32 -111 -404 -283 206 -490 -202 234 -1350 193 1292 668 495 339 452 -197 331 -28 1499 270 -20 21 245 805 53 -15 736 -703 -393 434 -417 427 -818 719 62 -146 673 830 -735 549 1211 -424 -189 -35 213 -930 -560 475 -279 -471 455 856 -74 -302 753 839 22 483 -235 1114 68 -861 -424 -743 362 518 ]
[294 -474 -1131 824 610 -125 -926 392 -476 727 -628 304 -165 -541 -585 691 188 91 239 183 -844 941 -527 -921 218 -342 -575 95 -213 864 557 658 -432 -715 -392 1007 358 -781 531 1518 -73 14 936 215 -228 758 -877 -295 677 92 814 225 520 -737 -51 -176 -491 -550 -206 -695 -927 80 947 166 -293 297 795 336 -329 -529 -722 853 -163 -495 -123 364 -18 73 227 766 418 -425 283 -161 1580 -726 -146 -1031 872 -95 5 241 130 53 276 1247 -76 120 269 -846 375 -552 224 -684 390 -273 64 422 424 460 370 -930 -226 1064 -191 658 -710 78 455 -489 849 92 845 -385 -823 ]
[-314 739 -51 -140 260 501 -546 234 298 -485 146 -104 -773 153 1342 56 -1589 -42 -187 -48 576 27 58 781 -305 -518 19 -151 -215 10 21 236 431 519 -623 252 -367 -664 302 -348 204 301 398 737 -813 352 866 -328 1047 -1430 -385 116 243 -755 -293 136 -941 -114 -670 166 -210 565 -234 -651 -154 -78 -160 242 25 -467 615 503 -119 -907 946 712 -399 144 -823 -270 175 2056 1183 100 -936 1116 529 100 255 -521 1237 102 384 540 51 437 -1027 -607 -542 -77 -25 463 -839 228 -466 1169 -152 -42 -236 936 -138 -1389 913 -554 -98 -988 -277 179 -298 -709 226 212 -140 -60 -771 ]
[-353 -474 280 1254 549 -246 -577 -1472 138 -128 214 462 -142 68 -292 559 551 -304 254 -217 335 -439 421 -9 754 159 -199 365 -393 -160 384 113 -358 283 4 -115 -1244 1090 -35 255 -1903 -310 510 -347 -1078 -494 -350 -649 -453 -505 450 721 609 940 -1342 -380 -1321 -724 -20 -780 753 466 -327 -231 -686 -882 101 136 5 -871 -556 150 253 -1369 805 76 -32 286 1611 431 -500 -1349 88 -194 308 -72 2 -161 -359 1129 3 -88 630 165 637 1029 -177 357 823 -790 667 -285 71 665 319 600 -250 727 580 340 -636 -869 -566 -465 733 -472 -1038 243 -475 547 445 57 29 172 -670 ]
[-91 294 -501 313 -134 126 -121 93 111 -746 -330 -269 268 873 -133 184 1091 -274 -1459 -291 563 434 -323 734 1285 -1456 -1105 421 621 -646 -184 520 -175 -700 -1278 1467 535 -1010 -529 -160 370 -179 570 -540 -367 501 374 -262 35 -822 435 596 543 -444 88 -1094 760 577 -512 -122 255 311 301 272 -254 279 369 -614 -581 -554 -909 712 393 -502 -42 181 1297 -386 -371 752 118 -201 159 127 1254 491 806 -979 413 -185 -237 349 -280 162 117 502 963 1460 -460 -379 -115 465 -1077 1783 30 -42 16 -100 711 716 390 -394 -136 -209 -585 -68 -399 514 142 370 636 -61 145 -377 289 ]
[-581 870 438 -304 -119 -441 -941 -534 492 -666 -177 397 304 -247 -296 162 1228 -1326 -269 -535 240 -8 620 565 939 -357 483 -99 1602 -242 41 -42 -437 -680 -740 1124 -4 -782 -787 -1174 1148 -1205 -723 -250 -213 -307 1448 460 1021 -104 -112 287 522 -339 -487 -446 -707 -538 139 400 -830 -7 -330 45 259 54 703 -689 410 -230 -1099 -391 -199 95 -363 -648 387 216 -1003 -44 977 -577 -28 18 107 586 -280 -676 928 -520 -280 -574 88 -456 -485 671 97 1223 -37 934 -141 64 153 -99 -132 -534 388 524 188 -225 324 -1425 681 -378 -1036 -502 43 688 142 1557 -721 214 279 208 1317 ]
]
