[[-452 -378 -100 147 817 -144 104 378 89 411 387 -313 -428 -291 72 423 518 127 -185 38 199 -96 -485 362 -539 -422 -467 6 -680 928 144 -431 -619 -720 -86 694 194 -571 -537 -70 -41 -336 -674 177 -23 689 382 -399 748 -1142 51 68 141 619 26 -14 -159 157 509 -77 601 490 -203 386 -211 691 -223 147 -337 349 -1291 -609 -543 531 495 499 196 -322 623 -50 -31 0 703 -797 83 230 39 665 -100 206 446 55 -181 443 222 931 -168 176 375 305 -245 -193 454 620 -341 -250 919 495 263 207 -588 -661 156 206 406 722 -441 347 856 131 237 -217 791 630 -204 ]
[673 1337 -103 -153 -128 -963 -348 -540 -633 -517 -812 -160 -137 189 -383 -1079 -722 486 -363 -722 -46 -752 580 -766 129 408 135 -149 221 -514 -213 578 -242 385 -153 333 387 359 715 -515 393 868 557 484 602 310 345 65 -95 575 -282 199 -290 278 742 -500 -403 106 772 -172 -925 349 -145 -400 -121 -399 -405 157 561 -635 1157 574 -21 -437 -95 218 81 -106 -354 -182 707 -341 -96 33 67 471 -90 186 -532 363 -276 -259 -344 -627 557 -409 298 305 -126 -78 -316 -190 -255 185 -286 -239 -494 -1386 235 194 197 -45 -184 39 555 -590 1091 -197 326 417 274 86 -132 -531 606 ]
[-171 71 -257 -266 82 -1143 -315 -1011 -252 71 -451 162 1082 309 -132 -112 -572 52 418 -280 -338 -793 -1042 -148 910 -56 261 264 12 -346 430 -86 -202 493 -107 94 700 413 20 -195 811 388 -55 115 -46 -706 892 10 -223 -563 186 557 -586 -86 226 -332 -899 -238 -13 -100 -404 -403 91 101 696 -310 -483 13 224 188 897 1053 394 177 -377 545 499 -400 -184 -985 463 -556 -510 -557 -680 1319 -599 -202 -577 253 243 -559 -824 -422 -106 -299 882 1 124 84 -270 172 -330 369 -588 594 -145 -651 -133 224 5 18 -296 -111 760 88 270 97 39 -179 888 115 143 159 381 ]
[-126 -279 391 -403 937 -107 132 -174 87 3 -465 -42 100 -146 -490 372 -62 -19 324 131 502 -265 -697 120 487 -567 -225 577 -549 1094 -399 -179 -278 1121 -420 89 658 -56 -869 -1242 78 621 -184 -339 -179 -394 885 13 93 -260 350 469 -674 364 -150 150 171 339 401 -16 1029 621 266 667 -280 -327 -655 -415 -578 278 -718 352 -516 819 3 433 367 -1108 -125 -333 400 222 576 -163 -212 483 -74 169 -139 458 983 56 -679 -427 -600 616 523 263 567 -383 -70 -526 -285 1147 -174 -278 -38 621 373 796 -641 5 -793 485 587 742 528 -5 896 -213 1125 -208 807 -36 -212 ]
[-274 -8 -462 781 -392 439 186 -264 -23 -479 -87 -484 -384 -615 -461 -469 -103 266 -697 432 -971 -323 -320 476 -184 64 102 -481 663 -669 825 -147 224 -426 272 -354 -185 96 423 337 -32 -5 -701 -598 -546 -100 -60 -569 -311 31 160 -543 -67 -34 317 338 415 -271 -655 -757 -321 -978 -105 -507 694 -193 501 580 -303 432 1473 35 574 -625 -214 -265 89 705 160 -394 189 198 -511 -168 -153 41 64 176 -146 161 -327 -162 -84 532 91 -791 -189 422 -309 -441 -518 1105 770 -1008 636 -769 150 -486 -596 -276 500 -117 -767 -735 -820 -471 -66 -41 -54 67 64 31 -595 -631 -55 ]
[-336 -504 88 385 -142 895 381 -114 998 -718 -178 450 11 -585 -764 241 233 151 608 683 250 423 -330 595 -183 163 -227 412 254 657 41 -501 75 116 630 -1074 -428 323 -792 -114 -402 -1004 562 -603 318 -903 134 619 -1043 132 -261 671 -776 -523 -73 -37 881 264 -772 -460 157 -1357 -226 -314 655 -297 336 366 -60 108 402 378 -79 -163 291 208 71 -660 221 112 831 485 -223 569 -251 -377 -218 -569 381 206 549 -107 -386 178 -629 -413 -469 -920 -423 -1002 30 328 -418 -1098 1201 -385 -622 233 -694 -499 5 -113 -738 -402 -129 227 134 -106 -499 135 524 -332 -67 -585 -831 ]
[751 -47 -698 787 386 156 -47 813 636 -165 172 -630 -1069 -792 32 -342 444 71 -297 -579 -707 337 138 56 -789 -123 -889 -130 579 -5 162 -876 82 -753 466 55 -339 -263 593 -139 -370 -1374 -181 358 503 454 275 -966 132 -996 -223 -371 -320 1180 420 -850 -388 644 49 -220 -459 -188 -698 -585 635 614 16 976 -152 38 448 -27 -734 -1298 715 234 99 720 123 36 994 -760 532 -111 929 -242 -715 204 248 -38 -26 661 -462 87 -421 42 -251 -208 -223 -111 -422 522 398 -1571 555 -547 22 -704 208 -62 -9 -1517 -703 -185 -261 -503 232 426 217 232 -131 -780 101 -318 -170 ]
[-1158 189 -522 810 -182 79 474 221 -248 -703 132 386 -513 -619 313 65 -1 910 -939 712 133 -1115 -455 603 -639 -97 -616 -335 -525 1318 696 -124 -763 -559 1393 795 -375 -338 -59 -9 -531 -750 335 -99 54 867 489 66 589 -410 -166 399 530 106 909 -357 182 -374 134 -901 -144 -1118 -633 -556 304 -86 -795 -318 288 531 148 387 163 388 442 614 546 -187 241 -208 -343 -41 321 -396 -55 524 252 877 -570 16 52 -668 68 417 1236 -297 -1241 -186 -826 163 -198 -67 1467 -149 475 -993 310 -1223 -820 12 -195 -461 -9 -898 -10 -211 -266 129 121 308 6 -48 -448 145 -309 ]
[1010 214 -372 -226 400 -598 -182 -612 -287 556 -1158 -193 38 196 -807 -430 143 64 234 -904 21 -513 -215 -1019 72 615 393 589 496 -606 -617 626 418 207 -607 39 25 38 149 -526 -115 -422 93 494 389 -673 -191 331 -587 255 -883 -470 -1300 -228 59 -326 365 140 -302 -269 -1036 -659 -302 -255 -546 717 -501 1205 444 380 1301 943 -344 -676 -589 -398 -238 -6 -163 -44 702 431 -112 200 -38 -177 -729 -282 -247 232 4 475 51 -502 -923 -594 603 -203 -195 -517 -95 475 -788 -395 -541 115 -209 -869 -189 -159 73 -101 -428 -176 363 -167 1013 471 289 -147 625 -32 -626 -806 -234 ]
[-714 -94 214 -204 -175 791 342 593 563 6 1169 978 495 -221 -395 701 72 362 30 997 209 646 -38 929 -595 -263 -657 -224 -618 1689 -197 745 -227 -539 961 -178 -488 -304 -929 157 -457 478 562 -853 -8 304 150 173 -565 300 -160 786 512 13 1227 74 796 42 -21 -84 991 676 -271 -65 851 -969 102 -497 -179 -235 -1213 -197 131 -49 471 518 -188 9 450 739 -1143 344 287 544 765 -1104 86 28 -459 8 8 -748 267 496 409 -100 -1695 -421 -373 -523 -148 253 -62 166 1547 -446 -333 420 -791 -343 -224 175 439 92 -374 188 20 -466 -894 771 40 -162 237 -122 -205 ]
[-434 -197 245 695 323 1067 -370 -386 1450 247 -156 52 -486 -337 -876 334 257 -875 944 286 -354 1052 -704 1257 294 -236 -363 402 796 -658 458 -1261 332 -697 -771 -1131 249 28 -237 -347 219 -705 226 -232 545 -265 220 16 -204 -213 186 -205 -648 864 -240 115 95 -106 -616 395 249 -863 -49 -322 510 23 174 347 -220 449 -126 230 -1326 140 91 10 -54 -442 625 283 820 -235 -280 -412 -335 292 111 -321 536 -502 45 -436 -996 -47 -972 599 588 -708 802 -326 -105 279 -287 -515 41 82 -808 284 63 -457 -265 -195 -904 -341 -668 636 -782 28 -118 381 684 4 825 -247 -180 ]
[783 -171 -40 90 482 1200 -284 -179 663 252 -70 -41 558 268 -692 -116 -164 -298 597 366 -759 766 48 522 64 -206 -49 326 673 -537 -272 -208 297 41 58 -1068 714 349 -231 -46 307 59 160 -913 417 -998 657 -812 -696 1002 -575 -556 -457 806 230 98 781 -305 -540 676 874 1017 135 -195 -42 -289 268 -91 -583 -29 -342 -265 -813 -128 -194 -827 -409 157 665 1138 784 209 -342 -107 14 -563 -148 -1019 177 -588 90 -169 42 -324 -799 -468 14 351 -160 -746 -730 86 -146 -694 349 -27 -956 713 -109 -636 59 -530 -460 2 -796 46 -38 -788 -52 280 488 -419 573 -778 -180 ]
[220 1120 -306 47 -108 784 264 113 451 -372 -181 -260 11 118 -1137 -1034 180 483 104 -577 -139 817 751 158 -470 77 -125 297 383 -873 -18 -356 -249 -689 104 -296 128 167 1006 260 -282 117 509 -536 536 394 175 -273 -102 378 -489 594 -38 899 916 -310 660 207 -68 -196 -80 230 -13 -187 -552 459 595 108 736 -465 217 -495 -350 -115 1301 288 -195 -195 135 589 110 -252 27 415 382 -652 -83 -18 -153 -26 -306 -278 -421 -92 622 -571 -620 -273 -638 106 -188 113 -154 -948 -229 -300 400 39 -11 -1607 -752 -417 19 213 -47 -178 -45 -126 -755 1073 -196 -45 929 -1294 -5 ]
[-274 196 -289 1194 -395 975 -216 -110 683 -1173 -716 -554 70 -44 -786 -504 -517 252 286 -182 -214 -66 -70 270 -230 449 224 444 671 -1018 517 -517 105 -348 515 -426 -414 -59 818 614 50 -101 -185 228 382 -244 333 32 359 8 229 705 -164 863 -852 393 298 -457 123 27 -410 -954 347 -587 -29 280 542 7 150 -15 1495 -635 165 880 578 110 137 -109 78 762 316 -245 -649 474 -523 669 659 -362 538 -299 -543 -274 -639 138 348 -439 -371 -6 -397 34 324 169 -65 -1599 406 -581 121 -408 -665 -1051 2 -1255 -569 -534 -1507 -289 -739 -285 -358 547 515 -39 233 -871 153 ]
[-1036 -127 -464 -800 -862 -114 452 -341 -655 746 1091 9 -254 -64 494 554 339 274 -235 510 133 -597 -1086 705 1061 -306 -84 45 -615 259 799 81 -850 12 390 394 -221 -933 -368 239 -235 -768 -503 -329 -1218 706 2 -229 478 -685 655 -22 710 -711 145 930 -345 545 -396 -588 387 -179 -292 584 138 93 -389 -112 -280 409 -329 675 1060 948 -355 530 230 -292 -355 -1110 -1265 228 497 -158 -306 15 -220 595 -23 -96 -427 -642 177 13 -198 44 -50 195 -352 1198 -278 -210 277 1234 -886 737 951 506 765 -180 -376 1330 540 -103 190 -409 -679 659 -826 -299 -340 314 -346 1042 -19 ]
[-306 -170 487 212 -226 -464 -816 -662 384 185 -442 4 91 -121 141 564 -327 -108 132 1409 -449 8 368 256 678 -805 -149 -531 -442 -211 1030 -279 339 -9 -939 463 227 166 -818 387 603 944 -882 36 162 299 240 193 821 -831 487 162 -337 117 -1066 425 261 -709 375 581 500 -11 884 729 129 340 268 -416 -503 -193 -251 -1215 265 971 -139 471 -268 288 182 -225 -166 -526 -1004 -799 -657 1107 1150 702 -152 310 -232 -132 -557 829 378 912 553 548 1776 -410 18 -112 616 956 477 257 -155 979 -197 921 494 202 -424 -220 66 341 -391 -287 1266 -69 571 728 639 85 814 ]
[-181 -192 -130 234 683 1002 49 -265 46 514 128 557 927 372 -321 735 177 -332 -50 -526 367 -360 -859 370 195 55 52 1463 188 -1 -354 352 -446 -321 564 176 522 -343 8 -276 -560 112 474 162 -32 3 184 661 409 -133 390 238 -118 1073 -129 -211 57 21 126 679 421 -287 423 -556 -580 -508 -959 23 383 236 -219 796 -428 384 -417 449 536 -133 761 766 -413 164 312 58 -310 -232 -92 -83 54 -664 -403 -406 -475 -285 -933 160 217 -124 -338 428 -151 663 -676 419 156 -401 306 -577 -234 -417 -758 -816 -278 -58 6 -29 -587 49 -1498 196 195 -375 448 186 -392 ]
[-394 -117 -136 -146 435 -339 -142 254 269 343 357 -602 -203 -291 -166 397 687 155 153 -453 -105 414 -106 -271 291 -210 -629 689 -259 262 -57 22 -81 -554 -102 16 -78 -679 -456 -479 211 103 -1594 254 -580 -549 131 -968 -10 -535 426 834 -64 726 -362 978 -288 988 -85 448 214 497 507 515 555 -347 363 224 -527 645 -556 -566 -286 125 324 707 580 -428 721 -199 -132 385 524 -67 -169 -247 -744 -390 139 -64 691 198 -886 211 -950 687 24 497 -497 630 -488 46 -723 -24 137 -1204 947 1132 352 141 -139 -220 -570 463 259 488 186 -482 -346 173 745 -915 264 -368 -311 ]
[1449 -378 -248 283 565 550 -794 38 239 155 -665 -502 -557 84 -701 98 -524 426 561 840 -127 234 -470 641 -528 -345 -735 -266 303 10 389 -740 48 -29 -145 -191 -629 -426 -292 61 -44 -393 -89 758 743 530 653 -402 244 -383 -889 -372 -815 1258 432 -229 213 -280 1037 -127 1228 599 -567 227 -139 776 -525 249 -569 -545 -294 -686 -674 299 418 196 -491 212 442 628 1367 -175 129 -460 255 920 247 662 -196 374 -213 -20 -509 514 -316 -60 -425 538 974 -704 -267 -592 -120 -354 548 -270 -169 -1203 -177 -509 -238 -1190 -199 4 -371 167 285 -218 1524 54 676 -83 949 -110 -258 ]
[345 1559 -334 338 -1021 -540 -302 -19 -177 -613 -336 74 32 -243 1268 -987 -471 575 -1014 -59 -203 -486 2133 -847 402 277 -538 -202 208 -1073 871 -198 -61 565 13 269 207 407 763 691 -157 577 690 246 -194 396 -593 226 341 611 446 -347 1049 285 302 76 -43 28 -270 423 -201 -379 1076 226 -808 -493 -512 -486 671 -490 720 -29 386 -946 853 390 204 919 -317 -1063 -452 -287 -750 -560 25 722 -64 342 -598 208 -372 -207 198 584 1506 -423 333 664 -558 1366 -399 -871 794 -49 572 -674 116 -830 563 121 960 948 367 145 1133 -939 210 -740 -581 235 -1945 275 1 -292 718 ]
[-286 94 853 -395 332 -302 -184 -255 137 -303 612 -114 121 383 314 -322 305 -126 622 -189 -208 797 911 -69 57 -505 137 349 35 -23 22 -873 237 397 -925 119 920 574 33 -939 911 201 -138 -842 661 -363 353 -136 376 222 -544 1012 592 -348 89 -831 -401 -192 -144 413 -73 1163 -23 465 513 242 923 -751 15 -223 -1539 -711 -890 -83 333 -499 -287 -1198 181 18 1255 -903 76 -197 -863 -245 741 -482 175 332 980 197 65 -175 303 341 590 -689 1041 -266 711 -808 -159 548 -883 232 -404 1285 834 1265 -319 17 -368 574 785 600 333 -494 1027 337 348 27 402 -94 337 ]
[806 1330 483 -780 -667 746 -800 -302 22 1117 -85 546 -467 775 170 514 321 -410 633 456 28 935 1325 177 626 134 -1129 -381 -357 -633 21 339 201 -343 -1227 -533 257 -409 -339 340 644 620 391 264 183 456 -301 248 -364 427 -16 -298 213 865 -519 1054 1009 -27 271 1097 778 1191 770 344 -373 -158 -106 -16 87 -460 -427 -323 -158 -3 292 -158 -379 319 233 668 -1205 363 -83 -404 339 -665 322 256 -574 -95 -298 -541 43 320 454 -271 -527 705 288 641 168 -723 -257 1032 60 774 -246 288 1027 -399 241 1561 542 81 -390 -86 34 -300 -751 539 -795 497 103 -123 611 ]
[-516 1329 392 12 -405 230 -509 -734 -176 452 438 423 -578 659 343 228 -131 198 185 900 -267 369 132 744 47 -348 -1007 -868 -631 217 30 100 -146 -1266 229 697 -207 -17 318 -735 1143 -614 168 132 375 840 619 -257 150 -59 -821 916 -1 988 524 182 -82 121 291 631 -396 877 -136 -343 745 -913 -393 -377 437 -190 -982 -192 -121 540 65 688 119 -122 510 319 4 -433 -506 -747 338 629 395 819 -533 -594 502 -1023 -644 137 499 -21 -1024 69 -219 -469 -365 -244 98 22 583 -459 -612 -677 -234 98 -346 -220 -427 -549 160 -319 -168 -669 -68 1136 85 -346 -455 -67 195 ]
[917 -436 -849 -158 103 -1352 -730 800 53 137 829 -808 -494 -747 464 -268 -282 779 -431 -624 -498 -70 449 -796 272 656 -1105 32 -367 305 460 123 -49 74 757 210 -925 -1445 -66 216 -269 -605 -651 718 -5 114 -472 -757 162 -451 -155 -671 538 520 332 -79 -916 357 -226 -531 677 902 -767 225 -37 904 -438 1035 -933 90 -240 -393 -309 -719 291 792 -350 266 272 -446 299 -440 677 -93 781 326 -496 272 -84 544 -749 5 -36 259 -613 12 55 347 -18 582 -534 -468 180 -375 312 -250 94 -170 655 -170 516 -277 931 650 314 231 468 155 1006 -52 208 -705 -472 629 542 ]
[971 -765 835 -629 870 -587 719 806 763 723 482 402 -57 -39 1557 796 692 -708 993 198 50 1421 61 -139 326 -508 -1002 -477 -196 1026 -842 -909 642 241 -349 -756 -576 638 -494 102 407 -71 -374 -104 -182 -628 -116 -63 -766 -785 456 462 -145 454 -256 -129 111 712 -43 595 1252 762 482 820 660 -625 -119 -1088 -166 133 -1101 -125 516 -383 785 533 680 246 -826 -246 -143 -412 -100 -378 1550 497 -972 -137 -899 212 1295 244 -726 291 -217 45 358 -63 626 -328 -226 72 -581 -35 175 611 279 596 262 -3 -106 334 -26 447 960 970 272 -41 -183 -236 -158 -485 448 386 -230 ]
[-219 -79 -103 741 -106 -813 95 -149 48 404 -686 -946 -253 -610 693 203 -191 85 -516 -31 858 -934 -352 -404 246 -128 479 99 206 85 -99 863 393 -3 -255 1020 149 -630 -40 -869 169 -481 50 -217 232 608 -496 446 967 -239 16 -553 -372 -651 -421 -519 -62 177 -339 137 -941 -417 -81 -222 -328 346 -530 -203 -87 -91 -187 -38 79 342 -1001 75 43 215 -467 -695 206 -214 608 67 -244 536 460 777 637 33 10 282 78 -382 -533 962 883 -153 701 -874 -189 226 102 474 -378 6 31 -438 359 1061 213 -41 -979 -1083 393 -635 -57 409 255 276 556 -42 -490 426 453 ]
[537 -1152 -545 -854 76 -179 -459 -535 52 963 663 75 -56 -268 134 -57 294 335 150 46 -555 -245 -718 -152 601 -454 -462 72 275 646 581 562 -337 279 -399 58 -252 -785 -508 789 -175 421 -1253 267 -1215 99 -426 -790 196 -445 518 -1091 114 -144 760 72 -279 115 160 -489 400 -96 26 -117 105 365 -891 590 -622 470 706 475 60 -788 237 -113 -182 653 -281 -1078 182 666 -92 61 215 264 -1080 348 -644 312 -369 34 48 712 -286 -325 373 515 251 755 -701 564 81 193 -258 104 491 -189 430 -135 185 287 187 628 450 235 359 -96 416 -105 -14 301 28 579 -164 ]
[-515 753 601 -257 -554 -78 776 391 -832 -873 -14 366 -1017 186 -536 125 104 227 -1011 435 213 -291 310 687 -210 -532 338 -980 -507 1089 -454 776 -286 309 436 -519 -129 563 -471 -605 -795 1204 381 -210 -277 885 858 -43 -821 417 -122 690 344 -309 1076 730 472 376 116 -454 131 -171 68 356 -75 -905 438 -542 -144 -334 44 346 700 -210 -567 -14 178 -74 -718 432 -1368 629 822 526 423 -1544 76 59 -727 173 -68 182 671 -520 412 -28 -686 -99 -509 124 73 339 389 1056 40 -418 125 250 -390 124 -474 1313 104 53 117 -125 819 454 -1149 -398 -187 159 -25 -1249 -611 ]
[-223 728 -69 -362 -311 -354 203 196 149 263 -621 -150 -758 -875 13 18 208 -499 -315 -470 966 -468 316 -662 580 -206 -76 370 -989 356 68 343 -610 -380 442 1200 -392 -584 605 -583 -919 -626 990 41 1085 1164 -243 -1 1206 -278 359 -278 -180 -93 -99 -749 -234 388 504 -521 -651 -188 -1191 -821 -114 856 -1093 -448 253 17 -651 381 -828 878 28 757 -254 -1184 126 106 -334 -1082 879 481 96 -262 377 896 759 -273 -415 -95 -518 -1431 -532 814 -58 -777 335 297 -51 -372 -188 1049 -1311 226 -705 -412 30 -225 -421 37 -88 -743 -631 -105 66 503 -33 193 565 -102 -15 461 515 ]
[556 -981 -735 22 482 -1014 -485 270 516 1176 196 209 1262 -351 330 565 432 -365 656 -367 -187 335 -453 -244 458 -633 -616 595 139 439 583 319 40 -1310 158 698 -617 -510 -285 1341 188 613 -819 686 267 -508 -318 -736 414 -1687 -282 58 -65 216 49 -218 -721 -70 366 566 145 305 556 22 1612 661 -422 439 -56 616 49 -498 -98 -950 730 -31 -8 295 756 -370 201 -402 222 -279 -529 -99 -1499 -362 30 -85 109 4 -528 815 -124 11 278 63 298 963 -513 848 -752 -320 292 -373 202 -47 -560 -221 451 -1029 -50 -196 325 894 202 -499 -397 -380 588 -638 524 355 -336 ]
[-257 -518 5 -808 -29 -73 9 -817 -961 -141 787 9 913 900 -291 -340 164 518 783 370 33 -95 -210 444 546 -1196 408 -47 -206 -376 172 -427 -907 1454 -560 730 859 630 -112 439 -267 397 -601 -355 -857 -45 477 132 1611 -713 235 566 70 -726 -446 128 -264 706 684 182 404 884 767 1024 -698 585 1066 -251 32 -515 -514 -777 646 1391 295 131 -65 -208 -697 -305 338 -603 -381 -265 -795 153 582 243 328 -116 -204 -191 -438 -269 212 729 1306 270 1066 357 198 -853 84 619 -391 811 964 1590 1034 486 -872 29 -148 1013 1450 -737 -625 -131 655 269 -169 681 1305 263 187 ]
[450 212 -185 347 -105 -745 33 -896 -394 116 -11 -767 824 279 561 -142 -667 1290 -308 475 181 -753 606 160 558 -431 -1151 674 308 -166 893 596 -972 3 358 654 134 -670 -810 652 1112 -134 -552 14 -621 53 560 -218 860 -825 -705 506 426 271 -202 662 -275 595 564 410 660 774 985 452 -143 607 -378 529 -84 -310 -350 -719 411 196 295 428 424 -202 556 -809 1067 549 -19 -1238 -1354 1001 -246 382 85 1059 360 -1096 -365 930 332 717 210 370 183 406 -1047 -475 -295 417 640 -771 905 -158 960 -116 80 -27 -38 -154 1632 47 136 -1120 250 1147 40 -703 486 438 -59 ]
[-271 -400 -314 -753 197 842 416 -594 -161 770 628 293 246 423 -559 433 181 -795 -691 -718 -541 402 -678 442 1131 54 151 457 -217 -578 62 -497 -296 -1000 675 833 -49 -477 847 121 -235 -476 -384 -624 -860 152 161 -768 570 -214 -103 -463 315 288 -415 209 65 -183 -584 -452 81 138 -161 218 -414 1243 65 553 -314 1231 -159 522 101 413 -521 -863 -508 -1034 747 129 -277 -490 459 -248 -918 -923 11 291 850 -600 -383 -205 -203 -142 -998 -106 -517 -205 -351 1057 579 306 141 201 -1111 361 -4 1058 -1 -733 -751 111 435 -8 -804 170 -682 406 59 -129 -1 -141 -141 420 -90 ]
[102 1696 82 29 -2 -1332 -593 39 -537 347 -770 -165 -289 401 -816 -488 -574 538 538 365 279 -59 -364 -184 33 655 331 -1061 288 -334 -1105 1041 657 363 -582 145 -326 425 -173 -284 -188 -370 472 1275 415 -495 -28 426 -313 853 -1244 -126 -656 -857 177 1127 -777 353 312 474 -994 1147 52 212 353 -957 -284 235 412 -362 964 172 -388 169 -710 -392 -427 33 -903 174 21 -39 -417 274 236 511 -1074 -671 -157 -727 -186 -456 212 -1053 -310 519 846 425 -313 -104 -489 -764 -455 149 201 -11 -981 -193 62 372 907 329 77 -204 264 -721 585 -116 582 -98 558 130 16 -509 215 ]
[450 133 8 473 471 531 -578 695 -114 395 -1153 -232 -226 554 -508 733 645 128 158 99 829 794 204 127 226 -641 -1271 261 -912 37 176 -408 439 859 -327 477 -152 -451 266 -900 -1181 -599 826 614 229 -771 309 -237 388 -704 -588 -271 -559 714 -271 -69 177 -27 -471 608 749 529 624 174 -249 735 -616 -27 224 654 -794 -559 -1472 238 390 57 132 -679 501 792 -601 -545 1359 -429 188 -281 -430 -31 -282 15 717 634 -778 -665 -1048 -107 93 62 52 460 714 -738 223 179 -510 -10 445 -262 66 -492 -875 -311 -563 -424 90 1086 -122 756 -200 -666 455 -993 873 -295 -611 ]
[1039 414 -504 -1165 327 -526 98 702 -923 502 -154 305 23 798 -235 168 301 43 8 -749 -317 1258 807 -740 358 338 -160 -474 541 -2213 -466 -759 631 -187 -36 -613 -185 795 836 876 -663 80 -133 837 -503 -544 -1015 -76 -671 675 -441 -481 0 -121 -369 147 -544 -98 -470 111 375 64 543 591 -1052 805 759 245 590 111 349 -145 657 -1037 -270 -1034 -411 586 -149 -119 -751 117 -346 114 -718 -961 -746 -512 740 -183 -132 485 -49 57 -649 -5 271 519 -490 1197 785 324 -29 -457 -594 -51 191 1131 516 -940 275 1299 1428 817 294 -230 0 66 -638 -1543 -1167 181 -97 -200 -668 ]
[267 -696 245 -302 -340 68 -424 1047 -89 -128 -521 543 891 350 503 741 -33 -806 623 -59 60 -99 963 -944 -120 -250 -587 1161 -248 157 -481 623 965 1207 -216 340 -563 -543 110 -950 -184 240 717 109 506 -259 155 -347 322 324 -205 185 700 471 -284 -415 210 -648 601 229 577 361 -143 -296 207 -37 -465 -94 -283 94 -836 -48 -1171 392 -48 -300 -86 87 -446 988 -1142 -271 417 988 518 -1117 618 -50 -174 -145 -376 694 758 -458 -167 350 -653 -761 75 -414 1194 -856 194 83 -46 305 -603 -284 207 279 88 112 469 168 -970 266 852 -417 -528 66 397 -177 -1409 -1105 373 ]
[339 457 -121 -966 312 -474 -49 -694 -495 1003 -839 546 554 626 -67 110 -220 134 -705 421 -572 47 938 -1370 700 -1282 -215 139 -738 110 -476 720 138 778 -97 922 828 685 69 -192 -13 129 -202 150 -46 -536 999 -774 -334 225 -157 -40 -1330 -491 -146 -602 -531 -664 -98 550 -202 579 560 -342 -702 482 -1336 -470 854 497 237 124 -573 -197 -665 -325 -548 -74 -227 -11 -214 121 -658 -69 -460 0 -789 -598 53 158 894 963 261 -1235 -703 -146 -435 465 334 -522 -158 496 699 789 -785 387 -889 305 -264 883 28 242 -130 -223 341 120 555 193 1305 -1166 618 -374 -28 -35 46 ]
[515 636 -326 661 -163 -333 253 268 311 -1005 889 111 369 -615 273 -599 -689 732 -767 880 79 2 693 -19 -241 616 -81 -599 830 406 -317 586 26 48 1273 -499 618 25 -605 797 157 -479 707 -463 554 213 316 167 -1032 1149 47 73 276 -726 676 -274 -202 -282 -89 -15 151 204 -614 -375 118 -890 234 -240 483 -981 127 278 -123 -525 54 -28 -294 326 162 124 1088 571 -314 435 313 -426 -433 -595 -111 398 -347 -520 1302 -25 676 99 -798 19 -889 -690 -784 -325 1348 -176 864 147 -615 -129 280 47 947 143 1050 -737 -76 -832 61 -496 317 759 -688 -220 166 373 455 ]
[401 644 322 30 97 892 1066 -641 355 824 579 97 271 174 494 225 671 -201 -566 266 -320 391 536 -87 532 233 -246 159 -331 -104 70 131 380 -862 -371 466 113 -803 784 877 400 -484 449 -824 -665 1129 -825 808 69 -857 -260 -285 -344 153 -472 -373 1059 92 -495 63 759 -233 -137 72 -739 779 -346 488 854 -146 -684 686 75 -612 159 643 -281 262 136 -312 -119 -241 291 -324 388 -320 -268 1233 -536 486 -160 -342 414 261 -431 -443 -695 -346 200 -38 64 1322 258 570 -81 1181 476 -115 -132 -426 -886 333 252 -692 272 41 -563 645 -200 777 -866 31 360 755 572 ]
[-784 -609 319 339 -653 302 232 -450 502 -760 747 357 734 -110 281 344 433 96 261 347 -562 193 488 315 289 -319 -571 -279 -381 338 830 739 313 -198 239 -255 102 -476 -267 243 18 1325 -351 -822 -265 201 -42 -544 625 -305 585 903 582 -361 605 -784 756 -804 -1098 22 472 -1330 -109 -342 619 -367 811 -1360 -44 345 -801 -457 300 -113 402 565 233 -122 239 40 -486 -807 126 245 -353 -405 487 388 -755 -391 32 -250 81 556 516 28 -239 -740 113 112 509 710 158 90 258 -319 454 144 -1291 16 -453 285 -448 -849 -153 309 -433 -892 -1017 1165 291 283 188 -488 324 ]
[234 -2 332 -986 474 107 -808 140 -574 498 754 561 -1127 -86 -473 -275 138 -75 -481 -296 774 27 -258 17 -878 -883 -873 -470 -1128 1305 -669 227 -1341 -656 443 502 -579 -343 138 -636 -636 -360 311 843 365 1372 -150 434 167 -550 -229 253 -607 282 622 -808 -1361 1009 1497 -813 280 1589 -913 -1125 294 -353 -1139 1101 222 -875 -443 77 -709 -1083 140 687 -372 -459 243 226 343 374 971 623 1170 -455 -85 706 219 632 425 269 -601 -742 25 -271 -1059 -23 748 -734 43 163 -277 499 607 -477 -586 -1233 167 560 -536 -359 92 1131 666 538 944 920 156 -648 18 -275 -161 1236 -1048 ]
[-316 -1247 -160 -597 722 -277 110 -644 -136 299 1254 645 473 280 255 -115 254 770 -811 -531 0 -670 -1229 50 124 -152 537 598 -300 1213 -402 583 -997 -261 1428 181 398 -340 -966 360 -307 -830 -390 -344 -1223 -367 -13 429 -5 -257 47 -156 199 145 575 -423 -779 525 -400 -522 -345 223 -207 -60 -746 150 -252 224 -96 545 -176 1056 380 -49 -1128 369 286 -58 -6 209 -149 286 140 322 244 -437 -956 -586 -522 -172 -82 -144 -203 -300 -961 -358 -167 -514 -808 636 -535 477 -77 -47 -256 599 1011 987 -39 -260 -1040 -253 584 853 986 -58 -364 763 -1207 74 -321 -651 221 907 -774 ]
[87 18 -828 248 -1085 383 -268 592 -2 -11 -315 1031 1268 99 -102 168 -623 63 598 -164 1135 947 224 148 -344 -176 -245 406 0 173 587 755 -239 -42 328 -465 -312 -578 90 1207 -24 586 1222 593 -509 -418 -395 474 -461 -106 710 123 108 -454 -104 356 -108 39 926 878 -33 -727 172 -220 510 17 188 -268 780 -227 121 326 518 443 1033 339 108 179 629 57 -382 664 46 876 -10 -318 -699 -434 531 44 -223 -324 -481 24 740 -431 -1360 -449 -657 385 672 -818 -791 -583 939 333 577 -1107 -492 -1048 -531 2 765 -4 -661 -273 -203 -513 -1484 -29 -968 -328 241 642 211 ]
[53 697 586 428 -420 651 -301 -790 24 -66 -633 -146 -399 -648 552 -339 602 -903 18 746 229 -385 840 -37 -99 -565 361 -646 -320 -391 916 -312 137 -631 -907 -545 890 742 -116 273 504 -100 110 -584 263 262 -983 852 -101 -76 -121 -1286 -620 -626 -1458 398 765 145 -360 709 -252 -491 525 -599 38 -455 529 361 -288 -446 -347 -425 -191 74 -392 -140 111 197 831 -36 635 621 -1181 -754 37 -459 1269 307 -141 347 503 -68 -389 116 314 -136 856 -149 778 -744 -894 -66 391 510 650 -162 -137 360 -275 394 25 349 -550 -835 246 45 137 -63 -575 84 -1264 316 -649 -169 232 ]
[1631 -121 -279 101 158 329 -186 -468 -176 748 -890 -34 -757 56 -973 -385 403 -728 264 -43 -283 -333 103 -222 1070 -342 -42 766 588 -1551 822 -499 -166 166 -1271 -122 -295 -229 -207 78 -404 -189 -191 811 860 -545 -662 -659 258 -151 341 -747 -1222 633 -1240 685 339 643 234 497 -8 187 399 600 -75 207 -14 465 223 233 963 354 -347 391 -275 -360 153 44 -55 975 409 361 -235 38 51 -401 44 -686 218 -115 -756 511 -644 -227 -863 -963 792 1133 544 855 -454 -597 -817 313 453 45 -481 -435 321 258 130 -219 -589 -419 -1280 -152 559 87 -401 -825 78 396 -301 -44 -413 ]
[-343 -707 249 -1157 579 -427 -585 -784 378 852 -354 -36 -827 -896 35 203 139 -548 149 218 337 -431 -1012 -153 1074 85 762 287 -9 1306 478 -91 -142 -278 -822 -153 384 -247 -1329 -794 572 779 -589 43 126 878 87 594 -86 -21 526 -1054 8 -411 522 106 -208 -578 485 -1117 -411 -166 -771 348 -107 178 -483 209 -699 71 -447 -27 -511 1107 -385 119 -548 -977 321 -349 239 -74 -225 -263 255 599 702 785 -647 27 -848 -212 -226 227 -481 711 1188 -518 1002 303 -667 -467 -76 2057 -1614 1202 -225 965 607 -219 -259 360 587 667 497 1072 -2 664 1301 21 946 712 114 28 388 ]
[-141 505 371 876 -686 -73 -1231 119 -59 839 -525 72 -912 31 900 559 646 -389 624 303 559 44 163 373 -427 -165 -957 -277 -575 27 318 -158 518 -723 -297 44 -91 -455 -284 -696 358 -1586 327 1283 962 353 -448 1256 455 -945 -992 -637 -612 208 -1116 104 -129 163 -557 1084 -1419 -1290 -152 -491 200 869 -559 1091 7 573 -396 424 -1024 -1049 95 673 399 1082 497 -470 -474 244 450 -537 48 594 111 523 613 -276 98 168 1 -8 28 928 257 -644 -138 -197 484 -355 768 -522 369 -211 99 -839 -467 466 -102 412 -818 -556 482 133 -69 618 45 -366 -602 237 -863 -221 -193 ]
[-589 -797 376 688 -495 -40 296 -19 644 -997 1163 -414 220 -571 484 -237 353 195 298 -708 -667 940 -506 978 23 736 571 247 659 -193 317 -930 232 586 -198 -1067 564 585 793 -315 419 -755 -160 -1552 -843 -1521 -206 -166 -863 -409 923 527 799 99 -340 -78 237 543 -1437 -128 -691 -686 407 195 1130 -458 1635 408 -623 266 632 674 694 -104 406 200 1066 -190 -128 -788 735 -420 -18 271 103 -332 -710 -641 -782 567 195 80 -955 585 -251 -1314 601 -284 -449 -212 -22 1193 -151 -1489 171 225 610 638 591 -103 -33 -426 -795 -7 91 34 -288 421 -1347 704 375 -268 13 -110 440 ]
[1633 -125 -804 -571 52 -680 -532 282 -581 -20 -692 36 714 455 159 -564 -232 577 1177 -746 -161 -232 1242 -908 -560 -122 -683 -259 1194 -645 -564 702 399 621 -705 -1017 220 -167 -92 163 409 1773 50 446 262 68 -669 22 -105 529 -784 -160 -192 -141 324 -810 -95 -466 516 185 120 559 295 357 -473 351 803 -232 459 -719 250 -1137 160 -476 306 -490 -189 793 -586 713 227 212 120 746 17 -821 -59 -291 -378 -261 -232 453 30 457 650 -319 52 495 683 -161 220 -142 -822 -63 345 -446 0 -361 291 195 42 -326 581 150 760 -412 873 -982 -263 111 -150 111 -9 -1069 17 ]
[810 -1095 -151 -493 119 111 -590 565 -276 983 458 234 -709 512 599 861 1188 -537 725 -9 577 -44 -357 -34 -126 -812 -736 -379 -305 361 -184 485 217 382 -234 -276 -38 -817 -804 -274 -1074 -291 -138 635 -203 538 291 234 446 -1018 643 -454 -213 -219 21 -50 218 488 33 570 386 40 -920 -63 -383 637 -733 -813 -407 69 -1177 72 40 -302 -173 -136 -85 1116 -80 657 -1415 66 842 275 1249 -425 -102 209 -106 -877 -189 918 883 61 -960 659 720 320 314 -41 580 396 -172 966 -800 857 630 432 -272 -107 -1022 -165 39 681 -825 294 -180 632 -862 -1189 -377 338 534 677 -865 ]
[-84 1502 -120 -61 -281 -419 -1326 -262 -367 -17 -578 230 797 -61 -833 770 -636 397 -302 844 -1098 -771 -52 843 406 -135 326 21 117 -442 1057 780 411 -140 51 -199 1277 905 -705 -30 -131 1509 -19 228 380 -176 1164 -2 -369 128 246 -18 44 592 776 549 145 -1419 87 888 811 50 896 -418 -78 -940 -1291 -419 -644 -631 990 364 228 296 -671 119 335 1157 367 103 -1085 175 -1651 -181 -963 194 343 101 -1278 -170 -807 -815 162 974 470 -181 590 555 -84 200 -688 655 1014 1156 315 -706 -451 126 -588 81 468 62 151 -505 -1051 -391 505 68 -523 -454 556 858 39 -1237 795 ]
[432 -1001 -159 -532 -46 -455 254 52 267 443 110 -169 1239 140 1139 -321 12 177 965 -1004 198 819 375 -190 -132 -106 79 -74 116 95 -174 -1000 167 734 -319 -1152 336 922 366 287 627 -907 411 -933 -275 -1564 142 752 -1056 -281 -85 147 153 -423 -594 -564 -115 -64 -1237 -638 617 120 311 274 -761 1175 -14 -505 400 89 -626 -95 790 -362 884 -532 13 149 -618 -514 118 -41 -346 307 290 425 -279 -408 158 163 1238 94 143 -435 243 -1570 368 -832 580 -863 745 -178 -137 -1291 -674 1142 160 624 874 -786 -600 232 277 698 688 741 -333 615 -96 -267 -232 312 -271 348 -552 ]
[-584 -600 451 195 -150 -314 431 -57 -199 -740 1177 90 -1154 -188 745 -155 561 729 -100 547 210 781 -378 346 -950 347 374 -1926 -185 1137 291 -843 84 -688 374 88 -619 326 260 769 125 -1016 -807 -127 -367 1006 -868 424 -71 124 263 297 1163 -261 14 -317 -548 -445 776 -715 -299 -678 -764 -110 370 -195 460 -1269 69 -255 -222 -101 638 469 786 110 167 -281 127 -634 1230 -236 -509 37 405 879 280 1118 -436 5 405 -276 119 815 661 -59 -786 204 -6 -524 301 -24 1220 -491 591 -277 555 20 129 519 1 -480 458 -36 404 264 -727 -278 1521 -18 -894 399 -424 1347 23 ]
[-942 -451 400 1109 539 476 921 890 202 -966 -344 -6 -350 -711 529 257 125 -271 -446 403 533 -466 249 123 -224 -360 36 341 507 -364 -413 159 -468 -567 941 -236 192 11 21 -699 -49 748 -325 -820 22 392 -66 225 1094 496 759 -35 721 -66 -1151 314 1138 -479 1086 -259 314 -293 85 -539 -690 -710 393 -703 140 -155 -186 -862 198 1346 220 -250 1073 18 172 455 -189 1043 91 624 21 -78 956 754 631 -579 142 -333 393 611 874 1746 -222 357 -449 -743 280 9 1315 -88 160 -1231 486 938 -241 155 2 -874 -210 -751 -674 524 -729 -810 -16 -114 93 88 -371 -408 -657 ]
[-71 721 -128 491 398 707 276 426 -964 25 940 550 -102 2 221 -272 241 -916 -632 -764 -441 168 165 158 -190 -438 -233 436 428 -478 -146 253 -427 -599 507 548 255 -8 1134 -1112 -740 -445 944 -35 1122 1015 -6 -402 759 137 -339 -473 281 160 1239 -1379 -829 71 536 -88 -204 -1 -932 -1000 417 -819 -240 732 1133 -553 -41 494 -937 -846 -64 -406 167 503 83 142 210 -754 178 -168 548 -1392 309 302 46 -573 -611 -234 598 -488 321 265 151 -1004 -261 204 49 222 339 169 256 -843 -1058 -1772 -211 1254 397 -634 -226 -355 303 -856 520 197 -479 -68 -843 141 -1137 -362 -77 ]
[341 1238 -18 -805 269 -743 -484 783 469 1131 -853 -60 -393 -323 247 73 123 531 -460 233 -852 802 1205 -546 323 -414 -558 -496 -94 -201 920 423 472 -551 -719 154 462 87 -295 232 751 993 -932 166 -135 -338 -406 -909 -325 395 -123 -831 -383 631 617 -247 70 -422 443 440 -443 1530 180 376 289 359 74 -148 112 -413 -225 -431 -331 -784 484 64 -291 1078 670 35 -570 -77 -391 -389 653 -17 -394 -39 -292 385 305 38 -765 81 354 238 -650 454 434 226 -300 -370 120 485 -183 179 117 1018 327 401 355 103 519 206 -49 72 322 -167 820 60 -312 32 257 -386 445 ]
[623 -1208 -37 -282 -427 -609 651 173 396 536 537 -576 495 -114 988 -26 60 -350 -457 -704 416 608 649 -314 -58 731 357 -189 140 -12 -76 279 1080 -171 -225 515 -492 -644 -41 609 900 -975 17 -982 -258 278 -703 -164 -713 -87 -477 -482 710 197 37 -476 371 -554 -1398 -679 -550 -309 136 399 -1069 1509 -156 316 105 332 -707 251 185 -805 621 -818 -657 415 -382 -770 141 -42 237 -382 538 -262 -148 340 8 657 109 527 1372 887 -107 -577 95 -655 -368 -392 70 330 114 -998 -136 886 473 348 501 -471 -117 505 824 92 278 599 -264 182 288 663 -759 247 -825 -3 -688 ]
[-985 462 24 1239 -1014 1070 -266 529 462 -669 -501 -1307 -701 -121 -511 186 -300 366 -17 853 1241 -210 199 686 -220 -412 169 -88 103 158 1033 500 265 928 -150 166 -736 -446 -521 -410 -622 -253 429 -420 -134 -93 63 124 351 1119 375 -634 156 -510 107 1083 617 310 155 573 236 66 352 -57 -128 -791 -643 -689 -211 -461 -172 -1000 -269 1083 -18 -508 -292 263 285 408 -370 1403 -388 58 -158 -108 1552 143 716 -116 481 -385 394 172 -452 763 99 83 36 -904 6 -1027 -246 -223 1115 -1584 -715 42 48 737 446 -351 -1089 -703 -1542 -678 -99 -637 555 142 -248 -97 -381 -293 -262 ]
[1204 -988 143 -845 545 277 476 1067 169 641 -242 327 539 -412 318 1304 514 -19 50 154 545 851 447 -789 352 -220 -950 690 -636 1047 -508 777 401 696 427 88 238 -215 -853 -463 -901 -214 971 -601 -428 -135 46 94 -97 -899 956 -325 -651 273 -572 -987 364 -52 200 -79 800 -313 -251 218 -159 622 -762 270 -60 -346 -519 214 91 -152 588 656 -60 -275 -238 -108 -732 170 491 1048 588 -1024 -1445 662 38 572 29 1609 2 83 -1240 338 -1133 -674 -532 -364 791 886 571 259 676 582 -67 873 305 164 15 -61 158 -141 -292 -33 -35 713 -529 -742 11 -923 149 317 -152 ]
[103 -798 -432 26 368 -1284 -506 -51 -404 78 -638 -404 -255 225 -453 129 37 731 -120 807 396 -1269 -725 -350 312 -564 241 -412 -639 856 396 715 -746 724 -544 78 1067 -267 -1212 663 215 1456 -951 362 -86 -234 708 -598 -342 -206 561 -20 -601 -441 -128 141 221 -12 594 88 987 856 -60 323 -631 250 -133 225 -686 -481 -716 -1070 546 770 -831 554 -325 -210 634 226 215 1159 338 -24 -485 -76 713 246 -340 1005 202 79 12 -473 -204 408 1015 1553 1052 -649 -834 561 423 1261 -689 776 535 850 710 -396 -316 -139 69 188 281 373 245 465 455 -297 1160 -193 298 887 440 ]
[474 670 334 625 955 -418 27 -793 -670 222 376 -232 861 729 -767 -478 -501 -517 82 -1036 499 -711 -377 -404 328 305 1011 325 -152 -511 -756 1009 -427 -25 -767 595 -234 -182 385 43 -26 1845 -430 741 196 10 -141 903 522 -642 91 48 -332 -114 413 142 19 -218 9 23 185 924 153 -402 -924 2 -614 268 843 301 -99 168 275 -94 -554 -249 -527 265 -205 272 -298 -235 -616 -620 79 625 280 260 -582 559 135 -743 631 -840 211 20 1412 -354 1475 142 68 718 -1211 714 -1439 264 417 -685 -415 -111 -272 -142 -77 113 358 730 -68 604 414 532 216 347 1243 -223 3 ]
[269 -217 -102 -277 238 356 429 -667 -547 28 341 107 -327 -658 739 158 501 97 185 550 581 -1617 -650 343 -112 488 -175 256 210 689 -114 -597 -1053 693 190 851 739 310 -1029 -787 93 -642 -132 -247 -414 1079 247 996 1084 -235 772 124 -30 332 -288 -301 1078 574 97 -678 -439 -536 -447 780 -606 -302 -280 -12 88 579 45 957 814 564 53 308 133 -9 -395 -279 -188 -56 -217 -799 516 629 821 1265 -732 -215 -276 149 368 445 1092 137 458 351 10 -170 -254 -747 212 1030 307 98 303 48 715 892 -200 -268 -663 84 1206 -1412 -228 241 56 862 -543 857 308 208 59 ]
[-492 909 489 -324 -857 -26 -814 -1126 -678 -489 819 1054 132 833 -534 -239 -502 298 441 1133 -48 341 305 655 189 334 -119 -599 -101 -50 725 312 329 27 -592 503 -269 43 -280 -507 933 119 772 877 358 973 624 1091 -393 -1070 -543 1203 308 -742 232 -177 -623 -713 338 52 -1034 299 524 66 1218 -597 749 412 692 -710 -194 -288 402 597 63 733 -291 -712 -332 38 375 -720 -1056 324 -179 267 489 460 -544 758 -527 -207 -379 1172 940 -476 395 -427 630 -538 566 343 93 813 441 561 -323 -460 -148 280 -675 -141 -107 -251 539 707 442 176 -396 536 252 -103 -532 -524 57 ]
[-376 -696 -700 100 120 732 680 -603 258 288 167 -102 475 -152 -419 280 -323 466 156 119 -111 -144 -837 -77 18 325 501 496 791 848 -150 210 -32 480 124 -849 203 2 -808 -545 436 -972 -48 -1364 -1002 -1500 217 81 -1167 960 -253 417 60 -1177 -374 1156 261 730 -654 -315 -589 -973 -417 530 1201 97 915 676 -582 191 484 665 864 -311 -490 -149 -222 -573 508 -381 778 1138 -191 -19 -537 351 -235 -1376 1202 165 740 -357 669 -193 -1049 -170 -970 -369 -536 -1093 -27 -188 -983 -340 1407 -225 -553 164 281 874 507 457 -57 200 13 -759 -139 -759 221 -131 335 -678 -1136 533 -84 ]
[710 -54 -133 67 -217 -761 -646 -462 473 -443 919 -226 864 401 -286 -830 -833 -637 613 -481 -665 -110 -388 -186 872 -108 625 118 -118 -1116 338 -450 244 156 332 -453 -349 436 756 133 134 986 170 432 928 -161 165 -269 -564 -483 749 1045 -1112 788 -213 -683 -1456 239 -413 844 -132 271 255 241 360 -472 336 287 -285 -835 259 309 125 -231 -119 1488 -77 557 -331 -93 191 -393 -778 480 664 601 -176 -773 445 133 -634 428 -925 -418 -795 -675 536 121 -5 87 -432 839 -560 -386 555 351 -1004 -425 -1040 -27 290 -688 -231 445 -518 147 74 -143 -476 -489 267 -250 713 623 352 ]
[-509 -267 -260 -59 -627 1229 -9 680 126 79 -172 162 -1617 -547 -680 424 794 -352 -82 230 -145 513 -532 674 -572 294 -1203 -592 -363 -2 -167 -730 152 341 24 -297 -1079 -594 -65 -715 -1305 -1835 204 406 -258 403 -34 -524 213 -435 -223 -38 -19 395 -178 309 50 -63 -1286 -858 134 -739 -483 -423 170 774 -146 1058 -276 1042 54 -126 -571 -246 825 246 -290 -747 -100 237 -647 -270 810 192 288 -668 -318 474 102 -158 225 790 -210 41 -539 -528 -637 105 -449 235 649 -159 755 -867 1030 -572 554 -545 467 -347 -638 419 -530 -548 -324 -353 -411 1089 -108 -144 -193 -453 -1513 -721 -915 ]
[552 521 544 165 414 -40 -1556 -580 -940 -672 -871 -351 34 -102 1 176 22 -192 -487 -48 557 -967 430 -585 -228 1345 612 455 -1040 -219 12 145 82 -25 -498 1482 -340 -748 477 291 -341 626 242 1212 44 537 -1503 1681 1278 -399 -54 -337 421 1056 -1205 348 585 -735 740 -345 633 -78 -72 170 -1801 829 -558 842 -494 95 -670 269 -892 381 -211 -47 -663 43 1296 -107 282 -82 -161 -769 -694 204 949 1701 -531 373 -622 328 573 929 84 20 -167 253 705 794 1019 -723 -169 837 -136 -923 1063 -657 -239 404 159 37 479 499 129 -218 -337 -266 1174 373 -752 344 693 110 181 ]
[-351 -401 107 696 -160 855 -478 542 456 -1232 -562 726 417 560 -732 320 -303 125 347 383 -182 72 279 -75 -995 209 -88 914 -140 -19 530 -899 -524 734 -173 -598 100 -321 -659 346 -266 -138 1691 478 791 -499 361 275 -338 16 -40 249 234 499 -663 -772 -165 -855 580 713 744 -757 -253 -236 -638 207 313 -98 582 -401 -794 -236 -834 871 9 -6 -170 -506 676 1374 495 243 -522 70 -284 48 1081 -888 108 24 -208 81 48 -125 -1 134 -416 -1072 275 222 750 -384 -426 -647 155 362 -141 -39 -401 -555 -711 -848 1008 465 -558 715 -377 140 -62 -701 -460 -251 104 299 -54 ]
[-161 797 -20 -79 80 796 528 641 -24 621 728 -175 -562 -256 566 167 202 419 88 834 202 964 898 263 -257 -250 -604 -70 -109 -1064 732 -692 543 -1045 417 156 106 -201 283 -826 253 -2012 107 -1054 589 1127 -97 139 964 640 -1286 -133 643 372 -349 -134 377 -738 -1067 600 559 213 -294 -738 -535 1310 -401 -909 -99 208 -1606 -559 -707 1047 547 -676 -613 -669 277 206 168 -197 -529 -293 -230 278 930 179 799 241 126 -482 592 -194 578 245 -125 -632 3 -299 -122 -744 1653 222 -317 -439 77 984 611 -290 -422 362 -2 -696 -12 -12 -878 -16 406 208 -760 -303 -978 183 -23 ]
[381 -230 317 803 -199 -1084 -555 -125 70 309 -530 -1212 423 -69 514 -262 241 74 296 194 167 -254 -771 -243 587 -181 889 -566 808 -950 416 577 1126 556 -1132 481 -333 -70 241 -98 -26 -303 -1166 512 -601 -593 -986 190 450 -270 -296 -876 -941 -831 -547 185 -646 25 -1202 750 -937 -1066 499 1135 247 -7 -26 294 14 -148 723 -52 210 -1149 -137 126 206 1026 -180 -1669 737 697 -386 139 -218 1293 -532 497 176 -120 455 1016 54 283 -343 504 1458 -6 156 -407 379 -141 483 -443 318 -723 283 -273 -539 1309 959 203 -1020 -501 911 156 129 -99 556 -731 -1019 402 -704 -405 -542 ]
[-116 1077 78 -1221 -1236 128 -421 -470 -124 149 -448 -118 1155 489 -361 689 -68 -918 489 -3 -422 161 511 68 1414 -280 -298 -268 -98 -1398 -548 106 1117 138 -712 -193 494 -216 416 -545 802 195 42 -609 -968 123 425 -386 -528 -163 112 608 -730 254 -1162 716 -36 459 -504 468 486 426 1067 505 57 -827 53 -103 -444 -506 296 566 541 790 -841 525 67 -320 -583 -554 -1033 -585 73 884 -193 -633 -15 65 670 -695 268 -31 -1205 -504 -1226 465 -60 110 222 -94 374 -254 -423 349 -478 638 -292 1046 517 -30 -595 1800 -242 -464 -703 -185 415 371 -1498 113 395 254 -553 -920 712 ]
[398 702 -590 222 -668 -1196 328 369 -65 255 -297 -540 -695 -357 797 -752 -125 1170 47 -229 -1071 -247 519 128 -394 291 -255 -646 467 -686 -502 -37 -148 -549 -54 -571 -219 -405 334 -143 233 -791 -759 -357 -154 -236 52 -1818 86 416 -528 235 -598 -86 -42 -102 544 689 -395 354 -481 216 -578 -44 -159 148 229 178 -312 -253 576 -166 715 32 173 90 642 1035 -746 -382 632 -19 668 259 484 430 -878 20 598 -754 542 432 -232 -601 113 -311 -956 477 -1051 -658 -990 289 758 -1699 -211 -362 139 301 300 -5 1171 -122 -499 -531 444 -745 582 -149 -96 3 530 -219 -335 -533 -183 ]
[143 -957 353 -332 519 -906 405 476 -15 -802 131 441 919 -260 739 616 19 -576 -287 140 306 226 589 -105 825 -620 251 -945 -184 799 39 92 445 804 666 -183 616 636 474 437 81 558 268 -342 -295 -206 -489 377 138 -313 284 -178 381 -922 -770 -737 -1464 -209 5 172 284 118 810 -759 447 -23 393 -876 -29 -689 -844 140 -472 -476 -700 -241 106 -177 -30 9 640 -1083 350 487 -732 -335 -507 -389 524 -263 -23 -28 -309 -844 -814 549 1012 -238 678 -204 44 604 446 860 334 466 -950 914 287 806 -361 26 476 -493 805 338 -192 -443 -270 -581 427 -519 81 952 -5 ]
[-97 340 251 -344 216 -36 345 -1127 -369 -1030 -1377 -123 -129 240 -1197 -1395 493 622 -1131 327 359 292 1677 -1055 -353 -577 61 -347 -504 -621 677 -533 -141 -323 -423 1021 523 761 980 -161 -302 476 -1041 -84 -339 -36 141 -1059 303 1354 -428 -261 -660 -19 478 190 922 773 950 -712 -536 -810 91 112 -776 262 712 -320 332 -121 -237 -752 -1044 303 776 155 -9 -832 1410 -313 1891 527 -216 -489 -104 -100 509 298 125 538 770 536 -397 30 490 524 -609 551 -233 -510 -426 -939 590 -329 -89 -1160 764 345 -490 -726 -772 -307 -16 323 1262 897 719 -1255 1237 685 -479 -192 580 -712 -445 ]
[481 25 128 891 -257 -301 747 412 -100 -661 346 -1113 -1080 172 516 -260 -138 341 -875 7 -632 258 50 395 -451 -74 645 -701 569 -857 543 -787 874 636 -86 530 -403 304 513 -38 67 -1134 176 -371 -159 332 -378 -1162 168 196 -376 -854 902 280 118 -759 -138 -434 -365 -321 -63 123 -162 -114 -278 -39 483 -447 -131 215 81 274 772 -589 -689 -1389 -18 690 -1357 -340 486 -597 -353 -44 278 -73 589 560 -381 556 271 491 1203 301 210 -60 786 -442 0 -789 406 660 1125 -1000 -947 363 0 326 567 494 106 -427 -474 -633 -680 -183 356 847 400 -300 -746 56 -750 -293 252 ]
[839 510 -140 -324 -905 -688 -873 -140 693 32 877 -291 231 544 594 -181 -639 946 579 -406 -183 996 1693 -664 -454 903 -185 -455 163 -55 374 856 937 -54 -49 -796 -1068 -525 -507 417 379 512 76 443 -112 -727 -913 172 -593 1221 -911 -153 735 -1073 416 703 47 -177 -189 1061 -575 676 -357 381 157 -244 821 10 -217 -954 -478 -1075 502 -729 303 -257 -864 422 901 470 324 353 -718 326 187 229 -16 -769 -552 -371 -60 90 1212 1220 -555 -28 -775 -619 -630 123 182 -955 -1549 -844 733 -62 -223 388 -442 -159 591 -152 1536 472 -570 -370 366 -1480 455 310 -904 -187 27 122 345 ]
[-353 -965 22 94 232 1 1213 1475 1027 -199 640 888 -377 -1000 763 575 -50 -587 31 451 -2 1082 106 910 -515 -71 -977 7 470 238 271 -976 -64 736 -162 -462 -522 8 -329 -255 -1144 -894 953 -253 284 -394 -506 -260 -186 119 1226 -97 776 -298 -329 -213 -777 132 11 -120 503 -391 26 -202 809 -635 -152 -217 15 -82 -783 168 -488 -43 987 116 666 -226 -371 -157 -204 15 19 -117 1617 67 -127 -969 285 279 -212 209 -164 324 313 939 -8 -958 114 -13 -654 -493 8 -335 846 -20 34 -144 459 155 217 -393 1272 271 19 929 -231 103 -338 -375 -536 179 42 1041 -433 ]
[138 -98 81 -675 -999 -1118 -610 -369 423 -515 -381 -321 504 -262 53 -357 -23 187 111 -1021 176 -232 441 -383 -248 433 648 -448 -146 -512 536 182 -261 -848 -235 -598 -433 -116 -141 1158 548 1411 -541 819 -122 579 -394 -193 -233 -715 157 323 393 212 498 99 177 291 690 -630 -88 -322 540 -47 110 -167 574 379 245 -697 719 83 875 -100 650 41 345 465 -200 -790 -278 288 236 599 151 -343 -631 507 -1148 354 -72 -87 -366 1154 1472 -862 -205 111 -278 1311 -51 -76 -958 -313 -200 512 1209 -419 -143 -674 113 763 1023 446 608 316 856 -109 -1417 499 -28 916 -66 -742 -175 ]
[1500 775 -43 -176 -218 -430 -245 194 -126 471 -838 -406 -574 -393 48 721 -237 -270 267 497 234 164 -162 -367 1211 -16 113 -652 366 262 221 786 706 198 -132 -342 -465 -112 -214 -1187 88 1204 -149 526 1026 531 129 775 -588 955 475 -357 -1022 420 -23 460 -12 -143 762 -51 334 344 -389 281 1315 -1093 -556 -682 113 -264 1352 283 672 -3 -733 340 103 -112 -417 456 -279 -239 534 335 831 462 43 494 -754 -334 -1279 -184 -742 -1124 -218 -483 -179 465 484 -751 -1 -934 -11 603 -269 105 -624 -1477 302 888 849 740 -922 -944 -580 -744 930 505 393 -494 822 293 -443 -683 1008 ]
[75 -757 -531 523 175 4 16 1157 -187 570 287 -468 43 -814 977 359 -417 -609 -228 -126 -450 -618 -300 -97 -162 -961 -1322 -248 -319 421 892 -318 205 -221 1073 -559 -473 181 -479 386 -353 -559 -1291 448 -767 -594 426 -1577 486 -407 328 -778 25 439 -463 1457 -591 277 83 533 870 517 51 235 420 -61 -463 36 -1631 1231 -563 -8 242 -356 109 -696 374 909 464 -84 -1264 920 -10 -682 -94 202 -266 -642 1102 122 949 133 130 -145 -237 -134 -860 980 -102 626 -98 -658 948 -765 1540 -1349 -102 -185 -324 610 282 -64 -17 98 -1824 -334 -152 143 -180 -1139 -361 -688 -1054 257 -265 ]
[-255 432 -289 -855 -387 -268 -76 236 -509 1 -430 967 1062 653 831 -267 -230 885 332 710 27 855 928 -639 496 -127 -471 17 -697 -116 335 1041 1191 1612 -192 514 -466 -407 611 -522 -420 -97 474 -600 -993 -1057 -939 -264 13 1237 -921 -76 480 -1002 922 -334 322 -845 -633 -507 -187 40 551 361 -465 14 -175 -654 816 190 -536 -61 158 147 410 -36 -536 53 -764 -1117 -780 -281 -567 1209 198 -122 -508 -186 -968 333 593 -16 430 180 273 -1021 -258 -277 -468 -222 688 -586 119 -236 -324 -593 311 -322 -612 -32 -309 694 133 28 1304 103 845 -457 -385 -254 -347 -388 -1160 -1203 -4 ]
[-359 461 64 -421 57 729 1069 827 -345 -375 121 -473 -1438 -1686 120 -277 -574 320 -1083 224 253 113 -460 924 -731 420 105 -959 -172 1146 -123 -44 -317 205 663 308 -139 -239 -8 -260 -67 -848 142 -240 -394 681 -711 74 -78 190 394 -1261 231 -784 -213 665 -902 115 -80 -1030 -356 3 -276 -304 145 -332 -485 125 -246 26 543 616 365 -573 140 -1090 147 401 -828 -1629 47 374 251 -38 564 357 -275 247 1450 446 59 436 744 600 691 223 -134 -188 -585 -329 -352 188 206 -344 905 -1049 -366 -79 412 973 742 -162 -119 138 -343 -678 -86 482 1025 -913 -1016 22 -336 770 -625 ]
[-980 -100 206 -44 -554 114 319 862 372 677 472 -276 -347 -490 -187 56 247 658 78 472 144 1559 284 730 -633 50 -189 167 835 -216 35 706 478 -1185 -1167 -992 144 -706 -133 -184 148 65 -153 -992 -641 -307 -302 -131 5 827 -238 -256 1182 -825 1136 1242 208 312 -345 -320 394 408 -699 340 1556 -180 695 13 98 -65 -879 -1114 -304 -497 714 -878 108 -119 1062 5 -640 352 565 130 -54 -770 -299 -31 -317 206 -788 -756 214 703 327 547 -174 -811 -107 115 -115 -144 -287 -125 -128 -371 1059 635 374 -1119 324 756 611 638 -332 186 -63 -689 -347 1062 17 591 532 -234 149 ]
[-338 1549 480 347 -935 32 127 -179 -527 -711 -434 -298 -1134 151 1158 71 232 986 -703 -382 471 -1404 1860 -755 204 -43 -91 298 -193 184 -41 1392 -430 56 -23 607 -22 82 384 -931 449 -180 394 568 -663 647 -87 1034 21 449 -215 960 199 -408 -560 684 615 979 546 350 -1529 -394 466 -717 -474 -213 -823 -104 854 -799 886 659 538 -641 -588 -403 229 500 -397 362 -345 1119 285 230 -292 -137 488 112 367 -206 106 76 677 -400 412 119 -997 -201 -955 293 1062 -149 -552 585 -408 -712 -662 -129 514 940 13 357 -162 163 -446 -990 400 -365 -938 -13 -535 351 -549 405 -503 ]
[516 -727 -168 -178 -409 -671 -1053 270 -689 -420 303 -543 1097 395 -1426 740 -695 2 364 -506 1292 -1408 -1184 -461 -580 1068 185 217 -578 631 -349 658 -242 923 -101 -212 -145 -1224 -779 -418 240 891 26 766 500 -46 176 523 -730 -289 -52 286 329 -216 19 -305 -342 -459 7 -402 445 160 -202 429 790 -393 348 1329 -272 -514 448 264 236 -621 -672 916 -50 -253 289 202 -146 645 1146 504 60 -102 871 217 -394 1423 -479 -206 449 -357 13 -722 -310 248 210 -466 631 -855 -245 463 668 887 607 -1618 447 91 202 640 904 -277 -97 372 520 927 31 194 645 -29 -1334 298 526 ]
[-849 443 -191 1254 -465 -130 -248 558 932 -283 -577 -1157 -736 -505 -743 -48 459 -260 341 84 151 367 262 575 -553 43 -490 -926 -99 -855 106 -570 763 -1534 -786 -361 -768 -369 -1 490 249 241 -73 -967 -83 886 -892 127 -113 -849 -538 38 -162 845 -265 1477 1144 234 -801 -176 -199 -622 117 868 125 859 1413 1170 -799 -78 107 -1315 175 -276 763 -24 -729 822 66 -481 -1466 298 858 -507 312 -392 -16 750 443 43 -84 -40 -30 1160 785 971 -983 291 -248 -172 370 598 795 -654 760 -48 -240 1890 -558 -635 744 936 -135 -39 -933 535 -1237 365 -310 514 -369 141 700 -779 370 ]
[-714 436 -512 176 245 0 374 -330 -148 52 -533 -36 569 -641 -267 248 -187 235 -165 917 90 -642 -374 370 -694 -1037 -194 -335 -364 169 611 -225 -527 -458 614 500 314 992 -144 502 328 319 -76 -543 577 -105 234 -96 -30 -792 39 496 -311 -8 519 -74 177 19 132 -402 880 -534 264 -435 1042 85 283 -725 511 177 -901 -680 796 358 488 1032 863 490 283 -233 -499 -239 -651 -677 -851 665 634 561 302 699 784 -1036 -542 427 1091 28 -735 288 183 -729 -450 251 669 273 626 -443 631 -302 -596 -768 -190 243 -313 -755 196 -483 -554 -455 165 669 147 -298 148 -159 137 ]
[139 290 -83 -1048 121 -429 -89 -682 -781 -221 -1725 -105 296 515 -1415 -248 -243 46 1190 -20 -113 -643 -967 120 726 -210 1148 -387 10 -839 -168 461 -81 859 -1012 74 454 226 802 590 -503 1784 -51 532 -118 -142 605 -378 148 -149 -399 -565 -655 -1077 141 355 185 -837 308 -287 195 -13 -106 -390 -529 327 -633 227 243 110 694 -172 -173 1034 -386 -922 -703 -807 -507 -354 344 193 -331 419 -586 -67 -90 308 -326 -185 -378 157 -64 -1079 -381 190 1448 163 267 473 -274 617 -350 524 -1968 667 -29 615 -523 -1503 -699 -307 32 85 -26 431 271 -30 618 -683 914 670 892 -1153 -308 ]
[535 -1065 -300 -477 -197 1403 -126 382 378 740 -1048 -681 244 -632 -989 438 204 -413 273 -153 840 946 68 182 205 -971 15 33 431 -322 3 -17 975 34 -660 -118 -277 -372 77 -124 -750 838 123 -437 -676 -2 -659 -40 158 560 605 -1320 -731 -503 165 301 778 473 80 333 -327 -1195 323 -35 -331 393 99 -314 -305 451 -444 -554 -602 160 341 -1049 -142 821 649 324 -514 773 287 815 -332 -1007 734 290 1077 -539 -278 399 -719 -386 -1424 1044 -255 -648 344 -180 70 96 -92 -267 -52 -1183 -8 627 -528 -821 -721 510 -727 192 -1132 -253 447 -326 493 -10 349 570 532 -1406 -238 ]
[-1244 3 -93 1064 -721 -1145 208 132 93 -275 235 -408 1009 657 421 -16 -1090 384 -132 -136 318 242 -56 254 -281 459 792 392 120 -997 -34 -310 -304 -987 1264 -720 -84 624 46 204 769 -111 259 182 277 -903 428 895 -955 -166 -363 1334 469 -1005 -223 179 -1303 -489 -184 558 -472 101 228 -42 74 209 289 323 743 -426 -480 -851 1141 429 -131 705 349 -296 772 298 158 240 -517 -55 -614 876 -19 -809 611 292 350 -299 427 138 229 1120 -154 -939 -50 -764 252 337 -98 -789 -823 75 409 944 -442 -1081 11 -650 874 -313 994 821 -890 -51 -125 -327 632 -305 426 687 -547 ]
[685 -235 537 138 -392 -261 740 -576 195 -855 -61 519 865 675 -264 -367 -545 57 744 143 169 -512 968 -396 61 -798 587 564 227 -399 -471 47 120 1312 -979 -92 100 257 85 359 273 1366 458 -464 282 50 -406 1079 -75 -391 10 705 -690 193 -1172 75 284 532 924 939 -203 739 1380 15 -478 131 425 -44 419 -803 685 -149 274 835 -1094 77 -89 395 -1068 813 -40 74 -1198 -149 5 -135 1219 -606 96 731 -155 -78 -696 -346 -460 308 426 -355 1863 -1161 -57 511 -1475 -250 838 682 -187 67 724 1033 -311 -355 -399 190 476 -236 59 -19 24 -32 -116 -7 665 -185 514 ]
[862 -705 -102 -653 178 561 -5 374 104 874 -1 -260 95 -144 277 827 -284 -839 -339 -1302 165 383 646 -1270 -79 -241 108 704 -38 -909 -171 -541 93 245 -530 -110 -140 -505 575 -130 231 -688 -698 45 -61 244 -486 398 374 -530 847 -98 -346 181 -1703 -663 -724 30 85 -201 -271 126 -103 -33 -874 1287 441 990 355 -324 100 -704 142 -392 -172 -71 -320 683 -330 -13 -882 -321 -95 313 -408 -59 476 495 930 976 -235 949 44 10 -1174 438 -590 44 807 -410 1182 294 -347 34 40 399 72 -84 763 974 333 -114 1 569 -647 -486 -121 669 728 -360 -215 837 -306 380 281 ]
[512 -448 479 -43 326 556 385 679 258 73 490 1370 -726 152 -13 861 821 -1477 428 81 862 -184 -114 -203 -801 -188 -19 263 -95 618 -1812 -600 178 -163 216 478 -998 663 -589 109 -1101 -1068 697 1128 1114 388 -461 982 687 -269 367 422 -392 195 -665 -690 691 443 883 -51 -561 -651 -555 -485 -461 -382 -341 -196 186 298 -255 1006 -38 -208 -345 17 -255 -30 -123 1038 -85 94 -331 630 349 -1036 717 51 666 -509 254 519 429 -643 -605 283 -558 -698 669 -705 1050 -410 -296 -869 911 247 -596 -925 -198 705 -195 -256 -275 -509 -1522 -1243 113 911 -131 -118 -400 -350 -591 19 -187 ]
[-464 195 -310 -412 -13 426 330 428 -379 471 95 -124 -64 -835 -370 468 763 262 650 573 557 259 -1598 1038 464 -221 -815 -1017 -566 616 355 253 1 -389 754 -622 -32 -102 71 -207 -833 -471 478 -1049 -661 -2 -26 -1044 -59 452 -990 -530 -275 -587 207 616 501 -104 -299 -426 362 -333 -634 47 953 -432 -105 -445 -281 495 -531 440 358 543 674 -776 9 -1331 1037 220 -150 734 994 203 140 -735 -541 -70 -74 -665 764 -647 -105 -885 -272 -782 -907 -651 -1369 359 -55 -115 528 111 -169 -472 -67 157 -1195 -1108 -419 645 425 -842 -835 189 -365 197 -798 -845 116 -266 -139 97 -1267 ]
[140 466 -57 -151 267 174 -365 -26 -1039 135 -1287 -1047 228 652 -365 -284 -399 688 -233 -259 678 -269 -717 -52 203 -439 478 -496 -523 227 -116 553 -828 731 -207 788 129 -646 1084 -278 -17 283 -231 390 -867 -268 -20 -289 417 -336 83 -855 -284 334 -422 134 -644 437 1198 -576 337 1240 401 318 -777 1090 -454 133 705 -543 553 -546 -18 386 314 210 353 41 -221 -427 530 185 810 545 -165 1147 -229 1118 363 -33 175 -488 -581 -402 628 -582 261 650 -334 390 205 -63 184 614 -1308 249 1075 -519 274 -615 -968 -724 -463 464 829 748 -470 351 941 -560 -42 -435 338 917 -190 ]
[269 739 -663 62 219 420 -565 -717 -1183 42 -264 -2 91 676 -275 167 -91 628 -8 284 -399 -1948 -472 -242 349 -754 -556 -589 -399 786 624 123 -1110 325 1283 -418 644 283 -514 522 -21 277 -543 1350 -281 125 1393 91 -6 -258 220 -356 -691 418 -102 -154 -1035 -3 1184 -318 -11 671 -153 -898 510 -1193 -741 -222 -341 -402 1564 400 29 -887 -953 472 736 857 -153 459 -201 129 -63 -216 -478 -208 -668 -11 -71 -283 98 -566 -594 -1164 -799 -487 -657 1144 -713 437 -400 49 676 501 891 -213 -427 -776 -124 1095 402 -921 -873 -266 -109 -1038 407 -105 -100 -421 178 -141 4 0 -180 ]
[-119 1247 392 -662 -455 -432 50 -574 82 294 818 100 252 790 -152 -464 145 -460 618 -759 -1016 -71 439 168 537 370 428 349 -321 -881 83 -923 -276 104 -1492 31 1299 -42 764 -537 467 -431 -370 -1050 329 852 531 -175 -79 -216 69 903 431 716 -388 -154 359 376 -129 850 446 810 440 1085 -909 -341 177 -67 208 -571 -551 636 -40 339 409 772 -23 -602 -545 -342 523 -680 -153 -195 308 440 449 380 -219 -606 -303 -296 -84 -1017 102 -384 886 398 498 93 -141 -507 156 602 -974 999 -411 1140 1388 532 -286 685 -308 661 1012 -79 -29 473 48 32 -354 649 -268 -291 1096 ]
[1259 603 450 -1584 -44 -382 325 -148 -365 131 -588 311 159 180 -618 24 819 615 175 -152 -5 770 1169 -1087 304 -574 230 1350 -384 -633 227 -513 -172 598 67 433 -97 1047 -203 -28 -229 -488 -14 441 965 -334 650 42 -305 40 -522 963 -541 445 -250 -855 -220 57 1378 -421 181 503 -297 -27 180 1010 -349 -113 877 -804 171 -5 -213 -494 701 609 -104 -332 212 530 775 -943 64 459 -381 -1027 -303 -175 140 1124 125 928 -481 -775 -1624 -65 97 -178 -47 305 249 -225 -1220 441 134 608 607 493 627 -404 -570 -496 -93 619 287 -542 1337 -132 126 -491 -73 -207 161 -127 -286 ]
[-526 343 341 483 -219 -170 207 -870 -1 -611 0 358 -104 373 -16 -837 -175 968 -190 143 392 -584 347 -132 236 -462 -46 225 272 168 -1085 1176 -263 418 329 825 317 -292 -113 -736 184 -242 1032 -59 149 309 253 -416 1184 1076 -1073 721 613 136 610 36 -7 226 109 -153 -201 421 322 -162 -398 -1011 -566 -653 869 318 -145 46 -1133 630 -347 274 548 -1215 -678 354 518 -46 694 538 -115 -62 -347 37 -1083 -693 376 -515 569 -713 9 923 185 176 -676 90 -430 -677 -4 20 170 -641 -263 -575 597 275 -845 -473 -728 -741 1025 -379 177 -800 -592 1459 804 -536 437 -558 70 ]
[-768 -235 -596 -29 333 777 705 -532 526 -463 668 837 57 -64 -126 719 611 439 203 -61 -6 -67 -936 288 102 413 -646 -540 -303 179 365 -690 -632 -435 940 -638 708 -46 99 1314 -504 -1456 854 -581 10 -210 -231 930 -458 -77 -450 -358 -312 278 -924 -23 495 65 -690 -340 525 -879 -105 -741 -569 325 28 234 132 485 590 1211 497 725 274 -482 375 -544 -76 -90 -98 204 -86 -854 141 -80 -224 -283 -366 35 -48 -1249 -187 -128 136 -688 -841 -658 -824 696 103 439 1452 -1082 538 771 -204 98 -150 -1020 84 439 1152 -522 100 133 -1636 975 -412 110 -832 367 272 1099 -64 ]
[-551 -79 -217 625 -132 -43 551 186 128 -149 397 597 1659 -6 681 -287 -298 82 -406 -501 -50 -263 825 -694 -675 80 628 1004 -200 744 276 1230 -242 -262 1249 562 56 295 606 716 -474 472 77 -588 171 -589 -600 395 -58 402 -337 519 1743 -440 376 -491 91 -1187 -476 361 -510 -690 322 -329 -55 -180 -162 -744 260 626 -461 283 -55 -1179 760 127 -244 -497 576 -498 350 56 -309 461 -1273 106 -936 -271 351 -193 -170 30 1035 -100 846 -562 -845 -454 -1644 756 28 -210 306 -627 778 -513 19 -496 -830 -262 657 -495 705 -47 658 202 -441 -1519 -746 -21 -990 -433 174 70 255 ]
[1508 1231 153 -59 186 -1347 -739 -307 -52 1188 168 387 -728 87 590 -349 -101 -383 -880 -404 -671 67 1233 -146 220 -349 -612 -960 829 -641 -357 659 526 -1381 -733 129 -395 -73 -25 305 -722 847 -366 659 -199 1034 -1227 398 379 -116 -785 -893 220 480 362 737 -37 744 -480 633 -102 -136 615 263 -1300 -65 -609 502 315 192 501 -75 99 -1277 -120 84 -310 1213 -25 -85 -575 -215 -1133 -390 1534 -3 -138 725 -1021 -1031 -1049 -469 273 557 -61 452 939 -287 816 431 -820 686 -172 532 492 -1048 36 -450 -997 -47 458 528 443 488 698 -125 455 -8 -79 255 -1461 270 274 -964 682 ]
[-289 -358 172 385 105 -634 -580 -84 47 834 783 730 492 131 1012 1575 363 -817 721 867 265 1182 5 933 469 -792 -1635 -246 -1060 -648 1041 -1318 1 -986 -256 515 -447 -359 -375 469 389 -270 194 1238 824 -207 -755 358 915 -1718 929 266 235 131 -1207 -809 -1057 -442 -356 633 397 -548 656 256 1014 -397 240 -950 1234 609 -1449 -636 -44 247 -198 1081 870 509 414 -396 -1216 -1325 -24 -702 -487 451 754 308 -141 -620 452 -543 -1023 650 207 479 541 -175 1455 1002 639 -273 -147 -108 -34 208 460 -648 -692 133 -282 146 216 -1002 -128 656 -947 242 -942 -479 -26 366 340 988 -325 ]
[-1139 -650 921 -304 276 266 484 67 -200 -854 282 404 289 281 1127 798 656 509 518 633 977 194 -508 -153 186 -510 -435 -937 -888 752 452 -374 -176 453 814 -537 952 533 63 831 -321 -451 -180 -261 -409 -293 82 808 424 294 306 158 300 -552 -859 -854 269 -436 279 -370 685 -271 -344 -638 -123 17 346 -1539 169 -347 -223 88 362 941 319 -37 231 -565 -55 -246 -133 -442 -69 -137 -31 728 971 335 223 -2 974 -1143 -306 -592 786 330 67 -566 215 -54 1199 -486 1377 158 -421 1042 139 699 -194 -545 -564 585 748 71 498 1257 -1474 132 -219 -172 -262 675 62 964 -116 ]
[-623 -344 -113 150 537 -113 1004 381 -462 945 929 -731 349 -444 415 160 159 177 -995 161 -510 442 -1181 842 -173 -235 340 -319 64 -837 -136 624 -206 -1093 765 1177 110 -717 387 722 -570 -464 -1032 -742 -914 359 -976 -795 872 -176 -276 -1052 420 96 144 323 190 597 -493 -633 682 607 -131 191 -1 461 343 375 -418 716 -473 -177 1146 285 -758 -304 -40 789 499 -585 -765 250 38 -451 431 -825 -78 409 323 259 -116 -626 409 547 267 432 272 211 54 -329 -1005 1496 135 176 -46 -237 982 488 -401 -260 435 229 366 -171 -158 -468 -754 274 -890 129 -378 -341 -427 434 -408 ]
[-8 -270 -965 -63 245 218 -667 -243 546 1436 20 351 1176 90 -130 494 194 -291 186 -493 -103 26 -792 -181 536 14 -77 590 -476 -536 972 356 -65 -297 -678 462 631 -1599 325 550 31 -551 162 242 -316 781 761 8 -187 -765 417 -1097 -966 1121 400 -69 446 111 263 787 127 99 -487 39 -433 977 -667 741 118 159 -241 1287 -612 188 17 255 -632 1090 923 -321 -978 -6 726 -742 841 393 -953 234 -493 -333 -1146 -192 -201 -764 -379 -346 -521 310 -391 135 161 217 387 242 -1075 1931 5 -185 -358 -390 -364 76 457 687 -352 279 -461 944 1 -445 -128 187 484 609 630 ]
[788 398 997 1015 -699 -800 -361 1252 -44 -1171 215 -893 412 -1229 1167 -97 -476 293 163 341 369 108 960 -159 -73 203 -352 -209 854 -977 450 -452 1165 171 596 -379 -1012 628 786 549 -410 375 92 725 689 767 -1389 940 707 342 -179 -388 703 218 -573 -576 -206 -373 60 611 647 287 22 -783 266 -821 -417 -481 -331 -916 133 -183 359 -716 -230 -101 -569 903 -5 184 -36 -312 -485 707 319 172 888 279 490 691 -615 -165 210 -178 198 596 645 -606 1275 -613 633 279 571 -840 491 -915 -657 -552 -85 -195 645 114 412 -419 -664 -297 141 155 -653 -99 -562 154 -200 -16 720 ]
[-878 74 769 -487 447 -94 301 829 773 650 492 1458 88 292 -344 437 202 -536 1296 384 40 422 192 -54 -377 -871 -387 -13 -1031 1398 -613 -37 -51 -677 -1069 -383 -131 -70 -99 180 479 1744 -107 178 641 31 142 247 -112 -406 305 1076 319 475 -652 1019 231 -199 1437 572 368 502 -179 -435 1543 31 82 -518 -826 241 -590 -152 -594 290 265 914 37 -889 -44 570 -1133 208 481 363 42 121 666 -365 286 461 350 -694 -374 -676 841 1080 -568 -457 1702 -242 374 482 -435 895 -351 139 -667 483 -628 319 -279 459 127 517 -1088 1458 -4 -307 -270 -294 937 202 306 539 684 ]
[-50 -593 796 -182 -867 749 -486 -509 185 -560 -181 559 -275 -64 -700 -76 -275 -530 1059 1191 -73 -228 144 1376 3 -392 25 155 103 197 908 -75 53 744 -693 -950 -1153 -2 -1221 -236 235 845 203 -1033 195 248 16 701 -680 308 229 -148 256 557 -196 714 561 -1100 718 -840 721 12 -116 -42 1085 -337 -410 96 -650 203 710 253 -51 458 -138 -397 -1016 -654 -322 590 -277 739 -594 353 -291 -188 1209 406 250 648 -217 -129 -319 495 241 -976 -658 -63 882 -1094 408 133 -494 278 883 -155 -1309 153 52 125 568 594 -683 290 -1491 1148 417 -369 -321 -822 468 548 -275 -550 -408 ]
[425 -446 79 614 -294 456 -638 248 1346 -597 314 119 329 -943 -174 1030 -865 -24 -615 374 -449 165 -715 891 965 322 -700 -93 191 948 110 98 367 1330 1035 -714 148 -107 -1156 -406 -225 359 677 -682 -352 -1039 596 286 -1206 -447 1388 7 -389 794 -379 -410 272 413 -410 114 811 -420 980 -5 1339 -1499 241 466 -217 -336 1546 838 886 -742 -1009 1132 613 716 -899 75 -655 -709 263 802 672 110 -182 -279 -263 -117 -473 -401 -920 -53 -860 -10 393 -500 -66 -585 -255 637 -107 -111 1156 661 -535 76 296 724 799 84 -671 -37 -248 -335 199 737 -1039 -67 971 -168 217 -100 607 ]
[256 9 -25 -28 -19 -14 361 610 -604 374 274 -94 228 -44 297 313 -103 72 57 184 205 -252 -584 -111 860 173 1120 -638 -72 789 -585 1503 -17 287 559 821 -502 287 432 540 -467 65 411 -55 117 247 -706 818 637 254 472 -660 254 -530 -701 -30 -344 -297 416 122 -272 144 222 -542 -144 -977 -543 -333 660 -1009 715 243 1007 237 -839 -86 -297 620 -1290 -118 -432 49 -596 1128 627 278 68 719 208 -1020 -1176 -186 591 -576 -144 -277 1327 -81 -39 -474 272 363 -179 -241 483 398 -371 -450 221 468 441 -272 -306 -825 155 -1082 -559 166 -552 -185 -445 610 -1254 578 -113 ]
[421 360 -38 -427 537 1105 521 -346 -503 -487 -239 -444 -84 -242 -509 138 365 336 -628 -292 -725 -848 -129 465 312 270 -606 623 -556 -1207 747 -1443 -422 288 455 476 474 -91 499 -268 -823 -328 -100 38 -470 342 661 -982 1188 -869 251 -394 118 1387 -149 -7 502 -164 581 -524 669 1245 108 188 33 63 -790 248 -617 377 482 335 -318 327 84 -7 142 -464 762 905 62 -1269 614 -584 -335 -138 681 494 -349 157 210 130 -730 23 -453 -78 -374 853 237 992 79 -275 528 627 -326 -367 366 549 341 -107 -1090 -1095 -384 -425 -1246 -179 -64 410 226 -141 432 -73 1024 -271 -516 ]
[154 188 -178 150 -423 1000 -728 -666 -211 436 1058 671 -1 -293 -885 -136 -26 -372 -233 728 199 938 24 993 -462 -738 64 220 -355 -481 -84 -410 -383 -1050 475 100 -471 -105 367 -325 -1390 -457 889 -812 647 579 -193 384 -197 455 -959 -472 -466 264 1033 -56 560 578 -762 -156 506 447 -649 76 -439 808 221 398 211 351 -1757 -458 -793 -493 -371 724 -1134 268 1111 792 -164 -881 -19 94 -413 -1350 516 324 99 -83 -248 -513 -257 236 -686 -836 -675 -175 609 -247 -360 147 180 -113 771 -435 -338 -439 -1165 -1054 -720 425 -196 -35 178 73 136 458 -848 113 -746 -428 429 -363 -402 ]
[304 -338 302 47 293 1072 -434 -782 -55 139 177 -631 255 786 -695 -596 969 264 1270 90 378 82 -640 155 -683 -48 663 47 -554 768 127 -689 147 -74 -615 -146 402 -7 -897 819 102 -1230 -574 -4 234 16 241 705 131 -988 -1387 828 -378 -591 -1723 413 -26 -638 -8 -377 122 120 -165 925 -858 1323 842 20 -33 592 -542 -1217 -291 677 1098 -741 -694 -1211 -20 860 372 305 -113 352 -621 -481 699 -314 -359 -187 844 270 1324 -35 283 -463 -180 -786 -91 139 872 -829 82 117 -245 413 654 1813 -611 31 -1131 -783 -22 573 -175 958 24 622 569 -500 -306 661 716 -495 -678 ]
[-985 85 -446 -260 82 -19 -341 -1389 -552 -118 -740 774 -257 -1 -295 -105 -908 808 -695 55 -767 -1113 -1275 307 522 664 -351 -3 -1065 -221 45 923 -621 241 388 367 368 -753 -303 -524 998 174 321 356 -71 -190 81 -229 -873 369 -376 -314 -703 1271 2 481 130 -431 348 -1298 767 52 101 -103 -658 -485 -950 1088 -295 807 965 1569 42 363 -1699 123 341 61 -137 -704 -740 909 383 -537 -53 284 -116 282 -395 235 -140 -587 -127 169 50 -221 -324 844 -828 38 -735 345 51 59 123 -416 -595 -858 -265 180 85 466 -157 83 102 114 318 225 32 -409 846 289 -704 388 -356 ]
[-322 -281 -201 -587 -1282 -299 -334 -426 -69 160 513 212 308 991 -349 459 300 -484 207 -679 154 264 113 -213 439 -11 308 -294 -400 304 888 288 481 419 -317 428 76 -317 220 338 624 -618 -138 -521 125 -718 -372 -87 -1243 -700 -621 445 -14 -639 209 -264 217 428 -1404 -168 -1493 -499 -69 229 243 1711 797 1123 -337 -226 1009 744 688 -884 -213 107 -304 263 -931 -1105 -634 -639 90 381 -174 -1076 340 -680 119 1035 -517 171 64 203 -377 -999 -408 -1050 -394 735 741 395 -629 -413 -181 1885 -175 353 -8 -329 -225 830 611 300 -513 -169 277 887 -910 298 -606 678 -681 151 368 ]
[-736 -446 -1076 -5 236 76 -360 467 -461 191 1882 183 -194 -442 -365 118 872 -330 4 -47 -415 525 -311 816 -305 -574 504 -174 271 -826 295 -985 -296 -402 628 166 49 476 370 -171 -599 189 -1143 66 -42 -189 -667 -661 136 486 113 -704 733 -136 709 652 -258 131 -780 -47 221 355 0 -588 379 -496 548 34 -687 935 -519 239 -275 -304 -95 -950 -85 1007 917 -130 -249 447 -73 95 -147 -1528 -44 -678 375 -768 -168 185 517 144 184 255 -107 -9 -428 934 -413 -556 1012 -628 -381 -219 606 714 548 356 150 540 468 344 -337 -512 -323 -170 -169 -649 -890 141 -20 -331 -352 ]
[16 -896 684 -292 -123 -47 213 682 -144 -202 55 -666 -400 -66 990 821 887 -421 60 -264 446 -229 -430 1091 228 -108 -607 66 -21 447 33 -54 -58 -136 325 -155 -357 -541 -38 665 -338 -246 -192 608 -661 2 -20 -354 538 -319 339 286 295 1055 -659 702 -185 680 49 192 701 -410 493 177 563 -244 -641 -566 -604 506 -131 496 58 -645 -280 -456 744 472 -280 -78 -811 120 1751 -480 -495 -363 -583 -323 369 -596 -337 413 -514 19 -356 256 113 405 -249 1303 19 424 -1005 67 62 -823 626 -18 -30 63 403 354 -239 -11 -134 -55 -147 -261 -1841 -420 267 -162 625 348 -1227 ]
[-63 -240 183 -139 -410 -249 607 186 1125 505 -25 307 -376 20 1432 809 57 -761 44 1017 -843 396 595 180 1436 -910 361 106 1109 -915 126 -1030 300 -317 42 -1137 775 707 125 35 516 228 -144 -415 419 -523 484 79 -310 707 1067 -465 86 -800 -659 285 -484 314 -925 1108 -507 -518 -195 -15 595 -206 342 -1152 -472 -44 -142 244 -97 485 -1322 -91 139 403 45 -138 -47 -322 -208 -205 -534 27 -106 -1369 853 -900 -850 54 -181 -807 -1120 864 636 -54 647 215 -673 293 331 865 -787 1310 -959 1157 454 -51 502 497 410 -332 -629 -817 -577 -494 -207 -724 267 -7 633 850 1043 ]
[-102 -1136 139 689 309 249 151 315 -578 -116 -166 -530 -893 689 32 84 114 126 -769 -154 578 452 -574 121 -722 -199 -214 -1440 -222 638 -592 278 819 276 341 252 77 124 1057 -836 -385 -176 -289 -367 -1537 435 -377 27 400 38 -101 -1017 221 -190 -143 -882 -55 -183 -739 -790 -433 -510 -41 -160 -1023 760 -271 -351 -805 826 -244 -218 287 -423 -405 -86 54 322 -900 -312 -495 -11 830 721 870 132 66 1243 144 -95 282 1187 -16 -154 -700 238 -288 472 350 -1426 1326 379 1515 -656 359 -122 706 -811 31 198 -1210 -214 -376 -240 -218 -101 -458 690 910 -89 152 31 -400 465 -12 ]
[-461 -392 110 330 -624 -900 614 247 -500 -367 -11 261 -2362 -703 26 177 385 429 -404 969 253 -242 326 309 455 -806 -310 -609 -545 75 871 -24 -873 -495 100 -30 -901 -506 -144 80 -708 -1154 -95 528 -33 394 -144 -348 576 -627 42 -155 -129 -1448 -303 275 43 952 -148 -442 -699 -930 -975 -1088 801 546 449 1314 633 445 -287 -243 140 -323 -656 4 -65 -605 -45 -275 633 716 63 -350 -341 -508 -258 457 557 756 -17 -43 242 -421 55 225 345 -1107 -254 -285 -354 181 590 -464 -79 -180 -259 90 -12 -49 103 726 -531 -656 534 -161 263 21 131 -22 464 -369 -1310 489 -729 ]
[-24 650 71 621 563 733 239 303 -1562 -261 -5 -658 -1752 62 -157 -752 183 937 -780 159 52 70 -481 671 -366 -75 -623 411 740 731 356 -414 -69 573 -84 246 226 -791 179 -1731 -277 -1223 -245 433 -530 630 261 -88 471 350 -687 -903 533 -79 297 721 -728 62 162 -114 185 823 -345 -91 -256 -13 -818 -64 -447 835 273 542 -1118 -127 -278 -1406 -189 -587 -459 -109 1012 770 1017 -355 -97 400 -172 -322 268 -51 171 718 606 -596 -247 -657 -275 199 -607 150 42 -1403 1184 593 -208 -1087 151 -837 1047 1060 -582 34 -600 188 185 471 528 850 1306 -1406 -314 -475 -612 334 -517 ]
[-792 93 53 556 246 -98 551 1110 764 -82 550 746 -728 -65 5 151 1018 -702 -765 18 3 1321 90 659 -514 -284 -388 -316 -151 112 -193 -1922 168 -931 763 62 -641 474 929 242 -1563 -939 883 95 1211 347 -469 236 -425 513 -166 735 922 613 773 -7 -420 732 -141 9 317 -208 113 -303 140 -792 85 317 807 171 -414 -194 -950 -945 1099 632 370 -55 312 169 -219 -728 486 -325 838 -450 88 -191 -230 -417 -681 39 -331 271 339 -75 -554 78 -1056 421 -531 -174 1155 -892 1040 -174 397 -571 -67 -719 -132 183 845 353 877 306 -344 170 -616 -277 -748 -146 -253 123 -555 ]
[-312 -200 -388 221 626 -935 -386 589 413 212 -28 1129 955 -491 308 396 -299 -132 644 -854 191 -36 -490 221 702 353 -460 1437 744 436 -277 749 1394 244 367 -639 494 75 -412 -876 -717 1446 744 -254 115 -1211 -349 1181 116 148 641 157 393 334 237 -140 492 -198 -551 486 546 -222 299 66 234 -637 -228 -94 -603 626 8 693 612 195 -280 534 263 -72 -573 127 -1598 -863 258 1018 41 -585 10 -88 -26 -557 -751 -514 -478 -81 -309 -29 1343 -759 159 -75 1008 336 100 -496 757 163 -389 280 125 -413 -78 243 -783 351 -483 -367 132 -147 -1974 473 883 -43 -595 -847 379 ]
]
